subject,level,collection_num,choice,obj_ID,point_value,distance,turning_angle,neighbor_value,used,time
49035,10,1,55,1,2,32.994345871654,2.6826692332303463,0.613407053921902,0,988.19091796875
49035,10,1,55,2,2,28.012602249110778,2.79871298013643,0.682842712474619,0,988.19091796875
49035,10,1,55,3,2,29.801507747918816,2.636940646751532,0.8513997106635237,0,988.19091796875
49035,10,1,55,4,2,32.27311331947453,2.496676749505057,0.682842712474619,0,988.19091796875
49035,10,1,55,5,2,26.494447244688835,2.681441415101996,0.848528137423857,0,988.19091796875
49035,10,1,55,6,2,28.81630986236751,2.5210073959891903,0.848528137423857,0,988.19091796875
49035,10,1,55,7,2,22.31893411559497,2.8866549929796923,0.613407053921902,0,988.19091796875
49035,10,1,55,8,2,23.254711470021178,2.7384823947443393,0.8513997106635237,0,988.19091796875
49035,10,1,55,9,2,25.381205346403735,2.5519465694923653,0.848528137423857,0,988.19091796875
49035,10,1,55,10,2,28.242336378541573,2.3986425493166137,0.8513997106635237,0,988.19091796875
49035,10,1,55,11,2,30.57411240929748,2.3097881140109533,0.613407053921902,0,988.19091796875
49035,10,1,55,12,2,21.9779766036059,2.5925169632287357,0.848528137423857,0,988.19091796875
49035,10,1,55,13,2,24.727624933887753,2.41314129519139,0.848528137423857,0,988.19091796875
49035,10,1,55,14,2,18.62410605481463,2.647819911219029,0.682842712474619,0,988.19091796875
49035,10,1,55,15,2,21.219832836838325,2.4324387858806515,0.8513997106635237,0,988.19091796875
49035,10,1,55,16,2,24.570414829744756,2.2697244873001523,0.682842712474619,0,988.19091796875
49035,10,1,55,17,2,18.55489989663905,2.318029452282163,0.613407053921902,0,988.19091796875
49035,10,1,55,18,2,40.687031678175956,3.5177811754035515,0.37888543819998316,0,988.19091796875
49035,10,1,55,19,2,41.88868951164722,3.7878510968129957,0.3414213562373095,0,988.19091796875
49035,10,1,55,20,2,36.21477968410055,3.5760357997224457,0.482842712474619,0,988.19091796875
49035,10,1,55,21,2,32.68574958804984,3.303236422200501,0.3414213562373095,0,988.19091796875
49035,10,1,55,22,2,34.844827579895,3.771630831093656,0.4242640687119285,0,988.19091796875
49035,10,1,55,23,2,29.512877996518224,3.5070496143576557,0.4242640687119285,0,988.19091796875
49035,10,1,55,24,2,38.90231061640043,4.055547805144641,0.37888543819998316,0,988.19091796875
49035,10,1,55,25,2,34.88285754603944,3.974796682080915,0.482842712474619,0,988.19091796875
49035,10,1,55,26,2,27.814775015125303,3.7472019632824045,0.4242640687119285,0,988.19091796875
49035,10,1,55,27,2,23.032795481808044,3.39845438826187,0.482842712474619,0,988.19091796875
49035,10,1,55,28,2,21.998491925338342,3.1807025206584782,0.4538461538461539,0,988.19091796875
49035,10,1,55,29,2,27.862402097570623,4.00188644813053,0.4242640687119285,0,988.19091796875
49035,10,1,55,30,2,20.8125301011546,3.7062952381590772,0.4242640687119285,0,988.19091796875
49035,10,1,55,31,2,29.64734713513803,4.240511719060905,0.3414213562373095,0,988.19091796875
49035,10,1,55,32,2,20.87613830947035,4.047161859812596,0.482842712474619,0,988.19091796875
49035,10,1,55,33,2,13.880241686688807,3.6242526369223462,0.3414213562373095,0,988.19091796875
49035,10,1,55,34,2,18.490237194346204,4.271279336829638,0.4308640753373011,0,988.19091796875
49035,10,1,55,35,2,9.517430543544515,2.1140235406890397,0.613407053921902,0,988.19091796875
49035,10,1,55,36,2,3.4147488077088095,2.09906117905331,0.682842712474619,0,988.19091796875
49035,10,1,55,37,2,8.067495813579818,1.7484494372726767,0.8513997106635237,0,988.19091796875
49035,10,1,55,38,2,12.98108115622528,1.6579736413330086,0.682842712474619,0,988.19091796875
49035,10,1,55,39,2,5.376835449821994,1.3984287747394086,0.848528137423857,0,988.19091796875
49035,10,1,55,40,2,10.360228700991192,1.4529903907933857,0.848528137423857,0,988.19091796875
49035,10,1,55,41,,,,,0,988.19091796875
49035,10,1,55,42,2,4.211440395731261,0.6817327168595176,0.765685424949238,0,988.19091796875
49035,10,1,55,43,2,8.4356511004887,1.1343968593403848,0.848528137423857,0,988.19091796875
49035,10,1,55,44,2,13.21303102136506,1.2742547235572566,0.8513997106635237,0,988.19091796875
49035,10,1,55,45,2,16.635232918995175,1.3237581555001403,0.613407053921902,0,988.19091796875
49035,10,1,55,46,2,7.745068123748869,0.7020584022115366,0.848528137423857,0,988.19091796875
49035,10,1,55,47,2,11.764780470705348,1.0148393913968503,0.848528137423857,0,988.19091796875
49035,10,1,55,48,2,8.591388187821885,0.27806879662625517,0.682842712474619,0,988.19091796875
49035,10,1,55,49,2,11.279890525897162,0.7096467152084311,0.8513997106635237,0,988.19091796875
49035,10,1,55,50,2,15.187491878470379,0.9485426292644616,0.682842712474619,0,988.19091796875
49035,10,1,55,51,2,14.008530787600762,0.5350531965816652,0.613407053921902,0,988.19091796875
49035,10,1,55,52,2,22.238269109979154,4.568060520000302,0.4308640753373011,0,988.19091796875
49035,10,1,55,53,2,32.30740434064834,-1.533587381325429,0.3414213562373095,0,988.19091796875
49035,10,1,55,54,2,22.37445717318973,-1.4905842085531764,0.482842712474619,0,988.19091796875
49035,10,1,55,55,2,12.548477690925685,-1.3796747987883442,0.3414213562373095,1,988.19091796875
49035,10,1,55,56,2,28.341984321842578,-1.3398091052806615,0.4242640687119285,0,988.19091796875
49035,10,1,55,57,2,18.976723475466695,-1.1884885210959368,0.4242640687119285,0,988.19091796875
49035,10,1,55,58,2,34.72635622699623,-1.242879494271221,0.382842712474619,0,988.19091796875
49035,10,1,55,59,2,25.744276555556926,-1.0957327303398732,0.4242640687119285,0,988.19091796875
49035,10,1,55,60,2,17.87780003058979,-0.806943498746427,0.482842712474619,0,988.19091796875
49035,10,1,55,61,2,14.934514160699552,-0.5589456126012988,0.37888543819998316,0,988.19091796875
49035,10,1,55,62,2,32.6407646490346,-1.0418575024981773,0.4242640687119285,0,988.19091796875
49035,10,1,55,63,2,24.94528964430811,-0.817594378533866,0.4242640687119285,0,988.19091796875
49035,10,1,55,64,2,39.598879509126725,-1.006841581459658,0.3414213562373095,0,988.19091796875
49035,10,1,55,65,2,32.01435954291597,-0.8235420790104178,0.382842712474619,0,988.19091796875
49035,10,1,55,66,2,26.110671678604,-0.5434605539810475,0.3414213562373095,0,988.19091796875
49035,10,2,57,1,2,39.31159185412897,-2.1700503478513955,0.613407053921902,0,989.0244750976564
49035,10,2,57,2,2,33.670324649036644,-2.1060128563076876,0.682842712474619,0,989.0244750976564
49035,10,2,57,3,2,36.47490383845451,-2.2241987630432,0.8513997106635237,0,989.0244750976564
49035,10,2,57,4,2,39.71330328841309,-2.324335058843975,0.682842712474619,0,989.0244750976564
49035,10,2,57,5,2,32.97340829382827,-2.2100862741784884,0.848528137423857,0,989.0244750976564
49035,10,2,57,6,2,36.179738840468175,-2.3212222329690295,0.848528137423857,0,989.0244750976564
49035,10,2,57,7,2,27.58828021753834,-2.0893232107933093,0.613407053921902,0,989.0244750976564
49035,10,2,57,8,2,29.480038992486126,-2.192624942261572,0.8513997106635237,0,989.0244750976564
49035,10,2,57,9,2,32.64660084988146,-2.3174356000387695,0.848528137423857,0,989.0244750976564
49035,10,2,57,10,2,36.228833753026876,-2.418906793560791,0.8513997106635237,0,989.0244750976564
49035,10,2,57,11,2,38.92284533203533,-2.478416118747482,0.613407053921902,0,989.0244750976564
49035,10,2,57,12,2,29.114044575401756,-2.3127299821592846,0.848528137423857,0,989.0244750976564
49035,10,2,57,13,2,32.70100059006542,-2.4256826677764973,0.848528137423857,0,989.0244750976564
49035,10,2,57,14,2,25.58231099852943,-2.306724942778065,0.682842712474619,0,989.0244750976564
49035,10,2,57,15,2,29.175031860795944,-2.4340968158680347,0.8513997106635237,0,989.0244750976564
49035,10,2,57,16,2,33.13472999937433,-2.5323289587028617,0.682842712474619,0,989.0244750976564
49035,10,2,57,17,2,27.031460189885095,-2.53265911600555,0.613407053921902,0,989.0244750976564
49035,10,2,57,18,2,39.7402522343867,-1.3725407547996162,0.37888543819998316,0,989.0244750976564
49035,10,2,57,19,2,38.35640609564063,-1.0874124148477469,0.3414213562373095,0,989.0244750976564
49035,10,2,57,20,2,34.85211018976691,-1.3442805444768664,0.482842712474619,0,989.0244750976564
49035,10,2,57,21,2,34.03123977738119,-1.6346865561177037,0.3414213562373095,0,989.0244750976564
49035,10,2,57,22,2,31.67528490248594,-1.1538615266899415,0.4242640687119285,0,989.0244750976564
49035,10,2,57,23,2,29.099473702450542,-1.4734859037685948,0.4242640687119285,0,989.0244750976564
49035,10,2,57,24,2,33.094560196120966,-0.8096425001689491,0.37888543819998316,0,989.0244750976564
49035,10,2,57,25,2,29.865996762667283,-0.9311561944167259,0.482842712474619,0,989.0244750976564
49035,10,2,57,26,2,25.207805512055383,-1.2550693458429154,0.4242640687119285,0,989.0244750976564
49035,10,2,57,27,2,24.060115436954305,-1.661226024618387,0.482842712474619,0,989.0244750976564
49035,10,2,57,28,2,25.01233701381271,-1.8616497170391446,0.4538461538461539,0,989.0244750976564
49035,10,2,57,29,2,22.89295847433461,-0.9760330556134567,0.4242640687119285,0,989.0244750976564
49035,10,2,57,30,2,19.171417365796557,-1.4227861812860458,0.4242640687119285,0,989.0244750976564
49035,10,2,57,31,2,22.64379907792877,-0.6643964695710483,0.3414213562373095,0,989.0244750976564
49035,10,2,57,32,2,16.006165461707713,-1.0598390135654836,0.482842712474619,0,989.0244750976564
49035,10,2,57,33,2,14.129863017507349,-1.725181416270097,0.3414213562373095,0,989.0244750976564
49035,10,2,57,34,2,11.89870874568087,-0.8528749134181135,0.4308640753373011,0,989.0244750976564
49035,10,2,57,35,2,18.723864216222253,-2.731691686554492,0.613407053921902,0,989.0244750976564
49035,10,2,57,36,2,12.801273337189311,-2.8269409120738658,0.682842712474619,0,989.0244750976564
49035,10,2,57,37,2,17.623860164742926,-2.914857057559852,0.8513997106635237,0,989.0244750976564
49035,10,2,57,38,2,22.523949368602988,-2.9647797584824938,0.682842712474619,0,989.0244750976564
49035,10,2,57,39,2,14.74542273362863,-3.0422932699927925,0.848528137423857,0,989.0244750976564
49035,10,2,57,40,2,19.72702054661044,-3.06742294190566,0.848528137423857,0,989.0244750976564
49035,10,2,57,41,,,,,0,989.0244750976564
49035,10,2,57,42,2,12.216977370872533,-3.2266748557785787,0.765685424949238,0,989.0244750976564
49035,10,2,57,43,2,17.20413857574363,-3.201974918321413,0.848528137423857,0,989.0244750976564
49035,10,2,57,44,2,22.197077109078315,-3.188381363371741,0.8513997106635237,0,989.0244750976564
49035,10,2,57,45,2,25.693768229348017,-3.1820100967458735,0.613407053921902,0,989.0244750976564
49035,10,2,57,46,2,15.093357102394071,-3.3782151626855654,0.848528137423857,0,989.0244750976564
49035,10,2,57,47,2,19.988428569384038,-3.3195424302770267,0.848528137423857,0,989.0244750976564
49035,10,2,57,48,2,13.588100423068306,-3.602067611610142,0.682842712474619,0,989.0244750976564
49035,10,2,57,49,2,18.20341509608479,-3.4797047218840844,0.8513997106635237,0,989.0244750976564
49035,10,2,57,50,2,22.98025607371132,-3.40746982496118,0.682842712474619,0,989.0244750976564
49035,10,2,57,51,2,19.643871234541624,-3.648591375049596,0.613407053921902,0,989.0244750976564
49035,10,2,57,52,2,13.425101816691798,-0.2995647581052512,0.4308640753373011,0,989.0244750976564
49035,10,2,57,53,2,22.850811795416853,-6.23773610306147,0.3414213562373095,0,989.0244750976564
49035,10,2,57,54,2,12.869160649223357,-6.202424552164429,0.482842712474619,0,989.0244750976564
49035,10,2,57,55,,,,,0,989.0244750976564
49035,10,2,57,56,2,18.82204518083829,-5.956606720919817,0.4242640687119285,0,989.0244750976564
49035,10,2,57,57,2,9.885599673033244,-5.626105864807421,0.4242640687119285,1,989.0244750976564
49035,10,2,57,58,2,25.355935671229272,-5.83278075947214,0.382842712474619,0,989.0244750976564
49035,10,2,57,59,2,16.922741204352032,-5.572610150219131,0.4242640687119285,0,989.0244750976564
49035,10,2,57,60,2,11.394510343820443,-4.9631289065811774,0.482842712474619,0,989.0244750976564
49035,10,2,57,61,2,11.250009512369738,-4.518031386671966,0.37888543819998316,0,989.0244750976564
49035,10,2,57,62,2,23.979851101361596,-5.550565483200108,0.4242640687119285,0,989.0244750976564
49035,10,2,57,63,2,17.84625885023049,-5.16641962607125,0.4242640687119285,0,989.0244750976564
49035,10,2,57,64,2,31.043314059833754,-5.538548887389898,0.3414213562373095,0,989.0244750976564
49035,10,2,57,65,2,24.640272805377563,-5.259918239602996,0.382842712474619,0,989.0244750976564
49035,10,2,57,66,2,21.22731118228086,-4.845973551778528,0.3414213562373095,0,989.0244750976564
49035,10,3,59,1,2,45.30683448840244,3.2880270254052513,0.613407053921902,0,989.6076049804688
49035,10,3,59,2,2,39.574363062288484,3.3375067135821457,0.682842712474619,0,989.6076049804688
49035,10,3,59,3,2,42.53668428136641,3.239292693273795,0.8513997106635237,0,989.6076049804688
49035,10,3,59,4,2,45.85421253842951,3.1545641948341157,0.682842712474619,0,989.6076049804688
49035,10,3,59,5,2,39.021606316245574,3.2486142901428905,0.848528137423857,0,989.6076049804688
49035,10,3,59,6,2,42.31932250600047,3.1560958608396574,0.848528137423857,0,989.6076049804688
49035,10,3,59,7,2,33.473638894519574,3.3423570624246217,0.613407053921902,0,989.6076049804688
49035,10,3,59,8,2,35.51059010136932,3.25978032030841,0.8513997106635237,0,989.6076049804688
49035,10,3,59,9,2,38.78454985189708,3.1579067197963275,0.848528137423857,0,989.6076049804688
49035,10,3,59,10,2,42.39670512057643,3.0726237027361654,0.8513997106635237,0,989.6076049804688
49035,10,3,59,11,2,45.08323539396753,3.0213058667982096,0.613407053921902,0,989.6076049804688
49035,10,3,59,12,2,35.2499298873303,3.1600807480264326,0.848528137423857,0,989.6076049804688
49035,10,3,59,13,2,38.86897033532691,3.0668419606094846,0.848528137423857,0,989.6076049804688
49035,10,3,59,14,2,31.715513663018516,3.1627393440710847,0.682842712474619,0,989.6076049804688
49035,10,3,59,15,2,35.342794241201915,3.059906249360417,0.8513997106635237,0,989.6076049804688
49035,10,3,59,16,2,39.2727946884705,2.976912412477204,0.682842712474619,0,989.6076049804688
49035,10,3,59,17,2,33.170368750875944,2.979737599709259,0.613407053921902,0,989.6076049804688
49035,10,3,59,18,2,43.129921485303285,3.9953340566673567,0.37888543819998316,0,989.6076049804688
49035,10,3,59,19,2,40.231621010797326,4.255289813998979,0.3414213562373095,0,989.6076049804688
49035,10,3,59,20,2,38.14527395222206,4.004986726188966,0.482842712474619,0,989.6076049804688
49035,10,3,59,21,2,38.620467638594356,3.7440031305391086,0.3414213562373095,0,989.6076049804688
49035,10,3,59,22,2,34.01021059306889,4.164406124281166,0.4242640687119285,0,989.6076049804688
49035,10,3,59,23,2,33.06316712474076,3.866434714196033,0.4242640687119285,0,989.6076049804688
49035,10,3,59,24,2,33.3929277903705,4.497192886240697,0.37888543819998316,0,989.6076049804688
49035,10,3,59,25,2,30.956855852617196,4.361282281340191,0.482842712474619,0,989.6076049804688
49035,10,3,59,26,2,28.192295401640536,4.0345247934103785,0.4242640687119285,0,989.6076049804688
49035,10,3,59,27,2,28.831998122693555,3.682681386475135,0.482842712474619,0,989.6076049804688
49035,10,3,59,28,2,30.40597661009799,3.5222245114484934,0.4538461538461539,0,989.6076049804688
49035,10,3,59,29,2,24.422080576973503,4.263001487751684,0.4242640687119285,0,989.6076049804688
49035,10,3,59,30,2,23.084986797523385,3.842535953802928,0.4242640687119285,0,989.6076049804688
49035,10,3,59,31,2,22.31749357349545,4.553172201712746,0.3414213562373095,0,989.6076049804688
49035,10,3,59,32,2,18.29068383458238,4.096156570787677,0.482842712474619,0,989.6076049804688
49035,10,3,59,33,2,19.262079609177608,3.5594970326120716,0.3414213562373095,0,989.6076049804688
49035,10,3,59,34,2,13.394809169909765,4.161019744988238,0.4308640753373011,0,989.6076049804688
49035,10,3,59,35,2,24.674459290953042,2.8362612136626466,0.613407053921902,0,989.6076049804688
49035,10,3,59,36,2,18.63464251675436,2.79531966775809,0.682842712474619,0,989.6076049804688
49035,10,3,59,37,2,23.248423593741805,2.7027088298939996,0.8513997106635237,0,989.6076049804688
49035,10,3,59,38,2,27.99515132055678,2.6411126561776146,0.682842712474619,0,989.6076049804688
49035,10,3,59,39,2,20.094911033429902,2.6287337995961657,0.848528137423857,0,989.6076049804688
49035,10,3,59,40,2,24.940824912345704,2.573708030826481,0.848528137423857,0,989.6076049804688
49035,10,3,59,41,,,,,0,989.6076049804688
49035,10,3,59,42,2,17.091568075775694,2.5280325542925355,0.765685424949238,0,989.6076049804688
49035,10,3,59,43,2,22.03091003920846,2.4880155295716135,0.848528137423857,0,989.6076049804688
49035,10,3,59,44,2,26.992597041087347,2.462681015692674,0.8513997106635237,0,989.6076049804688
49035,10,3,59,45,2,30.473230933547107,2.4498609577723456,0.613407053921902,0,989.6076049804688
49035,10,3,59,46,2,19.330733224663472,2.3773632760145635,0.848528137423857,0,989.6076049804688
49035,10,3,59,47,2,24.32933506838873,2.3719112395763755,0.848528137423857,0,989.6076049804688
49035,10,3,59,48,2,16.940882410621956,2.233259890095809,0.682842712474619,0,989.6076049804688
49035,10,3,59,49,2,21.914214444450014,2.2600267289341867,0.8513997106635237,0,989.6076049804688
49035,10,3,59,50,2,26.897436542989798,2.2768841420164656,0.682842712474619,0,989.6076049804688
49035,10,3,59,51,2,22.503178731248028,2.104507788702878,0.613407053921902,0,989.6076049804688
49035,10,3,59,52,2,11.447856235694216,4.717109632892658,0.4308640753373011,0,989.6076049804688
49035,10,3,59,53,2,18.424077024945532,5.328160096174018,0.3414213562373095,0,989.6076049804688
49035,10,3,59,54,2,8.71350732798042,5.1393708024685,0.4414213562373095,0,989.6076049804688
49035,10,3,59,55,,,,,0,989.6076049804688
49035,10,3,59,56,2,13.325078223019657,-0.6410720447744658,0.4242640687119285,0,989.6076049804688
49035,10,3,59,57,,,,,0,989.6076049804688
49035,10,3,59,58,2,19.47280692002098,-0.4237607497575908,0.382842712474619,0,989.6076049804688
49035,10,3,59,59,2,10.754943285673779,-0.08360904733074381,0.4242640687119285,1,989.6076049804688
49035,10,3,59,60,2,7.221315725801083,1.0353765582655412,0.4414213562373095,0,989.6076049804688
49035,10,3,59,61,2,9.766611422521288,1.5536136053190726,0.37888543819998316,0,989.6076049804688
49035,10,3,59,62,2,17.81295328610289,-0.052575065163023904,0.4242640687119285,0,989.6076049804688
49035,10,3,59,63,2,12.400802413816868,0.5210308551687699,0.4242640687119285,0,989.6076049804688
49035,10,3,59,64,2,24.878380262141423,-0.03916080146173817,0.3414213562373095,0,989.6076049804688
49035,10,3,59,65,2,18.85238446991124,0.3314523575853423,0.382842712474619,0,989.6076049804688
49035,10,3,59,66,2,17.084817702714684,0.8869962642671281,0.3414213562373095,0,989.6076049804688
49035,10,4,63,1,2,53.149261382534206,3.270854962176041,0.613407053921902,0,990.2078857421876
49035,10,4,63,2,2,47.36095466810063,3.3094315047298872,0.682842712474619,0,990.2078857421876
49035,10,4,63,3,2,50.42124768774153,3.2284948952638635,0.8513997106635237,0,990.2078857421876
49035,10,4,63,4,2,53.773082575795094,3.1572269954019796,0.682842712474619,0,990.2078857421876
49035,10,4,63,5,2,46.900059432671476,3.235037774761489,0.848528137423857,0,990.2078857421876
49035,10,4,63,6,2,50.23801116786784,3.1583272281461103,0.848528137423857,0,990.2078857421876
49035,10,4,63,7,2,41.25784043387832,3.3084206543681436,0.613407053921902,0,990.2078857421876
49035,10,4,63,8,2,43.381204814846406,3.242642473043191,0.8513997106635237,0,990.2078857421876
49035,10,4,63,9,2,46.7030097799098,3.159594018238847,0.848528137423857,0,990.2078857421876
49035,10,4,63,10,2,50.303213752374184,3.0879946444629294,0.8513997106635237,0,990.2078857421876
49035,10,4,63,11,2,52.9587844246574,3.043818861136696,0.613407053921902,0,990.2078857421876
49035,10,4,63,12,2,43.16809561356496,3.1610682787998856,0.848528137423857,0,990.2078857421876
49035,10,4,63,13,2,46.773140478447495,3.0839451541451854,0.848528137423857,0,990.2078857421876
49035,10,4,63,14,2,39.63329200686491,3.1628055156430905,0.682842712474619,0,990.2078857421876
49035,10,4,63,15,2,43.24395942343993,3.079234610144135,0.8513997106635237,0,990.2078857421876
49035,10,4,63,16,2,47.10925830376463,3.0089498821234217,0.682842712474619,0,990.2078857421876
49035,10,4,63,17,2,41.01217208946337,3.0152027435370323,0.613407053921902,0,990.2078857421876
49035,10,4,63,18,2,48.673517052632,3.8771644913927164,0.37888543819998316,0,990.2078857421876
49035,10,4,63,19,2,44.26619233407401,4.0989789244905825,0.3414213562373095,0,990.2078857421876
49035,10,4,63,20,2,43.68043230539995,3.871463313732399,0.482842712474619,0,990.2078857421876
49035,10,4,63,21,2,45.34825850036605,3.6494686616034686,0.3414213562373095,0,990.2078857421876
49035,10,4,63,22,2,38.698926072769765,3.993599552365149,0.4242640687119285,0,990.2078857421876
49035,10,4,63,23,2,39.320367010177996,3.737036965563935,0.4242640687119285,0,990.2078857421876
49035,10,4,63,24,2,35.888597084172495,4.2850013526142465,0.37888543819998316,0,990.2078857421876
49035,10,4,63,25,2,34.45625620964605,4.148668567958038,0.482842712474619,0,990.2078857421876
49035,10,4,63,26,2,33.70041505106675,3.8549942341102668,0.4242640687119285,0,990.2078857421876
49035,10,4,63,27,2,35.83576924308394,3.572941476050132,0.482842712474619,0,990.2078857421876
49035,10,4,63,28,2,37.86085773669501,3.448750950502581,0.4538461538461539,0,990.2078857421876
49035,10,4,63,29,2,28.72881284378522,4.016769826920489,0.4242640687119285,0,990.2078857421876
49035,10,4,63,30,2,29.560599960803117,3.673120062501512,0.4242640687119285,0,990.2078857421876
49035,10,4,63,31,2,24.798616901196546,4.2374459805287845,0.3414213562373095,0,990.2078857421876
49035,10,4,63,32,2,23.73722357062227,3.8246851229872036,0.482842712474619,0,990.2078857421876
49035,10,4,63,33,2,26.682206907808432,3.4426367026969675,0.3414213562373095,0,990.2078857421876
49035,10,4,63,34,2,18.770313981270398,3.7974772867712363,0.4308640753373011,0,990.2078857421876
49035,10,4,63,35,2,32.3256293792262,2.9140847964601773,0.613407053921902,0,990.2078857421876
49035,10,4,63,36,2,26.232848803132946,2.901797576022026,0.682842712474619,0,990.2078857421876
49035,10,4,63,37,2,30.617063014644806,2.8169499734906625,0.8513997106635237,0,990.2078857421876
49035,10,4,63,38,2,35.165988383058824,2.753689754457292,0.682842712474619,0,990.2078857421876
49035,10,4,63,39,2,27.289520040525943,2.7756135555250476,0.848528137423857,0,990.2078857421876
49035,10,4,63,40,2,31.921154355019247,2.7117833764591524,0.848528137423857,0,990.2078857421876
49035,10,4,63,41,,,,,0,990.2078857421876
49035,10,4,63,42,2,24.021474984725714,2.722917995788793,0.765685424949238,0,990.2078857421876
49035,10,4,63,43,2,28.74497263447124,2.6605085438468516,0.848528137423857,0,990.2078857421876
49035,10,4,63,44,2,33.548705534956156,2.6158364029864156,0.8513997106635237,0,990.2078857421876
49035,10,4,63,45,2,36.94232230100709,2.591510392471875,0.613407053921902,0,990.2078857421876
49035,10,4,63,46,2,25.66294620958468,2.596714428127688,0.848528137423857,0,990.2078857421876
49035,10,4,63,47,2,30.54224941733555,2.557708125357113,0.848528137423857,0,990.2078857421876
49035,10,4,63,48,2,22.7134357717095,2.5159467948128373,0.682842712474619,0,990.2078857421876
49035,10,4,63,49,2,27.661206695845177,2.4871889029309946,0.8513997106635237,0,990.2078857421876
49035,10,4,63,50,2,32.62490685327649,2.4671691023544424,0.682842712474619,0,990.2078857421876
49035,10,4,63,51,2,27.424452387420768,2.360318908346882,0.613407053921902,0,990.2078857421876
49035,10,4,63,52,2,13.854652639259756,4.113993327570407,0.4308640753373011,0,990.2078857421876
49035,10,4,63,53,2,15.242569377861539,4.897269771396546,0.3414213562373095,0,990.2078857421876
49035,10,4,63,54,2,8.990011338608914,4.217579068781279,0.4414213562373095,0,990.2078857421876
49035,10,4,63,55,,,,,0,990.2078857421876
49035,10,4,63,56,2,8.393272107312447,5.052766094107801,0.4242640687119285,0,990.2078857421876
49035,10,4,63,57,,,,,0,990.2078857421876
49035,10,4,63,58,2,12.652024718062377,-0.6755593766353605,0.382842712474619,0,990.2078857421876
49035,10,4,63,59,,,,,0,990.2078857421876
49035,10,4,63,60,2,7.552648192869203,2.171516829108779,0.4414213562373095,0,990.2078857421876
49035,10,4,63,61,2,12.501387364606686,2.245026738246387,0.37888543819998316,0,990.2078857421876
49035,10,4,63,62,2,9.908825606242557,-0.08494289227099383,0.4242640687119285,0,990.2078857421876
49035,10,4,63,63,2,6.831486479846293,1.148162142578191,0.4242640687119285,1,990.2078857421876
49035,10,4,63,64,2,16.965009215853684,-0.049573620856074196,0.3414213562373095,0,990.2078857421876
49035,10,4,63,65,2,11.674584374760197,0.5629363022120772,0.382842712474619,0,990.2078857421876
49035,10,4,63,66,2,13.59339188550045,1.3631760154659867,0.3414213562373095,0,990.2078857421876
49035,10,5,61,1,2,56.48668337875854,1.8932435856451073,0.613407053921902,0,990.6232299804688
49035,10,5,61,2,2,50.816373873444235,1.9353879708828259,0.682842712474619,0,990.6232299804688
49035,10,5,61,3,2,53.63787240597505,1.856301992492998,0.8513997106635237,0,990.6232299804688
49035,10,5,61,4,2,56.76036344874524,1.7855126371510412,0.682842712474619,0,990.6232299804688
49035,10,5,61,5,2,50.1430354374027,1.8666160803181884,0.848528137423857,0,990.6232299804688
49035,10,5,61,6,2,53.23571644554638,1.7905561880850436,0.848528137423857,0,990.6232299804688
49035,10,5,61,7,2,44.72219133380866,1.9423747976126635,0.613407053921902,0,990.6232299804688
49035,10,5,61,8,2,46.65433151930897,1.8784741193291563,0.8513997106635237,0,990.6232299804688
49035,10,5,61,9,2,49.71261562327595,1.7963147696648076,0.848528137423857,0,990.6232299804688
49035,10,5,61,10,2,53.06657756725578,1.7241015508623803,0.8513997106635237,0,990.6232299804688
49035,10,5,61,11,2,55.5618025852057,1.678897700957374,0.613407053921902,0,990.6232299804688
49035,10,5,61,12,2,46.1914147731431,1.802951560804653,0.848528137423857,0,990.6232299804688
49035,10,5,61,13,2,49.531447599868685,1.725143956410803,0.848528137423857,0,990.6232299804688
49035,10,5,61,14,2,42.672584236035036,1.8106832957801746,0.682842712474619,0,990.6232299804688
49035,10,5,61,15,2,45.996379726838285,1.726346592325562,0.8513997106635237,0,990.6232299804688
49035,10,5,61,16,2,49.60226255494294,1.6538145364839614,0.682842712474619,0,990.6232299804688
49035,10,5,61,17,2,43.54816764323206,1.6704523494483692,0.613407053921902,0,990.6232299804688
49035,10,5,61,18,2,53.1043383250357,2.457757227336747,0.37888543819998316,0,990.6232299804688
49035,10,5,61,19,2,48.73354634766269,2.660387521650544,0.3414213562373095,0,990.6232299804688
49035,10,5,61,20,2,48.10814426693027,2.453898230858133,0.482842712474619,0,990.6232299804688
49035,10,5,61,21,2,49.53613378126884,2.25080166717343,0.3414213562373095,0,990.6232299804688
49035,10,5,61,22,2,43.174052833637255,2.5650936449463875,0.4242640687119285,0,990.6232299804688
49035,10,5,61,23,2,43.628360538412274,2.3344088914710466,0.4242640687119285,0,990.6232299804688
49035,10,5,61,24,2,40.235390252383944,2.824639423341858,0.37888543819998316,0,990.6232299804688
49035,10,5,61,25,2,38.905065625900534,2.7027436807084415,0.482842712474619,0,990.6232299804688
49035,10,5,61,26,2,38.11875045884394,2.4431458902232386,0.4242640687119285,0,990.6232299804688
49035,10,5,61,27,2,39.905815888559445,2.190202705321001,0.482842712474619,0,990.6232299804688
49035,10,5,61,28,2,41.6796310483382,2.0755143542274257,0.4538461538461539,0,990.6232299804688
49035,10,5,61,29,2,33.206090251903206,2.58621799844203,0.4242640687119285,0,990.6232299804688
49035,10,5,61,30,2,33.79466577739051,2.2871061028795587,0.4242640687119285,0,990.6232299804688
49035,10,5,61,31,2,29.193316411320364,2.7734883315828096,0.3414213562373095,0,990.6232299804688
49035,10,5,61,32,2,28.136892655008214,2.424760977061287,0.482842712474619,0,990.6232299804688
49035,10,5,61,33,2,30.514254594655323,2.0917288786859443,0.3414213562373095,0,990.6232299804688
49035,10,5,61,34,2,23.151836301843858,2.4096261691115393,0.4308640753373011,0,990.6232299804688
49035,10,5,61,35,2,34.53464747000788,1.5986212475727195,0.613407053921902,0,990.6232299804688
49035,10,5,61,36,2,28.446446709409447,1.6123000538008911,0.682842712474619,0,990.6232299804688
49035,10,5,61,37,2,32.46410068037101,1.514320138010699,0.8513997106635237,0,990.6232299804688
49035,10,5,61,38,2,36.72377071569939,1.4384729991727738,0.682842712474619,0,990.6232299804688
49035,10,5,61,39,2,29.003801123684266,1.4906768003999222,0.848528137423857,0,990.6232299804688
49035,10,5,61,40,2,33.33073629874118,1.4100711304847435,0.848528137423857,0,990.6232299804688
49035,10,5,61,41,,,,,0,990.6232299804688
49035,10,5,61,42,2,25.564098385415267,1.4606501782641534,0.765685424949238,0,990.6232299804688
49035,10,5,61,43,2,29.97066280303433,1.3752672935046966,0.848528137423857,0,990.6232299804688
49035,10,5,61,44,2,34.539225982166705,1.3121061934466218,0.8513997106635237,0,990.6232299804688
49035,10,5,61,45,2,37.802253679681264,1.2770692312306058,0.613407053921902,0,990.6232299804688
49035,10,5,61,46,2,26.656017622483454,1.3317435532804829,0.848528137423857,0,990.6232299804688
49035,10,5,61,47,2,31.309116533114484,1.2683892960101433,0.848528137423857,0,990.6232299804688
49035,10,5,61,48,2,23.406108649818563,1.2760017334973153,0.682842712474619,0,990.6232299804688
49035,10,5,61,49,2,28.152502992116094,1.2147460704651896,0.8513997106635237,0,990.6232299804688
49035,10,5,61,50,2,32.97394315690951,1.1712780644719862,0.682842712474619,0,990.6232299804688
49035,10,5,61,51,2,27.355792473051288,1.0918594881137298,0.613407053921902,0,990.6232299804688
49035,10,5,61,52,2,18.31973846487173,2.660957524182067,0.4308640753373011,0,990.6232299804688
49035,10,5,61,53,2,18.45265856458718,3.2787811483380835,0.3414213562373095,0,990.6232299804688
49035,10,5,61,54,2,13.414008099342299,2.7226112082574256,0.4414213562373095,0,990.6232299804688
49035,10,5,61,55,,,,,0,990.6232299804688
49035,10,5,61,56,2,11.381603866026376,3.2778414635780826,0.4242640687119285,0,990.6232299804688
49035,10,5,61,57,,,,,0,990.6232299804688
49035,10,5,61,58,2,13.38455078951372,3.834437535943693,0.382842712474619,0,990.6232299804688
49035,10,5,61,59,,,,,0,990.6232299804688
49035,10,5,61,60,2,7.61683728413893,1.338624112850857,0.37071067811865477,0,990.6232299804688
49035,10,5,61,61,2,12.358548167444388,1.1749483059073988,0.37888543819998316,1,990.6232299804688
49035,10,5,61,62,2,8.25751162875272,-1.9813008688196372,0.4242640687119285,0,990.6232299804688
49035,10,5,61,63,,,,,0,990.6232299804688
49035,10,5,61,64,2,14.757770548863816,-1.7284999664194598,0.3414213562373095,0,990.6232299804688
49035,10,5,61,65,2,7.564839506618793,-1.0585477634857536,0.3414213562373095,0,990.6232299804688
49035,10,5,61,66,2,9.83167340532062,0.14153979952924423,0.2894427190999916,0,990.6232299804688
49035,10,6,48,1,2,50.295144859574634,0.8174408240351729,0.613407053921902,0,992.6414184570312
49035,10,6,48,2,2,45.02286464275266,0.8820630947414791,0.682842712474619,0,992.6414184570312
49035,10,6,48,3,2,47.190439211974734,0.7842730058413983,0.8513997106635237,0,992.6414184570312
49035,10,6,48,4,2,49.76762768505787,0.6958317437269368,0.682842712474619,0,992.6414184570312
49035,10,6,48,5,2,43.812776040578,0.8072489009934862,0.848528137423857,0,992.6414184570312
49035,10,6,48,6,2,46.30808306074978,0.7110188408008284,0.848528137423857,0,992.6414184570312
49035,10,6,48,7,2,39.07704808553211,0.9149033202213217,0.613407053921902,0,992.6414184570312
49035,10,6,48,8,2,40.4620950488801,0.8340462518424245,0.8513997106635237,0,992.6414184570312
49035,10,6,48,9,2,42.86094198829586,0.728653448847512,0.848528137423857,0,992.6414184570312
49035,10,6,48,10,2,45.6830336175644,0.6353429534980379,0.8513997106635237,0,992.6414184570312
49035,10,6,48,11,2,47.87071139192667,0.5769127892397306,0.613407053921902,0,992.6414184570312
49035,10,6,48,12,2,39.429457763033284,0.7493648914903552,0.848528137423857,0,992.6414184570312
49035,10,6,48,13,2,42.18484742020861,0.6470183403461613,0.848528137423857,0,992.6414184570312
49035,10,6,48,14,2,36.01810559773499,0.7740118944135881,0.682842712474619,0,992.6414184570312
49035,10,6,48,15,2,38.69345090876548,0.6608028917622684,0.8513997106635237,0,992.6414184570312
49035,10,6,48,16,2,41.79787501307333,0.5633021606207471,0.682842712474619,0,992.6414184570312
49035,10,6,48,17,2,35.902912135403874,0.6041159752328156,0.613407053921902,0,992.6414184570312
49035,10,6,48,18,2,52.03284240297073,1.425860979144279,0.37888543819998316,0,992.6414184570312
49035,10,6,48,19,2,49.67676578520846,1.6412459734733011,0.3414213562373095,0,992.6414184570312
49035,10,6,48,20,2,47.090757942906045,1.4411906883146803,0.482842712474619,0,992.6414184570312
49035,10,6,48,21,2,46.55424694263972,1.227516007857849,0.3414213562373095,0,992.6414184570312
49035,10,6,48,22,2,43.33339435542632,1.5738932052727863,0.4242640687119285,0,992.6414184570312
49035,10,6,48,23,2,41.563704011093684,1.3414589152783825,0.4242640687119285,0,992.6414184570312
49035,10,6,48,24,2,42.87362168873727,1.8337918589711522,0.37888543819998316,0,992.6414184570312
49035,10,6,48,25,2,40.4725419153334,1.7284576385461339,0.482842712474619,0,992.6414184570312
49035,10,6,48,26,2,37.252987448623905,1.484025431012296,0.4242640687119285,0,992.6414184570312
49035,10,6,48,27,2,36.57244179168573,1.2129030268201682,0.482842712474619,0,992.6414184570312
49035,10,6,48,28,2,37.248123590131314,1.0785754354976267,0.4538461538461539,0,992.6414184570312
49035,10,6,48,29,2,33.88257157555865,1.6592145021083078,0.4242640687119285,0,992.6414184570312
49035,10,6,48,30,2,31.587767906766796,1.360593831843664,0.4242640687119285,0,992.6414184570312
49035,10,6,48,31,2,31.753302809288677,1.8651491649464047,0.3414213562373095,0,992.6414184570312
49035,10,6,48,32,2,27.532356674598184,1.5573323023948569,0.482842712474619,0,992.6414184570312
49035,10,6,48,33,2,26.604305832255847,1.1873302390046208,0.3414213562373095,0,992.6414184570312
49035,10,6,48,34,2,22.762984408075134,1.6173000693414814,0.4308640753373011,0,992.6414184570312
49035,10,6,48,35,2,26.55816935692375,0.5621906235198817,0.613407053921902,0,992.6414184570312
49035,10,6,48,36,2,20.68315990812512,0.632757813259694,0.682842712474619,0,992.6414184570312
49035,10,6,48,37,2,24.0348146688201,0.4661543931731024,0.8513997106635237,0,992.6414184570312
49035,10,6,48,38,2,27.884610962751218,0.34283636964927505,0.682842712474619,0,992.6414184570312
49035,10,6,48,39,2,20.501075765122483,0.4610796786094344,0.848528137423857,0,992.6414184570312
49035,10,6,48,40,2,24.39617428833357,0.3207840299944326,0.848528137423857,0,992.6414184570312
49035,10,6,48,41,,,,,0,992.6414184570312
49035,10,6,48,42,2,16.968084714842004,0.453891457136468,0.765685424949238,0,992.6414184570312
49035,10,6,48,43,2,20.92355398276092,0.2913932484092579,0.848528137423857,0,992.6414184570312
49035,10,6,48,44,2,25.25221423259683,0.1824681201821718,0.8513997106635237,0,992.6414184570312
49035,10,6,48,45,2,28.413725069314385,0.12640183028714747,0.613407053921902,0,992.6414184570312
49035,10,6,48,46,2,17.47618100822582,0.25035907532287466,0.848528137423857,0,992.6414184570312
49035,10,6,48,47,2,21.915659127932436,0.1327556305665193,0.848528137423857,0,992.6414184570312
49035,10,6,48,48,2,14.072622143546496,0.18932759908010438,0.682842712474619,1,992.6414184570312
49035,10,6,48,49,2,18.652557636273123,0.06543071376591386,0.8513997106635237,0,992.6414184570312
49035,10,6,48,50,2,23.405066091638073,-0.008942117842680564,0.682842712474619,0,992.6414184570312
49035,10,6,48,51,2,17.741303868317488,-0.12060239245675689,0.613407053921902,0,992.6414184570312
49035,10,6,48,52,2,20.697754513178392,1.9301382263562372,0.4308640753373011,0,992.6414184570312
49035,10,6,48,53,2,25.273729685858907,2.3799323404040718,0.3414213562373095,0,992.6414184570312
49035,10,6,48,54,2,16.98587168775206,2.109037041090693,0.4414213562373095,0,992.6414184570312
49035,10,6,48,55,,,,,0,992.6414184570312
49035,10,6,48,56,2,18.675208692764368,2.4969848444368528,0.4242640687119285,0,992.6414184570312
49035,10,6,48,57,,,,,0,992.6414184570312
49035,10,6,48,58,2,22.561183533756083,2.785789662669768,0.382842712474619,0,992.6414184570312
49035,10,6,48,59,,,,,0,992.6414184570312
49035,10,6,48,60,2,2.91956365946162,2.3170948001721,0.2414213562373095,0,992.6414184570312
49035,10,6,48,61,,,,,0,992.6414184570312
49035,10,6,48,62,2,17.86082332727869,-3.233469072032585,0.4242640687119285,0,992.6414184570312
49035,10,6,48,63,,,,,0,992.6414184570312
49035,10,6,48,64,2,24.06766695493744,-3.069902483464654,0.3414213562373095,0,992.6414184570312
49035,10,6,48,65,2,15.133109971605263,-2.834007328019134,0.3414213562373095,0,992.6414184570312
49035,10,6,48,66,2,8.875215049316258,-2.147576533949583,0.2632455532033676,0,992.6414184570312
49035,10,7,46,1,2,41.370798107952574,0.996971148561892,0.613407053921902,0,993.8079223632812
49035,10,7,46,2,2,37.024618255177636,1.106510399249222,0.682842712474619,0,993.8079223632812
49035,10,7,46,3,2,37.97575839633861,0.9755082164441418,0.8513997106635237,0,993.8079223632812
49035,10,7,46,4,2,39.541043165456976,0.852886615038255,0.682842712474619,0,993.8079223632812
49035,10,7,46,5,2,34.96888103924087,1.0265479941382336,0.848528137423857,0,993.8079223632812
49035,10,7,46,6,2,36.320221777572186,0.891367206351791,0.848528137423857,0,993.8079223632812
49035,10,7,46,7,2,31.75377061564913,1.1962813459796562,0.613407053921902,0,993.8079223632812
49035,10,7,46,8,2,32.07003362168609,1.0869973621122673,0.8513997106635237,0,993.8079223632812
49035,10,7,46,9,2,33.16357829504418,0.937252519371528,0.848528137423857,0,993.8079223632812
49035,10,7,46,10,2,34.94508254628933,0.7999093213956932,0.8513997106635237,0,993.8079223632812
49035,10,7,46,11,2,36.54919838179477,0.7128387501685138,0.613407053921902,0,993.8079223632812
49035,10,7,46,12,2,30.091316699191193,0.9926449860814459,0.848528137423857,0,993.8079223632812
49035,10,7,46,13,2,31.651590947793952,0.8385692678247902,0.848528137423857,0,993.8079223632812
49035,10,7,46,14,2,27.132116689460847,1.0603683195561653,0.682842712474619,0,993.8079223632812
49035,10,7,46,15,2,28.416326731053207,0.8861175521227722,0.8513997106635237,0,993.8079223632812
49035,10,7,46,16,2,30.47660567913393,0.731153359633705,0.682842712474619,0,993.8079223632812
49035,10,7,46,17,2,25.151598648477187,0.8389238816065359,0.613407053921902,0,993.8079223632812
49035,10,7,46,18,2,50.978560333296,1.6429698174102008,0.37888543819998316,0,993.8079223632812
49035,10,7,46,19,2,51.612077806837476,1.8610157058898262,0.3414213562373095,0,993.8079223632812
49035,10,7,46,20,2,46.43789738144852,1.6859985408056186,0.482842712474619,0,993.8079223632812
49035,10,7,46,21,2,43.0017447422874,1.4754560143238742,0.3414213562373095,0,993.8079223632812
49035,10,7,46,22,2,44.64086853914178,1.836345066317687,0.4242640687119285,0,993.8079223632812
49035,10,7,46,23,2,39.818072298892574,1.628188259362545,0.4242640687119285,0,993.8079223632812
49035,10,7,46,24,2,47.516314101711245,2.07147494558317,0.37888543819998316,0,993.8079223632812
49035,10,7,46,25,2,43.921930452200435,1.9953751507117468,0.482842712474619,0,993.8079223632812
49035,10,7,46,26,2,37.70686558597559,1.8025736076434153,0.4242640687119285,0,993.8079223632812
49035,10,7,46,27,2,33.38382018268324,1.5477304259300397,0.482842712474619,0,993.8079223632812
49035,10,7,46,28,2,32.18408486853678,1.3995118934669544,0.4538461538461539,0,993.8079223632812
49035,10,7,46,29,2,36.85290413302356,1.991152124094158,0.4242640687119285,0,993.8079223632812
49035,10,7,46,30,2,30.83517927155156,1.7536716178524956,0.4242640687119285,0,993.8079223632812
49035,10,7,46,31,2,37.34254107257323,2.1815929224814616,0.3414213562373095,0,993.8079223632812
49035,10,7,46,32,2,29.78484701031243,1.984924657862782,0.482842712474619,0,993.8079223632812
49035,10,7,46,33,2,24.079220275968563,1.6770490900193131,0.3414213562373095,0,993.8079223632812
49035,10,7,46,34,2,26.359093515941716,2.114996718132571,0.4308640753373011,0,993.8079223632812
49035,10,7,46,35,2,15.922643154506089,0.9367098957930495,0.613407053921902,0,993.8079223632812
49035,10,7,46,36,2,11.7392498004941,1.263205939426222,0.682842712474619,0,993.8079223632812
49035,10,7,46,37,2,12.61530240279043,0.8558849389848207,0.8513997106635237,0,993.8079223632812
49035,10,7,46,38,2,15.181624535908508,0.5445546555277154,0.682842712474619,0,993.8079223632812
49035,10,7,46,39,2,9.476828059712124,1.0049043304967111,0.848528137423857,0,993.8079223632812
49035,10,7,46,40,2,11.668167761426654,0.5741954768155395,0.848528137423857,0,993.8079223632812
49035,10,7,46,41,2,7.764636324260762,1.753223320238484,0.6034068236642477,0,993.8079223632812
49035,10,7,46,42,2,6.7434920799867575,1.2863508013886171,0.8513997106635237,0,993.8079223632812
49035,10,7,46,43,2,8.173772340131167,0.6292688795475228,0.848528137423857,0,993.8079223632812
49035,10,7,46,44,2,11.753570653369238,0.2712221881145483,0.8513997106635237,0,993.8079223632812
49035,10,7,46,45,2,14.759116887150023,0.1349441887681666,0.613407053921902,0,993.8079223632812
49035,10,7,46,46,2,4.740777323160245,0.7651668766282251,0.848528137423857,1,993.8079223632812
49035,10,7,46,47,2,8.295229861989338,0.19679196279600591,0.848528137423857,0,993.8079223632812
49035,10,7,46,48,,,,,0,993.8079223632812
49035,10,7,46,49,2,4.947247095379076,0.019193201051563358,0.8513997106635237,0,993.8079223632812
49035,10,7,46,50,2,9.788315619052439,-0.16076701256189918,0.682842712474619,0,993.8079223632812
49035,10,7,46,51,2,4.958885309305616,-0.703030916513584,0.6034068236642477,0,993.8079223632812
49035,10,7,46,52,2,27.948714491030792,2.369533585940309,0.4308640753373011,0,993.8079223632812
49035,10,7,46,53,2,36.00171667552395,2.614642975468574,0.3414213562373095,0,993.8079223632812
49035,10,7,46,54,2,26.24491076867281,2.5433178106436554,0.4414213562373095,0,993.8079223632812
49035,10,7,46,55,,,,,0,993.8079223632812
49035,10,7,46,56,2,30.415853957674642,2.745759351297211,0.4242640687119285,0,993.8079223632812
49035,10,7,46,57,,,,,0,993.8079223632812
49035,10,7,46,58,2,35.51693965833186,-3.388301262522278,0.382842712474619,0,993.8079223632812
49035,10,7,46,59,,,,,0,993.8079223632812
49035,10,7,46,60,2,15.70975741491202,-3.2709464328999367,0.2414213562373095,0,993.8079223632812
49035,10,7,46,61,,,,,0,993.8079223632812
49035,10,7,46,62,2,31.471472337395955,-3.2146170968176615,0.4242640687119285,0,993.8079223632812
49035,10,7,46,63,,,,,0,993.8079223632812
49035,10,7,46,64,2,37.772773287150535,-3.1215293267290547,0.3414213562373095,0,993.8079223632812
49035,10,7,46,65,2,28.62610940161746,-2.9985279905616093,0.3414213562373095,0,993.8079223632812
49035,10,7,46,66,2,20.30088365427155,-2.7682117908361543,0.2632455532033676,0,993.8079223632812
49035,10,8,49,1,2,39.05284651046418,0.6065683972331447,0.613407053921902,0,994.04052734375
49035,10,8,49,2,2,34.91785814849378,0.7282080926177096,0.682842712474619,0,994.04052734375
49035,10,8,49,3,2,35.62397532885264,0.5877465209977305,0.8513997106635237,0,994.04052734375
49035,10,8,49,4,2,36.99835697410183,0.45523138868642954,0.682842712474619,0,994.04052734375
49035,10,8,49,5,2,32.71107176910717,0.6464530194959924,0.848528137423857,0,994.04052734375
49035,10,8,49,6,2,33.83526291956438,0.49987723645149573,0.848528137423857,0,994.04052734375
49035,10,8,49,7,2,29.846997402586425,0.8334675192894997,0.613407053921902,0,994.04052734375
49035,10,8,49,8,2,29.932604536469235,0.7163386896313043,0.8513997106635237,0,994.04052734375
49035,10,8,49,9,2,30.753400054124533,0.553597111236268,0.848528137423857,0,994.04052734375
49035,10,8,49,10,2,32.33546683506201,0.40304493980815226,0.8513997106635237,0,994.04052734375
49035,10,8,49,11,2,33.8408034158182,0.30748919622562465,0.613407053921902,0,994.04052734375
49035,10,8,49,12,2,27.779816647019203,0.6190420899276624,0.848528137423857,0,994.04052734375
49035,10,8,49,13,2,29.095171652601973,0.44916143952593324,0.848528137423857,0,994.04052734375
49035,10,8,49,14,2,24.95325251334951,0.6997290931573087,0.682842712474619,0,994.04052734375
49035,10,8,49,15,2,25.932134727926893,0.5066766510240513,0.8513997106635237,0,994.04052734375
49035,10,8,49,16,2,27.79004159946005,0.333541939507464,0.682842712474619,0,994.04052734375
49035,10,8,49,17,2,22.603504356806702,0.46199153998442377,0.613407053921902,0,994.04052734375
49035,10,8,49,18,2,50.16766709345614,1.2648267159168385,0.37888543819998316,0,994.04052734375
49035,10,8,49,19,2,51.41864659005944,1.4840146774005083,0.3414213562373095,0,994.04052734375
49035,10,8,49,20,2,45.754768257069856,1.3138984730231047,0.482842712474619,0,994.04052734375
49035,10,8,49,21,2,41.75069363930261,1.103857553411435,0.3414213562373095,0,994.04052734375
49035,10,8,49,22,2,44.389097922396715,1.4679988489550952,0.4242640687119285,0,994.04052734375
49035,10,8,49,23,2,38.987351993548636,1.265359051635825,0.4242640687119285,0,994.04052734375
49035,10,8,49,24,2,47.93197690391784,1.698400764262583,0.37888543819998316,0,994.04052734375
49035,10,8,49,25,2,44.12805468712712,1.6278278782844309,0.482842712474619,0,994.04052734375
49035,10,8,49,26,2,37.37521654217963,1.445964363737792,0.4242640687119285,0,994.04052734375
49035,10,8,49,27,2,32.350091385953675,1.1966796721621562,0.482842712474619,0,994.04052734375
49035,10,8,49,28,2,30.762626890951985,1.0462415588234077,0.4538461538461539,0,994.04052734375
49035,10,8,49,29,2,37.06480821049496,1.6360491835722124,0.4242640687119285,0,994.04052734375
49035,10,8,49,30,2,30.387852980846,1.4137745048959585,0.4242640687119285,0,994.04052734375
49035,10,8,49,31,2,38.0879666533504,1.8225346644186362,0.3414213562373095,0,994.04052734375
49035,10,8,49,32,2,30.00524628946525,1.6481402345396492,0.482842712474619,0,994.04052734375
49035,10,8,49,33,2,23.45072293120629,1.362457395918069,0.3414213562373095,0,994.04052734375
49035,10,8,49,34,2,26.963286178613195,1.7877640636105747,0.4308640753373011,0,994.04052734375
49035,10,8,49,35,2,13.558539866413778,0.6152956165859965,0.613407053921902,0,994.04052734375
49035,10,8,49,36,2,10.147216387640071,1.0501831912990318,0.682842712474619,0,994.04052734375
49035,10,8,49,37,2,10.137889374517725,0.5520780661787327,0.8513997106635237,0,994.04052734375
49035,10,8,49,38,2,12.352635407973779,0.14877017423153782,0.682842712474619,0,994.04052734375
49035,10,8,49,39,2,7.329624753214715,0.8019040802776406,0.848528137423857,0,994.04052734375
49035,10,8,49,40,2,8.861952356862796,0.2024305524789206,0.848528137423857,0,994.04052734375
49035,10,8,49,41,2,7.717022527455695,1.693914544445735,0.6034068236642477,0,994.04052734375
49035,10,8,49,42,2,5.447017264147085,1.2800682043423675,0.7685569981889047,0,994.04052734375
49035,10,8,49,43,2,5.42962223624117,0.3247566002394694,0.848528137423857,0,994.04052734375
49035,10,8,49,44,2,8.90458298746509,-0.19821514364157689,0.8513997106635237,0,994.04052734375
49035,10,8,49,45,2,11.996214343171367,-0.35712498745787336,0.613407053921902,0,994.04052734375
49035,10,8,49,46,,,,,0,994.04052734375
49035,10,8,49,47,2,5.49892682562982,-0.3340065527909237,0.848528137423857,0,994.04052734375
49035,10,8,49,48,,,,,0,994.04052734375
49035,10,8,49,49,2,2.4869246644419607,-0.8400454993119348,0.7685569981889047,1,994.04052734375
49035,10,8,49,50,2,7.483020435557952,-0.7942470245268539,0.682842712474619,0,994.04052734375
49035,10,8,49,51,2,4.4303038211207815,-1.7478541279091548,0.6034068236642477,0,994.04052734375
49035,10,8,49,52,2,29.22177266450053,2.0270495757512053,0.4308640753373011,0,994.04052734375
49035,10,8,49,53,2,37.828486530779145,2.242098710110857,0.3414213562373095,0,994.04052734375
49035,10,8,49,54,2,27.939505978346784,2.196387285105357,0.4414213562373095,0,994.04052734375
49035,10,8,49,55,2,18.172440546575242,2.1011216379419477,0.2894427190999916,0,994.04052734375
49035,10,8,49,56,2,32.51936639019944,-3.9078262326481856,0.4242640687119285,0,994.04052734375
49035,10,8,49,57,,,,,0,994.04052734375
49035,10,8,49,58,2,37.87350507315094,-3.776120966199296,0.382842712474619,0,994.04052734375
49035,10,8,49,59,,,,,0,994.04052734375
49035,10,8,49,60,2,18.265968048134276,-3.62608111958132,0.2707106781186548,0,994.04052734375
49035,10,8,49,61,,,,,0,994.04052734375
49035,10,8,49,62,2,34.07223479222757,-3.609950580759615,0.4242640687119285,0,994.04052734375
49035,10,8,49,63,,,,,0,994.04052734375
49035,10,8,49,64,2,40.46987002502775,-3.528824062328001,0.3414213562373095,0,994.04052734375
49035,10,8,49,65,2,31.423430445248595,-3.4092472199964123,0.3414213562373095,0,994.04052734375
49035,10,8,49,66,2,23.174416541784016,-3.1993884689678342,0.2632455532033676,0,994.04052734375
49035,10,9,47,1,2,39.05284651046418,0.6065683972331447,0.613407053921902,0,994.0576171875
49035,10,9,47,2,2,34.91785814849378,0.7282080926177096,0.682842712474619,0,994.0576171875
49035,10,9,47,3,2,35.62397532885264,0.5877465209977305,0.8513997106635237,0,994.0576171875
49035,10,9,47,4,2,36.99835697410183,0.45523138868642954,0.682842712474619,0,994.0576171875
49035,10,9,47,5,2,32.71107176910717,0.6464530194959924,0.848528137423857,0,994.0576171875
49035,10,9,47,6,2,33.83526291956438,0.49987723645149573,0.848528137423857,0,994.0576171875
49035,10,9,47,7,2,29.846997402586425,0.8334675192894997,0.613407053921902,0,994.0576171875
49035,10,9,47,8,2,29.932604536469235,0.7163386896313043,0.8513997106635237,0,994.0576171875
49035,10,9,47,9,2,30.753400054124533,0.553597111236268,0.848528137423857,0,994.0576171875
49035,10,9,47,10,2,32.33546683506201,0.40304493980815226,0.8513997106635237,0,994.0576171875
49035,10,9,47,11,2,33.8408034158182,0.30748919622562465,0.613407053921902,0,994.0576171875
49035,10,9,47,12,2,27.779816647019203,0.6190420899276624,0.848528137423857,0,994.0576171875
49035,10,9,47,13,2,29.095171652601973,0.44916143952593324,0.848528137423857,0,994.0576171875
49035,10,9,47,14,2,24.95325251334951,0.6997290931573087,0.682842712474619,0,994.0576171875
49035,10,9,47,15,2,25.932134727926893,0.5066766510240513,0.8513997106635237,0,994.0576171875
49035,10,9,47,16,2,27.79004159946005,0.333541939507464,0.682842712474619,0,994.0576171875
49035,10,9,47,17,2,22.603504356806702,0.46199153998442377,0.613407053921902,0,994.0576171875
49035,10,9,47,18,2,50.16766709345614,1.2648267159168385,0.37888543819998316,0,994.0576171875
49035,10,9,47,19,2,51.41864659005944,1.4840146774005083,0.3414213562373095,0,994.0576171875
49035,10,9,47,20,2,45.754768257069856,1.3138984730231047,0.482842712474619,0,994.0576171875
49035,10,9,47,21,2,41.75069363930261,1.103857553411435,0.3414213562373095,0,994.0576171875
49035,10,9,47,22,2,44.389097922396715,1.4679988489550952,0.4242640687119285,0,994.0576171875
49035,10,9,47,23,2,38.987351993548636,1.265359051635825,0.4242640687119285,0,994.0576171875
49035,10,9,47,24,2,47.93197690391784,1.698400764262583,0.37888543819998316,0,994.0576171875
49035,10,9,47,25,2,44.12805468712712,1.6278278782844309,0.482842712474619,0,994.0576171875
49035,10,9,47,26,2,37.37521654217963,1.445964363737792,0.4242640687119285,0,994.0576171875
49035,10,9,47,27,2,32.350091385953675,1.1966796721621562,0.482842712474619,0,994.0576171875
49035,10,9,47,28,2,30.762626890951985,1.0462415588234077,0.4538461538461539,0,994.0576171875
49035,10,9,47,29,2,37.06480821049496,1.6360491835722124,0.4242640687119285,0,994.0576171875
49035,10,9,47,30,2,30.387852980846,1.4137745048959585,0.4242640687119285,0,994.0576171875
49035,10,9,47,31,2,38.0879666533504,1.8225346644186362,0.3414213562373095,0,994.0576171875
49035,10,9,47,32,2,30.00524628946525,1.6481402345396492,0.482842712474619,0,994.0576171875
49035,10,9,47,33,2,23.45072293120629,1.362457395918069,0.3414213562373095,0,994.0576171875
49035,10,9,47,34,2,26.963286178613195,1.7877640636105747,0.4308640753373011,0,994.0576171875
49035,10,9,47,35,2,13.558539866413778,0.6152956165859965,0.613407053921902,0,994.0576171875
49035,10,9,47,36,2,10.147216387640071,1.0501831912990318,0.682842712474619,0,994.0576171875
49035,10,9,47,37,2,10.137889374517725,0.5520780661787327,0.8513997106635237,0,994.0576171875
49035,10,9,47,38,2,12.352635407973779,0.14877017423153782,0.682842712474619,0,994.0576171875
49035,10,9,47,39,2,7.329624753214715,0.8019040802776406,0.848528137423857,0,994.0576171875
49035,10,9,47,40,2,8.861952356862796,0.2024305524789206,0.848528137423857,0,994.0576171875
49035,10,9,47,41,2,7.717022527455695,1.693914544445735,0.6034068236642477,0,994.0576171875
49035,10,9,47,42,2,5.447017264147085,1.2800682043423675,0.7685569981889047,0,994.0576171875
49035,10,9,47,43,2,5.42962223624117,0.3247566002394694,0.848528137423857,0,994.0576171875
49035,10,9,47,44,2,8.90458298746509,-0.19821514364157689,0.8513997106635237,0,994.0576171875
49035,10,9,47,45,2,11.996214343171367,-0.35712498745787336,0.613407053921902,0,994.0576171875
49035,10,9,47,46,,,,,0,994.0576171875
49035,10,9,47,47,2,5.49892682562982,-0.3340065527909237,0.848528137423857,1,994.0576171875
49035,10,9,47,48,,,,,0,994.0576171875
49035,10,9,47,49,,,,,0,994.0576171875
49035,10,9,47,50,2,7.483020435557952,-0.7942470245268539,0.6466890965784271,0,994.0576171875
49035,10,9,47,51,2,4.4303038211207815,-1.7478541279091548,0.43533959677349143,0,994.0576171875
49035,10,9,47,52,2,29.22177266450053,2.0270495757512053,0.4308640753373011,0,994.0576171875
49035,10,9,47,53,2,37.828486530779145,2.242098710110857,0.3414213562373095,0,994.0576171875
49035,10,9,47,54,2,27.939505978346784,2.196387285105357,0.4414213562373095,0,994.0576171875
49035,10,9,47,55,2,18.172440546575242,2.1011216379419477,0.2894427190999916,0,994.0576171875
49035,10,9,47,56,2,32.51936639019944,-3.9078262326481856,0.4242640687119285,0,994.0576171875
49035,10,9,47,57,,,,,0,994.0576171875
49035,10,9,47,58,2,37.87350507315094,-3.776120966199296,0.382842712474619,0,994.0576171875
49035,10,9,47,59,,,,,0,994.0576171875
49035,10,9,47,60,2,18.265968048134276,-3.62608111958132,0.2707106781186548,0,994.0576171875
49035,10,9,47,61,,,,,0,994.0576171875
49035,10,9,47,62,2,34.07223479222757,-3.609950580759615,0.4242640687119285,0,994.0576171875
49035,10,9,47,63,,,,,0,994.0576171875
49035,10,9,47,64,2,40.46987002502775,-3.528824062328001,0.3414213562373095,0,994.0576171875
49035,10,9,47,65,2,31.423430445248595,-3.4092472199964123,0.3414213562373095,0,994.0576171875
49035,10,9,47,66,2,23.174416541784016,-3.1993884689678342,0.2632455532033676,0,994.0576171875
49035,10,10,43,1,2,37.08636805500057,0.6287962181388278,0.613407053921902,0,994.3411865234376
49035,10,10,43,2,2,33.14182527222475,0.7617375726035669,0.682842712474619,0,994.3411865234376
49035,10,10,43,3,2,33.63362668274157,0.6125658131781568,0.8513997106635237,0,994.3411865234376
49035,10,10,43,4,2,34.84337964798157,0.47072930369225263,0.682842712474619,0,994.3411865234376
49035,10,10,43,5,2,30.808082736621824,0.6785973151494868,0.848528137423857,0,994.3411865234376
49035,10,10,43,6,2,31.732920183397653,0.5212819084190956,0.848528137423857,0,994.3411865234376
49035,10,10,43,7,2,28.263349004629653,0.8816402502823639,0.613407053921902,0,994.3411865234376
49035,10,10,43,8,2,28.143473132842814,0.7575346856032898,0.8513997106635237,0,994.3411865234376
49035,10,10,43,9,2,28.72099130319836,0.582623039705793,0.848528137423857,0,994.3411865234376
49035,10,10,43,10,2,30.128650864214723,0.41934362221712784,0.8513997106635237,0,994.3411865234376
49035,10,10,43,11,2,31.551129709081607,0.31557591442054256,0.613407053921902,0,994.3411865234376
49035,10,10,43,12,2,25.84206763227172,0.6579712932724169,0.848528137423857,0,994.3411865234376
49035,10,10,43,13,2,26.937942032944097,0.4728081043770529,0.848528137423857,0,994.3411865234376
49035,10,10,43,14,2,23.145832834085176,0.7515166788936491,0.682842712474619,0,994.3411865234376
49035,10,10,43,15,2,23.84470253626088,0.5403816614996306,0.8513997106635237,0,994.3411865234376
49035,10,10,43,16,2,25.52273693203996,0.34916569361366,0.682842712474619,0,994.3411865234376
49035,10,10,43,17,2,20.466850939160746,0.4988881695661196,0.613407053921902,0,994.3411865234376
49035,10,10,43,18,2,49.4654453115423,1.2969739137182579,0.37888543819998316,0,994.3411865234376
49035,10,10,43,19,2,51.233038701162855,1.5167125819071883,0.3414213562373095,0,994.3411865234376
49035,10,10,43,20,2,45.171946797471016,1.3511882292297024,0.482842712474619,0,994.3411865234376
49035,10,10,43,21,2,40.69625658942421,1.1422406507502567,0.3414213562373095,0,994.3411865234376
49035,10,10,43,22,2,44.17396307349581,1.5080596049749961,0.4242640687119285,0,994.3411865234376
49035,10,10,43,23,2,38.30169104017828,1.3109598255120707,0.4242640687119285,0,994.3411865234376
49035,10,10,43,24,2,48.263163886179704,1.7339008492340517,0.37888543819998316,0,994.3411865234376
49035,10,10,43,25,2,44.296424796631065,1.6680580195899943,0.482842712474619,0,994.3411865234376
49035,10,10,43,26,2,37.119452753001255,1.4961164518265653,0.4242640687119285,0,994.3411865234376
49035,10,10,43,27,2,31.520379052305092,1.2532919739267303,0.482842712474619,0,994.3411865234376
49035,10,10,43,28,2,29.60362405281394,1.1019701749166828,0.4538461538461539,0,994.3411865234376
49035,10,10,43,29,2,37.26510443870126,1.6864857404712206,0.4242640687119285,0,994.3411865234376
49035,10,10,43,30,2,30.072720724038472,1.4785726142494804,0.4242640687119285,0,994.3411865234376
49035,10,10,43,31,2,38.72366517999467,1.8688779407182623,0.3414213562373095,0,994.3411865234376
49035,10,10,43,32,2,30.252318388695976,1.7134699540003102,0.482842712474619,0,994.3411865234376
49035,10,10,43,33,2,23.040904730711723,1.450306755254429,0.3414213562373095,0,994.3411865234376
49035,10,10,43,34,2,27.547727047714893,1.8592732529701044,0.4308640753373011,0,994.3411865234376
49035,10,10,43,35,2,11.658941721848802,0.7180989232993151,0.613407053921902,0,994.3411865234376
49035,10,10,43,36,2,9.160393492485746,1.2636612955649986,0.682842712474619,0,994.3411865234376
49035,10,10,43,37,2,8.170255222239131,0.6892875525188951,0.8513997106635237,0,994.3411865234376
49035,10,10,43,38,2,9.979645878280271,0.16718044568612433,0.682842712474619,0,994.3411865234376
49035,10,10,43,39,2,5.888139644152095,1.0811166791317444,0.848528137423857,0,994.3411865234376
49035,10,10,43,40,2,6.520003828862846,0.2575377299951933,0.848528137423857,0,994.3411865234376
49035,10,10,43,41,2,8.32761211392557,1.9705397752380276,0.6034068236642477,0,994.3411865234376
49035,10,10,43,42,2,5.252361996430303,1.7171742882434393,0.7685569981889047,0,994.3411865234376
49035,10,10,43,43,2,3.229174507656085,0.5401508560476187,0.765685424949238,1,994.3411865234376
49035,10,10,43,44,2,6.5778286280691844,-0.28903911079992917,0.7685569981889047,0,994.3411865234376
49035,10,10,43,45,2,9.798265789505404,-0.45998218417214504,0.613407053921902,0,994.3411865234376
49035,10,10,43,46,,,,,0,994.3411865234376
49035,10,10,43,47,,,,,0,994.3411865234376
49035,10,10,43,48,,,,,0,994.3411865234376
49035,10,10,43,49,,,,,0,994.3411865234376
49035,10,10,43,50,2,6.078019995411059,-1.0976979628033434,0.5276927682076162,0,994.3411865234376
49035,10,10,43,51,2,5.4244090856355145,-2.2111514440917417,0.3828974682400163,0,994.3411865234376
49035,10,10,43,52,2,30.326745648691393,2.0847057812499363,0.4308640753373011,0,994.3411865234376
49035,10,10,43,53,2,39.34088809783139,2.276482607780039,0.3414213562373095,0,994.3411865234376
49035,10,10,43,54,2,29.383430692225037,2.2493804073537182,0.4414213562373095,0,994.3411865234376
49035,10,10,43,55,2,19.469630765977396,2.194596236626107,0.2894427190999916,0,994.3411865234376
49035,10,10,43,56,2,34.26689707851897,-3.8724682964811636,0.4242640687119285,0,994.3411865234376
49035,10,10,43,57,,,,,0,994.3411865234376
49035,10,10,43,58,2,39.81274257740644,-3.7536316807457486,0.382842712474619,0,994.3411865234376
49035,10,10,43,59,,,,,0,994.3411865234376
49035,10,10,43,60,2,20.406261719683833,-3.5837561837897183,0.2707106781186548,0,994.3411865234376
49035,10,10,43,61,,,,,0,994.3411865234376
49035,10,10,43,62,2,36.21559374908207,-3.5931360828041234,0.4242640687119285,0,994.3411865234376
49035,10,10,43,63,,,,,0,994.3411865234376
49035,10,10,43,64,2,42.689617786337365,-3.5207958625762394,0.3414213562373095,0,994.3411865234376
49035,10,10,43,65,2,33.735500435924656,-3.4034040113083317,0.3414213562373095,0,994.3411865234376
49035,10,10,43,66,2,25.56881914717561,-3.2065886222692934,0.2632455532033676,0,994.3411865234376
49035,10,11,44,1,2,34.05580276483355,0.6951619267948878,0.613407053921902,0,994.623779296875
49035,10,11,44,2,2,30.478508524152584,0.8488006123157784,0.682842712474619,0,994.623779296875
49035,10,11,44,3,2,30.571667942187325,0.6848455886010524,0.8513997106635237,0,994.623779296875
49035,10,11,44,4,2,31.469259280731197,0.5260969182199252,0.682842712474619,0,994.623779296875
49035,10,11,44,5,2,27.923052849969473,0.7650239590069993,0.848528137423857,0,994.623779296875
49035,10,11,44,6,2,28.46724924141268,0.5885046939359021,0.848528137423857,0,994.623779296875
49035,10,11,44,7,2,25.991069637851513,0.9959113807555781,0.613407053921902,0,994.623779296875
49035,10,11,44,8,2,25.490525301707937,0.8612299921652294,0.8513997106635237,0,994.623779296875
49035,10,11,44,9,2,25.601841321817755,0.6652405559961957,0.848528137423857,0,994.623779296875
49035,10,11,44,10,2,26.667239789263107,0.4780042846999998,0.8513997106635237,0,994.623779296875
49035,10,11,44,11,2,27.92620377379323,0.3582626646943169,0.613407053921902,0,994.623779296875
49035,10,11,44,12,2,22.924316320500363,0.7605814754137269,0.848528137423857,0,994.623779296875
49035,10,11,44,13,2,23.58414038443805,0.5470201846789805,0.848528137423857,0,994.623779296875
49035,10,11,44,14,2,20.508395316484016,0.8797024637952878,0.682842712474619,0,994.623779296875
49035,10,11,44,15,2,20.646589969476942,0.6362089168653545,0.8513997106635237,0,994.623779296875
49035,10,11,44,16,2,21.953794120338934,0.4090387051451728,0.682842712474619,0,994.623779296875
49035,10,11,44,17,2,17.19333755202362,0.6059477349747892,0.613407053921902,0,994.623779296875
49035,10,11,44,18,2,48.567969802163724,1.3731634358511164,0.37888543819998316,0,994.623779296875
49035,10,11,44,19,2,51.169329594816986,1.591715070984081,0.3414213562373095,0,994.623779296875
49035,10,11,44,20,2,44.49353985697315,1.4355169919235982,0.482842712474619,0,994.623779296875
49035,10,11,44,21,2,39.25620825837747,1.2313282935643235,0.3414213562373095,0,994.623779296875
49035,10,11,44,22,2,44.10005769150089,1.595069725435065,0.4242640687119285,0,994.623779296875
49035,10,11,44,23,2,37.499198474297444,1.4100837974462603,0.4242640687119285,0,994.623779296875
49035,10,11,44,24,2,49.03333242675673,1.8112495822660484,0.37888543819998316,0,994.623779296875
49035,10,11,44,25,2,44.83252265692123,1.753405842539522,0.482842712474619,0,994.623779296875
49035,10,11,44,26,2,37.03147155602111,1.5997051262126183,0.4242640687119285,0,994.623779296875
49035,10,11,44,27,2,30.540214200713216,1.3730261046742873,0.482842712474619,0,994.623779296875
49035,10,11,44,28,2,28.07832050418913,1.2242756507808794,0.4538461538461539,0,994.623779296875
49035,10,11,44,29,2,37.90079003126516,1.7872932162067534,0.4242640687119285,0,994.623779296875
49035,10,11,44,30,2,29.964056514682614,1.606527376574022,0.4242640687119285,0,994.623779296875
49035,10,11,44,31,2,40.02011849537301,1.9607243699000523,0.3414213562373095,0,994.623779296875
49035,10,11,44,32,2,31.031994492857564,1.8362611581452621,0.482842712474619,0,994.623779296875
49035,10,11,44,33,2,22.898896917226974,1.617560272035397,0.3414213562373095,0,994.623779296875
49035,10,11,44,34,2,28.87580441312264,1.9871062401648532,0.4308640753373011,0,994.623779296875
49035,10,11,44,35,2,9.123995536363251,0.9986750452360446,0.613407053921902,0,994.623779296875
49035,10,11,44,36,2,8.797106026823464,1.6927885602968122,0.682842712474619,0,994.623779296875
49035,10,11,44,37,2,5.751214946226246,1.1278482923020512,0.8513997106635237,0,994.623779296875
49035,10,11,44,38,2,6.2260639466856285,0.269989923071294,0.682842712474619,0,994.623779296875
49035,10,11,44,39,2,5.305324971433925,1.7739764513756802,0.848528137423857,0,994.623779296875
49035,10,11,44,40,2,2.972183029869264,0.5928517601803837,0.848528137423857,0,994.623779296875
49035,10,11,44,41,2,10.439602172016848,2.3162101853996337,0.6034068236642477,0,994.623779296875
49035,10,11,44,42,2,6.943808230887759,2.296062614635058,0.7685569981889047,0,994.623779296875
49035,10,11,44,43,,,,,0,994.623779296875
49035,10,11,44,44,2,3.096977650611886,-0.6502604489760816,0.7685569981889047,1,994.623779296875
49035,10,11,44,45,2,6.581979170869142,-0.7219659758630671,0.613407053921902,0,994.623779296875
49035,10,11,44,46,,,,,0,994.623779296875
49035,10,11,44,47,,,,,0,994.623779296875
49035,10,11,44,48,,,,,0,994.623779296875
49035,10,11,44,49,,,,,0,994.623779296875
49035,10,11,44,50,2,5.515312218592926,-1.7661478633843843,0.5276927682076162,0,994.623779296875
49035,10,11,44,51,2,8.310261654614587,-2.5907381623558776,0.36665443472916565,0,994.623779296875
49035,10,11,44,52,2,32.38752969731655,2.1881361282958007,0.4308640753373011,0,994.623779296875
49035,10,11,44,53,2,41.933336146480016,2.346239083176738,0.3414213562373095,0,994.623779296875
49035,10,11,44,54,2,31.93398625594262,2.343123100146181,0.482842712474619,0,994.623779296875
49035,10,11,44,55,2,21.935229107893477,2.3371662840810172,0.3414213562373095,0,994.623779296875
49035,10,11,44,56,2,37.21450627892813,-3.803538211860696,0.4242640687119285,0,994.623779296875
49035,10,11,44,57,2,27.31838713038209,-3.7584456329854263,0.4242640687119285,0,994.623779296875
49035,10,11,44,58,2,43.01231773543515,-3.7023194208220116,0.382842712474619,0,994.623779296875
49035,10,11,44,59,,,,,0,994.623779296875
49035,10,11,44,60,2,23.93343002196131,-3.5150515490497805,0.3414213562373095,0,994.623779296875
49035,10,11,44,61,,,,,0,994.623779296875
49035,10,11,44,62,2,39.706098702651744,-3.5509265325450055,0.4242640687119285,0,994.623779296875
49035,10,11,44,63,,,,,0,994.623779296875
49035,10,11,44,64,2,46.27865894312811,-3.4900781799278464,0.3414213562373095,0,994.623779296875
49035,10,11,44,65,2,37.457830575133634,-3.3768699173678005,0.3414213562373095,0,994.623779296875
49035,10,11,44,66,2,29.40176643020723,-3.1981088678206984,0.2632455532033676,0,994.623779296875
49035,10,12,38,1,2,34.05580276483355,0.6951619267948878,0.613407053921902,0,994.64111328125
49035,10,12,38,2,2,30.478508524152584,0.8488006123157784,0.682842712474619,0,994.64111328125
49035,10,12,38,3,2,30.571667942187325,0.6848455886010524,0.8513997106635237,0,994.64111328125
49035,10,12,38,4,2,31.469259280731197,0.5260969182199252,0.682842712474619,0,994.64111328125
49035,10,12,38,5,2,27.923052849969473,0.7650239590069993,0.848528137423857,0,994.64111328125
49035,10,12,38,6,2,28.46724924141268,0.5885046939359021,0.848528137423857,0,994.64111328125
49035,10,12,38,7,2,25.991069637851513,0.9959113807555781,0.613407053921902,0,994.64111328125
49035,10,12,38,8,2,25.490525301707937,0.8612299921652294,0.8513997106635237,0,994.64111328125
49035,10,12,38,9,2,25.601841321817755,0.6652405559961957,0.848528137423857,0,994.64111328125
49035,10,12,38,10,2,26.667239789263107,0.4780042846999998,0.8513997106635237,0,994.64111328125
49035,10,12,38,11,2,27.92620377379323,0.3582626646943169,0.613407053921902,0,994.64111328125
49035,10,12,38,12,2,22.924316320500363,0.7605814754137269,0.848528137423857,0,994.64111328125
49035,10,12,38,13,2,23.58414038443805,0.5470201846789805,0.848528137423857,0,994.64111328125
49035,10,12,38,14,2,20.508395316484016,0.8797024637952878,0.682842712474619,0,994.64111328125
49035,10,12,38,15,2,20.646589969476942,0.6362089168653545,0.8513997106635237,0,994.64111328125
49035,10,12,38,16,2,21.953794120338934,0.4090387051451728,0.682842712474619,0,994.64111328125
49035,10,12,38,17,2,17.19333755202362,0.6059477349747892,0.613407053921902,0,994.64111328125
49035,10,12,38,18,2,48.567969802163724,1.3731634358511164,0.37888543819998316,0,994.64111328125
49035,10,12,38,19,2,51.169329594816986,1.591715070984081,0.3414213562373095,0,994.64111328125
49035,10,12,38,20,2,44.49353985697315,1.4355169919235982,0.482842712474619,0,994.64111328125
49035,10,12,38,21,2,39.25620825837747,1.2313282935643235,0.3414213562373095,0,994.64111328125
49035,10,12,38,22,2,44.10005769150089,1.595069725435065,0.4242640687119285,0,994.64111328125
49035,10,12,38,23,2,37.499198474297444,1.4100837974462603,0.4242640687119285,0,994.64111328125
49035,10,12,38,24,2,49.03333242675673,1.8112495822660484,0.37888543819998316,0,994.64111328125
49035,10,12,38,25,2,44.83252265692123,1.753405842539522,0.482842712474619,0,994.64111328125
49035,10,12,38,26,2,37.03147155602111,1.5997051262126183,0.4242640687119285,0,994.64111328125
49035,10,12,38,27,2,30.540214200713216,1.3730261046742873,0.482842712474619,0,994.64111328125
49035,10,12,38,28,2,28.07832050418913,1.2242756507808794,0.4538461538461539,0,994.64111328125
49035,10,12,38,29,2,37.90079003126516,1.7872932162067534,0.4242640687119285,0,994.64111328125
49035,10,12,38,30,2,29.964056514682614,1.606527376574022,0.4242640687119285,0,994.64111328125
49035,10,12,38,31,2,40.02011849537301,1.9607243699000523,0.3414213562373095,0,994.64111328125
49035,10,12,38,32,2,31.031994492857564,1.8362611581452621,0.482842712474619,0,994.64111328125
49035,10,12,38,33,2,22.898896917226974,1.617560272035397,0.3414213562373095,0,994.64111328125
49035,10,12,38,34,2,28.87580441312264,1.9871062401648532,0.4308640753373011,0,994.64111328125
49035,10,12,38,35,2,9.123995536363251,0.9986750452360446,0.613407053921902,0,994.64111328125
49035,10,12,38,36,2,8.797106026823464,1.6927885602968122,0.682842712474619,0,994.64111328125
49035,10,12,38,37,2,5.751214946226246,1.1278482923020512,0.8513997106635237,0,994.64111328125
49035,10,12,38,38,2,6.2260639466856285,0.269989923071294,0.6466890965784271,1,994.64111328125
49035,10,12,38,39,2,5.305324971433925,1.7739764513756802,0.848528137423857,0,994.64111328125
49035,10,12,38,40,2,2.972183029869264,0.5928517601803837,0.765685424949238,0,994.64111328125
49035,10,12,38,41,2,10.439602172016848,2.3162101853996337,0.6034068236642477,0,994.64111328125
49035,10,12,38,42,2,6.943808230887759,2.296062614635058,0.7685569981889047,0,994.64111328125
49035,10,12,38,43,,,,,0,994.64111328125
49035,10,12,38,44,,,,,0,994.64111328125
49035,10,12,38,45,2,6.581979170869142,-0.7219659758630671,0.4815389220537701,0,994.64111328125
49035,10,12,38,46,,,,,0,994.64111328125
49035,10,12,38,47,,,,,0,994.64111328125
49035,10,12,38,48,,,,,0,994.64111328125
49035,10,12,38,49,,,,,0,994.64111328125
49035,10,12,38,50,2,5.515312218592926,-1.7661478633843843,0.4541838746143514,0,994.64111328125
49035,10,12,38,51,2,8.310261654614587,-2.5907381623558776,0.3538988508520741,0,994.64111328125
49035,10,12,38,52,2,32.38752969731655,2.1881361282958007,0.4308640753373011,0,994.64111328125
49035,10,12,38,53,2,41.933336146480016,2.346239083176738,0.3414213562373095,0,994.64111328125
49035,10,12,38,54,2,31.93398625594262,2.343123100146181,0.482842712474619,0,994.64111328125
49035,10,12,38,55,2,21.935229107893477,2.3371662840810172,0.3414213562373095,0,994.64111328125
49035,10,12,38,56,2,37.21450627892813,-3.803538211860696,0.4242640687119285,0,994.64111328125
49035,10,12,38,57,2,27.31838713038209,-3.7584456329854263,0.4242640687119285,0,994.64111328125
49035,10,12,38,58,2,43.01231773543515,-3.7023194208220116,0.382842712474619,0,994.64111328125
49035,10,12,38,59,,,,,0,994.64111328125
49035,10,12,38,60,2,23.93343002196131,-3.5150515490497805,0.3414213562373095,0,994.64111328125
49035,10,12,38,61,,,,,0,994.64111328125
49035,10,12,38,62,2,39.706098702651744,-3.5509265325450055,0.4242640687119285,0,994.64111328125
49035,10,12,38,63,,,,,0,994.64111328125
49035,10,12,38,64,2,46.27865894312811,-3.4900781799278464,0.3414213562373095,0,994.64111328125
49035,10,12,38,65,2,37.457830575133634,-3.3768699173678005,0.3414213562373095,0,994.64111328125
49035,10,12,38,66,2,29.40176643020723,-3.1981088678206984,0.2632455532033676,0,994.64111328125
49035,10,13,37,1,2,30.79282034240004,0.6561614987355433,0.613407053921902,0,994.9246215820312
49035,10,13,37,2,2,27.713974425857145,0.8367998491578117,0.682842712474619,0,994.9246215820312
49035,10,13,37,3,2,27.29289064945197,0.6553962602706762,0.8513997106635237,0,994.9246215820312
49035,10,13,37,4,2,27.780197651003522,0.4744298955971906,0.682842712474619,0,994.9246215820312
49035,10,13,37,5,2,24.900236319871425,0.7552847148580517,0.848528137423857,0,994.9246215820312
49035,10,13,37,6,2,24.93710629386102,0.5542992480901956,0.848528137423857,0,994.9246215820312
49035,10,13,37,7,2,23.792969686439523,1.0191934619569687,0.613407053921902,0,994.9246215820312
49035,10,13,37,8,2,22.806614338124483,0.8749085818352744,0.8513997106635237,0,994.9246215820312
49035,10,13,37,9,2,22.293029383505154,0.6538862522499536,0.848528137423857,0,994.9246215820312
49035,10,13,37,10,2,22.887041325162652,0.4336534432241683,0.8513997106635237,0,994.9246215820312
49035,10,13,37,11,2,23.923898338017956,0.2906713785609685,0.613407053921902,0,994.9246215820312
49035,10,13,37,12,2,19.92734422536845,0.7786269239612671,0.848528137423857,0,994.9246215820312
49035,10,13,37,13,2,19.973396040788963,0.5273549628721492,0.848528137423857,0,994.9246215820312
49035,10,13,37,14,2,17.950457839810845,0.933764946070762,0.682842712474619,0,994.9246215820312
49035,10,13,37,15,2,17.293248341034875,0.6515030963312018,0.8513997106635237,0,994.9246215820312
49035,10,13,37,16,2,18.052532778271985,0.3708806398279352,0.682842712474619,0,994.9246215820312
49035,10,13,37,17,2,13.79349605967691,0.6488069382912942,0.613407053921902,0,994.9246215820312
49035,10,13,37,18,2,47.746437696082694,1.3365824685420664,0.37888543819998316,0,994.9246215820312
49035,10,13,37,19,2,51.265237624583676,1.5514932076978205,0.3414213562373095,0,994.9246215820312
49035,10,13,37,20,2,43.95224216984599,1.4076820393201093,0.482842712474619,0,994.9246215820312
49035,10,13,37,21,2,37.88765755240809,1.21252687689406,0.3414213562373095,0,994.9246215820312
49035,10,13,37,22,2,44.23843769078866,1.5680819962052333,0.4242640687119285,0,994.9246215820312
49035,10,13,37,23,2,36.887862127989315,1.4000460687531482,0.4242640687119285,0,994.9246215820312
49035,10,13,37,24,2,50.05438687428819,1.771347745138347,0.37888543819998316,0,994.9246215820312
49035,10,13,37,25,2,45.63199696360869,1.7225291544276478,0.482842712474619,0,994.9246215820312
49035,10,13,37,26,2,37.22840514900619,1.590926465292263,0.4242640687119285,0,994.9246215820312
49035,10,13,37,27,2,29.82665172275139,1.38879365424584,0.482842712474619,0,994.9246215820312
49035,10,13,37,28,2,26.76689474922684,1.2487243811832718,0.4538461538461539,0,994.9246215820312
49035,10,13,37,29,2,38.87407783476739,1.7719431391156881,0.4242640687119285,0,994.9246215820312
49035,10,13,37,30,2,30.24680033582579,1.6243416956797878,0.4242640687119285,0,994.9246215820312
49035,10,13,37,31,2,41.67053761434517,1.9334831218935786,0.3414213562373095,0,994.9246215820312
49035,10,13,37,32,2,32.25071639700913,1.8418882571089137,0.482842712474619,0,994.9246215820312
49035,10,13,37,33,2,23.319170464921587,1.677703572796617,0.3414213562373095,0,994.9246215820312
49035,10,13,37,34,2,30.69504825230276,1.9930600442442645,0.4308640753373011,0,994.9246215820312
49035,10,13,37,35,2,7.533039132239636,1.3557816820187862,0.6034068236642477,0,994.9246215820312
49035,10,13,37,36,2,10.080340887370413,2.003518005859587,0.682842712474619,0,994.9246215820312
49035,10,13,37,37,2,5.333926689735304,1.788705728567849,0.8513997106635237,1,994.9246215820312
49035,10,13,37,38,,,,,0,994.9246215820312
49035,10,13,37,39,2,7.3191982289026605,-4.021875091339298,0.848528137423857,0,994.9246215820312
49035,10,13,37,40,2,2.3255460089731073,-3.960816568418113,0.6366888663207728,0,994.9246215820312
49035,10,13,37,41,2,13.588756397417603,-3.849654995276938,0.6034068236642477,0,994.9246215820312
49035,10,13,37,42,2,10.182855763314782,-3.781111873920348,0.7685569981889047,0,994.9246215820312
49035,10,13,37,43,,,,,0,994.9246215820312
49035,10,13,37,44,,,,,0,994.9246215820312
49035,10,13,37,45,2,4.5718492556454775,-1.5425295106986106,0.4190965632626408,0,994.9246215820312
49035,10,13,37,46,,,,,0,994.9246215820312
49035,10,13,37,47,,,,,0,994.9246215820312
49035,10,13,37,48,,,,,0,994.9246215820312
49035,10,13,37,49,,,,,0,994.9246215820312
49035,10,13,37,50,2,7.709917874991421,-2.4556285990991404,0.4541838746143514,0,994.9246215820312
49035,10,13,37,51,2,12.198746963391374,-2.8853304381535363,0.3538988508520741,0,994.9246215820312
49035,10,13,37,52,2,34.89162886390083,2.1671809082510607,0.4308640753373011,0,994.9246215820312
49035,10,13,37,53,2,44.897973682732285,-3.9899150573410505,0.3414213562373095,0,994.9246215820312
49035,10,13,37,54,2,34.921383762203334,-3.972644417560034,0.482842712474619,0,994.9246215820312
49035,10,13,37,55,2,24.96353434349464,-3.9415789882445025,0.3414213562373095,0,994.9246215820312
49035,10,13,37,56,2,40.55542900071556,-3.859042831558257,0.4242640687119285,0,994.9246215820312
49035,10,13,37,57,2,30.79639304340427,-3.7972904691687694,0.4242640687119285,0,994.9246215820312
49035,10,13,37,58,2,46.58307202189528,-3.773960909785632,0.382842712474619,0,994.9246215820312
49035,10,13,37,59,,,,,0,994.9246215820312
49035,10,13,37,60,2,27.88068516196471,-3.577000961257065,0.3414213562373095,0,994.9246215820312
49035,10,13,37,61,,,,,0,994.9246215820312
49035,10,13,37,62,2,43.57633967663924,-3.6317922017313697,0.4242640687119285,0,994.9246215820312
49035,10,13,37,63,,,,,0,994.9246215820312
49035,10,13,37,64,2,50.24079176504731,-3.5812787323314206,0.3414213562373095,0,994.9246215820312
49035,10,13,37,65,2,41.56695995896986,-3.4723284210473895,0.3414213562373095,0,994.9246215820312
49035,10,13,37,66,2,33.63758557450819,-3.309200438968779,0.2632455532033676,0,994.9246215820312
49035,10,14,39,1,2,28.555250423569905,-0.7883096185435132,0.613407053921902,0,995.2578735351564
49035,10,14,39,2,2,25.292798485889517,-0.5960798827049236,0.682842712474619,0,995.2578735351564
49035,10,14,39,3,2,25.059550098457418,-0.7947930443757496,0.8513997106635237,0,995.2578735351564
49035,10,14,39,4,2,25.811556462685072,-0.9894607160886433,0.682842712474619,0,995.2578735351564
49035,10,14,39,5,2,22.555066248339013,-0.6897783984611756,0.848528137423857,0,995.2578735351564
49035,10,14,39,6,2,22.847021892497146,-0.910106715443735,0.848528137423857,0,995.2578735351564
49035,10,14,39,7,2,21.270923785165717,-0.3978365151744818,0.613407053921902,0,995.2578735351564
49035,10,14,39,8,2,20.35880585390082,-0.5603931672450706,0.8513997106635237,0,995.2578735351564
49035,10,14,39,9,2,20.06829269484847,-0.8079723212994718,0.848528137423857,0,995.2578735351564
49035,10,14,39,10,2,20.999803988975483,-1.0478435127608372,0.8513997106635237,0,995.2578735351564
49035,10,14,39,11,2,22.305168564659812,-1.1980339392906842,0.613407053921902,0,995.2578735351564
49035,10,14,39,12,2,17.563779035730693,-0.6749545071995464,0.848528137423857,0,995.2578735351564
49035,10,14,39,13,2,17.93716058648233,-0.9567981505425496,0.848528137423857,0,995.2578735351564
49035,10,14,39,14,2,15.467265315686463,-0.5020158084402269,0.682842712474619,0,995.2578735351564
49035,10,14,39,15,2,15.082827726759982,-0.8298703096129023,0.8513997106635237,0,995.2578735351564
49035,10,14,39,16,2,16.30175107540297,-1.1403639885091448,0.682842712474619,0,995.2578735351564
49035,10,14,39,17,2,11.600448983527643,-0.8563891226945399,0.613407053921902,0,995.2578735351564
49035,10,14,39,18,2,45.26519672666166,-0.05583415474535647,0.37888543819998316,0,995.2578735351564
49035,10,14,39,19,2,48.961031070370936,0.16877787851694714,0.3414213562373095,0,995.2578735351564
49035,10,14,39,20,2,41.51738618039908,0.02053061179108484,0.482842712474619,0,995.2578735351564
49035,10,14,39,21,2,35.35822601645842,-0.1854518773361109,0.3414213562373095,0,995.2578735351564
49035,10,14,39,22,2,41.9546574281345,0.18983442253038385,0.4242640687119285,0,995.2578735351564
49035,10,14,39,23,2,34.44857140275466,0.015810996615952533,0.4242640687119285,0,995.2578735351564
49035,10,14,39,24,2,48.04620493527629,0.3990287115100375,0.37888543819998316,0,995.2578735351564
49035,10,14,39,25,2,43.55104137184151,0.3511613799651858,0.482842712474619,0,995.2578735351564
49035,10,14,39,26,2,34.97433339393926,0.21931384787446273,0.4242640687119285,0,995.2578735351564
49035,10,14,39,27,2,27.380920147595106,0.008654661844991196,0.482842712474619,0,995.2578735351564
49035,10,14,39,28,2,24.248096502988883,-0.14272420568936184,0.4538461538461539,0,995.2578735351564
49035,10,14,39,29,2,36.87416332623893,0.4092608677977796,0.4242640687119285,0,995.2578735351564
49035,10,14,39,30,2,28.039520552047758,0.26343091089221593,0.4242640687119285,0,995.2578735351564
49035,10,14,39,31,2,39.95251989136446,0.5753038394099939,0.3414213562373095,0,995.2578735351564
49035,10,14,39,32,2,30.37621828747676,0.49260897380153956,0.482842712474619,0,995.2578735351564
49035,10,14,39,33,2,21.19493876440793,0.33627043233349907,0.3414213562373095,0,995.2578735351564
49035,10,14,39,34,2,29.11133727600724,0.6554600803922566,0.4308640753373011,0,995.2578735351564
49035,10,14,39,35,2,5.091515845852123,0.06435777654507424,0.47153869179611585,0,995.2578735351564
49035,10,14,39,36,2,8.674494919220882,0.8261028856926815,0.6466890965784271,0,995.2578735351564
49035,10,14,39,37,,,,,0,995.2578735351564
49035,10,14,39,38,,,,,0,995.2578735351564
49035,10,14,39,39,2,6.652234235408102,-5.072953109797359,0.765685424949238,1,995.2578735351564
49035,10,14,39,40,2,2.7400029583958228,-4.326446514454169,0.5076923076923077,0,995.2578735351564
49035,10,14,39,41,2,13.151935429057676,-5.066289895216213,0.6034068236642477,0,995.2578735351564
49035,10,14,39,42,2,10.000109132034515,-4.933492243280876,0.7685569981889047,0,995.2578735351564
49035,10,14,39,43,,,,,0,995.2578735351564
49035,10,14,39,44,,,,,0,995.2578735351564
49035,10,14,39,45,2,6.931215734174068,-3.113369736562693,0.40634097938554925,0,995.2578735351564
49035,10,14,39,46,,,,,0,995.2578735351564
49035,10,14,39,47,,,,,0,995.2578735351564
49035,10,14,39,48,,,,,0,995.2578735351564
49035,10,14,39,49,,,,,0,995.2578735351564
49035,10,14,39,50,2,10.063214942560643,-3.751360220737726,0.4541838746143514,0,995.2578735351564
49035,10,14,39,51,2,13.967520305165175,-4.149670170268615,0.3538988508520741,0,995.2578735351564
49035,10,14,39,52,2,33.67446930030491,0.8281969637512949,0.4308640753373011,0,995.2578735351564
49035,10,14,39,53,2,43.9569608984473,-5.340827639525619,0.3414213562373095,0,995.2578735351564
49035,10,14,39,54,2,34.04005292601921,-5.307569212117269,0.482842712474619,0,995.2578735351564
49035,10,14,39,55,2,24.19165134885904,-5.2471119629415615,0.3414213562373095,0,995.2578735351564
49035,10,14,39,56,2,39.94026950166859,-5.20182804723781,0.4242640687119285,0,995.2578735351564
49035,10,14,39,57,2,30.360104078288046,-5.1194686978920885,0.4242640687119285,0,995.2578735351564
49035,10,14,39,58,2,46.17060810218604,-5.123935060862774,0.382842712474619,0,995.2578735351564
49035,10,14,39,59,2,36.85425137354185,-5.03581164539788,0.4242640687119285,0,995.2578735351564
49035,10,14,39,60,2,28.013329614359947,-4.890244019395093,0.3414213562373095,0,995.2578735351564
49035,10,14,39,61,,,,,0,995.2578735351564
49035,10,14,39,62,2,43.5285626797387,-4.977497896133171,0.4242640687119285,0,995.2578735351564
49035,10,14,39,63,,,,,0,995.2578735351564
49035,10,14,39,64,2,50.31138731563332,-4.934792956256356,0.3414213562373095,0,995.2578735351564
49035,10,14,39,65,2,41.925487300712845,-4.81610944724336,0.3414213562373095,0,995.2578735351564
49035,10,14,39,66,2,34.413039348200535,-4.642126439051936,0.2707106781186548,0,995.2578735351564
49035,10,15,42,1,2,29.42350234259758,4.073386658927005,0.613407053921902,0,995.59130859375
49035,10,15,42,2,2,25.298208469999448,4.238438313769583,0.682842712474619,0,995.59130859375
49035,10,15,42,3,2,26.011363376203306,4.045216454202073,0.8513997106635237,0,995.59130859375
49035,10,15,42,4,2,27.62576148427821,3.868454022965694,0.682842712474619,0,995.59130859375
49035,10,15,42,5,2,23.063759421599,4.124946837504025,0.848528137423857,0,995.59130859375
49035,10,15,42,6,2,24.36244387484013,3.9208993813385744,0.848528137423857,0,995.59130859375
49035,10,15,42,7,2,20.406342190548635,4.399238608976221,0.613407053921902,0,995.59130859375
49035,10,15,42,8,2,20.30475246403911,4.227154968684482,0.8513997106635237,0,995.59130859375
49035,10,15,42,9,2,21.186661972175827,3.989306048991839,0.848528137423857,0,995.59130859375
49035,10,15,42,10,2,23.140145168528658,3.781061472498541,0.8513997106635237,0,995.59130859375
49035,10,15,42,11,2,25.016604274935425,3.6581886576641214,0.613407053921902,0,995.59130859375
49035,10,15,42,12,2,18.144437701172972,4.081213048351474,0.848528137423857,0,995.59130859375
49035,10,15,42,13,2,19.768972972541746,3.830881691837309,0.848528137423857,0,995.59130859375
49035,10,15,42,14,2,15.315567030320913,4.208516488881725,0.682842712474619,0,995.59130859375
49035,10,15,42,15,2,16.466883929802623,3.900920014792052,0.8513997106635237,0,995.59130859375
49035,10,15,42,16,2,18.91427871357855,3.6532324933727454,0.682842712474619,0,995.59130859375
49035,10,15,42,17,2,13.285586209935836,3.8022231836089384,0.613407053921902,0,995.59130859375
49035,10,15,42,18,2,42.573157571833406,4.878656453093271,0.37888543819998316,0,995.59130859375
49035,10,15,42,19,2,45.40455947012182,5.125286088518349,0.3414213562373095,0,995.59130859375
49035,10,15,42,20,2,38.53254944161503,4.951385979324569,0.482842712474619,0,995.59130859375
49035,10,15,42,21,2,33.28574337858755,4.7131172698772605,0.3414213562373095,0,995.59130859375
49035,10,15,42,22,2,38.34643809283359,5.135536076681776,0.4242640687119285,0,995.59130859375
49035,10,15,42,23,2,31.52193934709913,4.924910402935884,0.4242640687119285,0,995.59130859375
49035,10,15,42,24,2,43.81266471520754,5.3740448128597915,0.37888543819998316,0,995.59130859375
49035,10,15,42,25,2,39.44795637728944,5.315365647704521,0.482842712474619,0,995.59130859375
49035,10,15,42,26,2,31.294162524969543,5.150408026149787,0.4242640687119285,0,995.59130859375
49035,10,15,42,27,2,24.54603743853345,4.883341733986449,0.482842712474619,0,995.59130859375
49035,10,15,42,28,2,22.11559691329232,4.695524645391826,0.4538461538461539,0,995.59130859375
49035,10,15,42,29,2,32.63459140354326,5.368091381735084,0.4242640687119285,0,995.59130859375
49035,10,15,42,30,2,24.25283286279971,5.173923540059767,0.4242640687119285,0,995.59130859375
49035,10,15,42,31,2,35.36535739976667,5.560380545414732,0.3414213562373095,0,995.59130859375
49035,10,15,42,32,2,25.959426993058017,5.448262165066909,0.482842712474619,0,995.59130859375
49035,10,15,42,33,2,17.235869447248287,5.216628330710822,0.3414213562373095,0,995.59130859375
49035,10,15,42,34,2,24.416704745773124,5.637454354262247,0.4308640753373011,0,995.59130859375
49035,10,15,42,35,2,3.945747252328681,3.9860993493095482,0.423692325950598,0,995.59130859375
49035,10,15,42,36,2,3.8504263485964616,5.784464681786525,0.5276927682076162,0,995.59130859375
49035,10,15,42,37,,,,,0,995.59130859375
49035,10,15,42,38,,,,,0,995.59130859375
49035,10,15,42,39,,,,,0,995.59130859375
49035,10,15,42,40,2,4.28428556811395,2.166481402290582,0.4341834140990429,0,995.59130859375
49035,10,15,42,41,2,8.731851629074972,0.14411460369591245,0.5382091112536811,0,995.59130859375
49035,10,15,42,42,2,6.091748837593066,0.46048778394666945,0.6122053921210209,1,995.59130859375
49035,10,15,42,43,,,,,0,995.59130859375
49035,10,15,42,44,,,,,0,995.59130859375
49035,10,15,42,45,2,10.75439076485188,2.2582491106848432,0.4008815710307323,0,995.59130859375
49035,10,15,42,46,,,,,0,995.59130859375
49035,10,15,42,47,,,,,0,995.59130859375
49035,10,15,42,48,,,,,0,995.59130859375
49035,10,15,42,49,,,,,0,995.59130859375
49035,10,15,42,50,2,11.5141812791594,1.7070950488176908,0.4541838746143514,0,995.59130859375
49035,10,15,42,51,2,13.279052383963673,1.2300860090891867,0.3538988508520741,0,995.59130859375
49035,10,15,42,52,2,28.842111895269937,5.845652582336607,0.4308640753373011,0,995.59130859375
49035,10,15,42,53,2,39.12758226135298,-0.30697368081127197,0.3414213562373095,0,995.59130859375
49035,10,15,42,54,2,29.22586250931907,-0.26561333071916904,0.482842712474619,0,995.59130859375
49035,10,15,42,55,2,19.4250967876173,-0.18222916582710624,0.3414213562373095,0,995.59130859375
49035,10,15,42,56,2,35.21140422293087,-0.1481886081239372,0.4242640687119285,0,995.59130859375
49035,10,15,42,57,2,25.749297721400318,-0.040683807230824875,0.4242640687119285,0,995.59130859375
49035,10,15,42,58,2,41.53955867950026,-0.06566855536292993,0.382842712474619,0,995.59130859375
49035,10,15,42,59,2,32.3839201006043,0.04403852910664252,0.4242640687119285,0,995.59130859375
49035,10,15,42,60,2,23.914464804318765,0.23538380627416222,0.3414213562373095,0,995.59130859375
49035,10,15,42,61,,,,,0,995.59130859375
49035,10,15,42,62,2,39.171548718672526,0.09969262248757405,0.4242640687119285,0,995.59130859375
49035,10,15,42,63,,,,,0,995.59130859375
49035,10,15,42,64,2,46.044567290358444,0.1388248675012167,0.3414213562373095,0,995.59130859375
49035,10,15,42,65,2,37.9905978203953,0.2806646421344352,0.3414213562373095,0,995.59130859375
49035,10,15,42,66,2,31.088082419887243,0.49160062026942075,0.2707106781186548,0,995.59130859375
49035,10,16,50,1,2,31.78254542026088,3.6625433922671666,0.613407053921902,0,995.8579711914062
49035,10,16,50,2,2,27.37813919680265,3.8058972588074234,0.682842712474619,0,995.8579711914062
49035,10,16,50,3,2,28.418951489885583,3.6303465682602045,0.8513997106635237,0,995.8579711914062
49035,10,16,50,4,2,30.2607187900327,3.471667993843907,0.682842712474619,0,995.8579711914062
49035,10,16,50,5,2,25.351755745880578,3.6958721949327744,0.848528137423857,0,995.8579711914062
49035,10,16,50,6,2,26.940412344723995,3.514215117721881,0.848528137423857,0,995.8579711914062
49035,10,16,50,7,2,22.17846312257975,3.9356814101862403,0.613407053921902,0,995.8579711914062
49035,10,16,50,8,2,22.422895330735226,3.778956020098028,0.8513997106635237,0,995.8579711914062
49035,10,16,50,9,2,23.6824942292419,3.568590835659693,0.848528137423857,0,995.8579711914062
49035,10,16,50,10,2,25.863774489100468,3.386550745259159,0.8513997106635237,0,995.8579711914062
49035,10,16,50,11,2,27.82690854831923,3.278489039646258,0.613407053921902,0,995.8579711914062
49035,10,16,50,12,2,20.516706571289525,3.640016928710655,0.848528137423857,0,995.8579711914062
49035,10,16,50,13,2,22.450156935695638,3.4247511208350625,0.848528137423857,0,995.8579711914062
49035,10,16,50,14,2,17.49314048839469,3.736783465803211,0.682842712474619,0,995.8579711914062
49035,10,16,50,15,2,19.08099216633354,3.4765412646267393,0.8513997106635237,0,995.8579711914062
49035,10,16,50,16,2,21.72920983277234,3.2678787641722025,0.682842712474619,0,995.8579711914062
49035,10,16,50,17,2,16.00283951194931,3.381174901674747,0.613407053921902,0,995.8579711914062
49035,10,16,50,18,2,43.04350773447081,4.455185793716037,0.37888543819998316,0,995.8579711914062
49035,10,16,50,19,2,45.16435199813142,4.704802436865542,0.3414213562373095,0,995.8579711914062
49035,10,16,50,20,2,38.80679434353029,4.5201645283279195,0.482842712474619,0,995.8579711914062
49035,10,16,50,21,2,34.23617798515178,4.275539374121679,0.3414213562373095,0,995.8579711914062
49035,10,16,50,22,2,38.09352593879559,4.7033927720562225,0.4242640687119285,0,995.8579711914062
49035,10,16,50,23,2,31.894596944617888,4.477795758939769,0.4242640687119285,0,995.8579711914062
49035,10,16,50,24,2,42.87413966219452,4.954133627244128,0.37888543819998316,0,995.8579711914062
49035,10,16,50,25,2,38.681599626674306,4.8872208023345625,0.482842712474619,0,995.8579711914062
49035,10,16,50,26,2,31.022810083683044,4.701340520146065,0.4242640687119285,0,995.8579711914062
49035,10,16,50,27,2,25.07116553529578,4.412187159586321,0.482842712474619,0,995.8579711914062
49035,10,16,50,28,2,23.16544062182222,4.220079543580493,0.4538461538461539,0,995.8579711914062
49035,10,16,50,29,2,31.74215141916036,4.925977266166716,0.4242640687119285,0,995.8579711914062
49035,10,16,50,30,2,23.952302029801658,4.698076633643558,0.4242640687119285,0,995.8579711914062
49035,10,16,50,31,2,33.95163630733491,5.130946056274501,0.3414213562373095,0,995.8579711914062
49035,10,16,50,32,2,24.876941205772834,4.986261805700753,0.482842712474619,0,995.8579711914062
49035,10,16,50,33,2,16.88226286862679,4.692078897487848,0.3414213562373095,0,995.8579711914062
49035,10,16,50,34,2,22.84919983038978,5.178254377121917,0.4308640753373011,0,995.8579711914062
49035,10,16,50,35,2,6.570733684605345,3.399518201705324,0.423692325950598,0,995.8579711914062
49035,10,16,50,36,2,2.758052509029376,4.587715518237037,0.4541838746143514,0,995.8579711914062
49035,10,16,50,37,,,,,0,995.8579711914062
49035,10,16,50,38,,,,,0,995.8579711914062
49035,10,16,50,39,,,,,0,995.8579711914062
49035,10,16,50,40,2,5.81637043755112,2.300748700676475,0.4341834140990429,0,995.8579711914062
49035,10,16,50,41,2,5.910040121918921,-0.2875199528054764,0.33945134727852583,0,995.8579711914062
49035,10,16,50,42,,,,,0,995.8579711914062
49035,10,16,50,43,,,,,0,995.8579711914062
49035,10,16,50,44,,,,,0,995.8579711914062
49035,10,16,50,45,2,12.140065367187423,2.121571166451698,0.4008815710307323,0,995.8579711914062
49035,10,16,50,46,,,,,0,995.8579711914062
49035,10,16,50,47,,,,,0,995.8579711914062
49035,10,16,50,48,,,,,0,995.8579711914062
49035,10,16,50,49,,,,,0,995.8579711914062
49035,10,16,50,50,2,11.410648873736834,1.6008670835179568,0.4541838746143514,1,995.8579711914062
49035,10,16,50,51,2,11.795559342747065,1.0696127127602557,0.3356838586201657,0,995.8579711914062
49035,10,16,50,52,2,26.78125023440321,5.416393374219633,0.4308640753373011,0,995.8579711914062
49035,10,16,50,53,2,36.8009578332058,-0.7086221346952768,0.3414213562373095,0,995.8579711914062
49035,10,16,50,54,2,26.841369064399974,-0.6800455896935751,0.482842712474619,0,995.8579711914062
49035,10,16,50,55,2,16.929491695300968,-0.6178949732292458,0.3414213562373095,0,995.8579711914062
49035,10,16,50,56,2,32.643659789918864,-0.543406567923614,0.4242640687119285,0,995.8579711914062
49035,10,16,50,57,2,23.05985950282226,-0.4393024866845674,0.4242640687119285,0,995.8579711914062
49035,10,16,50,58,2,38.86846994298339,-0.4492019323626071,0.382842712474619,0,995.8579711914062
49035,10,16,50,59,2,29.61260798238716,-0.3375678729737208,0.4242640687119285,0,995.8579711914062
49035,10,16,50,60,2,21.048875203404013,-0.1303750990994681,0.382842712474619,0,995.8579711914062
49035,10,16,50,61,,,,,0,995.8579711914062
49035,10,16,50,62,2,36.36008777144491,-0.273113586255902,0.4242640687119285,0,995.8579711914062
49035,10,16,50,63,2,28.074981363433068,-0.09762350940330533,0.4242640687119285,0,995.8579711914062
49035,10,16,50,64,2,43.21117232818169,-0.22895930729608072,0.3414213562373095,0,995.8579711914062
49035,10,16,50,65,2,35.11914021991073,-0.07799588932218704,0.382842712474619,0,995.8579711914062
49035,10,16,50,66,2,28.27547710642012,0.1539072573046849,0.3414213562373095,0,995.8579711914062
49035,10,17,45,1,2,40.313084806617425,1.8778700329376392,0.613407053921902,0,997.1071166992189
49035,10,17,45,2,2,36.94982486048644,2.009926199620416,0.682842712474619,0,997.1071166992189
49035,10,17,45,3,2,36.81577863813749,1.8743062530519785,0.8513997106635237,0,997.1071166992189
49035,10,17,45,4,2,37.35657313303857,1.7401719428076279,0.682842712474619,0,997.1071166992189
49035,10,17,45,5,2,34.299005919308726,1.9441982249387564,0.848528137423857,0,997.1071166992189
49035,10,17,45,6,2,34.518600877852705,1.798898265316065,0.848528137423857,0,997.1071166992189
49035,10,17,45,7,2,32.54402645210034,2.1318003231896836,0.613407053921902,0,997.1071166992189
49035,10,17,45,8,2,31.975647880429406,2.0246910865924734,0.8513997106635237,0,997.1071166992189
49035,10,17,45,9,2,31.82065456405522,1.867856369893609,0.848528137423857,0,997.1071166992189
49035,10,17,45,10,2,32.44481555497961,1.7133079269596578,0.8513997106635237,0,997.1071166992189
49035,10,17,45,11,2,33.32408222374399,1.6102330961038902,0.613407053921902,0,997.1071166992189
49035,10,17,45,12,2,29.301438654191756,1.949117597993284,0.848528137423857,0,997.1071166992189
49035,10,17,45,13,2,29.558185105264524,1.779240174431674,0.848528137423857,0,997.1071166992189
49035,10,17,45,14,2,27.01100808051779,2.0448894168476146,0.682842712474619,0,997.1071166992189
49035,10,17,45,15,2,26.827347185987588,1.8590049943465818,0.8513997106635237,0,997.1071166992189
49035,10,17,45,16,2,27.564806484886393,1.676897418606623,0.682842712474619,0,997.1071166992189
49035,10,17,45,17,2,23.333737530544216,1.8505554535953794,0.613407053921902,0,997.1071166992189
49035,10,17,45,18,2,54.7761312923508,2.4623277508592736,0.37888543819998316,0,997.1071166992189
49035,10,17,45,19,2,56.80979722271505,2.659727639789423,0.3414213562373095,0,997.1071166992189
49035,10,17,45,20,2,50.57249311146762,2.5137711922166632,0.482842712474619,0,997.1071166992189
49035,10,17,45,21,2,45.69246172546274,2.331945802636225,0.3414213562373095,0,997.1071166992189
49035,10,17,45,22,2,49.745528041727624,2.65389620010811,0.4242640687119285,0,997.1071166992189
49035,10,17,45,23,2,43.644490593587484,2.483647287302899,0.4242640687119285,0,997.1071166992189
49035,10,17,45,24,2,53.86600097723479,2.8550152985547324,0.37888543819998316,0,997.1071166992189
49035,10,17,45,25,2,49.91651090361964,2.795875064343527,0.482842712474619,0,997.1071166992189
49035,10,17,45,26,2,42.683510397044614,2.646134787065729,0.4242640687119285,0,997.1071166992189
49035,10,17,45,27,2,36.7709948034868,2.4422111893279075,0.482842712474619,0,997.1071166992189
49035,10,17,45,28,2,34.528510804113346,2.316710465653259,0.4538461538461539,0,997.1071166992189
49035,10,17,45,29,2,42.8826603705447,2.8115353277655104,0.4242640687119285,0,997.1071166992189
49035,10,17,45,30,2,35.62508329083488,2.6352969380968063,0.4242640687119285,0,997.1071166992189
49035,10,17,45,31,2,44.226271164279204,2.971115739853252,0.3414213562373095,0,997.1071166992189
49035,10,17,45,32,2,35.86345019821422,2.833332886501404,0.482842712474619,0,997.1071166992189
49035,10,17,45,33,2,28.572907782429652,2.6191064755403697,0.3414213562373095,0,997.1071166992189
49035,10,17,45,34,2,33.06568554063834,2.953743431119781,0.4308640753373011,0,997.1071166992189
49035,10,17,45,35,2,15.677860436830963,2.1397745565761395,0.423692325950598,0,997.1071166992189
49035,10,17,45,36,2,14.523775627289288,2.5395996734927175,0.4541838746143514,0,997.1071166992189
49035,10,17,45,37,,,,,0,997.1071166992189
49035,10,17,45,38,,,,,0,997.1071166992189
49035,10,17,45,39,,,,,0,997.1071166992189
49035,10,17,45,40,2,9.33725376198561,2.0214627229803304,0.4341834140990429,0,997.1071166992189
49035,10,17,45,41,2,13.775491242283415,2.971175037041813,0.33945134727852583,0,997.1071166992189
49035,10,17,45,42,,,,,0,997.1071166992189
49035,10,17,45,43,,,,,0,997.1071166992189
49035,10,17,45,44,,,,,0,997.1071166992189
49035,10,17,45,45,2,8.434747020869736,1.279201870668781,0.32022422000769446,1,997.1071166992189
49035,10,17,45,46,,,,,0,997.1071166992189
49035,10,17,45,47,,,,,0,997.1071166992189
49035,10,17,45,48,,,,,0,997.1071166992189
49035,10,17,45,49,,,,,0,997.1071166992189
49035,10,17,45,50,,,,,0,997.1071166992189
49035,10,17,45,51,2,3.887648183098413,-2.3400825291847096,0.25502650759712786,0,997.1071166992189
49035,10,17,45,52,2,35.501831796588306,3.147794169791345,0.4308640753373011,0,997.1071166992189
49035,10,17,45,53,2,44.01486751135801,3.3313978803293507,0.3414213562373095,0,997.1071166992189
49035,10,17,45,54,2,34.16917559827624,3.286269747043327,0.482842712474619,0,997.1071166992189
49035,10,17,45,55,2,24.449060515473267,3.204965026972369,0.3414213562373095,0,997.1071166992189
49035,10,17,45,56,2,38.5301578209421,3.439824292756823,0.4242640687119285,0,997.1071166992189
49035,10,17,45,57,2,28.544650299664614,3.4235960709636934,0.4242640687119285,0,997.1071166992189
49035,10,17,45,58,2,43.60749433695514,-2.7232250136441363,0.382842712474619,0,997.1071166992189
49035,10,17,45,59,2,33.64279360236026,-2.701307245072407,0.4242640687119285,0,997.1071166992189
49035,10,17,45,60,2,23.707837530961143,-2.660984652358442,0.382842712474619,0,997.1071166992189
49035,10,17,45,61,,,,,0,997.1071166992189
49035,10,17,45,62,2,39.355788164028446,-2.586733984448813,0.4242640687119285,0,997.1071166992189
49035,10,17,45,63,2,29.649655327428665,-2.5162724742842992,0.4242640687119285,0,997.1071166992189
49035,10,17,45,64,2,45.45237686472238,-2.5020136240325277,0.3414213562373095,0,997.1071166992189
49035,10,17,45,65,2,36.0019799688321,-2.421166306574901,0.382842712474619,0,997.1071166992189
49035,10,17,45,66,2,26.951188483991306,-2.284543566270223,0.3414213562373095,0,997.1071166992189
49035,10,18,17,1,2,36.02813414125869,0.31501864616692,0.613407053921902,0,997.64111328125
49035,10,18,17,2,2,33.35400648345169,0.47344803016643877,0.682842712474619,0,997.64111328125
49035,10,18,17,3,2,32.54037711826447,0.3235610787232992,0.8513997106635237,0,997.64111328125
49035,10,18,17,4,2,32.48480471696886,0.16963202422068213,0.682842712474619,0,997.64111328125
49035,10,18,17,5,2,30.390973957812882,0.4128557667945274,0.848528137423857,0,997.64111328125
49035,10,18,17,6,2,29.91651203942721,0.2475940070236795,0.848528137423857,0,997.64111328125
49035,10,18,17,7,2,29.675342913933427,0.6283997993836941,0.613407053921902,0,997.64111328125
49035,10,18,17,8,2,28.519229533948696,0.514781854865074,0.8513997106635237,0,997.64111328125
49035,10,18,17,9,2,27.563251762279137,0.339512815484349,0.848528137423857,0,997.64111328125
49035,10,18,17,10,2,27.497622482889614,0.1576606902731632,0.8513997106635237,0,997.64111328125
49035,10,18,17,11,2,27.988206772889704,0.032661556513558176,0.613407053921902,0,997.64111328125
49035,10,18,17,12,2,25.484662109127026,0.4474742686896527,0.848528137423857,0,997.64111328125
49035,10,18,17,13,2,24.916950000293117,0.25001785473265214,0.848528137423857,0,997.64111328125
49035,10,18,17,14,2,23.752961034826072,0.5728390669243222,0.682842712474619,0,997.64111328125
49035,10,18,17,15,2,22.59622872124236,0.3624856389901976,0.8513997106635237,0,997.64111328125
49035,10,18,17,16,2,22.516126374743735,0.14038878097957963,0.682842712474619,0,997.64111328125
49035,10,18,17,17,2,19.12953856529315,0.3856563326062461,0.613407053921902,1,997.64111328125
49035,10,18,17,18,2,53.65486340091313,0.8946812592559681,0.37888543819998316,0,997.64111328125
49035,10,18,17,19,2,56.89400919500309,1.0886631136928835,0.3414213562373095,0,997.64111328125
49035,10,18,17,20,2,49.79659698496034,0.9562160742826773,0.482842712474619,0,997.64111328125
49035,10,18,17,21,2,43.84602445244068,0.784006701802503,0.3414213562373095,0,997.64111328125
49035,10,18,17,22,2,49.841462473464226,1.0982677121832638,0.4242640687119285,0,997.64111328125
49035,10,18,17,23,2,42.74276746415945,0.9455203383193895,0.4242640687119285,0,997.64111328125
49035,10,18,17,24,2,55.1566432735368,1.286142072326875,0.37888543819998316,0,997.64111328125
49035,10,18,17,25,2,50.87869585302796,1.237278335860648,0.482842712474619,0,997.64111328125
49035,10,18,17,26,2,42.795028691500946,1.11103673184809,0.4242640687119285,0,997.64111328125
49035,10,18,17,27,2,35.695759828134406,0.9305992142309303,0.482842712474619,0,997.64111328125
49035,10,18,17,28,2,32.71962200589406,0.8129674095951991,0.4538461538461539,0,997.64111328125
49035,10,18,17,29,2,43.998690786403756,1.2717867893940813,0.4242640687119285,0,997.64111328125
49035,10,18,17,30,2,35.75832182749962,1.1288351879685767,0.4242640687119285,0,997.64111328125
49035,10,18,17,31,2,46.26397195581841,1.4203903191624327,0.3414213562373095,0,997.64111328125
49035,10,18,17,32,2,37.19042739913347,1.3190045612700048,0.482842712474619,0,997.64111328125
49035,10,18,17,33,2,28.738487766959526,1.1553409116556312,0.3414213562373095,0,997.64111328125
49035,10,18,17,34,2,35.12811687013882,1.4451063122689014,0.4308640753373011,0,997.64111328125
49035,10,18,17,35,2,13.450783574177676,0.8597214122772248,0.423692325950598,0,997.64111328125
49035,10,18,17,36,2,14.845432885469368,1.2833645221438408,0.4541838746143514,0,997.64111328125
49035,10,18,17,37,,,,,0,997.64111328125
49035,10,18,17,38,,,,,0,997.64111328125
49035,10,18,17,39,,,,,0,997.64111328125
49035,10,18,17,40,2,7.272882624106554,1.064389243447538,0.3689857016884763,0,997.64111328125
49035,10,18,17,41,2,16.538533977302123,1.659805462530902,0.33945134727852583,0,997.64111328125
49035,10,18,17,42,,,,,0,997.64111328125
49035,10,18,17,43,,,,,0,997.64111328125
49035,10,18,17,44,,,,,0,997.64111328125
49035,10,18,17,45,,,,,0,997.64111328125
49035,10,18,17,46,,,,,0,997.64111328125
49035,10,18,17,47,,,,,0,997.64111328125
49035,10,18,17,48,,,,,0,997.64111328125
49035,10,18,17,49,,,,,0,997.64111328125
49035,10,18,17,50,,,,,0,997.64111328125
49035,10,18,17,51,2,9.941648494081642,-3.8181114772170477,0.24130034568107633,0,997.64111328125
49035,10,18,17,52,2,38.58049902545732,1.6129298696501801,0.4308640753373011,0,997.64111328125
49035,10,18,17,53,2,47.9222163590517,1.7559095643756435,0.3414213562373095,0,997.64111328125
49035,10,18,17,54,2,37.93826049999166,1.7426296583609178,0.482842712474619,0,997.64111328125
49035,10,18,17,55,2,27.965771914372258,1.7198718828414163,0.3414213562373095,0,997.64111328125
49035,10,18,17,56,2,42.93928178226097,-4.416620881573083,0.4242640687119285,0,997.64111328125
49035,10,18,17,57,2,32.96292931427475,-4.398351798140446,0.4242640687119285,0,997.64111328125
49035,10,18,17,58,2,48.45876835194628,-4.3196891103953945,0.382842712474619,0,997.64111328125
49035,10,18,17,59,2,38.61379312096981,-4.279138428231414,0.4242640687119285,0,997.64111328125
49035,10,18,17,60,2,28.87555727930667,-4.211052599791504,0.382842712474619,0,997.64111328125
49035,10,18,17,61,,,,,0,997.64111328125
49035,10,18,17,62,2,44.670967410615106,-4.191265461701002,0.4242640687119285,0,997.64111328125
49035,10,18,17,63,2,35.189034064630164,-4.1111144977085985,0.4242640687119285,0,997.64111328125
49035,10,18,17,64,2,50.98985820348414,-4.124757274225135,0.3414213562373095,0,997.64111328125
49035,10,18,17,65,2,41.7461187251328,-4.042047984512257,0.382842712474619,0,997.64111328125
49035,10,18,17,66,2,32.94709725627356,-3.913839697448974,0.3414213562373095,0,997.64111328125
49035,10,19,15,1,2,20.38694470589546,-0.02618838736138729,0.613407053921902,0,999.2249145507811
49035,10,19,15,2,2,17.46079705939048,0.2586566574540987,0.682842712474619,0,999.2249145507811
49035,10,19,15,3,2,16.888393521695686,-0.03161515152933858,0.8513997106635237,0,999.2249145507811
49035,10,19,15,4,2,17.763902655049833,-0.3167939418030119,0.682842712474619,0,999.2249145507811
49035,10,19,15,5,2,14.513747426084013,0.13588660015325793,0.848528137423857,0,999.2249145507811
49035,10,19,15,6,2,14.69650523568763,-0.2079277844028291,0.848528137423857,0,999.2249145507811
49035,10,19,15,7,2,14.303601354084371,0.5906895352163501,0.613407053921902,0,999.2249145507811
49035,10,19,15,8,2,12.691725373355183,0.3595952534670075,0.8513997106635237,0,999.2249145507811
49035,10,19,15,9,2,11.891942429523503,-0.04490600623152341,0.848528137423857,0,999.2249145507811
49035,10,19,15,10,2,13.105597908586047,-0.4359261427121719,0.8513997106635237,0,999.2249145507811
49035,10,19,15,11,2,14.92459640317414,-0.6501411819527311,0.613407053921902,0,999.2249145507811
49035,10,19,15,12,2,9.58380526469569,0.20662146036079165,0.848528137423857,0,999.2249145507811
49035,10,19,15,13,2,9.858383495585997,-0.31281911104733173,0.848528137423857,0,999.2249145507811
49035,10,19,15,14,2,8.20246011609421,0.5757812955691097,0.682842712474619,0,999.2249145507811
49035,10,19,15,15,2,6.900634300595116,-0.0774384030227433,0.765685424949238,1,999.2249145507811
49035,10,19,15,16,2,8.829334943526803,-0.6773832665221153,0.682842712474619,0,999.2249145507811
49035,10,19,15,17,,,,,0,999.2249145507811
49035,10,19,15,18,2,39.88466506027291,0.8312645369972027,0.37888543819998316,0,999.2249145507811
49035,10,19,15,19,2,45.12549348632916,1.064582919989972,0.3414213562373095,0,999.2249145507811
49035,10,19,15,20,2,36.70132103853488,0.9320834185115277,0.482842712474619,0,999.2249145507811
49035,10,19,15,21,2,29.285897110426205,0.7270841557359922,0.3414213562373095,0,999.2249145507811
49035,10,19,15,22,2,38.377715189711566,1.1153787255175516,0.4242640687119285,0,999.2249145507811
49035,10,19,15,23,2,29.724162339273498,0.9668603167005982,0.4242640687119285,0,999.2249145507811
49035,10,19,15,24,2,46.02578275920138,1.3097255425110732,0.37888543819998316,0,999.2249145507811
49035,10,19,15,25,2,41.215422846206884,1.2784074847746494,0.482842712474619,0,999.2249145507811
49035,10,19,15,26,2,31.77086533257317,1.1875577750285484,0.4242640687119285,0,999.2249145507811
49035,10,19,15,27,2,22.804926826661095,1.0228468037270764,0.482842712474619,0,999.2249145507811
49035,10,19,15,28,2,18.719056850274285,0.8832473796630591,0.4538461538461539,0,999.2249145507811
49035,10,19,15,29,2,35.14612270492315,1.373771220827149,0.4242640687119285,0,999.2249145507811
49035,10,19,15,30,2,25.41508891934832,1.2966725612726688,0.4242640687119285,0,999.2249145507811
49035,10,19,15,31,2,39.51090986548563,1.5231977224369895,0.3414213562373095,0,999.2249145507811
49035,10,19,15,32,2,29.526069870326406,1.5070822378040916,0.482842712474619,0,999.2249145507811
49035,10,19,15,33,2,19.556727885212904,1.474519406280804,0.3414213562373095,0,999.2249145507811
49035,10,19,15,34,2,29.630883567501748,-4.60689633031463,0.4308640753373011,0,999.2249145507811
49035,10,19,15,35,2,6.425839063036653,-3.910056204928658,0.40634097938554925,0,999.2249145507811
49035,10,19,15,36,2,12.471701053666582,-4.003385589653585,0.4541838746143514,0,999.2249145507811
49035,10,19,15,37,,,,,0,999.2249145507811
49035,10,19,15,38,,,,,0,999.2249145507811
49035,10,19,15,39,,,,,0,999.2249145507811
49035,10,19,15,40,2,10.800516624930621,-3.3246565535948065,0.4217586164901985,0,999.2249145507811
49035,10,19,15,41,2,18.446053911863455,-3.9210917492422714,0.4815389220537701,0,999.2249145507811
49035,10,19,15,42,,,,,0,999.2249145507811
49035,10,19,15,43,,,,,0,999.2249145507811
49035,10,19,15,44,,,,,0,999.2249145507811
49035,10,19,15,45,,,,,0,999.2249145507811
49035,10,19,15,46,2,17.10301776220845,-3.561094875653314,0.7195315787953919,0,999.2249145507811
49035,10,19,15,47,,,,,0,999.2249145507811
49035,10,19,15,48,2,20.443684726069446,-3.623010003373146,0.6466890965784271,0,999.2249145507811
49035,10,19,15,49,2,18.66233230261852,-3.3832520468361924,0.7685569981889047,0,999.2249145507811
49035,10,19,15,50,,,,,0,999.2249145507811
49035,10,19,15,51,2,22.076525276314943,-3.345302209665369,0.6034068236642477,0,999.2249145507811
49035,10,19,15,52,2,35.40976303507071,-4.4810134819742995,0.4308640753373011,0,999.2249145507811
49035,10,19,15,53,2,46.36135215472518,-4.4254733153356405,0.3414213562373095,0,999.2249145507811
49035,10,19,15,54,2,36.87887982576625,-4.348661384022668,0.482842712474619,0,999.2249145507811
49035,10,19,15,55,2,27.761998861612536,-4.220161494528696,0.3414213562373095,0,999.2249145507811
49035,10,19,15,56,2,43.42710944113508,-4.2819696249745895,0.4242640687119285,0,999.2249145507811
49035,10,19,15,57,2,34.59177124694818,-4.161053458694962,0.4242640687119285,0,999.2249145507811
49035,10,19,15,58,2,50.11762057022798,-4.232911417290028,0.382842712474619,0,999.2249145507811
49035,10,19,15,59,2,41.50244203911627,-4.121527375373358,0.4242640687119285,0,999.2249145507811
49035,10,19,15,60,2,33.661988931123375,-3.9552711771513533,0.482842712474619,0,999.2249145507811
49035,10,19,15,61,2,30.22363149248459,-3.841400676540227,0.37888543819998316,0,999.2249145507811
49035,10,19,15,62,2,48.45941345517112,-4.0933160851865935,0.4242640687119285,0,999.2249145507811
49035,10,19,15,63,2,40.730720052659116,-3.950362192170948,0.4242640687119285,0,999.2249145507811
49035,10,19,15,64,2,55.44525957760713,-4.072200319027282,0.3414213562373095,0,999.2249145507811
49035,10,19,15,65,2,47.800142397456334,-3.946905176035856,0.382842712474619,0,999.2249145507811
49035,10,19,15,66,2,41.17681892528817,-3.7778299104915463,0.3414213562373095,0,999.2249145507811
49035,10,20,9,1,2,16.54856986079292,-0.03226458943510635,0.613407053921902,0,999.5247192382812
49035,10,20,9,2,2,13.783579481308502,0.32997599547501677,0.682842712474619,0,999.5247192382812
49035,10,20,9,3,2,13.050879859686946,-0.040915950949479196,0.8513997106635237,0,999.5247192382812
49035,10,20,9,4,2,14.165587418332356,-0.401341694110148,0.682842712474619,0,999.5247192382812
49035,10,20,9,5,2,10.721775924828012,0.18442371483350217,0.848528137423857,0,999.5247192382812
49035,10,20,9,6,2,10.967902296093596,-0.28026549635012477,0.848528137423857,0,999.5247192382812
49035,10,20,9,7,2,11.318154071948188,0.7807876320823399,0.613407053921902,0,999.5247192382812
49035,10,20,9,8,2,9.197145907968453,0.5070525985037113,0.8513997106635237,0,999.5247192382812
49035,10,20,9,9,2,8.057660618746265,-0.06630106643842804,0.848528137423857,1,999.5247192382812
49035,10,20,9,10,2,9.760343049367068,-0.6028251252156321,0.8513997106635237,0,999.5247192382812
49035,10,20,9,11,2,12.093435314145918,-0.8435435658601375,0.613407053921902,0,999.5247192382812
49035,10,20,9,12,2,5.878512440841961,0.34103804816885597,0.848528137423857,0,999.5247192382812
49035,10,20,9,13,2,6.316273451297632,-0.5010209100896414,0.848528137423857,0,999.5247192382812
49035,10,20,9,14,2,5.402584787615366,0.9731653264222664,0.6466890965784271,0,999.5247192382812
49035,10,20,9,15,,,,,0,999.5247192382812
49035,10,20,9,16,2,6.313851912758182,-1.0684603521869838,0.6466890965784271,0,999.5247192382812
49035,10,20,9,17,,,,,0,999.5247192382812
49035,10,20,9,18,2,37.40446758444179,0.9071821000755125,0.37888543819998316,0,999.5247192382812
49035,10,20,9,19,2,43.393753251148965,1.1420542646919207,0.3414213562373095,0,999.5247192382812
49035,10,20,9,20,2,34.54988603180145,1.021435393050234,0.482842712474619,0,999.5247192382812
49035,10,20,9,21,2,26.539996767131225,0.8234057225610667,0.3414213562373095,0,999.5247192382812
49035,10,20,9,22,2,36.85046339669214,1.2090998926059173,0.4242640687119285,0,999.5247192382812
49035,10,20,9,23,2,27.724239505166132,1.081114662626438,0.4242640687119285,0,999.5247192382812
49035,10,20,9,24,2,45.18716940124699,1.3919182515662616,0.37888543819998316,0,999.5247192382812
49035,10,20,9,25,2,40.276775942116146,1.3698285821546232,0.482842712474619,0,999.5247192382812
49035,10,20,9,26,2,30.54333779861482,1.3044264073519756,0.4242640687119285,0,999.5247192382812
49035,10,20,9,27,2,21.061155891098668,1.1791145255039885,0.482842712474619,0,999.5247192382812
49035,10,20,9,28,2,16.550247407926978,1.0635287195667553,0.4538461538461539,0,999.5247192382812
49035,10,20,9,29,2,34.599964040743906,1.4828227728424705,0.4242640687119285,0,999.5247192382812
49035,10,20,9,30,2,24.654296080189322,1.4471783850496256,0.4242640687119285,0,999.5247192382812
49035,10,20,9,31,2,39.51480152248332,-4.662765863773428,0.3414213562373095,0,999.5247192382812
49035,10,20,9,32,2,29.531277367396708,-4.645968389888729,0.482842712474619,0,999.5247192382812
49035,10,20,9,33,2,19.564589097115846,-4.612037444296927,0.3414213562373095,0,999.5247192382812
49035,10,20,9,34,2,30.27700071811984,-4.4804357543772975,0.4308640753373011,0,999.5247192382812
49035,10,20,9,35,2,9.566551641927765,-3.6273198713609034,0.40634097938554925,0,999.5247192382812
49035,10,20,9,36,2,15.252895108722006,-3.811118126055816,0.4541838746143514,0,999.5247192382812
49035,10,20,9,37,,,,,0,999.5247192382812
49035,10,20,9,38,,,,,0,999.5247192382812
49035,10,20,9,39,,,,,0,999.5247192382812
49035,10,20,9,40,2,14.59310202310606,-3.2767357832180446,0.49526751008346337,0,999.5247192382812
49035,10,20,9,41,2,21.348638304971217,-3.7943170614658617,0.4815389220537701,0,999.5247192382812
49035,10,20,9,42,,,,,0,999.5247192382812
49035,10,20,9,43,,,,,0,999.5247192382812
49035,10,20,9,44,,,,,0,999.5247192382812
49035,10,20,9,45,,,,,0,999.5247192382812
49035,10,20,9,46,2,20.669316737552325,-3.485352173954609,0.765685424949238,0,999.5247192382812
49035,10,20,9,47,2,19.559116958382713,-3.2422866847177705,0.682842712474619,0,999.5247192382812
49035,10,20,9,48,2,23.913420254482627,-3.548587404316823,0.6466890965784271,0,999.5247192382812
49035,10,20,9,49,2,22.40959772200147,-3.3422328674295128,0.8513997106635237,0,999.5247192382812
49035,10,20,9,50,,,,,0,999.5247192382812
49035,10,20,9,51,2,25.848798245496287,-3.315244251639989,0.6034068236642477,0,999.5247192382812
49035,10,20,9,52,2,36.48230804411239,-4.3783818695935395,0.4308640753373011,0,999.5247192382812
49035,10,20,9,53,2,47.590780894744235,-4.348006437466301,0.3414213562373095,0,999.5247192382812
49035,10,20,9,54,2,38.41300860073863,-4.2550989396223695,0.482842712474619,0,999.5247192382812
49035,10,20,9,55,2,29.76971671597308,-4.106238581291526,0.3414213562373095,0,999.5247192382812
49035,10,20,9,56,2,45.164380406476276,-4.204624690342971,0.4242640687119285,0,999.5247192382812
49035,10,20,9,57,2,36.74912326967496,-4.071926357721784,0.4242640687119285,0,999.5247192382812
49035,10,20,9,58,2,52.000800813462256,-4.167346542117006,0.382842712474619,0,999.5247192382812
49035,10,20,9,59,2,43.75797171750816,-4.048585296618889,0.4242640687119285,0,999.5247192382812
49035,10,20,9,60,2,36.406550130699166,-3.878534372776452,0.482842712474619,0,999.5247192382812
49035,10,20,9,61,2,33.253199759023865,-3.7669562301109787,0.37888543819998316,0,999.5247192382812
49035,10,20,9,62,2,50.78407345389618,-4.031695622975464,0.4242640687119285,0,999.5247192382812
49035,10,20,9,63,2,43.4706673535108,-3.886413439185909,0.4242640687119285,0,999.5247192382812
49035,10,20,9,64,2,57.82113925123926,-4.018914089150337,0.3414213562373095,0,999.5247192382812
49035,10,20,9,65,2,50.53672870200512,-3.892089473347982,0.382842712474619,0,999.5247192382812
49035,10,20,9,66,2,44.324234358744825,-3.7263314025501786,0.3414213562373095,0,999.5247192382812
49035,10,21,3,1,2,11.272607882379203,-0.04737501103485808,0.613407053921902,0,999.9415283203124
49035,10,21,3,2,2,8.95341082792029,0.5222392681099919,0.682842712474619,0,999.9415283203124
49035,10,21,3,3,2,7.778301051512078,-0.06868597168852464,0.8513997106635237,1,999.9415283203124
49035,10,21,3,4,2,9.531021406039727,-0.6194820700597763,0.682842712474619,0,999.9415283203124
49035,10,21,3,5,2,5.615422110396898,0.35771598331382304,0.848528137423857,0,999.9415283203124
49035,10,21,3,6,2,6.072179779318787,-0.523171018016344,0.848528137423857,0,999.9415283203124
49035,10,21,3,7,2,8.430722534386438,1.2372781586044295,0.613407053921902,0,999.9415283203124
49035,10,21,3,8,2,5.25013939890312,1.0172670744818393,0.8513997106635237,0,999.9415283203124
49035,10,21,3,9,,,,,0,999.9415283203124
49035,10,21,3,10,2,6.183911973563498,-1.1081553845198109,0.8513997106635237,0,999.9415283203124
49035,10,21,3,11,2,9.446038775745393,-1.2742889781953608,0.613407053921902,0,999.9415283203124
49035,10,21,3,12,2,1.9832709679539184,1.4393415778217142,0.765685424949238,0,999.9415283203124
49035,10,21,3,13,2,3.044957393258971,-1.4853182798622855,0.765685424949238,0,999.9415283203124
49035,10,21,3,14,2,4.99643492525514,-4.247495455231498,0.6466890965784271,0,999.9415283203124
49035,10,21,3,15,,,,,0,999.9415283203124
49035,10,21,3,16,2,5.970022240425618,-1.9554246629535719,0.6466890965784271,0,999.9415283203124
49035,10,21,3,17,,,,,0,999.9415283203124
49035,10,21,3,18,2,34.4045165635642,1.02837633045641,0.37888543819998316,0,999.9415283203124
49035,10,21,3,19,2,41.47763680151137,1.2580901537874847,0.3414213562373095,0,999.9415283203124
49035,10,21,3,20,2,32.11029676329631,1.1621373608930132,0.482842712474619,0,999.9415283203124
49035,10,21,3,21,2,23.275479840721328,0.9905682515231393,0.3414213562373095,0,999.9415283203124
49035,10,21,3,22,2,35.32892801496981,1.349341759798842,0.4242640687119285,0,999.9415283203124
49035,10,21,3,23,2,25.667293551829456,1.2636615637990896,0.4242640687119285,0,999.9415283203124
49035,10,21,3,24,2,44.55173115999474,1.5088070730219791,0.37888543819998316,0,999.9415283203124
49035,10,21,3,25,2,39.56254732884221,1.5009776740300849,0.482842712474619,0,999.9415283203124
49035,10,21,3,26,2,29.595133970565954,1.4774033914389988,0.4242640687119285,0,999.9415283203124
49035,10,21,3,27,2,19.66084327603,1.429952612007495,0.482842712474619,0,999.9415283203124
49035,10,21,3,28,2,14.727089329499147,1.3822745812912292,0.4538461538461539,0,999.9415283203124
49035,10,21,3,29,2,34.538875939956526,-4.6474878188515865,0.4242640687119285,0,999.9415283203124
49035,10,21,3,30,2,24.56849109702456,-4.621086871679784,0.4242640687119285,0,999.9415283203124
49035,10,21,3,31,2,40.12475479869838,-4.530957002038933,0.3414213562373095,0,999.9415283203124
49035,10,21,3,32,2,30.34258972540966,-4.471454912258,0.482842712474619,0,999.9415283203124
49035,10,21,3,33,2,20.768956517682902,-4.356312935771479,0.3414213562373095,0,999.9415283203124
49035,10,21,3,34,2,31.90725857072228,-4.318683510172615,0.4308640753373011,0,999.9415283203124
49035,10,21,3,35,2,14.447673790178705,-3.455867134085442,0.4815389220537701,0,999.9415283203124
49035,10,21,3,36,2,19.667921977958407,-3.643729200589309,0.46911412444492573,0,999.9415283203124
49035,10,21,3,37,,,,,0,999.9415283203124
49035,10,21,3,38,2,17.248303062038495,-3.1106374086737762,0.6466890965784271,0,999.9415283203124
49035,10,21,3,39,,,,,0,999.9415283203124
49035,10,21,3,40,2,19.83771551237458,-3.2408678518498006,0.848528137423857,0,999.9415283203124
49035,10,21,3,41,2,25.74375015279146,-3.669425629973798,0.4815389220537701,0,999.9415283203124
49035,10,21,3,42,,,,,0,999.9415283203124
49035,10,21,3,43,2,22.684046265600134,-3.3397728777062996,0.848528137423857,0,999.9415283203124
49035,10,21,3,44,2,22.2464459357966,-3.117593699841551,0.765685424949238,0,999.9415283203124
49035,10,21,3,45,,,,,0,999.9415283203124
49035,10,21,3,46,2,25.702080717519117,-3.4160606229905355,0.848528137423857,0,999.9415283203124
49035,10,21,3,47,2,24.81804494726169,-3.2208987532902644,0.848528137423857,0,999.9415283203124
49035,10,21,3,48,2,28.83796025102761,-3.476046624875446,0.6466890965784271,0,999.9415283203124
49035,10,21,3,49,2,27.60373803009806,-3.304102480568301,0.8513997106635237,0,999.9415283203124
49035,10,21,3,50,,,,,0,999.9415283203124
49035,10,21,3,51,2,31.062785322832177,-3.2858711623752495,0.6034068236642477,0,999.9415283203124
49035,10,21,3,52,2,38.53745121253988,-4.2485798366378535,0.4308640753373011,0,999.9415283203124
49035,10,21,3,53,2,49.71779098697385,-4.248616161931496,0.3414213562373095,0,999.9415283203124
49035,10,21,3,54,2,41.0187218744476,-4.1393448344953745,0.482842712474619,0,999.9415283203124
49035,10,21,3,55,2,33.063761851945294,-3.974616969935844,0.3414213562373095,0,999.9415283203124
49035,10,21,3,56,2,47.95411912102283,-4.108262004674934,0.4242640687119285,0,999.9415283203124
49035,10,21,3,57,2,40.12822378653351,-3.9662277521662004,0.4242640687119285,0,999.9415283203124
49035,10,21,3,58,2,54.92412527417444,-4.085050216915433,0.382842712474619,0,999.9415283203124
49035,10,21,3,59,2,47.19466432471021,-3.9603504470571855,0.4242640687119285,0,999.9415283203124
49035,10,21,3,60,2,40.47237507622875,-3.790749600004107,0.482842712474619,0,999.9415283203124
49035,10,21,3,61,2,37.66100829910659,-3.6847930360414427,0.37888543819998316,0,999.9415283203124
49035,10,21,3,62,2,54.26231046667692,-3.956004056396336,0.4242640687119285,0,999.9415283203124
49035,10,21,3,63,2,47.48763145041983,-3.810975052509471,0.4242640687119285,0,999.9415283203124
49035,10,21,3,64,2,61.33074541893321,-3.952659466607792,0.3414213562373095,0,999.9415283203124
49035,10,21,3,65,2,54.51731043651057,-3.825989495445904,0.382842712474619,0,999.9415283203124
49035,10,21,3,66,2,48.81407523265939,-3.6665905348126167,0.3414213562373095,0,999.9415283203124
49035,10,22,1,1,2,6.003751967298018,-0.08903534875581287,0.4815389220537701,1,1000.3579711914064
49035,10,22,1,2,2,5.1085065690819444,1.0639081209657628,0.6466890965784271,0,1000.3579711914064
49035,10,22,1,3,,,,,0,1000.3579711914064
49035,10,22,1,4,2,6.064127551034903,-1.149484867925478,0.6466890965784271,0,1000.3579711914064
49035,10,22,1,5,2,1.966261834938571,-4.702202435525903,0.765685424949238,0,1000.3579711914064
49035,10,22,1,6,2,3.0339062935380174,-1.5773981172082991,0.765685424949238,0,1000.3579711914064
49035,10,22,1,7,2,8.355252766384838,-4.4060079780214725,0.613407053921902,0,1000.3579711914064
49035,10,22,1,8,2,5.128072741906555,-4.198671410893885,0.8513997106635237,0,1000.3579711914064
49035,10,22,1,9,,,,,0,1000.3579711914064
49035,10,22,1,10,2,6.0806195108025145,-1.9981195757605095,0.8513997106635237,0,1000.3579711914064
49035,10,22,1,11,2,9.37874271377863,-1.8428351413437631,0.613407053921902,0,1000.3579711914064
49035,10,22,1,12,2,5.391333442059361,-3.514891395743917,0.765685424949238,0,1000.3579711914064
49035,10,22,1,13,2,5.865567157394179,-2.5979828606755664,0.765685424949238,0,1000.3579711914064
49035,10,22,1,14,2,8.746280393756917,-3.67751621779964,0.6466890965784271,0,1000.3579711914064
49035,10,22,1,15,,,,,0,1000.3579711914064
49035,10,22,1,16,2,9.336713785646632,-2.507189656948496,0.6466890965784271,0,1000.3579711914064
49035,10,22,1,17,,,,,0,1000.3579711914064
49035,10,22,1,18,2,32.00006639109241,1.1701665993023354,0.37888543819998316,0,1000.3579711914064
49035,10,22,1,19,2,40.168740783417476,1.3834892747819505,0.3414213562373095,0,1000.3579711914064
49035,10,22,1,20,2,30.400732552263502,1.3221978676114627,0.482842712474619,0,1000.3579711914064
49035,10,22,1,21,2,20.853808844024655,1.203936398522854,0.3414213562373095,0,1000.3579711914064
49035,10,22,1,22,2,34.55526629328374,1.4989663260088846,0.4242640687119285,0,1000.3579711914064
49035,10,22,1,23,2,24.59152765056736,1.4697780458371201,0.4242640687119285,0,1000.3579711914064
49035,10,22,1,24,2,44.537511332480356,-4.6557765744223225,0.37888543819998316,0,1000.3579711914064
49035,10,22,1,25,2,39.54653357103818,-4.6486226410417775,0.482842712474619,0,1000.3579711914064
49035,10,22,1,26,2,29.573723490188332,-4.627073759573872,0.4242640687119285,0,1000.3579711914064
49035,10,22,1,27,2,19.62859966128466,-4.583648069189627,0.482842712474619,0,1000.3579711914064
49035,10,22,1,28,2,14.68401601938032,-4.539918035240194,0.4538461538461539,0,1000.3579711914064
49035,10,22,1,29,2,35.277003982192355,-4.497569712228547,0.4242640687119285,0,1000.3579711914064
49035,10,22,1,30,2,25.59577726009668,-4.414189529861064,0.4242640687119285,0,1000.3579711914064
49035,10,22,1,31,2,41.40445506035689,-4.405196626945507,0.3414213562373095,0,1000.3579711914064
49035,10,22,1,32,2,32.01571024409704,-4.310607125896986,0.482842712474619,0,1000.3579711914064
49035,10,22,1,33,2,23.144815964333084,-4.140830921288472,0.3414213562373095,0,1000.3579711914064
49035,10,22,1,34,2,34.28127758870594,-4.1759633084061125,0.4308640753373011,0,1000.3579711914064
49035,10,22,1,35,2,19.53735113289566,-3.372227878306853,0.613407053921902,0,1000.3579711914064
49035,10,22,1,36,2,24.428669447425456,-3.5395130539859263,0.5276927682076162,0,1000.3579711914064
49035,10,22,1,37,2,22.95862131675183,-3.337371780768118,0.7685569981889047,0,1000.3579711914064
49035,10,22,1,38,2,22.526355554337794,-3.117891963978117,0.682842712474619,0,1000.3579711914064
49035,10,22,1,39,,,,,0,1000.3579711914064
49035,10,22,1,40,2,25.09716396334841,-3.220014924785086,0.848528137423857,0,1000.3579711914064
49035,10,22,1,41,2,30.42159266697597,-3.581897969739697,0.4815389220537701,0,1000.3579711914064
49035,10,22,1,42,,,,,0,1000.3579711914064
49035,10,22,1,43,2,27.880075025830603,-3.3024776279983143,0.848528137423857,0,1000.3579711914064
49035,10,22,1,44,2,27.52520636144944,-3.1221968443285912,0.765685424949238,0,1000.3579711914064
49035,10,22,1,45,,,,,0,1000.3579711914064
49035,10,22,1,46,2,30.817682065474884,-3.369607552831354,0.848528137423857,0,1000.3579711914064
49035,10,22,1,47,2,30.084346921333125,-3.206994179092706,0.848528137423857,0,1000.3579711914064
49035,10,22,1,48,2,33.8697574885242,-3.424852518873564,0.6466890965784271,0,1000.3579711914064
49035,10,22,1,49,2,32.82527797484546,-3.278074526894043,0.8513997106635237,0,1000.3579711914064
49035,10,22,1,50,,,,,0,1000.3579711914064
49035,10,22,1,51,2,36.295854826713025,-3.2649540589885886,0.6034068236642477,0,1000.3579711914064
49035,10,22,1,52,2,41.17120209563245,-4.133630562148397,0.4308640753373011,0,1000.3579711914064
49035,10,22,1,53,2,52.293320501670905,-4.158189468595317,0.3414213562373095,0,1000.3579711914064
49035,10,22,1,54,2,44.10519439566435,-4.038584594967297,0.482842712474619,0,1000.3579711914064
49035,10,22,1,55,2,36.82315815174208,-3.868314392294792,0.3414213562373095,0,1000.3579711914064
49035,10,22,1,56,2,51.1383423818649,-4.023185551830493,0.4242640687119285,0,1000.3579711914064
49035,10,22,1,57,2,43.88401605543534,-3.8777636894692322,0.4242640687119285,0,1000.3579711914064
49035,10,22,1,58,2,58.180683654030204,-4.011512152153499,0.382842712474619,0,1000.3579711914064
49035,10,22,1,59,2,50.9477060723955,-3.8845932509538827,0.4242640687119285,0,1000.3579711914064
49035,10,22,1,60,2,44.792248856560796,-3.7194305554687723,0.482842712474619,0,1000.3579711914064
49035,10,22,1,61,2,42.26918451333673,-3.620183040821424,0.37888543819998316,0,1000.3579711914064
49035,10,22,1,62,2,58.01319369699192,-3.889759447986782,0.4242640687119285,0,1000.3579711914064
49035,10,22,1,63,2,51.732073673047076,-3.7476016650488218,0.4242640687119285,0,1000.3579711914064
49035,10,22,1,64,2,65.07989345266479,-3.8938037913423273,0.3414213562373095,0,1000.3579711914064
49035,10,22,1,65,2,58.70323104735436,-3.769095841549749,0.382842712474619,0,1000.3579711914064
49035,10,22,1,66,2,53.44853729512095,-3.6170574287321435,0.3414213562373095,0,1000.3579711914064
49035,10,23,2,1,,,,,0,1000.6420288085938
49035,10,23,2,2,2,4.313476806332453,-4.696286291998743,0.6466890965784271,1,1000.6420288085938
49035,10,23,2,3,,,,,0,1000.6420288085938
49035,10,23,2,4,2,6.0308780223963945,-2.0796451926202795,0.6466890965784271,0,1000.6420288085938
49035,10,23,2,5,2,4.1311232699709235,-3.8333294170655963,0.765685424949238,0,1000.6420288085938
49035,10,23,2,6,2,5.094004638084183,-2.7048494209959317,0.765685424949238,0,1000.6420288085938
49035,10,23,2,7,2,9.883100746056627,-4.3116597693516985,0.613407053921902,0,1000.6420288085938
49035,10,23,2,8,2,7.526192463888668,-4.010509791648159,0.8513997106635237,0,1000.6420288085938
49035,10,23,2,9,,,,,0,1000.6420288085938
49035,10,23,2,10,2,8.626064025136284,-2.6812088904136893,0.8513997106635237,0,1000.6420288085938
49035,10,23,2,11,2,11.308265703127953,-2.4530524496440638,0.613407053921902,0,1000.6420288085938
49035,10,23,2,12,2,8.950065380566882,-3.6136103029105735,0.765685424949238,0,1000.6420288085938
49035,10,23,2,13,2,9.43325893302785,-3.065149516520079,0.765685424949238,0,1000.6420288085938
49035,10,23,2,14,2,12.028344185640064,-3.7814129660826126,0.6466890965784271,0,1000.6420288085938
49035,10,23,2,15,,,,,0,1000.6420288085938
49035,10,23,2,16,2,12.745449047031531,-2.952304581114346,0.6466890965784271,0,1000.6420288085938
49035,10,23,2,17,,,,,0,1000.6420288085938
49035,10,23,2,18,2,30.382850122456833,0.9895647547081261,0.37888543819998316,0,1000.6420288085938
49035,10,23,2,19,2,39.28599833078123,1.185621595406144,0.3414213562373095,0,1000.6420288085938
49035,10,23,2,20,2,29.345443810043182,1.1535546640768441,0.482842712474619,0,1000.6420288085938
49035,10,23,2,21,2,19.4658798920228,1.0888031021924294,0.3414213562373095,0,1000.6420288085938
49035,10,23,2,22,2,34.13663515157873,-4.965137269214597,0.4242640687119285,0,1000.6420288085938
49035,10,23,2,23,2,24.14695150602362,-4.949320087461291,0.4242640687119285,0,1000.6420288085938
49035,10,23,2,24,2,44.559869195886016,-4.861395521415124,0.37888543819998316,0,1000.6420288085938
49035,10,23,2,25,2,39.61646938503732,-4.8435400087702405,0.482842712474619,0,1000.6420288085938
49035,10,23,2,26,2,29.78640720358625,-4.79009442783368,0.4242640687119285,0,1000.6420288085938
49035,10,23,2,27,2,20.124499041221146,-4.684738384517034,0.482842712474619,0,1000.6420288085938
49035,10,23,2,28,2,15.455683920203557,-4.583230051191449,0.4538461538461539,0,1000.6420288085938
49035,10,23,2,29,2,35.935843404064606,-4.68335228820692,0.4242640687119285,0,1000.6420288085938
49035,10,23,2,30,2,26.629875116562403,-4.564955299445371,0.4242640687119285,0,1000.6420288085938
49035,10,23,2,31,2,42.373808280883274,-4.608390781336664,0.3414213562373095,0,1000.6420288085938
49035,10,23,2,32,2,33.36622597458856,-4.4928194484004145,0.482842712474619,0,1000.6420288085938
49035,10,23,2,33,2,25.121115487763753,-4.2970617729878695,0.3414213562373095,0,1000.6420288085938
49035,10,23,2,34,2,36.074125445144674,-4.371592445566685,0.4308640753373011,0,1000.6420288085938
49035,10,23,2,35,2,23.171475844043517,-3.6109348954169302,0.613407053921902,0,1000.6420288085938
49035,10,23,2,36,2,27.83722027432468,-3.7660101779502098,0.6466890965784271,0,1000.6420288085938
49035,10,23,2,37,2,26.62317667714356,-3.5876046975968223,0.8513997106635237,0,1000.6420288085938
49035,10,23,2,38,2,26.318743134191052,-3.3987854157283994,0.682842712474619,0,1000.6420288085938
49035,10,23,2,39,2,29.55284977653086,-3.658177628827339,0.848528137423857,0,1000.6420288085938
49035,10,23,2,40,2,28.848806451833116,-3.488439572838936,0.848528137423857,0,1000.6420288085938
49035,10,23,2,41,2,33.74878413808725,-3.8155310467642556,0.4815389220537701,0,1000.6420288085938
49035,10,23,2,42,,,,,0,1000.6420288085938
49035,10,23,2,43,2,31.57263098360869,-3.5631440915035935,0.848528137423857,0,1000.6420288085938
49035,10,23,2,44,2,31.316349260542093,-3.4041740785803833,0.765685424949238,0,1000.6420288085938
49035,10,23,2,45,,,,,0,1000.6420288085938
49035,10,23,2,46,2,34.4442799425235,-3.6256954624914006,0.848528137423857,0,1000.6420288085938
49035,10,23,2,47,2,33.84215011697771,-3.480185252365623,0.848528137423857,0,1000.6420288085938
49035,10,23,2,48,2,37.42974504709758,-3.6784486788594166,0.6466890965784271,0,1000.6420288085938
49035,10,23,2,49,2,36.53585250232782,-3.545320815684489,0.8513997106635237,0,1000.6420288085938
49035,10,23,2,50,,,,,0,1000.6420288085938
49035,10,23,2,51,2,40.01555649573254,-3.535477271381618,0.6034068236642477,0,1000.6420288085938
49035,10,23,2,52,2,43.07548390553069,-4.346466150906449,0.4308640753373011,0,1000.6420288085938
49035,10,23,2,53,2,54.09038174184116,-4.386167591932898,0.3414213562373095,0,1000.6420288085938
49035,10,23,2,54,2,46.29832399277926,-4.260839463541087,0.482842712474619,0,1000.6420288085938
49035,10,23,2,55,2,39.51329158780138,-4.088878296870708,0.3414213562373095,0,1000.6420288085938
49035,10,23,2,56,2,53.36374791563987,-4.2551567620766235,0.4242640687119285,0,1000.6420288085938
49035,10,23,2,57,2,46.53444959560835,-4.1084365812274655,0.4242640687119285,0,1000.6420288085938
49035,10,23,2,58,2,60.43049212663717,-4.250803016816135,0.382842712474619,0,1000.6420288085938
49035,10,23,2,59,2,53.568738889671586,-4.122862713779301,0.4242640687119285,0,1000.6420288085938
49035,10,23,2,60,2,47.82651141147626,-3.960939613560738,0.482842712474619,0,1000.6420288085938
49035,10,23,2,61,2,45.51107444977757,-3.865916896037448,0.37888543819998316,0,1000.6420288085938
49035,10,23,2,62,2,60.61158778066626,-4.1339381962467465,0.4242640687119285,0,1000.6420288085938
49035,10,23,2,63,2,54.694880755475346,-3.99380658657381,0.4242640687119285,0,1000.6420288085938
49035,10,23,2,64,2,67.66032338347941,-4.142706926164731,0.3414213562373095,0,1000.6420288085938
49035,10,23,2,65,2,61.60912893329418,-4.01931904228465,0.382842712474619,0,1000.6420288085938
49035,10,23,2,66,2,56.68730171283091,-3.8718867168188353,0.3414213562373095,0,1000.6420288085938
49035,10,24,8,1,,,,,0,1000.8579711914064
49035,10,24,8,2,,,,,0,1000.8579711914064
49035,10,24,8,3,,,,,0,1000.8579711914064
49035,10,24,8,4,2,7.064496976018416,-2.757225424503833,0.6466890965784271,0,1000.8579711914064
49035,10,24,8,5,2,4.56672364945662,-4.199621001602294,0.682842712474619,0,1000.8579711914064
49035,10,24,8,6,2,6.2116557282544225,-3.281153523454679,0.765685424949238,0,1000.8579711914064
49035,10,24,8,7,2,9.714510942687454,-4.804649422227602,0.6034068236642477,0,1000.8579711914064
49035,10,24,8,8,2,7.715731608388735,-4.4712462577208925,0.8513997106635237,1,1000.8579711914064
49035,10,24,8,9,,,,,0,1000.8579711914064
49035,10,24,8,10,2,9.746379750676052,-3.2714281728799866,0.8513997106635237,0,1000.8579711914064
49035,10,24,8,11,2,12.435944260146991,-3.067639523061322,0.613407053921902,0,1000.8579711914064
49035,10,24,8,12,2,9.536234351709338,-4.116051811573053,0.765685424949238,0,1000.8579711914064
49035,10,24,8,13,2,10.424464859481796,-3.6173965574332767,0.765685424949238,0,1000.8579711914064
49035,10,24,8,14,2,12.434521099459515,-4.302266142126129,0.6466890965784271,0,1000.8579711914064
49035,10,24,8,15,,,,,0,1000.8579711914064
49035,10,24,8,16,2,13.786831360562985,-3.5261990583426708,0.6466890965784271,0,1000.8579711914064
49035,10,24,8,17,,,,,0,1000.8579711914064
49035,10,24,8,18,2,29.336489260182386,0.39675418517778027,0.37888543819998316,0,1000.8579711914064
49035,10,24,8,19,2,38.343904324433524,0.5945523839215996,0.3414213562373095,0,1000.8579711914064
49035,10,24,8,20,2,28.385108821933574,0.5670633358133697,0.482842712474619,0,1000.8579711914064
49035,10,24,8,21,2,18.470890796729606,0.5099747317417664,0.3414213562373095,0,1000.8579711914064
49035,10,24,8,22,2,33.28767792378099,-5.550161709139683,0.4242640687119285,0,1000.8579711914064
49035,10,24,8,23,2,23.31370638806871,-5.524278316688227,0.4242640687119285,0,1000.8579711914064
49035,10,24,8,24,2,43.79149344662605,-5.4498021781857915,0.37888543819998316,0,1000.8579711914064
49035,10,24,8,25,2,38.86418145647406,-5.429210807519848,0.482842712474619,0,1000.8579711914064
49035,10,24,8,26,2,29.084085068529163,-5.367167123503561,0.4242640687119285,0,1000.8579711914064
49035,10,24,8,27,2,19.52801598384076,-5.243453164917205,0.482842712474619,0,1000.8579711914064
49035,10,24,8,28,2,14.969071790227671,-5.123285790010559,0.4538461538461539,0,1000.8579711914064
49035,10,24,8,29,2,35.33042743865132,-5.263734856489558,0.4242640687119285,0,1000.8579711914064
49035,10,24,8,30,2,26.1476290892598,-5.133376901045142,0.4242640687119285,0,1000.8579711914064
49035,10,24,8,31,2,41.84010279292071,-5.191902913850827,0.3414213562373095,0,1000.8579711914064
49035,10,24,8,32,2,32.95532742537799,-5.06823566955692,0.482842712474619,0,1000.8579711914064
49035,10,24,8,33,2,24.930162648999502,-4.8597064850213645,0.3414213562373095,0,1000.8579711914064
49035,10,24,8,34,2,35.792993817702445,-4.948298652756965,0.4308640753373011,0,1000.8579711914064
49035,10,24,8,35,2,23.72893500832682,-4.176157385273654,0.613407053921902,0,1000.8579711914064
49035,10,24,8,36,2,28.233703532085528,-4.335419073865033,0.682842712474619,0,1000.8579711914064
49035,10,24,8,37,2,27.20058302929458,-4.158657438503342,0.8513997106635237,0,1000.8579711914064
49035,10,24,8,38,2,27.066610780247274,-3.9741882013147416,0.682842712474619,0,1000.8579711914064
49035,10,24,8,39,2,30.059096235511323,-4.2314367054778685,0.848528137423857,0,1000.8579711914064
49035,10,24,8,40,2,29.517434991739723,-4.064372108092303,0.848528137423857,0,1000.8579711914064
49035,10,24,8,41,2,34.08908952232105,-4.390924641676681,0.613407053921902,0,1000.8579711914064
49035,10,24,8,42,2,33.04885498558026,-4.2913199886581666,0.8513997106635237,0,1000.8579711914064
49035,10,24,8,43,2,32.170740088685605,-4.140217548428526,0.848528137423857,0,1000.8579711914064
49035,10,24,8,44,2,32.05754544330574,-3.98440500036307,0.765685424949238,0,1000.8579711914064
49035,10,24,8,45,,,,,0,1000.8579711914064
49035,10,24,8,46,2,34.98048123190912,-4.204200196260933,0.848528137423857,0,1000.8579711914064
49035,10,24,8,47,2,34.51613780844832,-4.060804128770831,0.848528137423857,0,1000.8579711914064
49035,10,24,8,48,2,37.911892811862195,-4.25848330882749,0.682842712474619,0,1000.8579711914064
49035,10,24,8,49,2,37.14890736716193,-4.126716139908908,0.8513997106635237,0,1000.8579711914064
49035,10,24,8,50,,,,,0,1000.8579711914064
49035,10,24,8,51,2,40.636814332303764,-4.119234283435115,0.6034068236642477,0,1000.8579711914064
49035,10,24,8,52,2,42.819312291983984,-4.928010093979856,0.4308640753373011,0,1000.8579711914064
49035,10,24,8,53,2,53.787720735191655,-4.97315905552211,0.3414213562373095,0,1000.8579711914064
49035,10,24,8,54,2,46.13651813779043,-4.843814327186225,0.482842712474619,0,1000.8579711914064
49035,10,24,8,55,2,39.547916631225526,-4.667474771856618,0.3414213562373095,0,1000.8579711914064
49035,10,24,8,56,2,53.20651656144227,-4.841332314110375,0.4242640687119285,0,1000.8579711914064
49035,10,24,8,57,2,46.54452501202188,-4.69133009093618,0.4242640687119285,0,1000.8579711914064
49035,10,24,8,58,2,60.27676586652104,-4.839432554046047,0.382842712474619,0,1000.8579711914064
49035,10,24,8,59,2,53.56069367847186,-4.7089435198341825,0.4242640687119285,0,1000.8579711914064
49035,10,24,8,60,2,48.002159444245784,-4.544815933923626,0.482842712474619,0,1000.8579711914064
49035,10,24,8,61,2,45.79232482967691,-4.449114898790351,0.37888543819998316,0,1000.8579711914064
49035,10,24,8,62,2,60.58962787510302,-4.722473744977604,0.4242640687119285,0,1000.8579711914064
49035,10,24,8,63,2,54.832129358936626,-4.5805017327936906,0.4242640687119285,0,1000.8579711914064
49035,10,24,8,64,2,67.62734731429161,-4.733189528326416,0.3414213562373095,0,1000.8579711914064
49035,10,24,8,65,2,61.71642819184795,-4.608255311316366,0.382842712474619,0,1000.8579711914064
49035,10,24,8,66,2,56.9594321666853,-4.459762667765837,0.3414213562373095,0,1000.8579711914064
49035,10,25,14,1,,,,,0,1001.3079833984376
49035,10,25,14,2,,,,,0,1001.3079833984376
49035,10,25,14,3,,,,,0,1001.3079833984376
49035,10,25,14,4,2,10.351777866933348,1.6072546028477315,0.6466890965784271,0,1001.3079833984376
49035,10,25,14,5,2,2.501490226300794,1.4233857362853197,0.5538461538461539,0,1001.3079833984376
49035,10,25,14,6,2,7.496156051166526,1.370058322612906,0.765685424949238,0,1001.3079833984376
49035,10,25,14,7,2,4.193575128166214,-1.2176567740582707,0.47153869179611585,0,1001.3079833984376
49035,10,25,14,8,,,,,0,1001.3079833984376
49035,10,25,14,9,,,,,0,1001.3079833984376
49035,10,25,14,10,2,10.25477002529613,1.1171679911155665,0.8513997106635237,0,1001.3079833984376
49035,10,25,14,11,2,13.688124042597128,1.1745510023080294,0.613407053921902,0,1001.3079833984376
49035,10,25,14,12,2,5.409108671274709,0.2516909507122005,0.682842712474619,0,1001.3079833984376
49035,10,25,14,13,2,8.899065052510931,0.7736711922182329,0.765685424949238,0,1001.3079833984376
49035,10,25,14,14,2,7.300103229048793,-0.228299861422665,0.5731802029851623,1,1001.3079833984376
49035,10,25,14,15,,,,,0,1001.3079833984376
49035,10,25,14,16,2,12.375835791456383,0.7124937588339905,0.6466890965784271,0,1001.3079833984376
49035,10,25,14,17,,,,,0,1001.3079833984376
49035,10,25,14,18,2,28.046621599355504,4.015062061810318,0.37888543819998316,0,1001.3079833984376
49035,10,25,14,19,2,35.84332827766544,4.2684723086479455,0.3414213562373095,0,1001.3079833984376
49035,10,25,14,20,2,26.16512920669064,4.1862777676375,0.482842712474619,0,1001.3079833984376
49035,10,25,14,21,2,16.866647289403417,4.010905116014668,0.3414213562373095,0,1001.3079833984376
49035,10,25,14,22,2,30.127729544010354,4.395245367983504,0.4242640687119285,0,1001.3079833984376
49035,10,25,14,23,2,20.18786496535378,4.350840195061195,0.4242640687119285,0,1001.3079833984376
49035,10,25,14,24,2,40.072575239932995,-1.74077452024772,0.37888543819998316,0,1001.3079833984376
49035,10,25,14,25,2,35.08199236861061,-1.7325938266770247,0.482842712474619,0,1001.3079833984376
49035,10,25,14,26,2,25.112068670931457,-1.7064824727639492,0.4242640687119285,0,1001.3079833984376
49035,10,25,14,27,2,15.181758702992923,-1.6461145796620111,0.482842712474619,0,1001.3079833984376
49035,10,25,14,28,2,10.267458278808027,-1.5722686534999255,0.44328887294614544,0,1001.3079833984376
49035,10,25,14,29,2,30.881743700895452,-1.5595567547008518,0.4242640687119285,0,1001.3079833984376
49035,10,25,14,30,2,21.296757931434545,-1.4483299756251546,0.4242640687119285,0,1001.3079833984376
49035,10,25,14,31,2,37.10455760525942,-1.4603131461539727,0.3414213562373095,0,1001.3079833984376
49035,10,25,14,32,2,27.867866790702493,-1.3410771911987678,0.482842712474619,0,1001.3079833984376
49035,10,25,14,33,2,19.403293633985523,-1.1115955348063968,0.3414213562373095,0,1001.3079833984376
49035,10,25,14,34,2,30.4075484498458,-1.1929869254644676,0.4308640753373011,0,1001.3079833984376
49035,10,25,14,35,2,18.800101453586482,-0.22775438618747024,0.613407053921902,0,1001.3079833984376
49035,10,25,14,36,2,22.855187917839334,-0.4482524670119512,0.682842712474619,0,1001.3079833984376
49035,10,25,14,37,2,22.30010127669628,-0.22770004021219137,0.8513997106635237,0,1001.3079833984376
49035,10,25,14,38,2,22.852339467592227,-0.007119667772575333,0.682842712474619,0,1001.3079833984376
49035,10,25,14,39,2,24.926443137520053,-0.32813461765891194,0.848528137423857,0,1001.3079833984376
49035,10,25,14,40,2,24.925137305121964,-0.12720132764369096,0.848528137423857,0,1001.3079833984376
49035,10,25,14,41,2,28.594688081727984,-0.5294661256221562,0.613407053921902,0,1001.3079833984376
49035,10,25,14,42,2,27.755370976175584,-0.4087807499366152,0.8513997106635237,0,1001.3079833984376
49035,10,25,14,43,2,27.30010110267528,-0.22764657573992353,0.848528137423857,0,1001.3079833984376
49035,10,25,14,44,2,27.753025464036423,-0.046496923546997415,0.765685424949238,0,1001.3079833984376
49035,10,25,14,45,,,,,0,1001.3079833984376
49035,10,25,14,46,2,29.905326795629595,-0.3113213934128425,0.848528137423857,0,1001.3079833984376
49035,10,25,14,47,2,29.904238377603996,-0.14392869601699565,0.848528137423857,0,1001.3079833984376
49035,10,25,14,48,2,32.68580152437004,-0.38118424879005186,0.682842712474619,0,1001.3079833984376
49035,10,25,14,49,2,32.30010098253058,-0.2276096636836229,0.8513997106635237,0,1001.3079833984376
49035,10,25,14,50,,,,,0,1001.3079833984376
49035,10,25,14,51,2,35.80010091839742,-0.22758996005178855,0.6034068236642477,0,1001.3079833984376
49035,10,25,14,52,2,37.38562696818041,-1.1590854030118827,0.4308640753373011,0,1001.3079833984376
49035,10,25,14,53,2,48.43362780844519,-1.1993943165454146,0.3414213562373095,0,1001.3079833984376
49035,10,25,14,54,2,40.567056918999185,-1.0599980508848081,0.482842712474619,0,1001.3079833984376
49035,10,25,14,55,2,33.84606197848789,-0.8598337917182017,0.3414213562373095,0,1001.3079833984376
49035,10,25,14,56,2,47.631420387634236,-1.0529947945571743,0.4242640687119285,0,1001.3079833984376
49035,10,25,14,57,2,40.8487700246392,-0.8862137816769087,0.4242640687119285,0,1001.3079833984376
49035,10,25,14,58,2,54.697516481260436,-1.0478007661729336,0.382842712474619,0,1001.3079833984376
49035,10,25,14,59,2,47.87157939320658,-0.9048638239038023,0.4242640687119285,0,1001.3079833984376
49035,10,25,14,60,2,42.32679905192933,-0.7197236350419431,0.482842712474619,0,1001.3079833984376
49035,10,25,14,61,2,40.20563169723326,-0.6099113624690289,0.37888543819998316,0,1001.3079833984376
49035,10,25,14,62,2,54.9067774930773,-0.9187384601412787,0.4242640687119285,0,1001.3079833984376
49035,10,25,14,63,2,49.13882394865209,-0.7613089670276669,0.4242640687119285,0,1001.3079833984376
49035,10,25,14,64,2,61.95014379118517,-0.9294598584129976,0.3414213562373095,0,1001.3079833984376
49035,10,25,14,65,2,56.01508832565421,-0.7927282919509624,0.382842712474619,0,1001.3079833984376
49035,10,25,14,66,2,51.357179873053454,-0.6275578417099648,0.3414213562373095,0,1001.3079833984376
49035,10,26,12,1,,,,,0,1001.7410278320312
49035,10,26,12,2,,,,,0,1001.7410278320312
49035,10,26,12,3,,,,,0,1001.7410278320312
49035,10,26,12,4,2,11.759565350631751,2.1803158523036896,0.6466890965784271,0,1001.7410278320312
49035,10,26,12,5,2,4.743213410355559,2.6730573099684074,0.5538461538461539,0,1001.7410278320312
49035,10,26,12,6,2,8.301654932903443,2.1057285602767983,0.765685424949238,0,1001.7410278320312
49035,10,26,12,7,2,4.2290176196395475,4.290416253259929,0.46153846153846156,0,1001.7410278320312
49035,10,26,12,8,,,,,0,1001.7410278320312
49035,10,26,12,9,,,,,0,1001.7410278320312
49035,10,26,12,10,2,9.796273433456443,1.7485367515873702,0.8513997106635237,0,1001.7410278320312
49035,10,26,12,11,2,13.255585766054278,1.7018359735942048,0.613407053921902,0,1001.7410278320312
49035,10,26,12,12,2,2.2754492750756836,1.2265386449718652,0.5538461538461539,1,1001.7410278320312
49035,10,26,12,13,2,7.183110090501585,1.463679751521617,0.765685424949238,0,1001.7410278320312
49035,10,26,12,14,,,,,0,1001.7410278320312
49035,10,26,12,15,,,,,0,1001.7410278320312
49035,10,26,12,16,2,10.18069590599337,1.2440156919977907,0.6466890965784271,0,1001.7410278320312
49035,10,26,12,17,,,,,0,1001.7410278320312
49035,10,26,12,18,2,30.380789607241695,4.129133527669112,0.37888543819998316,0,1001.7410278320312
49035,10,26,12,19,2,37.25363298752357,4.392013044112828,0.3414213562373095,0,1001.7410278320312
49035,10,26,12,20,2,27.940507746044105,4.279060898333508,0.482842712474619,0,1001.7410278320312
49035,10,26,12,21,2,19.32642686697148,4.060050303280502,0.3414213562373095,0,1001.7410278320312
49035,10,26,12,22,2,31.09553292492658,4.494165664343159,0.4242640687119285,0,1001.7410278320312
49035,10,26,12,23,2,21.44227064055576,4.393026678264622,0.4242640687119285,0,1001.7410278320312
49035,10,26,12,24,2,40.395209635485394,4.669498460009909,0.37888543819998316,0,1001.7410278320312
49035,10,26,12,25,2,35.40045709681777,4.66344237528844,0.482842712474619,0,1001.7410278320312
49035,10,26,12,26,2,25.417143132171283,4.644191555009016,0.4242640687119285,0,1001.7410278320312
49035,10,26,12,27,2,15.455418704743275,4.600086199933418,0.482842712474619,0,1001.7410278320312
49035,10,26,12,28,2,10.501874523519671,4.546705200725575,0.44328887294614544,0,1001.7410278320312
49035,10,26,12,29,2,30.53344657551329,-1.4635620797891082,0.4242640687119285,0,1001.7410278320312
49035,10,26,12,30,2,20.61868478146389,-1.411630071527616,0.4242640687119285,0,1001.7410278320312
49035,10,26,12,31,2,36.31186520351394,-1.3410884769393743,0.3414213562373095,0,1001.7410278320312
49035,10,26,12,32,2,26.671902011214218,-1.2556163091294197,0.482842712474619,0,1001.7410278320312
49035,10,26,12,33,2,17.44216612790566,-1.0769440519853561,0.3414213562373095,0,1001.7410278320312
49035,10,26,12,34,2,28.61939819149031,-1.088742165803943,0.4308640753373011,0,1001.7410278320312
49035,10,26,12,35,2,14.77229966766768,-0.024240975410812826,0.613407053921902,0,1001.7410278320312
49035,10,26,12,36,2,19.037519624826057,-0.28530212142401656,0.682842712474619,0,1001.7410278320312
49035,10,26,12,37,2,18.2714683217978,-0.019597921653438766,0.8513997106635237,0,1001.7410278320312
49035,10,26,12,38,2,18.84850009425906,0.24883640098722526,0.682842712474619,0,1001.7410278320312
49035,10,26,12,39,2,20.9636984338089,-0.13675967142226186,0.848528137423857,0,1001.7410278320312
49035,10,26,12,40,2,20.878123794836185,0.1027733837459035,0.848528137423857,0,1001.7410278320312
49035,10,26,12,41,2,24.89705140362462,-0.36375657747214696,0.613407053921902,0,1001.7410278320312
49035,10,26,12,42,2,23.87690828840499,-0.22633079999190486,0.8513997106635237,0,1001.7410278320312
49035,10,26,12,43,2,23.27071444072412,-0.015387323584050483,0.848528137423857,0,1001.7410278320312
49035,10,26,12,44,2,23.726473647606156,0.1969140077848237,0.765685424949238,0,1001.7410278320312
49035,10,26,12,45,,,,,0,1001.7410278320312
49035,10,26,12,46,2,25.925976316639407,-0.11046375222611804,0.848528137423857,0,1001.7410278320312
49035,10,26,12,47,2,25.856829835456832,0.08293350218704165,0.848528137423857,0,1001.7410278320312
49035,10,26,12,48,2,28.77127639435151,-0.18732308688725152,0.682842712474619,0,1001.7410278320312
49035,10,26,12,49,2,28.270227210423897,-0.012665956107956067,0.8513997106635237,0,1001.7410278320312
49035,10,26,12,50,,,,,0,1001.7410278320312
49035,10,26,12,51,2,31.769977395208794,-0.011270623813133929,0.6034068236642477,0,1001.7410278320312
49035,10,26,12,52,2,35.43063854380162,-1.0290911263161244,0.4308640753373011,0,1001.7410278320312
49035,10,26,12,53,2,46.58509355181269,-1.0478068843091468,0.3414213562373095,0,1001.7410278320312
49035,10,26,12,54,2,38.24931036723129,-0.9168495653150015,0.482842712474619,0,1001.7410278320312
49035,10,26,12,55,2,30.916800382743897,-0.7187958049012244,0.3414213562373095,0,1001.7410278320312
49035,10,26,12,56,2,45.26886279052334,-0.8963743001648301,0.4242640687119285,0,1001.7410278320312
49035,10,26,12,57,2,37.975106855476724,-0.7311884951789631,0.4242640687119285,0,1001.7410278320312
49035,10,26,12,58,2,52.302295677395186,-0.8814009743528088,0.382842712474619,0,1001.7410278320312
49035,10,26,12,59,2,45.03741706029907,-0.739695580416198,0.4242640687119285,0,1001.7410278320312
49035,10,26,12,60,2,39.00266321420839,-0.5491541002063256,0.482842712474619,0,1001.7410278320312
49035,10,26,12,61,2,36.64187684835191,-0.43249740206476606,0.37888543819998316,0,1001.7410278320312
49035,10,26,12,62,2,52.1021029349273,-0.7458960142967146,0.4242640687119285,0,1001.7410278320312
49035,10,26,12,63,2,45.907166462104875,-0.5852129808651623,0.4242640687119285,0,1001.7410278320312
49035,10,26,12,64,2,59.16831352185224,-0.7506156143223253,0.3414213562373095,0,1001.7410278320312
49035,10,26,12,65,2,52.85572937116514,-0.6118184886707505,0.382842712474619,0,1001.7410278320312
49035,10,26,12,66,2,47.818060706133785,-0.4397795179264379,0.3414213562373095,0,1001.7410278320312
49035,10,27,5,1,,,,,0,1002.125
49035,10,27,5,2,,,,,0,1002.125
49035,10,27,5,3,,,,,0,1002.125
49035,10,27,5,4,2,12.753542302758587,0.5761601146040589,0.6466890965784271,0,1002.125
49035,10,27,5,5,2,7.592554928383359,1.1945513574507631,0.49526751008346337,1,1002.125
49035,10,27,5,6,2,9.257218389227429,0.6244904735126331,0.765685424949238,0,1002.125
49035,10,27,5,7,2,7.635816917814601,2.076514041291462,0.39634074912789496,0,1002.125
49035,10,27,5,8,,,,,0,1002.125
49035,10,27,5,9,,,,,0,1002.125
49035,10,27,5,10,2,9.316036995889409,0.2414923076634004,0.8513997106635237,0,1002.125
49035,10,27,5,11,2,12.396490902046134,0.08672247085562912,0.613407053921902,0,1002.125
49035,10,27,5,12,,,,,0,1002.125
49035,10,27,5,13,2,5.90184685893982,0.11756674787064464,0.765685424949238,0,1002.125
49035,10,27,5,14,,,,,0,1002.125
49035,10,27,5,15,,,,,0,1002.125
49035,10,27,5,16,2,7.805398730962276,-0.3250004661887561,0.6466890965784271,0,1002.125
49035,10,27,5,17,,,,,0,1002.125
49035,10,27,5,18,2,33.80883049485554,2.169350393018716,0.37888543819998316,0,1002.125
49035,10,27,5,19,2,40.138190287302905,2.420191856664029,0.3414213562373095,0,1002.125
49035,10,27,5,20,2,31.09940069310663,2.2990373307210006,0.482842712474619,0,1002.125
49035,10,27,5,21,2,22.87512027074536,2.0853487602359264,0.3414213562373095,0,1002.125
49035,10,27,5,22,2,33.738097538918765,2.5019135514756443,0.4242640687119285,0,1002.125
49035,10,27,5,23,2,24.379450967490236,2.3789751733723654,0.4242640687119285,0,1002.125
49035,10,27,5,24,2,42.500547357127765,2.685552199441551,0.37888543819998316,0,1002.125
49035,10,27,5,25,2,37.54125367673264,2.6696118389352623,0.482842712474619,0,1002.125
49035,10,27,5,26,2,27.666661011973524,2.62062027976218,0.4242640687119285,0,1002.125
49035,10,27,5,27,2,17.931607163947128,2.5179130804677925,0.482842712474619,0,1002.125
49035,10,27,5,28,2,13.213316670974477,2.4103682665961124,0.44328887294614544,0,1002.125
49035,10,27,5,29,2,32.19519581593892,2.802834355138249,0.4242640687119285,0,1002.125
49035,10,27,5,30,2,22.195248085059003,2.8016248394271193,0.4242640687119285,0,1002.125
49035,10,27,5,31,2,37.518224047812375,-3.3463242006888545,0.3414213562373095,0,1002.125
49035,10,27,5,32,2,27.6354037356524,-3.298916183668723,0.482842712474619,0,1002.125
49035,10,27,5,33,2,17.883342628355994,-3.1993296167411547,0.3414213562373095,0,1002.125
49035,10,27,5,34,2,28.94566018720316,-3.1281015496929427,0.4308640753373011,0,1002.125
49035,10,27,5,35,2,11.622734820680387,-2.0968720831930763,0.613407053921902,0,1002.125
49035,10,27,5,36,2,16.558494967082407,-2.3563808761329166,0.682842712474619,0,1002.125
49035,10,27,5,37,2,15.074248158373454,-2.0530075362270237,0.8513997106635237,0,1002.125
49035,10,27,5,38,2,15.17505056023068,-1.720963441973344,0.682842712474619,0,1002.125
49035,10,27,5,39,2,18.035415397983577,-2.170229456924403,0.848528137423857,0,1002.125
49035,10,27,5,40,2,17.416239850873527,-1.8893613692459428,0.848528137423857,0,1002.125
49035,10,27,5,41,2,22.60387175330121,-2.399735894270841,0.613407053921902,0,1002.125
49035,10,27,5,42,2,21.17355566775266,-2.2535896541969396,0.8513997106635237,0,1002.125
49035,10,27,5,43,2,20.034187320197265,-2.016657188125087,0.848528137423857,0,1002.125
49035,10,27,5,44,2,20.11014329998881,-1.7669359493132724,0.765685424949238,0,1002.125
49035,10,27,5,45,,,,,0,1002.125
49035,10,27,5,46,2,22.900041760187918,-2.113359266205107,0.848528137423857,0,1002.125
49035,10,27,5,47,2,22.415644415980605,-1.8932666447161042,0.848528137423857,0,1002.125
49035,10,27,5,48,2,25.93174046715623,-2.1880217373896462,0.682842712474619,0,1002.125
49035,10,27,5,49,2,25.010085278168887,-1.9947509324946313,0.8513997106635237,0,1002.125
49035,10,27,5,50,2,25.070970615167898,-1.7947561477569132,0.682842712474619,0,1002.125
49035,10,27,5,51,2,28.498234304069598,-1.9839715559385698,0.613407053921902,0,1002.125
49035,10,27,5,52,2,35.48151273195991,-3.043869033782669,0.4308640753373011,0,1002.125
49035,10,27,5,53,2,46.658065174823705,-3.036717233743559,0.3414213562373095,0,1002.125
49035,10,27,5,54,2,37.85595659587485,-2.923734378059345,0.482842712474619,0,1002.125
49035,10,27,5,55,2,29.818984786867322,-2.746396799878744,0.3414213562373095,0,1002.125
49035,10,27,5,56,2,44.76784506611811,-2.8874920227665473,0.4242640687119285,0,1002.125
49035,10,27,5,57,2,36.881680490381946,-2.736023988036603,0.4242640687119285,0,1002.125
49035,10,27,5,58,2,51.7227846692263,-2.8609689045238684,0.382842712474619,0,1002.125
49035,10,27,5,59,2,43.94706881999999,-2.7289858912137204,0.4242640687119285,0,1002.125
49035,10,27,5,60,2,37.24839945286884,-2.5452144698123838,0.482842712474619,0,1002.125
49035,10,27,5,61,2,34.50351378868262,-2.4285731191589446,0.37888543819998316,0,1002.125
49035,10,27,5,62,2,51.0140310105466,-2.723897569231653,0.4242640687119285,0,1002.125
49035,10,27,5,63,2,44.255279502853384,-2.5686281326804052,0.4242640687119285,0,1002.125
49035,10,27,5,64,2,58.081992579630096,-2.720047556277926,0.3414213562373095,0,1002.125
49035,10,27,5,65,2,51.27978418393422,-2.5856345190523413,0.382842712474619,0,1002.125
49035,10,27,5,66,2,45.669625243497826,-2.4143681243401574,0.3414213562373095,0,1002.125
49035,10,28,6,1,,,,,0,1002.541015625
49035,10,28,6,2,,,,,0,1002.541015625
49035,10,28,6,3,,,,,0,1002.541015625
49035,10,28,6,4,2,8.314854582496594,-0.6524785095695473,0.6466890965784271,0,1002.541015625
49035,10,28,6,5,,,,,0,1002.541015625
49035,10,28,6,6,2,4.8672634506238674,-0.7757407920827635,0.765685424949238,1,1002.541015625
49035,10,28,6,7,2,6.7131651800378975,-4.379514356110768,0.33114303671732837,0,1002.541015625
49035,10,28,6,8,,,,,0,1002.541015625
49035,10,28,6,9,,,,,0,1002.541015625
49035,10,28,6,10,2,6.792790468264157,-1.2973195033643696,0.8513997106635237,0,1002.541015625
49035,10,28,6,11,2,10.29178380070789,-1.2872804395890296,0.613407053921902,0,1002.541015625
49035,10,28,6,12,,,,,0,1002.541015625
49035,10,28,6,13,2,5.069067874417814,-1.8296364020171862,0.765685424949238,0,1002.541015625
49035,10,28,6,14,,,,,0,1002.541015625
49035,10,28,6,15,,,,,0,1002.541015625
49035,10,28,6,16,2,8.552613516546634,-1.9214129442357453,0.6466890965784271,0,1002.541015625
49035,10,28,6,17,,,,,0,1002.541015625
49035,10,28,6,18,2,31.856526818612597,1.3906517048296427,0.37888543819998316,0,1002.541015625
49035,10,28,6,19,2,39.44676022699665,1.6227450834736201,0.3414213562373095,0,1002.541015625
49035,10,28,6,20,2,29.86374886986996,1.5394633925977779,0.482842712474619,0,1002.541015625
49035,10,28,6,21,2,20.679460842080807,1.3801108136409694,0.3414213562373095,0,1002.541015625
49035,10,28,6,22,2,33.55518425075458,1.7302722054665165,0.4242640687119285,0,1002.541015625
49035,10,28,6,23,2,23.701202380018238,1.6698873290396108,0.4242640687119285,0,1002.541015625
49035,10,28,6,24,2,43.21063505160818,-4.404747869164744,0.37888543819998316,0,1002.541015625
49035,10,28,6,25,2,38.2106959324417,-4.4041406420147995,0.482842712474619,0,1002.541015625
49035,10,28,6,26,2,28.21088243564903,-4.402280460267615,0.4242640687119285,0,1002.541015625
49035,10,28,6,27,2,18.211273759803433,-4.398377439560195,0.482842712474619,0,1002.541015625
49035,10,28,6,28,2,13.211691565910552,-4.394210384309391,0.44328887294614544,0,1002.541015625
49035,10,28,6,29,2,33.614889280457845,-4.254055690722474,0.4242640687119285,0,1002.541015625
49035,10,28,6,30,2,23.78565503604922,-4.188966836161602,0.4242640687119285,0,1002.541015625
49035,10,28,6,31,2,39.54829547372261,-4.148513815018369,0.3414213562373095,0,1002.541015625
49035,10,28,6,32,2,29.997737898604328,-4.0624258215176,0.482842712474619,0,1002.541015625
49035,10,28,6,33,2,20.872491063355533,-3.8987820099722246,0.3414213562373095,0,1002.541015625
49035,10,28,6,34,2,32.044804175576395,-3.91516050494289,0.4308640753373011,0,1002.541015625
49035,10,28,6,35,2,17.0062501371577,-3.0284955592914384,0.613407053921902,0,1002.541015625
49035,10,28,6,36,2,21.805225946586802,-3.224632319684326,0.682842712474619,0,1002.541015625
49035,10,28,6,37,2,20.454001580618627,-2.9961894433519207,0.8513997106635237,0,1002.541015625
49035,10,28,6,38,2,20.279656869340673,-2.750219670632628,0.682842712474619,0,1002.541015625
49035,10,28,6,39,2,23.407683085467124,-3.0850229820804023,0.848528137423857,0,1002.541015625
49035,10,28,6,40,2,22.711625426373843,-2.869866169901287,0.848528137423857,0,1002.541015625
49035,10,28,6,41,2,27.788383593591856,-3.2735863553379576,0.613407053921902,0,1002.541015625
49035,10,28,6,42,2,26.504208612961413,-3.1535416534069474,0.8513997106635237,0,1002.541015625
49035,10,28,6,43,2,25.404160609585688,-2.965294744729032,0.848528137423857,0,1002.541015625
49035,10,28,6,44,2,25.26399965080494,-2.767687591464269,0.765685424949238,0,1002.541015625
49035,10,28,6,45,,,,,0,1002.541015625
49035,10,28,6,46,2,28.282942262914222,-3.0418839177547707,0.848528137423857,0,1002.541015625
49035,10,28,6,47,2,27.70962152620614,-2.8642238761484613,0.848528137423857,0,1002.541015625
49035,10,28,6,48,2,31.296617545943423,-3.1040322907316584,0.682842712474619,0,1002.541015625
49035,10,28,6,49,2,30.370653135803664,-2.9444896183628044,0.8513997106635237,0,1002.541015625
49035,10,28,6,50,2,30.25351010996159,-2.7793964318178803,0.682842712474619,0,1002.541015625
49035,10,28,6,51,2,33.853067938189504,-2.933561320390584,0.613407053921902,0,1002.541015625
49035,10,28,6,52,2,38.87127947714696,-3.862915261468721,0.4308640753373011,0,1002.541015625
49035,10,28,6,53,2,50.021844824552886,-3.8814074202125397,0.3414213562373095,0,1002.541015625
49035,10,28,6,54,2,41.689106056716334,-3.760266757864367,0.482842712474619,0,1002.541015625
49035,10,28,6,55,2,34.26044611450115,-3.582899529698784,0.3414213562373095,0,1002.541015625
49035,10,28,6,56,2,48.704090766049326,-3.7405414542533575,0.4242640687119285,0,1002.541015625
49035,10,28,6,57,2,41.32656605023052,-3.5899283210174437,0.4242640687119285,0,1002.541015625
49035,10,28,6,58,2,55.733251752315695,-3.725787124344827,0.382842712474619,0,1002.541015625
49035,10,28,6,59,2,48.39413141118967,-3.594904307364071,0.4242640687119285,0,1002.541015625
49035,10,28,6,60,2,42.163829987324306,-3.4215261756498587,0.482842712474619,0,1002.541015625
49035,10,28,6,61,2,39.631891971974234,-3.3160047914673654,0.37888543819998316,0,1002.541015625
49035,10,28,6,62,2,55.46258963105602,-3.598612032739436,0.4242640687119285,0,1002.541015625
49035,10,28,6,63,2,49.1110522463062,-3.4504824881912852,0.4242640687119285,0,1002.541015625
49035,10,28,6,64,2,62.53163792931024,-3.6014814919462093,0.3414213562373095,0,1002.541015625
49035,10,28,6,65,2,56.08923556511397,-3.472248426207861,0.382842712474619,0,1002.541015625
49035,10,28,6,66,2,50.8114057120578,-3.3129760625041276,0.3414213562373095,0,1002.541015625
49035,10,29,10,1,,,,,0,1002.7579956054688
49035,10,29,10,2,,,,,0,1002.7579956054688
49035,10,29,10,3,,,,,0,1002.7579956054688
49035,10,29,10,4,2,5.980608837385721,0.09509837403234794,0.49033749051054326,0,1002.7579956054688
49035,10,29,10,5,,,,,0,1002.7579956054688
49035,10,29,10,6,,,,,0,1002.7579956054688
49035,10,29,10,7,2,8.684399771466378,-3.4368064054660077,0.32945111702087154,0,1002.7579956054688
49035,10,29,10,8,,,,,0,1002.7579956054688
49035,10,29,10,9,,,,,0,1002.7579956054688
49035,10,29,10,10,2,5.261034403960316,-0.8184364609999295,0.7685569981889047,1,1002.7579956054688
49035,10,29,10,11,2,8.64877817586525,-0.6879880670298492,0.613407053921902,0,1002.7579956054688
49035,10,29,10,12,,,,,0,1002.7579956054688
49035,10,29,10,13,2,4.8707989897180175,-1.527344659904752,0.7195315787953919,0,1002.7579956054688
49035,10,29,10,14,,,,,0,1002.7579956054688
49035,10,29,10,15,,,,,0,1002.7579956054688
49035,10,29,10,16,2,8.342019176044369,-1.4219847358279987,0.6466890965784271,0,1002.7579956054688
49035,10,29,10,17,,,,,0,1002.7579956054688
49035,10,29,10,18,2,32.83621888770769,2.2330803047441594,0.37888543819998316,0,1002.7579956054688
49035,10,29,10,19,2,40.87164382676514,2.4456806060954337,0.3414213562373095,0,1002.7579956054688
49035,10,29,10,20,2,31.146879005372092,2.380365029046387,0.482842712474619,0,1002.7579956054688
49035,10,29,10,21,2,21.674059943827523,2.256971490483318,0.3414213562373095,0,1002.7579956054688
49035,10,29,10,22,2,35.174144927381775,2.556188800158938,0.4242640687119285,0,1002.7579956054688
49035,10,29,10,23,2,25.236031265747723,2.5189031017859596,0.4242640687119285,0,1002.7579956054688
49035,10,29,10,24,2,45.04991087264163,-3.595237951285487,0.37888543819998316,0,1002.7579956054688
49035,10,29,10,25,2,40.05387460620539,-3.5905520050541413,0.482842712474619,0,1002.7579956054688
49035,10,29,10,26,2,30.065755830229257,-3.57650894375166,0.4242640687119285,0,1002.7579956054688
49035,10,29,10,27,2,20.08946182246564,-3.548507494867497,0.482842712474619,0,1002.7579956054688
49035,10,29,10,28,2,15.113069762724395,-3.520654663726536,0.44328887294614544,0,1002.7579956054688
49035,10,29,10,29,2,35.65167700459731,-3.4439858173597244,0.4242640687119285,0,1002.7579956054688
49035,10,29,10,30,2,25.89746852326444,-3.3714521173159544,0.4242640687119285,0,1002.7579956054688
49035,10,29,10,31,2,41.69093993708106,-3.3485503919762873,0.3414213562373095,0,1002.7579956054688
49035,10,29,10,32,2,32.21445755418893,-3.2613914133579787,0.482842712474619,0,1002.7579956054688
49035,10,29,10,33,2,23.182063717106384,-3.104195298710024,0.3414213562373095,0,1002.7579956054688
49035,10,29,10,34,2,34.346500206636456,-3.1253216138303594,0.4308640753373011,0,1002.7579956054688
49035,10,29,10,35,2,18.870541153024185,-2.331152330585385,0.613407053921902,0,1002.7579956054688
49035,10,29,10,36,2,23.892812365332716,-2.4946580549424984,0.682842712474619,0,1002.7579956054688
49035,10,29,10,37,2,22.263981765660557,-2.28933542194585,0.8513997106635237,0,1002.7579956054688
49035,10,29,10,38,2,21.691087695141885,-2.0628255731562426,0.682842712474619,0,1002.7579956054688
49035,10,29,10,39,2,25.332411726092126,-2.3633076067123677,0.848528137423857,0,1002.7579956054688
49035,10,29,10,40,2,24.321790336998625,-2.165709377432583,0.848528137423857,0,1002.7579956054688
49035,10,29,10,41,2,29.919131048931966,-2.530796440243166,0.613407053921902,0,1002.7579956054688
49035,10,29,10,42,2,28.509249089704795,-2.4210547849358472,0.8513997106635237,0,1002.7579956054688
49035,10,29,10,43,2,27.158712874425838,-2.2478278634178697,0.848528137423857,0,1002.7579956054688
49035,10,29,10,44,2,26.691086271116312,-2.0626687410140927,0.8513997106635237,0,1002.7579956054688
49035,10,29,10,45,2,26.91722436039501,-1.9322712840339535,0.613407053921902,0,1002.7579956054688
49035,10,29,10,46,2,30.14368731250521,-2.3140601041976336,0.848528137423857,0,1002.7579956054688
49035,10,29,10,47,2,29.299492932997282,-2.1480400403484237,0.848528137423857,0,1002.7579956054688
49035,10,29,10,48,2,33.23684829511775,-2.3681670668414654,0.682842712474619,0,1002.7579956054688
49035,10,29,10,49,2,32.085923485686706,-2.219030627992322,0.8513997106635237,0,1002.7579956054688
49035,10,29,10,50,2,31.691085296436466,-2.062561396639182,0.682842712474619,0,1002.7579956054688
49035,10,29,10,51,2,35.547068044819504,-2.2036309594373567,0.613407053921902,0,1002.7579956054688
49035,10,29,10,52,2,41.19192246110451,-3.0782053172613315,0.4308640753373011,0,1002.7579956054688
49035,10,29,10,53,2,52.3359195419565,-3.097605211690166,0.3414213562373095,0,1002.7579956054688
49035,10,29,10,54,2,44.03050393733286,-2.9815168897867874,0.482842712474619,0,1002.7579956054688
49035,10,29,10,55,2,36.58308461090759,-2.8150453701051745,0.3414213562373095,0,1002.7579956054688
49035,10,29,10,56,2,51.04681847649912,-2.9629915904214297,0.4242640687119285,0,1002.7579956054688
49035,10,29,10,57,2,43.65105358689515,-2.820283450629133,0.4242640687119285,0,1002.7579956054688
49035,10,29,10,58,2,58.07641583439719,-2.9489470180206423,0.382842712474619,0,1002.7579956054688
49035,10,29,10,59,2,50.719886423799885,-2.824061549045938,0.4242640687119285,0,1002.7579956054688
49035,10,29,10,60,2,44.40882436539499,-2.660435436979629,0.482842712474619,0,1002.7579956054688
49035,10,29,10,61,2,41.7966755000104,-2.561436822347201,0.37888543819998316,0,1002.7579956054688
49035,10,29,10,62,2,57.789266117855554,-2.8269153282862165,0.4242640687119285,0,1002.7579956054688
49035,10,29,10,63,2,51.37349590122973,-2.686020618845763,0.4242640687119285,0,1002.7579956054688
49035,10,29,10,64,2,64.85901385341514,-2.82914698852932,0.3414213562373095,0,1002.7579956054688
49035,10,29,10,65,2,58.363759994630534,-2.705487418945295,0.382842712474619,0,1002.7579956054688
49035,10,29,10,66,2,52.971362861306254,-2.553882100418665,0.3414213562373095,0,1002.7579956054688
49035,10,30,11,1,,,,,0,1003.2420043945312
49035,10,30,11,2,,,,,0,1003.2420043945312
49035,10,30,11,3,,,,,0,1003.2420043945312
49035,10,30,11,4,2,3.375418413759274,1.9431735682423987,0.39033749051054323,0,1003.2420043945312
49035,10,30,11,5,,,,,0,1003.2420043945312
49035,10,30,11,6,,,,,0,1003.2420043945312
49035,10,30,11,7,2,14.32924926970532,-2.8672780232820427,0.32945111702087154,0,1003.2420043945312
49035,10,30,11,8,,,,,0,1003.2420043945312
49035,10,30,11,9,,,,,0,1003.2420043945312
49035,10,30,11,10,,,,,0,1003.2420043945312
49035,10,30,11,11,2,3.254181104583244,-0.3959658143643753,0.4815389220537701,1,1003.2420043945312
49035,10,30,11,12,,,,,0,1003.2420043945312
49035,10,30,11,13,2,5.300027695106633,-2.0704428988724555,0.563179972727508,0,1003.2420043945312
49035,10,30,11,14,,,,,0,1003.2420043945312
49035,10,30,11,15,,,,,0,1003.2420043945312
49035,10,30,11,16,2,6.74329648542952,-1.5237835564001392,0.5466890965784271,0,1003.2420043945312
49035,10,30,11,17,,,,,0,1003.2420043945312
49035,10,30,11,18,2,38.12145576473929,2.9404415617845547,0.37888543819998316,0,1003.2420043945312
49035,10,30,11,19,2,46.47403867720806,3.1172408415458372,0.3414213562373095,0,1003.2420043945312
49035,10,30,11,20,2,36.67812275231933,3.068552329824284,0.482842712474619,0,1003.2420043945312
49035,10,30,11,21,2,27.03207550850987,2.98478127375372,0.3414213562373095,0,1003.2420043945312
49035,10,30,11,22,2,40.860736395880686,3.2159588417940257,0.4242640687119285,0,1003.2420043945312
49035,10,30,11,23,2,30.90385407157532,3.189853647243918,0.4242640687119285,0,1003.2420043945312
49035,10,30,11,24,2,50.756188392759604,-2.9528955877801835,0.37888543819998316,0,1003.2420043945312
49035,10,30,11,25,2,45.75931455991328,-2.9492273777731945,0.482842712474619,0,1003.2420043945312
49035,10,30,11,26,2,35.76818819365423,-2.9388166014203954,0.4242640687119285,0,1003.2420043945312
49035,10,30,11,27,2,25.783942761343543,-2.9203396564531827,0.482842712474619,0,1003.2420043945312
49035,10,30,11,28,2,20.797497761798827,-2.904451277623431,0.44328887294614544,0,1003.2420043945312
49035,10,30,11,29,2,41.2756390239583,-2.8233315083492196,0.4242640687119285,0,1003.2420043945312
49035,10,30,11,30,2,31.450386237686867,-2.771665738284643,0.4242640687119285,0,1003.2420043945312
49035,10,30,11,31,2,47.20162568191431,-2.735902903290284,0.3414213562373095,0,1003.2420043945312
49035,10,30,11,32,2,37.59576950508031,-2.669901809757935,0.482842712474619,0,1003.2420043945312
49035,10,30,11,33,2,28.264647571528307,-2.5595368611069174,0.3414213562373095,0,1003.2420043945312
49035,10,30,11,34,2,39.43958904058658,-2.549131975172523,0.4308640753373011,0,1003.2420043945312
49035,10,30,11,35,2,21.12969515995586,-1.9481912830921952,0.613407053921902,0,1003.2420043945312
49035,10,30,11,36,2,26.80330796802395,-2.0427499425425215,0.682842712474619,0,1003.2420043945312
49035,10,30,11,37,2,24.210359907703218,-1.8747287341277177,0.8513997106635237,0,1003.2420043945312
49035,10,30,11,38,2,22.44695381766333,-1.6736902894437624,0.682842712474619,0,1003.2420043945312
49035,10,30,11,39,2,27.582586389790297,-1.9158327309700527,0.848528137423857,0,1003.2420043945312
49035,10,30,11,40,2,25.56410140767776,-1.7433498837876453,0.848528137423857,0,1003.2420043945312
49035,10,30,11,41,2,32.90592151661636,-2.039717989277193,0.613407053921902,0,1003.2420043945312
49035,10,30,11,42,2,30.991234519456732,-1.9479396580201567,0.8513997106635237,0,1003.2420043945312
49035,10,30,11,43,2,28.778131035071645,-1.7976671688591457,0.848528137423857,0,1003.2420043945312
49035,10,30,11,44,2,27.311262048897355,-1.6269598360732374,0.8513997106635237,0,1003.2420043945312
49035,10,30,11,45,2,26.79667854204681,-1.4989014176828808,0.613407053921902,0,1003.2420043945312
49035,10,30,11,46,2,32.05991844907712,-1.8409712013579216,0.848528137423857,0,1003.2420043945312
49035,10,30,11,47,2,30.340774212159822,-1.6902872621202358,0.848528137423857,0,1003.2420043945312
49035,10,30,11,48,2,35.39061904023716,-1.8761804501470485,0.682842712474619,0,1003.2420043945312
49035,10,30,11,49,2,33.469689644258494,-1.7419508801877484,0.8513997106635237,0,1003.2420043945312
49035,10,30,11,50,2,32.21714347540407,-1.594406986876759,0.682842712474619,0,1003.2420043945312
49035,10,30,11,51,2,36.80214170657525,-1.7114640501438854,0.613407053921902,0,1003.2420043945312
49035,10,30,11,52,2,46.149715859036455,-2.4968489995196266,0.4308640753373011,0,1003.2420043945312
49035,10,30,11,53,2,57.32701941682872,-2.5019145161407303,0.3414213562373095,0,1003.2420043945312
49035,10,30,11,54,2,48.701494565167415,-2.406120595891847,0.482842712474619,0,1003.2420043945312
49035,10,30,11,55,2,40.7097530150283,-2.2710202820254035,0.3414213562373095,0,1003.2420043945312
49035,10,30,11,56,2,55.64306482447273,-2.3802428654570744,0.4242640687119285,0,1003.2420043945312
49035,10,30,11,57,2,47.766087140606864,-2.2606741091713536,0.4242640687119285,0,1003.2420043945312
49035,10,30,11,58,2,62.61362274489409,-2.3601157984965,0.382842712474619,0,1003.2420043945312
49035,10,30,11,59,2,54.826217915368666,-2.2529918946006413,0.4242640687119285,0,1003.2420043945312
49035,10,30,11,60,2,47.86817929028705,-2.1126771247633522,0.482842712474619,0,1003.2420043945312
49035,10,30,11,61,2,44.82283789987927,-2.0270389727723765,0.37888543819998316,0,1003.2420043945312
49035,10,30,11,62,2,61.88884601511758,-2.2470627507418492,0.4242640687119285,0,1003.2420043945312
49035,10,30,11,63,2,54.915186230645794,-2.1240449154660666,0.4242640687119285,0,1003.2420043945312
49035,10,30,11,64,2,68.95320406813869,-2.242348367456099,0.3414213562373095,0,1003.2420043945312
49035,10,30,11,65,2,61.96767519381337,-2.1328261181679604,0.382842712474619,0,1003.2420043945312
49035,10,30,11,66,2,55.905645391047294,-1.9976011353896597,0.3414213562373095,0,1003.2420043945312
49035,10,31,16,1,,,,,0,1003.3079833984376
49035,10,31,16,2,,,,,0,1003.3079833984376
49035,10,31,16,3,,,,,0,1003.3079833984376
49035,10,31,16,4,2,3.375418413759274,1.9431735682423987,0.295953977571454,0,1003.3079833984376
49035,10,31,16,5,,,,,0,1003.3079833984376
49035,10,31,16,6,,,,,0,1003.3079833984376
49035,10,31,16,7,2,14.32924926970532,-2.8672780232820427,0.32945111702087154,0,1003.3079833984376
49035,10,31,16,8,,,,,0,1003.3079833984376
49035,10,31,16,9,,,,,0,1003.3079833984376
49035,10,31,16,10,,,,,0,1003.3079833984376
49035,10,31,16,11,,,,,0,1003.3079833984376
49035,10,31,16,12,,,,,0,1003.3079833984376
49035,10,31,16,13,2,5.300027695106633,-2.0704428988724555,0.4979822603169414,0,1003.3079833984376
49035,10,31,16,14,,,,,0,1003.3079833984376
49035,10,31,16,15,,,,,0,1003.3079833984376
49035,10,31,16,16,2,6.74329648542952,-1.5237835564001392,0.45230558363933776,1,1003.3079833984376
49035,10,31,16,17,,,,,0,1003.3079833984376
49035,10,31,16,18,2,38.12145576473929,2.9404415617845547,0.37888543819998316,0,1003.3079833984376
49035,10,31,16,19,2,46.47403867720806,3.1172408415458372,0.3414213562373095,0,1003.3079833984376
49035,10,31,16,20,2,36.67812275231933,3.068552329824284,0.482842712474619,0,1003.3079833984376
49035,10,31,16,21,2,27.03207550850987,2.98478127375372,0.3414213562373095,0,1003.3079833984376
49035,10,31,16,22,2,40.860736395880686,3.2159588417940257,0.4242640687119285,0,1003.3079833984376
49035,10,31,16,23,2,30.90385407157532,3.189853647243918,0.4242640687119285,0,1003.3079833984376
49035,10,31,16,24,2,50.756188392759604,-2.9528955877801835,0.37888543819998316,0,1003.3079833984376
49035,10,31,16,25,2,45.75931455991328,-2.9492273777731945,0.482842712474619,0,1003.3079833984376
49035,10,31,16,26,2,35.76818819365423,-2.9388166014203954,0.4242640687119285,0,1003.3079833984376
49035,10,31,16,27,2,25.783942761343543,-2.9203396564531827,0.482842712474619,0,1003.3079833984376
49035,10,31,16,28,2,20.797497761798827,-2.904451277623431,0.44328887294614544,0,1003.3079833984376
49035,10,31,16,29,2,41.2756390239583,-2.8233315083492196,0.4242640687119285,0,1003.3079833984376
49035,10,31,16,30,2,31.450386237686867,-2.771665738284643,0.4242640687119285,0,1003.3079833984376
49035,10,31,16,31,2,47.20162568191431,-2.735902903290284,0.3414213562373095,0,1003.3079833984376
49035,10,31,16,32,2,37.59576950508031,-2.669901809757935,0.482842712474619,0,1003.3079833984376
49035,10,31,16,33,2,28.264647571528307,-2.5595368611069174,0.3414213562373095,0,1003.3079833984376
49035,10,31,16,34,2,39.43958904058658,-2.549131975172523,0.4308640753373011,0,1003.3079833984376
49035,10,31,16,35,2,21.12969515995586,-1.9481912830921952,0.613407053921902,0,1003.3079833984376
49035,10,31,16,36,2,26.80330796802395,-2.0427499425425215,0.682842712474619,0,1003.3079833984376
49035,10,31,16,37,2,24.210359907703218,-1.8747287341277177,0.8513997106635237,0,1003.3079833984376
49035,10,31,16,38,2,22.44695381766333,-1.6736902894437624,0.682842712474619,0,1003.3079833984376
49035,10,31,16,39,2,27.582586389790297,-1.9158327309700527,0.848528137423857,0,1003.3079833984376
49035,10,31,16,40,2,25.56410140767776,-1.7433498837876453,0.848528137423857,0,1003.3079833984376
49035,10,31,16,41,2,32.90592151661636,-2.039717989277193,0.613407053921902,0,1003.3079833984376
49035,10,31,16,42,2,30.991234519456732,-1.9479396580201567,0.8513997106635237,0,1003.3079833984376
49035,10,31,16,43,2,28.778131035071645,-1.7976671688591457,0.848528137423857,0,1003.3079833984376
49035,10,31,16,44,2,27.311262048897355,-1.6269598360732374,0.8513997106635237,0,1003.3079833984376
49035,10,31,16,45,2,26.79667854204681,-1.4989014176828808,0.613407053921902,0,1003.3079833984376
49035,10,31,16,46,2,32.05991844907712,-1.8409712013579216,0.848528137423857,0,1003.3079833984376
49035,10,31,16,47,2,30.340774212159822,-1.6902872621202358,0.848528137423857,0,1003.3079833984376
49035,10,31,16,48,2,35.39061904023716,-1.8761804501470485,0.682842712474619,0,1003.3079833984376
49035,10,31,16,49,2,33.469689644258494,-1.7419508801877484,0.8513997106635237,0,1003.3079833984376
49035,10,31,16,50,2,32.21714347540407,-1.594406986876759,0.682842712474619,0,1003.3079833984376
49035,10,31,16,51,2,36.80214170657525,-1.7114640501438854,0.613407053921902,0,1003.3079833984376
49035,10,31,16,52,2,46.149715859036455,-2.4968489995196266,0.4308640753373011,0,1003.3079833984376
49035,10,31,16,53,2,57.32701941682872,-2.5019145161407303,0.3414213562373095,0,1003.3079833984376
49035,10,31,16,54,2,48.701494565167415,-2.406120595891847,0.482842712474619,0,1003.3079833984376
49035,10,31,16,55,2,40.7097530150283,-2.2710202820254035,0.3414213562373095,0,1003.3079833984376
49035,10,31,16,56,2,55.64306482447273,-2.3802428654570744,0.4242640687119285,0,1003.3079833984376
49035,10,31,16,57,2,47.766087140606864,-2.2606741091713536,0.4242640687119285,0,1003.3079833984376
49035,10,31,16,58,2,62.61362274489409,-2.3601157984965,0.382842712474619,0,1003.3079833984376
49035,10,31,16,59,2,54.826217915368666,-2.2529918946006413,0.4242640687119285,0,1003.3079833984376
49035,10,31,16,60,2,47.86817929028705,-2.1126771247633522,0.482842712474619,0,1003.3079833984376
49035,10,31,16,61,2,44.82283789987927,-2.0270389727723765,0.37888543819998316,0,1003.3079833984376
49035,10,31,16,62,2,61.88884601511758,-2.2470627507418492,0.4242640687119285,0,1003.3079833984376
49035,10,31,16,63,2,54.915186230645794,-2.1240449154660666,0.4242640687119285,0,1003.3079833984376
49035,10,31,16,64,2,68.95320406813869,-2.242348367456099,0.3414213562373095,0,1003.3079833984376
49035,10,31,16,65,2,61.96767519381337,-2.1328261181679604,0.382842712474619,0,1003.3079833984376
49035,10,31,16,66,2,55.905645391047294,-1.9976011353896597,0.3414213562373095,0,1003.3079833984376
49035,10,32,40,1,,,,,0,1003.6580200195312
49035,10,32,40,2,,,,,0,1003.6580200195312
49035,10,32,40,3,,,,,0,1003.6580200195312
49035,10,32,40,4,2,6.640020032924166,3.750221884800869,0.24446110257872053,0,1003.6580200195312
49035,10,32,40,5,,,,,0,1003.6580200195312
49035,10,32,40,6,,,,,0,1003.6580200195312
49035,10,32,40,7,2,14.393070087624736,5.088736204619783,0.32945111702087154,0,1003.6580200195312
49035,10,32,40,8,,,,,0,1003.6580200195312
49035,10,32,40,9,,,,,0,1003.6580200195312
49035,10,32,40,10,,,,,0,1003.6580200195312
49035,10,32,40,11,,,,,0,1003.6580200195312
49035,10,32,40,12,,,,,0,1003.6580200195312
49035,10,32,40,13,2,3.42757444459165,-0.8152837838304894,0.27810240284437826,0,1003.6580200195312
49035,10,32,40,14,,,,,0,1003.6580200195312
49035,10,32,40,15,,,,,0,1003.6580200195312
49035,10,32,40,16,,,,,0,1003.6580200195312
49035,10,32,40,17,,,,,0,1003.6580200195312
49035,10,32,40,18,2,39.46202226228516,4.7655856911356675,0.37888543819998316,0,1003.6580200195312
49035,10,32,40,19,2,47.24868027161282,4.951655984545855,0.3414213562373095,0,1003.6580200195312
49035,10,32,40,20,2,37.63430089933325,4.8864244419700675,0.482842712474619,0,1003.6580200195312
49035,10,32,40,21,2,28.28857403535951,4.77733317359758,0.3414213562373095,0,1003.6580200195312
49035,10,32,40,22,2,41.333746490583096,5.039362892534983,0.4242640687119285,0,1003.6580200195312
49035,10,32,40,23,2,31.50208589475071,4.988722530925553,0.4242640687119285,0,1003.6580200195312
49035,10,32,40,24,2,50.829766725097166,5.168199198651448,0.37888543819998316,0,1003.6580200195312
49035,10,32,40,25,2,45.83248404476923,5.164784394448113,0.482842712474619,0,1003.6580200195312
49035,10,32,40,26,2,35.84019266809941,5.155098281457652,0.4242640687119285,0,1003.6580200195312
49035,10,32,40,27,2,25.853862907870226,5.13792663107902,0.482842712474619,0,1003.6580200195312
49035,10,32,40,28,2,20.865608921025487,5.1231792224788055,0.44328887294614544,0,1003.6580200195312
49035,10,32,40,29,2,40.94700728078576,-1.0003303023081709,0.4242640687119285,0,1003.6580200195312
49035,10,32,40,30,2,30.992905995165785,-0.9734652819140441,0.4242640687119285,0,1003.6580200195312
49035,10,32,40,31,2,46.57032746308488,-0.9021190744410488,0.3414213562373095,0,1003.6580200195312
49035,10,32,40,32,2,36.77904589289149,-0.8530049807945299,0.482842712474619,0,1003.6580200195312
49035,10,32,40,33,2,27.14039486750109,-0.768663803495373,0.3414213562373095,0,1003.6580200195312
49035,10,32,40,34,2,38.233331269245745,-0.7253465180689012,0.4308640753373011,0,1003.6580200195312
49035,10,32,40,35,2,18.412536023611096,-0.14000985739601512,0.613407053921902,0,1003.6580200195312
49035,10,32,40,36,2,24.262783365501825,-0.2223155517419344,0.682842712474619,0,1003.6580200195312
49035,10,32,40,37,2,21.34558654681343,-0.04364074116958383,0.8513997106635237,0,1003.6580200195312
49035,10,32,40,38,2,19.30247324603075,0.18165763584644123,0.682842712474619,0,1003.6580200195312
49035,10,32,40,39,2,24.783120513983306,-0.0795838953328083,0.848528137423857,0,1003.6580200195312
49035,10,32,40,40,2,22.497877028663183,0.10903390956744774,0.848528137423857,1,1003.6580200195312
49035,10,32,40,41,2,30.3423149071289,-0.20249189196330475,0.613407053921902,0,1003.6580200195312
49035,10,32,40,42,2,28.244858997589947,-0.1067448325151914,0.8513997106635237,0,1003.6580200195312
49035,10,32,40,43,2,25.782231636923292,0.05468347869466683,0.848528137423857,0,1003.6580200195312
49035,10,32,40,44,2,24.117936822336166,0.24404409442674413,0.8513997106635237,0,1003.6580200195312
49035,10,32,40,45,2,23.52213558409525,0.3889727640986427,0.613407053921902,0,1003.6580200195312
49035,10,32,40,46,2,29.125460778553975,0.012708989115610247,0.848528137423857,0,1003.6580200195312
49035,10,32,40,47,2,27.207423140556998,0.17692409485332083,0.848528137423857,0,1003.6580200195312
49035,10,32,40,48,2,32.50940576119785,-0.020576087328028514,0.682842712474619,0,1003.6580200195312
49035,10,32,40,49,2,30.39429011068418,0.12367905195870255,0.8513997106635237,0,1003.6580200195312
49035,10,32,40,50,2,28.995935572398153,0.2855594892562694,0.682842712474619,0,1003.6580200195312
49035,10,32,40,51,2,33.68865467095948,0.16062018936352307,0.613407053921902,0,1003.6580200195312
49035,10,32,40,52,2,44.76522774107286,-0.6598729085079582,0.4308640753373011,0,1003.6580200195312
49035,10,32,40,53,2,55.938467990195484,-0.6519119176985995,0.3414213562373095,0,1003.6580200195312
49035,10,32,40,54,2,47.04269356512853,-0.5628374041487416,0.482842712474619,0,1003.6580200195312
49035,10,32,40,55,2,38.69002241709155,-0.4338654581992265,0.3414213562373095,0,1003.6580200195312
49035,10,32,40,56,2,53.899471357600724,-0.5285269945041424,0.4242640687119285,0,1003.6580200195312
49035,10,32,40,57,2,45.70619027441777,-0.41295229172902426,0.4242640687119285,0,1003.6580200195312
49035,10,32,40,58,2,60.80535344355015,-0.5019844808553118,0.382842712474619,0,1003.6580200195312
49035,10,32,40,59,2,52.737025173662545,-0.39761006036194413,0.4242640687119285,0,1003.6580200195312
49035,10,32,40,60,2,45.44333439504608,-0.25775001429993605,0.482842712474619,0,1003.6580200195312
49035,10,32,40,61,2,42.21431095406164,-0.17056272542438,0.37888543819998316,0,1003.6580200195312
49035,10,32,40,62,2,59.777352056893186,-0.38587947186250204,0.4242640687119285,0,1003.6580200195312
49035,10,32,40,63,2,52.50937664556887,-0.26320658292039534,0.4242640687119285,0,1003.6580200195312
49035,10,32,40,64,2,66.82417087925586,-0.3766218786704396,0.3414213562373095,0,1003.6580200195312
49035,10,32,40,65,2,59.576611438319055,-0.26736868868495023,0.382842712474619,0,1003.6580200195312
49035,10,32,40,66,2,53.228520994340144,-0.13005156810401353,0.3414213562373095,0,1003.6580200195312
49035,10,33,47,1,,,,,0,1005.4409790039064
49035,10,33,47,2,,,,,0,1005.4409790039064
49035,10,33,47,3,2,24.29886814416826,3.0514598656671303,0.5264911064067352,0,1005.4409790039064
49035,10,33,47,4,2,25.390848543785733,2.854704428985285,0.4679124626440447,0,1005.4409790039064
49035,10,33,47,5,,,,,0,1005.4409790039064
49035,10,33,47,6,,,,,0,1005.4409790039064
49035,10,33,47,7,2,19.91788484741667,3.4558065261482542,0.3728972379823621,0,1005.4409790039064
49035,10,33,47,8,,,,,0,1005.4409790039064
49035,10,33,47,9,2,19.34462383094578,3.020330443743811,0.682842712474619,0,1005.4409790039064
49035,10,33,47,10,,,,,0,1005.4409790039064
49035,10,33,47,11,,,,,0,1005.4409790039064
49035,10,33,47,12,,,,,0,1005.4409790039064
49035,10,33,47,13,2,17.48525975043696,2.856641478927676,0.7195315787953919,0,1005.4409790039064
49035,10,33,47,14,,,,,0,1005.4409790039064
49035,10,33,47,15,2,14.421995327759449,2.9678665095941277,0.7685569981889047,0,1005.4409790039064
49035,10,33,47,16,,,,,0,1005.4409790039064
49035,10,33,47,17,2,11.017694127407035,2.9033708700570493,0.557207498383969,0,1005.4409790039064
49035,10,33,47,18,2,43.55817784098284,3.84290208796898,0.37888543819998316,0,1005.4409790039064
49035,10,33,47,19,2,47.14418247809826,4.077122986852146,0.3414213562373095,0,1005.4409790039064
49035,10,33,47,20,2,39.76297693709324,3.92113989570085,0.482842712474619,0,1005.4409790039064
49035,10,33,47,21,2,33.75818016824057,3.7024486774957253,0.3414213562373095,0,1005.4409790039064
49035,10,33,47,22,2,40.13245091303468,4.0981390143801,0.4242640687119285,0,1005.4409790039064
49035,10,33,47,23,2,32.697614739591025,3.913263550865863,0.4242640687119285,0,1005.4409790039064
49035,10,33,47,24,2,46.21550282090065,4.31638851233406,0.37888543819998316,0,1005.4409790039064
49035,10,33,47,25,2,41.71490018775626,4.266774562928666,0.482842712474619,0,1005.4409790039064
49035,10,33,47,26,2,33.14593928441385,4.128032814273808,0.4242640687119285,0,1005.4409790039064
49035,10,33,47,27,2,25.63539904931521,3.901046402606222,0.482842712474619,0,1005.4409790039064
49035,10,33,47,28,2,22.614903959632954,3.7353709087539597,0.44328887294614544,0,1005.4409790039064
49035,10,33,47,29,2,35.04529315661917,4.328212050302577,0.4242640687119285,0,1005.4409790039064
49035,10,33,47,30,2,26.204827147015497,4.173824075571806,0.4242640687119285,0,1005.4409790039064
49035,10,33,47,31,2,38.179730929129235,4.5017095107505805,0.3414213562373095,0,1005.4409790039064
49035,10,33,47,32,2,28.56942854157726,4.417982483687547,0.482842712474619,0,1005.4409790039064
49035,10,33,47,33,2,19.358012309218925,4.252283670381976,0.3414213562373095,0,1005.4409790039064
49035,10,33,47,34,2,27.385976799548516,4.59187596502046,0.4308640753373011,0,1005.4409790039064
49035,10,33,47,35,2,3.3431350729966964,3.841384967112122,0.613407053921902,0,1005.4409790039064
49035,10,33,47,36,2,7.1282529473703224,-1.4167401893187739,0.682842712474619,0,1005.4409790039064
49035,10,33,47,37,2,2.252151586258063,-1.1397753299360933,0.7685569981889047,0,1005.4409790039064
49035,10,33,47,38,2,3.0548949987316627,1.309873127317055,0.5638463841038082,0,1005.4409790039064
49035,10,33,47,39,2,5.686108287849367,-0.9041088876982593,0.848528137423857,0,1005.4409790039064
49035,10,33,47,40,,,,,0,1005.4409790039064
49035,10,33,47,41,2,12.097906036780088,-1.032865802499551,0.613407053921902,0,1005.4409790039064
49035,10,33,47,42,2,9.197362021515398,-0.8469028997910795,0.8513997106635237,0,1005.4409790039064
49035,10,33,47,43,2,6.233110366470726,-0.3086253450001366,0.848528137423857,0,1005.4409790039064
49035,10,33,47,44,2,6.565962345794852,0.4924610470852231,0.7685569981889047,0,1005.4409790039064
49035,10,33,47,45,2,8.708846031848855,0.8604911447819844,0.613407053921902,0,1005.4409790039064
49035,10,33,47,46,2,9.545224226505598,-0.46915405402658106,0.848528137423857,0,1005.4409790039064
49035,10,33,47,47,2,8.388772390526542,0.08138444979915738,0.848528137423857,1,1005.4409790039064
49035,10,33,47,48,2,12.975783068005335,-0.5460112865247297,0.682842712474619,0,1005.4409790039064
49035,10,33,47,49,2,11.073894658778588,-0.1578199694438327,0.8513997106635237,0,1005.4409790039064
49035,10,33,47,50,2,11.264605612249191,0.2933449225159035,0.682842712474619,0,1005.4409790039064
49035,10,33,47,51,2,14.526760738888385,-0.11268106679572565,0.613407053921902,0,1005.4409790039064
49035,10,33,47,52,2,32.08599393275419,-1.512852485224565,0.4308640753373011,0,1005.4409790039064
49035,10,33,47,53,2,42.48258574232831,-1.4014115823866238,0.3414213562373095,0,1005.4409790039064
49035,10,33,47,54,2,32.608135253734744,-1.3589672970814974,0.482842712474619,0,1005.4409790039064
49035,10,33,47,55,2,22.843180122247443,-1.2799731410831852,0.3414213562373095,0,1005.4409790039064
49035,10,33,47,56,2,38.63689643479646,-1.254816458116939,0.4242640687119285,0,1005.4409790039064
49035,10,33,47,57,2,29.17756260356183,-1.158173106010696,0.4242640687119285,0,1005.4409790039064
49035,10,33,47,58,2,44.97031295755586,-1.1793611896052072,0.382842712474619,0,1005.4409790039064
49035,10,33,47,59,2,35.78895696820597,-1.0805453803852387,0.4242640687119285,0,1005.4409790039064
49035,10,33,47,60,2,27.191355873580136,-0.9166523569849789,0.482842712474619,0,1005.4409790039064
49035,10,33,47,61,2,23.315875083930948,-0.7911004321037787,0.37888543819998316,0,1005.4409790039064
49035,10,33,47,62,2,42.5484279646079,-1.0273405576860664,0.4242640687119285,0,1005.4409790039064
49035,10,33,47,63,2,34.18902039589626,-0.8833214917278691,0.4242640687119285,0,1005.4409790039064
49035,10,33,47,64,2,49.395222477955876,-0.9888000261452792,0.3414213562373095,0,1005.4409790039064
49035,10,33,47,65,2,41.211750715279486,-0.8613322136639088,0.382842712474619,0,1005.4409790039064
49035,10,33,47,66,2,34.013655939782794,-0.6756570864897871,0.3414213562373095,0,1005.4409790039064
49035,10,34,49,1,2,33.031898193129756,3.052894758309174,0.5672077286416233,0,1005.8579711914064
49035,10,34,49,2,,,,,0,1005.8579711914064
49035,10,34,49,3,2,29.54728360002448,3.042401698141333,0.6857142857142857,0,1005.8579711914064
49035,10,34,49,4,2,30.451636488472445,2.87827816344413,0.5052677403411177,0,1005.8579711914064
49035,10,34,49,5,,,,,0,1005.8579711914064
49035,10,34,49,6,,,,,0,1005.8579711914064
49035,10,34,49,7,2,25.03056456018431,3.366162427969082,0.3728972379823621,0,1005.8579711914064
49035,10,34,49,8,,,,,0,1005.8579711914064
49035,10,34,49,9,2,24.576848792459124,3.022253655056815,0.682842712474619,0,1005.8579711914064
49035,10,34,49,10,,,,,0,1005.8579711914064
49035,10,34,49,11,,,,,0,1005.8579711914064
49035,10,34,49,12,,,,,0,1005.8579711914064
49035,10,34,49,13,2,22.564160944379406,2.8987418979046495,0.7195315787953919,0,1005.8579711914064
49035,10,34,49,14,,,,,0,1005.8579711914064
49035,10,34,49,15,2,19.621442989610205,2.991910778596977,0.7685569981889047,0,1005.8579711914064
49035,10,34,49,16,,,,,0,1005.8579711914064
49035,10,34,49,17,2,16.169004140438282,2.959625352636614,0.557207498383969,0,1005.8579711914064
49035,10,34,49,18,2,47.80713054734912,3.743622704477924,0.37888543819998316,0,1005.8579711914064
49035,10,34,49,19,2,50.57648530915156,3.9643556467967787,0.3414213562373095,0,1005.8579711914064
49035,10,34,49,20,2,43.77786266594573,3.808348614591741,0.482842712474619,0,1005.8579711914064
49035,10,34,49,21,2,38.4060106359667,3.6022815824608188,0.3414213562373095,0,1005.8579711914064
49035,10,34,49,22,2,43.511154792073015,3.970426489894949,0.4242640687119285,0,1005.8579711914064
49035,10,34,49,23,2,36.76603030939457,3.7855821472135003,0.4242640687119285,0,1005.8579711914064
49035,10,34,49,24,2,48.6382537350518,4.186820507450709,0.37888543819998316,0,1005.8579711914064
49035,10,34,49,25,2,44.38400526181781,4.130271721150744,0.482842712474619,0,1005.8579711914064
49035,10,34,49,26,2,36.448049556219786,3.978850634838426,0.4242640687119285,0,1005.8579711914064
49035,10,34,49,27,2,29.782221371553792,3.752113614052835,0.482842712474619,0,1005.8579711914064
49035,10,34,49,28,2,27.225739778930276,3.6010665921753264,0.44328887294614544,0,1005.8579711914064
49035,10,34,49,29,2,37.48572592593061,4.168362994411588,0.4242640687119285,0,1005.8579711914064
49035,10,34,49,30,2,29.38877407388012,3.991323065357914,0.4242640687119285,0,1005.8579711914064
49035,10,34,49,31,2,39.77309366814856,4.341863525000814,0.3414213562373095,0,1005.8579711914064
49035,10,34,49,32,2,30.66625789539541,4.22350801515428,0.482842712474619,0,1005.8579711914064
49035,10,34,49,33,2,22.33695965610547,4.0116756724994245,0.3414213562373095,0,1005.8579711914064
49035,10,34,49,34,2,28.66005760172204,4.378146123797442,0.4308640753373011,0,1005.8579711914064
49035,10,34,49,35,2,8.16968443032641,3.398264631857573,0.613407053921902,0,1005.8579711914064
49035,10,34,49,36,2,8.331819543431887,4.155742847534861,0.682842712474619,0,1005.8579711914064
49035,10,34,49,37,2,4.866149770619947,3.581886837504447,0.7685569981889047,0,1005.8579711914064
49035,10,34,49,38,2,5.285793249446631,2.55495614541633,0.5638463841038082,0,1005.8579711914064
49035,10,34,49,39,2,4.9536935170407,4.31830185401283,0.848528137423857,0,1005.8579711914064
49035,10,34,49,40,,,,,0,1005.8579711914064
49035,10,34,49,41,2,10.59087379074002,-1.514307033443603,0.613407053921902,0,1005.8579711914064
49035,10,34,49,42,2,7.0992073734634324,-1.486468303273063,0.8513997106635237,0,1005.8579711914064
49035,10,34,49,43,2,2.1584582500545575,-1.2900969146723114,0.765685424949238,0,1005.8579711914064
49035,10,34,49,44,2,2.9864927093531635,1.3692147964693802,0.6857142857142857,0,1005.8579711914064
49035,10,34,49,45,2,6.453780007334718,1.478011684897076,0.613407053921902,0,1005.8579711914064
49035,10,34,49,46,2,5.524364930731413,-0.9754688724075335,0.848528137423857,0,1005.8579711914064
49035,10,34,49,47,,,,,0,1005.8579711914064
49035,10,34,49,48,2,9.020990730433192,-0.9013556817594739,0.682842712474619,0,1005.8579711914064
49035,10,34,49,49,2,5.969796516159709,-0.3548100274376762,0.7685569981889047,1,1005.8579711914064
49035,10,34,49,50,2,6.316539173482867,0.4816380087096337,0.5638463841038082,0,1005.8579711914064
49035,10,34,49,51,2,9.331352546299996,-0.22413117017950857,0.613407053921902,0,1005.8579711914064
49035,10,34,49,52,2,32.37465418310068,4.575994450747099,0.4308640753373011,0,1005.8579711914064
49035,10,34,49,53,2,42.07822915155651,-1.5565853444997524,0.3414213562373095,0,1005.8579711914064
49035,10,34,49,54,2,32.07955364250697,-1.5521555601545236,0.482842712474619,0,1005.8579711914064
49035,10,34,49,55,2,22.082077693778377,-1.5437143669234836,0.3414213562373095,0,1005.8579711914064
49035,10,34,49,56,2,37.49422747095632,-1.4209342818330963,0.4242640687119285,0,1005.8579711914064
49035,10,34,49,57,2,27.64665417397551,-1.3669044561179802,0.4242640687119285,0,1005.8579711914064
49035,10,34,49,58,2,43.388206063228154,-1.3240410197974768,0.382842712474619,0,1005.8579711914064
49035,10,34,49,59,2,33.779532542010266,-1.251668141238981,0.4242640687119285,0,1005.8579711914064
49035,10,34,49,60,2,24.48626578570756,-1.1231864328633456,0.482842712474619,0,1005.8579711914064
49035,10,34,49,61,2,20.095706228299207,-1.0152894899683949,0.37888543819998316,0,1005.8579711914064
49035,10,34,49,62,2,40.22158811506656,-1.1725521512991803,0.4242640687119285,0,1005.8579711914064
49035,10,34,49,63,2,31.245744412153883,-1.0481182129217346,0.4242640687119285,0,1005.8579711914064
49035,10,34,49,64,2,46.8454424916597,-1.1155314226572632,0.3414213562373095,0,1005.8579711914064
49035,10,34,49,65,2,38.118445346196616,-0.9999230259229095,0.382842712474619,0,1005.8579711914064
49035,10,34,49,66,2,30.191658930614604,-0.8199745025433254,0.3414213562373095,0,1005.8579711914064
49035,10,35,46,1,2,37.33749855266687,3.0707776723996254,0.613407053921902,0,1006.2249755859376
49035,10,35,46,2,2,33.784788027677855,3.210619625535593,0.5276927682076162,0,1006.2249755859376
49035,10,35,46,3,2,33.84946685199754,3.062642882771868,0.6857142857142857,0,1006.2249755859376
49035,10,35,46,4,2,34.643338612983534,2.918359378031457,0.5052677403411177,0,1006.2249755859376
49035,10,35,46,5,,,,,0,1006.2249755859376
49035,10,35,46,6,,,,,0,1006.2249755859376
49035,10,35,46,7,2,29.255461820777597,3.3408338102457744,0.43533959677349143,0,1006.2249755859376
49035,10,35,46,8,,,,,0,1006.2249755859376
49035,10,35,46,9,2,28.8715898990492,3.0476137346628134,0.682842712474619,0,1006.2249755859376
49035,10,35,46,10,,,,,0,1006.2249755859376
49035,10,35,46,11,,,,,0,1006.2249755859376
49035,10,35,46,12,,,,,0,1006.2249755859376
49035,10,35,46,13,2,26.779602385225164,2.9450658160053615,0.7195315787953919,0,1006.2249755859376
49035,10,35,46,14,,,,,0,1006.2249755859376
49035,10,35,46,15,2,23.902949617845895,3.026329838009869,0.7685569981889047,0,1006.2249755859376
49035,10,35,46,16,,,,,0,1006.2249755859376
49035,10,35,46,17,2,20.43400617664972,3.005279181408244,0.557207498383969,0,1006.2249755859376
49035,10,35,46,18,2,51.41959536363106,3.7037847783274356,0.37888543819998316,0,1006.2249755859376
49035,10,35,46,19,2,53.600448471213724,3.9130396625589534,0.3414213562373095,0,1006.2249755859376
49035,10,35,46,20,2,47.24147631577519,3.7595176540201103,0.482842712474619,0,1006.2249755859376
49035,10,35,46,21,2,42.31437217627906,3.5645790086598512,0.3414213562373095,0,1006.2249755859376
49035,10,35,46,22,2,46.53133221324092,3.909713365352552,0.4242640687119285,0,1006.2249755859376
49035,10,35,46,23,2,40.297814900037736,3.728890794547756,0.4242640687119285,0,1006.2249755859376
49035,10,35,46,24,2,50.93327170420805,4.121215789737226,0.37888543819998316,0,1006.2249755859376
49035,10,35,46,25,2,46.88893974685327,4.06104699685628,0.482842712474619,0,1006.2249755859376
49035,10,35,46,26,2,39.462915233960445,3.9051954198657572,0.4242640687119285,0,1006.2249755859376
49035,10,35,46,27,2,33.407644139350175,3.6855748293116624,0.482842712474619,0,1006.2249755859376
49035,10,35,46,28,2,31.151969296190785,3.5471423994431004,0.44328887294614544,0,1006.2249755859376
49035,10,35,46,29,2,39.883950052719086,4.083349009627948,0.4242640687119285,0,1006.2249755859376
49035,10,35,46,30,2,32.39565526403968,3.898706068717618,0.4242640687119285,0,1006.2249755859376
49035,10,35,46,31,2,41.52273190497989,4.252577293041863,0.3414213562373095,0,1006.2249755859376
49035,10,35,46,32,2,32.907237395921676,4.115129467861307,0.482842712474619,0,1006.2249755859376
49035,10,35,46,33,2,25.330520744948313,3.8885960799791417,0.3414213562373095,0,1006.2249755859376
49035,10,35,46,34,2,30.34252082747815,4.251065308719763,0.4308640753373011,0,1006.2249755859376
49035,10,35,46,35,2,12.394586711667419,3.316717015592337,0.613407053921902,0,1006.2249755859376
49035,10,35,46,36,2,11.222695026497272,3.830196494322825,0.682842712474619,0,1006.2249755859376
49035,10,35,46,37,2,8.962331602162582,3.381748780841784,0.7685569981889047,0,1006.2249755859376
49035,10,35,46,38,2,9.203145757646,2.8246689899163986,0.5638463841038082,0,1006.2249755859376
49035,10,35,46,39,2,7.715392684085758,3.782272255432177,0.848528137423857,0,1006.2249755859376
49035,10,35,46,40,,,,,0,1006.2249755859376
49035,10,35,46,41,2,11.19906370772205,4.3815567771559465,0.613407053921902,0,1006.2249755859376
49035,10,35,46,42,2,7.9831811198397595,4.235336169264698,0.8513997106635237,0,1006.2249755859376
49035,10,35,46,43,2,4.255077541187879,3.655582636512771,0.765685424949238,0,1006.2249755859376
49035,10,35,46,44,2,4.741327764548341,2.4813732269720736,0.6857142857142857,0,1006.2249755859376
49035,10,35,46,45,2,7.435882048111429,2.1029291740785663,0.613407053921902,0,1006.2249755859376
49035,10,35,46,46,2,4.7233019598627655,4.458684590435114,0.848528137423857,1,1006.2249755859376
49035,10,35,46,47,,,,,0,1006.2249755859376
49035,10,35,46,48,2,7.177289037412761,-1.3838081891863063,0.6466890965784271,0,1006.2249755859376
49035,10,35,46,49,,,,,0,1006.2249755859376
49035,10,35,46,50,2,3.2035115272582324,1.1682999020565874,0.5276927682076162,0,1006.2249755859376
49035,10,35,46,51,2,5.204381808630153,-0.3995551306860776,0.4815389220537701,0,1006.2249755859376
49035,10,35,46,52,2,33.22764456308917,4.454731333966644,0.4308640753373011,0,1006.2249755859376
49035,10,35,46,53,2,42.226883050571914,4.63207633862755,0.3414213562373095,0,1006.2249755859376
49035,10,35,46,54,2,32.27783543463515,4.6047670668394325,0.482842712474619,0,1006.2249755859376
49035,10,35,46,55,2,22.374263530317588,4.553209925201116,0.3414213562373095,0,1006.2249755859376
49035,10,35,46,56,2,37.08458511821903,-1.5283822134697518,0.4242640687119285,0,1006.2249755859376
49035,10,35,46,57,2,27.092719715250876,-1.5156596508776903,0.4242640687119285,0,1006.2249755859376
49035,10,35,46,58,2,42.52851098305085,-1.41469145644525,0.382842712474619,0,1006.2249755859376
49035,10,35,46,59,2,32.67144402401258,-1.369491649111922,0.4242640687119285,0,1006.2249755859376
49035,10,35,46,60,2,22.93844508228268,-1.2856201926872428,0.482842712474619,0,1006.2249755859376
49035,10,35,46,61,2,18.18094515921144,-1.2102780918462326,0.37888543819998316,0,1006.2249755859376
49035,10,35,46,62,2,38.740560755611575,-1.2674575618852968,0.4242640687119285,0,1006.2249755859376
49035,10,35,46,63,2,29.318595734413037,-1.1679976360014406,0.4242640687119285,0,1006.2249755859376
49035,10,35,46,64,2,45.10253696527808,-1.1936070263095542,0.3414213562373095,0,1006.2249755859376
49035,10,35,46,65,2,35.95814023114914,-1.0930665598172302,0.382842712474619,0,1006.2249755859376
49035,10,35,46,66,2,27.41782006399665,-0.9271956111734774,0.3414213562373095,0,1006.2249755859376
49035,10,36,39,1,2,39.15748677439333,-1.3020222957628307,0.613407053921902,0,1006.625
49035,10,36,39,2,2,35.10618731424638,-1.1788273913809455,0.5638463841038082,0,1006.625
49035,10,36,39,3,2,35.71618648914388,-1.3190911251697026,0.6857142857142857,0,1006.625
49035,10,36,39,4,2,36.9979400360568,-1.4521391990692005,0.5052677403411177,0,1006.625
49035,10,36,39,5,,,,,0,1006.625
49035,10,36,39,6,,,,,0,1006.625
49035,10,36,39,7,2,30.105872691558996,-1.0711301133378612,0.6034068236642477,0,1006.625
49035,10,36,39,8,2,30.114028014023685,-1.1874359842735003,0.6857142857142857,0,1006.625
49035,10,36,39,9,2,30.822982866908806,-1.350072039481974,0.682842712474619,0,1006.625
49035,10,36,39,10,,,,,0,1006.625
49035,10,36,39,11,,,,,0,1006.625
49035,10,36,39,12,,,,,0,1006.625
49035,10,36,39,13,2,29.092305088272983,-1.4530717593029725,0.7195315787953919,0,1006.625
49035,10,36,39,14,,,,,0,1006.625
49035,10,36,39,15,2,25.970494186676618,-1.392684937118049,0.7685569981889047,0,1006.625
49035,10,36,39,16,,,,,0,1006.625
49035,10,36,39,17,2,22.612027223155362,-1.433344480486245,0.557207498383969,0,1006.625
49035,10,36,39,18,2,50.671647386366864,-0.6518293200818719,0.37888543819998316,0,1006.625
49035,10,36,39,19,2,52.01560309336083,-0.43521133918738775,0.3414213562373095,0,1006.625
49035,10,36,39,20,2,46.28202830834826,-0.6023891460045081,0.482842712474619,0,1006.625
49035,10,36,39,21,2,42.17142780963731,-0.8091014900701416,0.3414213562373095,0,1006.625
49035,10,36,39,22,2,44.98038294897954,-0.4499128626523716,0.4242640687119285,0,1006.625
49035,10,36,39,23,2,39.49225277703908,-0.6485793836912062,0.4242640687119285,0,1006.625
49035,10,36,39,24,2,48.59261226312698,-0.2231091930603939,0.37888543819998316,0,1006.625
49035,10,36,39,25,2,44.77101245380709,-0.29224817829148275,0.482842712474619,0,1006.625
49035,10,36,39,26,2,37.95848699971655,-0.47005941891754155,0.4242640687119285,0,1006.625
49035,10,36,39,27,2,32.82148556169192,-0.71373580724501,0.482842712474619,0,1006.625
49035,10,36,39,28,2,31.152070622363162,-0.861264153000193,0.4538461538461539,0,1006.625
49035,10,36,39,29,2,37.71015037373558,-0.28300552273726876,0.4242640687119285,0,1006.625
49035,10,36,39,30,2,30.958982870541,-0.49933260100183885,0.4242640687119285,0,1006.625
49035,10,36,39,31,2,38.77195051982618,-0.09992109346273192,0.3414213562373095,0,1006.625
49035,10,36,39,32,2,30.65399364325227,-0.2695061487790751,0.482842712474619,0,1006.625
49035,10,36,39,33,2,24.001468818579664,-0.5456382733463583,0.3414213562373095,0,1006.625
49035,10,36,39,34,2,27.64195401499324,-0.13229536663696528,0.4308640753373011,0,1006.625
49035,10,36,39,35,2,13.680594224473179,-1.2603993496508734,0.613407053921902,0,1006.625
49035,10,36,39,36,2,10.549610210375237,-0.8207775593899476,0.682842712474619,0,1006.625
49035,10,36,39,37,2,10.222321907238298,-1.3059687343628028,0.7685569981889047,0,1006.625
49035,10,36,39,38,2,12.153084166562602,-1.7227767186172291,0.5638463841038082,0,1006.625
49035,10,36,39,39,2,7.589480754719246,-1.0372599120336579,0.848528137423857,1,1006.625
49035,10,36,39,40,,,,,0,1006.625
49035,10,36,39,41,2,8.379347132578898,-0.2043484223598342,0.613407053921902,0,1006.625
49035,10,36,39,42,2,5.975330206549562,-0.565805275555388,0.7685569981889047,0,1006.625
49035,10,36,39,43,2,5.376444983597825,-1.4723251513477553,0.682842712474619,0,1006.625
49035,10,36,39,44,2,8.491628244689283,-2.0595419359165006,0.6857142857142857,0,1006.625
49035,10,36,39,45,2,11.493426945652468,-2.2419740734991978,0.613407053921902,0,1006.625
49035,10,36,39,46,,,,,0,1006.625
49035,10,36,39,47,,,,,0,1006.625
49035,10,36,39,48,2,3.1803878008434476,0.4252964648883548,0.5276927682076162,0,1006.625
49035,10,36,39,49,,,,,0,1006.625
49035,10,36,39,50,2,6.820413897444567,-2.689106943419415,0.5276927682076162,0,1006.625
49035,10,36,39,51,2,3.8927706057022604,-3.782005069719271,0.4453398270311456,0,1006.625
49035,10,36,39,52,2,29.921335659844807,0.10098099839057095,0.4308640753373011,0,1006.625
49035,10,36,39,53,2,38.51354883656983,0.3121031250853372,0.3414213562373095,0,1006.625
49035,10,36,39,54,2,28.63034444702946,0.26620715951405804,0.482842712474619,0,1006.625
49035,10,36,39,55,2,18.87060683508222,0.17243230455505953,0.3414213562373095,0,1006.625
49035,10,36,39,56,2,33.17989344554395,0.4420621377055798,0.4242640687119285,0,1006.625
49035,10,36,39,57,2,23.179916053047982,0.4412953985387671,0.4242640687119285,0,1006.625
49035,10,36,39,58,2,38.49823417976141,-5.71064656605988,0.382842712474619,0,1006.625
49035,10,36,39,59,2,28.60973984726969,-5.66577114813856,0.4242640687119285,0,1006.625
49035,10,36,39,60,2,18.83933102042512,-5.5739699738985795,0.482842712474619,0,1006.625
49035,10,36,39,61,2,14.075581085038829,-5.480669054853275,0.37888543819998316,0,1006.625
49035,10,36,39,62,2,34.63705992186044,-5.548246435338676,0.4242640687119285,0,1006.625
49035,10,36,39,63,2,25.221599854078484,-5.434205840784703,0.4242640687119285,0,1006.625
49035,10,36,39,64,2,40.99920274752486,-5.466333354305098,0.3414213562373095,0,1006.625
49035,10,36,39,65,2,31.895733336942598,-5.351829011145202,0.382842712474619,0,1006.625
49035,10,36,39,66,2,23.531701686662032,-5.1514254227201395,0.3414213562373095,0,1006.625
49035,10,37,35,1,2,34.57455141565068,-0.23425816761231433,0.613407053921902,0,1007.0579833984376
49035,10,37,35,2,2,30.28173007068485,-0.10007857302513701,0.5638463841038082,0,1007.0579833984376
49035,10,37,35,3,2,31.18073341238045,-0.2603164747353841,0.6857142857142857,0,1007.0579833984376
49035,10,37,35,4,2,32.825189964325546,-0.40804329675531537,0.5052677403411177,0,1007.0579833984376
49035,10,37,35,5,,,,,0,1007.0579833984376
49035,10,37,35,6,,,,,0,1007.0579833984376
49035,10,37,35,7,2,25.134689272076354,0.01887957231481452,0.613407053921902,0,1007.0579833984376
49035,10,37,35,8,2,25.31167866511255,-0.11981611899120126,0.6857142857142857,0,1007.0579833984376
49035,10,37,35,9,2,26.38059963128271,-0.30911911349987475,0.682842712474619,0,1007.0579833984376
49035,10,37,35,10,,,,,0,1007.0579833984376
49035,10,37,35,11,,,,,0,1007.0579833984376
49035,10,37,35,12,,,,,0,1007.0579833984376
49035,10,37,35,13,2,24.95821442575852,-0.43534662583006023,0.7195315787953919,0,1007.0579833984376
49035,10,37,35,14,2,20.356300685979477,-0.14917971186720558,0.5638463841038082,0,1007.0579833984376
49035,10,37,35,15,2,21.671039146246038,-0.37936723887479396,0.7685569981889047,0,1007.0579833984376
49035,10,37,35,16,,,,,0,1007.0579833984376
49035,10,37,35,17,2,18.465439832795603,-0.44961909826542046,0.6034068236642477,0,1007.0579833984376
49035,10,37,35,18,2,45.752732970053614,0.5009834169264265,0.37888543819998316,0,1007.0579833984376
49035,10,37,35,19,2,47.502637346582,0.7384061930106336,0.3414213562373095,0,1007.0579833984376
49035,10,37,35,20,2,41.43682510763978,0.5589701955304278,0.482842712474619,0,1007.0579833984376
49035,10,37,35,21,2,37.11496187686801,0.3285097166171529,0.3414213562373095,0,1007.0579833984376
49035,10,37,35,22,2,40.44073955447775,0.7301925730984937,0.4242640687119285,0,1007.0579833984376
49035,10,37,35,23,2,34.58270284164239,0.5130513047773841,0.4242640687119285,0,1007.0579833984376
49035,10,37,35,24,2,44.7061673191178,0.9738500070507152,0.37888543819998316,0,1007.0579833984376
49035,10,37,35,25,2,40.66812457472162,0.9046842935281147,0.482842712474619,0,1007.0579833984376
49035,10,37,35,26,2,33.38272422294675,0.7185046982064041,0.4242640687119285,0,1007.0579833984376
49035,10,37,35,27,2,27.837316621139237,0.4446701593989628,0.482842712474619,0,1007.0579833984376
49035,10,37,35,28,2,26.080091194734624,0.2707211236527154,0.4538461538461539,0,1007.0579833984376
49035,10,37,35,29,2,33.65782549805157,0.9296879612586406,0.4242640687119285,0,1007.0579833984376
49035,10,37,35,30,2,26.331713529079913,0.7005536853304513,0.4242640687119285,0,1007.0579833984376
49035,10,37,35,31,2,35.373608212469165,1.1288208565348978,0.3414213562373095,0,1007.0579833984376
49035,10,37,35,32,2,26.67961915188268,0.9678066685875901,0.482842712474619,0,1007.0579833984376
49035,10,37,35,33,2,19.29538800360709,0.6694935227669006,0.3414213562373095,0,1007.0579833984376
49035,10,37,35,34,2,24.1971068283297,1.1388339114247312,0.4308640753373011,0,1007.0579833984376
49035,10,37,35,35,2,9.145170823654768,-0.33718286611754267,0.613407053921902,1,1007.0579833984376
49035,10,37,35,36,2,5.497064659813735,0.36740242717908855,0.5638463841038082,0,1007.0579833984376
49035,10,37,35,37,2,5.955894553657975,-0.5328420928353335,0.6857142857142857,0,1007.0579833984376
49035,10,37,35,38,2,9.525105773397604,-1.0020232021972015,0.5638463841038082,0,1007.0579833984376
49035,10,37,35,39,,,,,0,1007.0579833984376
49035,10,37,35,40,,,,,0,1007.0579833984376
49035,10,37,35,41,2,5.476052282820543,1.5470160213442838,0.613407053921902,0,1007.0579833984376
49035,10,37,35,42,2,1.9787927244327097,1.5049460369498542,0.6857142857142857,0,1007.0579833984376
49035,10,37,35,43,2,3.0282966674993146,-1.5277853233646317,0.6000000000000001,0,1007.0579833984376
49035,10,37,35,44,2,8.02655223408576,-1.5545732174434732,0.6857142857142857,0,1007.0579833984376
49035,10,37,35,45,2,11.526231509413249,-1.5594992526059217,0.613407053921902,0,1007.0579833984376
49035,10,37,35,46,,,,,0,1007.0579833984376
49035,10,37,35,47,,,,,0,1007.0579833984376
49035,10,37,35,48,2,5.2548569360509285,-3.526796855039468,0.5276927682076162,0,1007.0579833984376
49035,10,37,35,49,,,,,0,1007.0579833984376
49035,10,37,35,50,2,9.38740867005383,-2.11619346309041,0.5276927682076162,0,1007.0579833984376
49035,10,37,35,51,2,8.899832134312899,-2.794729153335892,0.4453398270311456,0,1007.0579833984376
49035,10,37,35,52,2,27.45802104255831,1.3828535466280019,0.4308640753373011,0,1007.0579833984376
49035,10,37,35,53,2,36.974733267806414,1.5672747275724124,0.3414213562373095,0,1007.0579833984376
49035,10,37,35,54,2,26.97481826344099,1.5659692162953789,0.482842712474619,0,1007.0579833984376
49035,10,37,35,55,2,16.97500340105736,1.563125565460671,0.3414213562373095,0,1007.0579833984376
49035,10,37,35,56,2,32.343218161735926,-4.561248171571162,0.4242640687119285,0,1007.0579833984376
49035,10,37,35,57,2,22.507636063742545,-4.494302643598362,0.4242640687119285,0,1007.0579833984376
49035,10,37,35,58,2,38.26913510610894,-4.45153606515521,0.382842712474619,0,1007.0579833984376
49035,10,37,35,59,2,28.723450730889894,-4.361626077429312,0.4242640687119285,0,1007.0579833984376
49035,10,37,35,60,2,19.63533911115615,-4.185722417974415,0.482842712474619,0,1007.0579833984376
49035,10,37,35,61,2,15.517780191451934,-4.023045051390839,0.37888543819998316,0,1007.0579833984376
49035,10,37,35,62,2,35.26300558094608,-4.277088989085604,0.4242640687119285,0,1007.0579833984376
49035,10,37,35,63,2,26.53280012968992,-4.117483487330377,0.4242640687119285,0,1007.0579833984376
49035,10,37,35,64,2,41.97526061043349,-4.219277383081634,0.3414213562373095,0,1007.0579833984376
49035,10,37,35,65,2,33.502722627184326,-4.077510272739325,0.382842712474619,0,1007.0579833984376
49035,10,37,35,66,2,26.133165586172062,-3.8485703016848327,0.3414213562373095,0,1007.0579833984376
49035,10,38,43,1,2,28.10621956609226,0.4603461097735737,0.613407053921902,0,1007.6079711914064
49035,10,38,43,2,2,23.881696131971236,0.6305735727674431,0.682842712474619,0,1007.6079711914064
49035,10,38,43,3,2,24.71624556098229,0.4273103937082743,0.7685569981889047,0,1007.6079711914064
49035,10,38,43,4,2,26.484904740658283,0.24426503473692418,0.5052677403411177,0,1007.6079711914064
49035,10,38,43,5,2,21.713112556912307,0.5078721928217744,0.848528137423857,0,1007.6079711914064
49035,10,38,43,6,,,,,0,1007.6079711914064
49035,10,38,43,7,2,18.931073663261476,0.798646821082567,0.613407053921902,0,1007.6079711914064
49035,10,38,43,8,2,18.895124217308258,0.6133345286461083,0.8513997106635237,0,1007.6079711914064
49035,10,38,43,9,2,19.93948604348858,0.3607499997602188,0.848528137423857,0,1007.6079711914064
49035,10,38,43,10,,,,,0,1007.6079711914064
49035,10,38,43,11,,,,,0,1007.6079711914064
49035,10,38,43,12,2,16.827048640710643,0.45234149435103266,0.848528137423857,0,1007.6079711914064
49035,10,38,43,13,2,18.673696753664196,0.1894616258483377,0.765685424949238,0,1007.6079711914064
49035,10,38,43,14,2,13.91819055176383,0.5837518560994237,0.682842712474619,0,1007.6079711914064
49035,10,38,43,15,2,15.305992706328288,0.2531394935050979,0.8513997106635237,0,1007.6079711914064
49035,10,38,43,16,,,,,0,1007.6079711914064
49035,10,38,43,17,2,12.235466033607548,0.13031068980643168,0.6034068236642477,0,1007.6079711914064
49035,10,38,43,18,2,41.16027052376573,1.3017638150187485,0.37888543819998316,0,1007.6079711914064
49035,10,38,43,19,2,44.155898922514794,1.5551054752626234,0.3414213562373095,0,1007.6079711914064
49035,10,38,43,20,2,37.159900142993884,1.3784787410367143,0.482842712474619,0,1007.6079711914064
49035,10,38,43,21,2,31.811522246180086,1.1321001526942853,0.3414213562373095,0,1007.6079711914064
49035,10,38,43,22,2,37.10783075300966,1.5691834778100995,0.4242640687119285,0,1007.6079711914064
49035,10,38,43,23,2,30.13479504121345,1.3544244532055643,0.4242640687119285,0,1007.6079711914064
49035,10,38,43,24,2,42.80848798147132,1.8110849038971837,0.37888543819998316,0,1007.6079711914064
49035,10,38,43,25,2,38.38129789038851,1.7537484128283805,0.482842712474619,0,1007.6079711914064
49035,10,38,43,26,2,30.070563625124738,1.5898565390416486,0.4242640687119285,0,1007.6079711914064
49035,10,38,43,27,2,23.13770873951456,1.3157866101758324,0.482842712474619,0,1007.6079711914064
49035,10,38,43,28,2,20.637610089484088,1.1173059711097018,0.4538461538461539,0,1007.6079711914064
49035,10,38,43,29,2,31.62865348524036,1.8139738957375762,0.4242640687119285,0,1007.6079711914064
49035,10,38,43,30,2,23.05399076670546,1.623135784839895,0.4242640687119285,0,1007.6079711914064
49035,10,38,43,31,2,34.59052826780966,2.0084014230113176,0.3414213562373095,0,1007.6079711914064
49035,10,38,43,32,2,25.05233352061386,1.9063174521865103,0.482842712474619,0,1007.6079711914064
49035,10,38,43,33,2,16.085216312191967,1.6853784854686673,0.3414213562373095,0,1007.6079711914064
49035,10,38,43,34,2,23.755204143003528,2.1045836432147818,0.4308640753373011,0,1007.6079711914064
49035,10,38,43,35,,,,,0,1007.6079711914064
49035,10,38,43,36,2,3.6372477077232546,-3.6894124783041455,0.5638463841038082,0,1007.6079711914064
49035,10,38,43,37,2,1.946010117729316,-1.5194496928839674,0.6000000000000001,0,1007.6079711914064
49035,10,38,43,38,2,6.659154591182853,-1.0514999469478445,0.5638463841038082,0,1007.6079711914064
49035,10,38,43,39,,,,,0,1007.6079711914064
49035,10,38,43,40,,,,,0,1007.6079711914064
49035,10,38,43,41,2,9.288687248010898,-3.290276730517987,0.613407053921902,0,1007.6079711914064
49035,10,38,43,42,2,7.065400196382159,-2.9550339186298444,0.6857142857142857,0,1007.6079711914064
49035,10,38,43,43,2,6.362174504523107,-2.198795082571575,0.6000000000000001,1,1007.6079711914064
49035,10,38,43,44,2,9.001924734020532,-1.6300504139623602,0.6857142857142857,0,1007.6079711914064
49035,10,38,43,45,2,11.79723773010646,-1.4253080263926718,0.613407053921902,0,1007.6079711914064
49035,10,38,43,46,,,,,0,1007.6079711914064
49035,10,38,43,47,,,,,0,1007.6079711914064
49035,10,38,43,48,2,11.688036147391744,-2.7449527812047645,0.5276927682076162,0,1007.6079711914064
49035,10,38,43,49,,,,,0,1007.6079711914064
49035,10,38,43,50,2,12.95086707385531,-1.9150556770524092,0.5276927682076162,0,1007.6079711914064
49035,10,38,43,51,2,14.751297902459028,-2.3401683610185495,0.4453398270311456,0,1007.6079711914064
49035,10,38,43,52,2,28.468274419650097,-3.9755498054354383,0.4308640753373011,0,1007.6079711914064
49035,10,38,43,53,2,38.936078237263054,-3.8575152350902284,0.3414213562373095,0,1007.6079711914064
49035,10,38,43,54,2,29.105548568618374,-3.8030519696961127,0.482842712474619,0,1007.6079711914064
49035,10,38,43,55,2,19.44859188892956,-3.6938535265508836,0.3414213562373095,0,1007.6079711914064
49035,10,38,43,56,2,35.259975638632184,-3.694311642012674,0.4242640687119285,0,1007.6079711914064
49035,10,38,43,57,2,25.968840001410705,-3.572029283509578,0.4242640687119285,0,1007.6079711914064
49035,10,38,43,58,2,41.70610035227062,-3.6185016073418463,0.382842712474619,0,1007.6079711914064
49035,10,38,43,59,2,32.71870375756963,-3.499730758094832,0.4242640687119285,0,1007.6079711914064
49035,10,38,43,60,2,24.528113350959845,-3.296865961855854,0.482842712474619,0,1007.6079711914064
49035,10,38,43,61,2,21.028212692677936,-3.1394741835229576,0.37888543819998316,0,1007.6079711914064
49035,10,38,43,62,2,39.58088554002213,-3.4523195759304866,0.4242640687119285,0,1007.6079711914064
49035,10,38,43,63,2,31.587359324803757,-3.2821823270648336,0.4242640687119285,0,1007.6079711914064
49035,10,38,43,64,2,46.50569239016946,-3.418970135602298,0.3414213562373095,0,1007.6079711914064
49035,10,38,43,65,2,38.650927461976885,-3.27286420323607,0.382842712474619,0,1007.6079711914064
49035,10,38,43,66,2,32.015761159980755,-3.059777938807702,0.3414213562373095,0,1007.6079711914064
49035,10,39,42,1,2,31.535652532321173,3.5669850846997497,0.613407053921902,0,1008.1409912109376
49035,10,39,42,2,2,27.616464908561692,3.72569113891199,0.682842712474619,0,1008.1409912109376
49035,10,39,42,3,2,28.087971703494414,3.5467270792753416,0.8513997106635237,0,1008.1409912109376
49035,10,39,42,4,2,29.414268217767823,3.378808805193323,0.6466890965784271,0,1008.1409912109376
49035,10,39,42,5,2,25.25313383240772,3.626076421555599,0.848528137423857,0,1008.1409912109376
49035,10,39,42,6,2,26.248538792244776,3.4354706793186653,0.848528137423857,0,1008.1409912109376
49035,10,39,42,7,2,22.86639167073261,3.878343156461871,0.613407053921902,0,1008.1409912109376
49035,10,39,42,8,2,22.616528962214517,3.7246784558191735,0.8513997106635237,0,1008.1409912109376
49035,10,39,42,9,2,23.189920281647616,3.5073644898711995,0.848528137423857,0,1008.1409912109376
49035,10,39,42,10,,,,,0,1008.1409912109376
49035,10,39,42,11,,,,,0,1008.1409912109376
49035,10,39,42,12,2,20.286917375746473,3.60043961185729,0.848528137423857,0,1008.1409912109376
49035,10,39,42,13,2,21.513345555279113,3.3678914979288654,0.765685424949238,0,1008.1409912109376
49035,10,39,42,14,2,17.616629375438333,3.723090936807041,0.682842712474619,0,1008.1409912109376
49035,10,39,42,15,2,18.346952088072833,3.4470820219227685,0.8513997106635237,0,1008.1409912109376
49035,10,39,42,16,,,,,0,1008.1409912109376
49035,10,39,42,17,2,15.018236404420067,3.3819171226494014,0.6034068236642477,0,1008.1409912109376
49035,10,39,42,18,2,45.0962031183077,4.314511392248404,0.37888543819998316,0,1008.1409912109376
49035,10,39,42,19,2,47.749091543186104,4.549104465025579,0.3414213562373095,0,1008.1409912109376
49035,10,39,42,20,2,41.0183591083375,4.381796096734005,0.482842712474619,0,1008.1409912109376
49035,10,39,42,21,2,35.84739634452551,4.158117392621438,0.3414213562373095,0,1008.1409912109376
49035,10,39,42,22,2,40.68266230008699,4.554914672420928,0.4242640687119285,0,1008.1409912109376
49035,10,39,42,23,2,34.023654309375495,4.354052827804251,0.4242640687119285,0,1008.1409912109376
49035,10,39,42,24,2,45.84089025460588,4.785116923241427,0.37888543819998316,0,1008.1409912109376
49035,10,39,42,25,2,41.56503626493431,4.7257337729910205,0.482842712474619,0,1008.1409912109376
49035,10,39,42,26,2,33.61818377673415,4.563167162047645,0.4242640687119285,0,1008.1409912109376
49035,10,39,42,27,2,27.068659390284513,4.312005206339517,0.482842712474619,0,1008.1409912109376
49035,10,39,42,28,2,24.67746627102793,4.141899719653157,0.4538461538461539,0,1008.1409912109376
49035,10,39,42,29,2,34.68076568256036,4.768262238228653,0.4242640687119285,0,1008.1409912109376
49035,10,39,42,30,2,26.557212750392747,4.575809241019373,0.4242640687119285,0,1008.1409912109376
49035,10,39,42,31,2,37.08542484873325,4.953946792204098,0.3414213562373095,0,1008.1409912109376
49035,10,39,42,32,2,27.890119701285048,4.831666375035253,0.482842712474619,0,1008.1409912109376
49035,10,39,42,33,2,19.5035591032246,4.59760147141704,0.3414213562373095,0,1008.1409912109376
49035,10,39,42,34,2,26.01340087733392,5.003936343646524,0.4308640753373011,0,1008.1409912109376
49035,10,39,42,35,,,,,0,1008.1409912109376
49035,10,39,42,36,2,5.531306802165225,4.80840277693939,0.5638463841038082,0,1008.1409912109376
49035,10,39,42,37,2,2.6192318168048203,3.68195565197633,0.5414213562373096,0,1008.1409912109376
49035,10,39,42,38,2,5.755466591045949,2.63134787281053,0.5638463841038082,0,1008.1409912109376
49035,10,39,42,39,,,,,0,1008.1409912109376
49035,10,39,42,40,,,,,0,1008.1409912109376
49035,10,39,42,41,2,8.706209791476976,-0.7047676355391834,0.613407053921902,0,1008.1409912109376
49035,10,39,42,42,2,5.425274480848682,-0.5271948894123129,0.6857142857142857,1,1008.1409912109376
49035,10,39,42,43,,,,,0,1008.1409912109376
49035,10,39,42,44,2,5.653639883607262,1.7242176087742416,0.6857142857142857,0,1008.1409912109376
49035,10,39,42,45,2,8.949813304916093,1.8898663815758454,0.613407053921902,0,1008.1409912109376
49035,10,39,42,46,,,,,0,1008.1409912109376
49035,10,39,42,47,,,,,0,1008.1409912109376
49035,10,39,42,48,2,8.847138036982162,0.005289794071658971,0.5276927682076162,0,1008.1409912109376
49035,10,39,42,49,,,,,0,1008.1409912109376
49035,10,39,42,50,2,8.98898727256766,1.1955613846213193,0.5276927682076162,0,1008.1409912109376
49035,10,39,42,51,2,10.88455996321891,0.6003015919700236,0.429096793520295,0,1008.1409912109376
49035,10,39,42,52,2,29.987835085035105,5.213715894355063,0.4308640753373011,0,1008.1409912109376
49035,10,39,42,53,2,39.944692521024166,-0.9224035334805034,0.3414213562373095,0,1008.1409912109376
49035,10,39,42,54,2,29.968458441169957,-0.9024885679185077,0.482842712474619,0,1008.1409912109376
49035,10,39,42,55,2,20.015957186232633,-0.862737577702795,0.3414213562373095,0,1008.1409912109376
49035,10,39,42,56,2,35.646622970802106,-0.7734669831285417,0.4242640687119285,0,1008.1409912109376
49035,10,39,42,57,2,25.94632478721183,-0.6935480736177806,0.4242640687119285,0,1008.1409912109376
49035,10,39,42,58,2,41.75230481188915,-0.6809843899421022,0.382842712474619,0,1008.1409912109376
49035,10,39,42,59,2,32.338599194242605,-0.5891376132684445,0.4242640687119285,0,1008.1409912109376
49035,10,39,42,60,2,23.416127745356086,-0.42486179883924713,0.482842712474619,0,1008.1409912109376
49035,10,39,42,61,2,19.35407086267172,-0.28780584491297034,0.37888543819998316,0,1008.1409912109376
49035,10,39,42,62,2,38.96611637985307,-0.5196843618974416,0.4242640687119285,0,1008.1409912109376
49035,10,39,42,63,2,30.346140882643056,-0.3721369241670369,0.4242640687119285,0,1008.1409912109376
49035,10,39,42,64,2,45.726703944310685,-0.4705857537758398,0.3414213562373095,0,1008.1409912109376
49035,10,39,42,65,2,37.32909715425228,-0.33907249352946334,0.382842712474619,0,1008.1409912109376
49035,10,39,42,66,2,29.933117697503086,-0.13738299748443916,0.3414213562373095,0,1008.1409912109376
49035,10,40,41,1,2,32.83811896226182,4.329249056508455,0.613407053921902,0,1008.3920288085938
49035,10,40,41,2,2,28.621324723684303,4.473297783969857,0.682842712474619,0,1008.3920288085938
49035,10,40,41,3,2,29.433729310746358,4.303114467486119,0.8513997106635237,0,1008.3920288085938
49035,10,40,41,4,2,31.04043513448219,4.146308812595507,0.682842712474619,0,1008.3920288085938
49035,10,40,41,5,2,26.459127768968507,4.37160408494594,0.848528137423857,0,1008.3920288085938
49035,10,40,41,6,2,27.789379886825603,4.193622610021168,0.848528137423857,0,1008.3920288085938
49035,10,40,41,7,2,23.570352753217684,4.605299207969898,0.613407053921902,0,1008.3920288085938
49035,10,40,41,8,2,23.639510643219996,4.456917813311977,0.8513997106635237,0,1008.3920288085938
49035,10,40,41,9,2,24.616877455327646,4.253295678625672,0.848528137423857,0,1008.3920288085938
49035,10,40,41,10,2,26.517067104985905,4.072030835664325,0.8513997106635237,0,1008.3920288085938
49035,10,40,41,11,2,28.30052618574645,3.9620428656861115,0.6034068236642477,0,1008.3920288085938
49035,10,40,41,12,2,21.557636159999767,4.33024894046217,0.848528137423857,0,1008.3920288085938
49035,10,40,41,13,2,23.17101355156128,4.118102039351273,0.848528137423857,0,1008.3920288085938
49035,10,40,41,14,2,18.66742344200829,4.431802146646633,0.682842712474619,0,1008.3920288085938
49035,10,40,41,15,2,19.890623171810066,4.179538508455072,0.8513997106635237,0,1008.3920288085938
49035,10,40,41,16,,,,,0,1008.3920288085938
49035,10,40,41,17,2,16.677507437311426,4.103325206407259,0.6034068236642477,0,1008.3920288085938
49035,10,40,41,18,2,44.76680465384356,5.0847668048519665,0.37888543819998316,0,1008.3920288085938
49035,10,40,41,19,2,46.89759747607871,5.32487741532661,0.3414213562373095,0,1008.3920288085938
49035,10,40,41,20,2,40.54273095670441,5.147573863572076,0.482842712474619,0,1008.3920288085938
49035,10,40,41,21,2,35.88929391653076,4.915007276514814,0.3414213562373095,0,1008.3920288085938
49035,10,40,41,22,2,39.82706461365613,5.322864890339487,0.4242640687119285,0,1008.3920288085938
49035,10,40,41,23,2,33.623257726457055,5.108127147173642,0.4242640687119285,0,1008.3920288085938
49035,10,40,41,24,2,44.514187916362744,5.564523680555507,0.37888543819998316,0,1008.3920288085938
49035,10,40,41,25,2,40.35687200530985,5.498971630215046,0.482842712474619,0,1008.3920288085938
49035,10,40,41,26,2,32.756762697989195,5.319983572227908,0.4242640687119285,0,1008.3920288085938
49035,10,40,41,27,2,26.78308956882664,5.0483949026422215,0.482842712474619,0,1008.3920288085938
49035,10,40,41,28,2,24.789071766637356,4.8702100491833775,0.4538461538461539,0,1008.3920288085938
49035,10,40,41,29,2,33.39891532318076,5.533284953558656,0.4242640687119285,0,1008.3920288085938
49035,10,40,41,30,2,25.686882433732833,5.315516129912583,0.4242640687119285,0,1008.3920288085938
49035,10,40,41,31,2,35.467866965432535,5.730058910012056,0.3414213562373095,0,1008.3920288085938
49035,10,40,41,32,2,26.50090510675125,5.585552499030003,0.482842712474619,0,1008.3920288085938
49035,10,40,41,33,2,18.617904175187082,5.307655955829256,0.3414213562373095,0,1008.3920288085938
49035,10,40,41,34,2,24.329903534320962,5.7631663051574655,0.4308640753373011,0,1008.3920288085938
49035,10,40,41,35,,,,,0,1008.3920288085938
49035,10,40,41,36,2,4.499689911596221,5.217794976919615,0.4638463841038081,0,1008.3920288085938
49035,10,40,41,37,2,4.172697149354101,3.99083177477419,0.5414213562373096,0,1008.3920288085938
49035,10,40,41,38,2,8.03589408217498,3.4355594097682856,0.5638463841038082,0,1008.3920288085938
49035,10,40,41,39,,,,,0,1008.3920288085938
49035,10,40,41,40,,,,,0,1008.3920288085938
49035,10,40,41,41,2,6.452015907687689,0.06742452457355297,0.429096793520295,1,1008.3920288085938
49035,10,40,41,42,,,,,0,1008.3920288085938
49035,10,40,41,43,,,,,0,1008.3920288085938
49035,10,40,41,44,2,7.363547257420432,2.7797812081637203,0.6857142857142857,0,1008.3920288085938
49035,10,40,41,45,2,10.816041917081261,2.844189072484852,0.613407053921902,0,1008.3920288085938
49035,10,40,41,46,,,,,0,1008.3920288085938
49035,10,40,41,47,,,,,0,1008.3920288085938
49035,10,40,41,48,2,7.038442890666871,1.0026290868566632,0.42769276820761626,0,1008.3920288085938
49035,10,40,41,49,,,,,0,1008.3920288085938
49035,10,40,41,50,2,9.688553180149917,2.2495167680622226,0.5276927682076162,0,1008.3920288085938
49035,10,40,41,51,2,10.208145506580342,1.62808796626866,0.429096793520295,0,1008.3920288085938
49035,10,40,41,52,2,28.007610542529072,5.995044371233657,0.4308640753373011,0,1008.3920288085938
49035,10,40,41,53,2,37.811957082580385,-0.1228300607350703,0.3414213562373095,0,1008.3920288085938
49035,10,40,41,54,2,27.822158126470253,-0.10890747043327442,0.482842712474619,0,1008.3920288085938
49035,10,40,41,55,2,17.84379071872703,-0.07940142093787594,0.3414213562373095,0,1008.3920288085938
49035,10,40,41,56,2,33.41488478398417,0.033118885931541,0.4242640687119285,0,1008.3920288085938
49035,10,40,41,57,2,23.682966653828462,0.11489968894821079,0.4242640687119285,0,1008.3920288085938
49035,10,40,41,58,2,39.48463710659576,0.13302527801702357,0.382842712474619,0,1008.3920288085938
49035,10,40,41,59,2,30.056030207580193,0.2297812680990301,0.4242640687119285,0,1008.3920288085938
49035,10,40,41,60,2,21.158764997947944,0.4110482875907149,0.482842712474619,0,1008.3920288085938
49035,10,40,41,61,2,17.171416028915438,0.5694835401349541,0.37888543819998316,0,1008.3920288085938
49035,10,40,41,62,2,36.68578735902495,0.30384918229404523,0.4242640687119285,0,1008.3920288085938
49035,10,40,41,63,2,28.11005831639289,0.4641939501756758,0.4242640687119285,0,1008.3920288085938
49035,10,40,41,64,2,43.45490808256551,0.3550545552470141,0.3414213562373095,0,1008.3920288085938
49035,10,40,41,65,2,35.10922130813543,0.4962128711957736,0.382842712474619,0,1008.3920288085938
49035,10,40,41,66,2,27.874465111693986,0.7173392712496724,0.3414213562373095,0,1008.3920288085938
49035,10,41,48,1,2,33.30986905688863,4.230536118395392,0.613407053921902,0,1008.7249755859376
49035,10,41,48,2,2,28.56137954971962,4.354927397922269,0.682842712474619,0,1008.7249755859376
49035,10,41,48,3,2,30.033683471087787,4.191598144807777,0.8513997106635237,0,1008.7249755859376
49035,10,41,48,4,2,32.22253689422733,4.046965610737158,0.682842712474619,0,1008.7249755859376
49035,10,41,48,5,2,26.8217255689124,4.243664926815157,0.848528137423857,0,1008.7249755859376
49035,10,41,48,6,2,28.821427854157378,4.07865362577379,0.848528137423857,0,1008.7249755859376
49035,10,41,48,7,2,23.04666924754555,4.456894033420256,0.613407053921902,0,1008.7249755859376
49035,10,41,48,8,2,23.702062824712254,4.30965858933457,0.8513997106635237,0,1008.7249755859376
49035,10,41,48,9,2,25.456973960095024,4.1187672387378695,0.848528137423857,0,1008.7249755859376
49035,10,41,48,10,2,28.00584339496502,3.957492174003794,0.8513997106635237,0,1008.7249755859376
49035,10,41,48,11,2,30.157355371520072,3.8624648855578503,0.613407053921902,0,1008.7249755859376
49035,10,41,48,12,2,22.145887718886176,4.170982212422047,0.848528137423857,0,1008.7249755859376
49035,10,41,48,13,2,24.52977953255722,3.9821297206226633,0.848528137423857,0,1008.7249755859376
49035,10,41,48,14,2,18.916214275326627,4.241277787729861,0.682842712474619,0,1008.7249755859376
49035,10,41,48,15,2,21.073511894518685,4.01487456069599,0.8513997106635237,0,1008.7249755859376
49035,10,41,48,16,2,24.09071698033851,3.837690226500913,0.682842712474619,0,1008.7249755859376
49035,10,41,48,17,2,18.19526503854356,3.913132779565881,0.613407053921902,0,1008.7249755859376
49035,10,41,48,18,2,42.335953228484954,5.033186051432294,0.37888543819998316,0,1008.7249755859376
49035,10,41,48,19,2,43.770182019397986,5.291481038490881,0.3414213562373095,0,1008.7249755859376
49035,10,41,48,20,2,37.92582650553485,5.091991487712763,0.482842712474619,0,1008.7249755859376
49035,10,41,48,21,2,34.07209706262045,4.8345835797493715,0.3414213562373095,0,1008.7249755859376
49035,10,41,48,22,2,36.716943710404934,5.278963078034329,0.4242640687119285,0,1008.7249755859376
49035,10,41,48,23,2,31.15563251724708,5.032615885413947,0.4242640687119285,0,1008.7249755859376
49035,10,41,48,24,2,40.88557023791902,5.547521800342807,0.37888543819998316,0,1008.7249755859376
49035,10,41,48,25,2,36.84968920816238,5.4714623275491,0.482842712474619,0,1008.7249755859376
49035,10,41,48,26,2,29.6721936643528,5.260496959743955,0.4242640687119285,0,1008.7249755859376
49035,10,41,48,27,2,24.555621738647908,4.940836145657597,0.482842712474619,0,1008.7249755859376
49035,10,41,48,28,2,23.221720436477298,4.73869500324324,0.4538461538461539,0,1008.7249755859376
49035,10,41,48,29,2,29.836298633710804,5.498645258665131,0.4242640687119285,0,1008.7249755859376
49035,10,41,48,30,2,22.643855640695833,5.230551430935773,0.4242640687119285,0,1008.7249755859376
49035,10,41,48,31,2,31.622307876957496,5.721849663517322,0.3414213562373095,0,1008.7249755859376
49035,10,41,48,32,2,22.858474086906746,5.542474953935802,0.482842712474619,0,1008.7249755859376
49035,10,41,48,33,2,15.65405122319735,5.173767769181069,0.3414213562373095,0,1008.7249755859376
49035,10,41,48,34,2,20.458377695830418,5.745657030693682,0.4308640753373011,0,1008.7249755859376
49035,10,41,48,35,,,,,0,1008.7249755859376
49035,10,41,48,36,2,3.107983677903469,4.2000644067531505,0.4,0,1008.7249755859376
49035,10,41,48,37,2,6.777116171386173,3.441933227457269,0.5414213562373096,0,1008.7249755859376
49035,10,41,48,38,2,11.49778433694134,3.2549893177189477,0.5638463841038082,0,1008.7249755859376
49035,10,41,48,39,,,,,0,1008.7249755859376
49035,10,41,48,40,,,,,0,1008.7249755859376
49035,10,41,48,41,,,,,0,1008.7249755859376
49035,10,41,48,42,,,,,0,1008.7249755859376
49035,10,41,48,43,,,,,0,1008.7249755859376
49035,10,41,48,44,2,11.324063979962228,2.813487503745594,0.6857142857142857,0,1008.7249755859376
49035,10,41,48,45,2,14.777457283413906,2.857498033394788,0.613407053921902,0,1008.7249755859376
49035,10,41,48,46,,,,,0,1008.7249755859376
49035,10,41,48,47,,,,,0,1008.7249755859376
49035,10,41,48,48,2,7.1923795276002425,1.5868730198286702,0.3638463841038081,1,1008.7249755859376
49035,10,41,48,49,,,,,0,1008.7249755859376
49035,10,41,48,50,2,13.201128943607145,2.432148708190275,0.5276927682076162,0,1008.7249755859376
49035,10,41,48,51,2,12.246421133613596,1.9534883110165726,0.429096793520295,0,1008.7249755859376
49035,10,41,48,52,2,24.0480946698562,6.021185938569385,0.4308640753373011,0,1008.7249755859376
49035,10,41,48,53,2,33.93827861717697,-0.07924065069249853,0.3414213562373095,0,1008.7249755859376
49035,10,41,48,54,2,23.965521851481363,-0.05337507819313325,0.482842712474619,0,1008.7249755859376
49035,10,41,48,55,2,14.031597191001811,0.00921997486292625,0.3414213562373095,0,1008.7249755859376
49035,10,41,48,56,2,29.734018849105237,0.09997400740252882,0.4242640687119285,0,1008.7249755859376
49035,10,41,48,57,2,20.16559840509685,0.21872333457053283,0.4242640687119285,0,1008.7249755859376
49035,10,41,48,58,2,35.9705089792188,0.20192009241999154,0.382842712474619,0,1008.7249755859376
49035,10,41,48,59,2,26.765967166175024,0.3279673585320513,0.4242640687119285,0,1008.7249755859376
49035,10,41,48,60,2,18.410770773040944,0.5761229172440476,0.482842712474619,0,1008.7249755859376
49035,10,41,48,61,2,15.007538822732002,0.7969417384851267,0.37888543819998316,0,1008.7249755859376
49035,10,41,48,62,2,33.55864475281852,0.39352923650513283,0.4242640687119285,0,1008.7249755859376
49035,10,41,48,63,2,25.470023945072633,0.594991619768733,0.4242640687119285,0,1008.7249755859376
49035,10,41,48,64,2,40.446857442216555,0.4368977482380112,0.3414213562373095,0,1008.7249755859376
49035,10,41,48,65,2,32.53440884767523,0.605668726145046,0.382842712474619,0,1008.7249755859376
49035,10,41,48,66,2,26.09649863840717,0.8690404058934895,0.3414213562373095,0,1008.7249755859376
49035,10,42,50,1,2,37.430815204959096,2.1937176221771306,0.613407053921902,0,1009.1909790039064
49035,10,42,50,2,2,32.83970340402681,2.3084806071422603,0.682842712474619,0,1009.1909790039064
49035,10,42,50,3,2,34.09857134375845,2.163749853551205,0.8513997106635237,0,1009.1909790039064
49035,10,42,50,4,2,36.01359487341301,2.031852438706601,0.682842712474619,0,1009.1909790039064
49035,10,42,50,5,2,30.968967438878835,2.2143725251315045,0.848528137423857,0,1009.1909790039064
49035,10,42,50,6,2,32.68552267061477,2.0666345614423625,0.848528137423857,0,1009.1909790039064
49035,10,42,50,7,2,27.408115717076125,2.401293313247974,0.613407053921902,0,1009.1909790039064
49035,10,42,50,8,2,27.93637987956367,2.2761744651495617,0.8513997106635237,0,1009.1909790039064
49035,10,42,50,9,2,29.405913840522366,2.1092367278209134,0.848528137423857,0,1009.1909790039064
49035,10,42,50,10,2,31.606553384024014,1.9618351012430524,0.8513997106635237,0,1009.1909790039064
49035,10,42,50,11,2,33.50687586797394,1.8714871623463414,0.613407053921902,0,1009.1909790039064
49035,10,42,50,12,2,26.192978932171446,2.1624078104098663,0.848528137423857,0,1009.1909790039064
49035,10,42,50,13,2,28.201748055078294,1.9937407406933343,0.848528137423857,0,1009.1909790039064
49035,10,42,50,14,2,23.074586060992072,2.2301882212956903,0.682842712474619,0,1009.1909790039064
49035,10,42,50,15,2,24.833504986349887,2.0343525441283608,0.8513997106635237,0,1009.1909790039064
49035,10,42,50,16,2,27.403821228580508,1.8697647523361525,0.682842712474619,0,1009.1909790039064
49035,10,42,50,17,2,21.74510544202195,1.9634733073503443,0.613407053921902,0,1009.1909790039064
49035,10,42,50,18,2,46.401761575807605,2.9135503169834935,0.37888543819998316,0,1009.1909790039064
49035,10,42,50,19,2,47.292555253518124,3.1520226952523824,0.3414213562373095,0,1009.1909790039064
49035,10,42,50,20,2,41.89413656406985,2.962627965282964,0.482842712474619,0,1009.1909790039064
49035,10,42,50,21,2,38.38816972051162,2.7285628928912424,0.3414213562373095,0,1009.1909790039064
49035,10,42,50,22,2,40.28458056798953,3.130429336100323,0.4242640687119285,0,1009.1909790039064
49035,10,42,50,23,2,35.23322760663164,2.9008464136368763,0.4242640687119285,0,1009.1909790039064
49035,10,42,50,24,2,43.661307087715656,3.3852547312076293,0.37888543819998316,0,1009.1909790039064
49035,10,42,50,25,2,39.88202834145656,3.3067832010456453,0.482842712474619,0,1009.1909790039064
49035,10,42,50,26,2,33.30328933710024,3.0997631209079204,0.4242640687119285,0,1009.1909790039064
49035,10,42,50,27,2,28.768767382571063,2.810813486489672,0.482842712474619,0,1009.1909790039064
49035,10,42,50,28,2,27.60268872290197,2.6380587388600834,0.4538461538461539,0,1009.1909790039064
49035,10,42,50,29,2,32.8152073551352,3.3135564825549872,0.4242640687119285,0,1009.1909790039064
49035,10,42,50,30,2,26.36988300699094,3.0529053431138644,0.4242640687119285,0,1009.1909790039064
49035,10,42,50,31,2,33.831443759473586,3.5239616829443694,0.3414213562373095,0,1009.1909790039064
49035,10,42,50,32,2,25.750718104400395,3.3240468732758393,0.482842712474619,0,1009.1909790039064
49035,10,42,50,33,2,19.535413456954636,2.9729679659134467,0.3414213562373095,0,1009.1909790039064
49035,10,42,50,34,2,22.695697477784947,3.4879588452055224,0.4308640753373011,0,1009.1909790039064
49035,10,42,50,35,,,,,0,1009.1909790039064
49035,10,42,50,36,2,7.359054096669905,2.3636926904829947,0.3894427190999916,0,1009.1909790039064
49035,10,42,50,37,2,9.403303952263224,1.80804257314891,0.5414213562373096,0,1009.1909790039064
49035,10,42,50,38,2,13.141102436233584,1.5081693603909139,0.5638463841038082,0,1009.1909790039064
49035,10,42,50,39,,,,,0,1009.1909790039064
49035,10,42,50,40,,,,,0,1009.1909790039064
49035,10,42,50,41,,,,,0,1009.1909790039064
49035,10,42,50,42,,,,,0,1009.1909790039064
49035,10,42,50,43,,,,,0,1009.1909790039064
49035,10,42,50,44,2,11.166188891041745,1.1266584592460496,0.6857142857142857,0,1009.1909790039064
49035,10,42,50,45,2,14.608911251872215,1.0772797008176787,0.613407053921902,0,1009.1909790039064
49035,10,42,50,46,,,,,0,1009.1909790039064
49035,10,42,50,47,,,,,0,1009.1909790039064
49035,10,42,50,48,,,,,0,1009.1909790039064
49035,10,42,50,49,,,,,0,1009.1909790039064
49035,10,42,50,50,2,11.255175496688798,0.6769422726524823,0.5276927682076162,1,1009.1909790039064
49035,10,42,50,51,2,8.576664166091426,0.11125313918243174,0.34843944249725717,0,1009.1909790039064
49035,10,42,50,52,2,25.155982133342334,3.766298467850664,0.4308640753373011,0,1009.1909790039064
49035,10,42,50,53,2,34.15092593418235,3.9933299755930625,0.3414213562373095,0,1009.1909790039064
49035,10,42,50,54,2,24.18302376056143,3.9654712315433747,0.482842712474619,0,1009.1909790039064
49035,10,42,50,55,2,14.260137946238416,3.8987127044205208,0.3414213562373095,0,1009.1909790039064
49035,10,42,50,56,2,29.19841419142114,-2.1298555673485726,0.4242640687119285,0,1009.1909790039064
49035,10,42,50,57,2,19.263444326902018,-2.081842413603124,0.4242640687119285,0,1009.1909790039064
49035,10,42,50,58,2,34.93245116483652,-2.000205624005254,0.382842712474619,0,1009.1909790039064
49035,10,42,50,59,2,25.274671915290185,-1.912888167082745,0.4242640687119285,0,1009.1909790039064
49035,10,42,50,60,2,16.041880702318803,-1.7218288174124432,0.482842712474619,0,1009.1909790039064
49035,10,42,50,61,2,11.899932121166218,-1.5187696722018746,0.37888543819998316,0,1009.1909790039064
49035,10,42,50,62,2,31.725979788108408,-1.8106113343883143,0.4242640687119285,0,1009.1909790039064
49035,10,42,50,63,2,22.914420995463388,-1.635022322243193,0.4242640687119285,0,1009.1909790039064
49035,10,42,50,64,2,38.39617880213301,-1.7433531947891618,0.3414213562373095,0,1009.1909790039064
49035,10,42,50,65,2,29.879749708577513,-1.5884592176614916,0.382842712474619,0,1009.1909790039064
49035,10,42,50,66,2,22.612658815121854,-1.3234079477270944,0.3414213562373095,0,1009.1909790039064
49035,10,43,44,1,2,38.52675086578871,1.4926752340514358,0.613407053921902,0,1009.9409790039064
49035,10,43,44,2,2,35.00877505640676,1.6285804433816296,0.682842712474619,0,1009.9409790039064
49035,10,43,44,3,2,35.03615749657795,1.4856955538590535,0.8513997106635237,0,1009.9409790039064
49035,10,43,44,4,2,35.769404989459105,1.3458692653594981,0.682842712474619,0,1009.9409790039064
49035,10,43,44,5,2,32.43316715078471,1.5566868062468255,0.848528137423857,0,1009.9409790039064
49035,10,43,44,6,2,32.84552226111905,1.4038675948482886,0.848528137423857,0,1009.9409790039064
49035,10,43,44,7,2,30.490912251259665,1.7542613383071273,0.613407053921902,0,1009.9409790039064
49035,10,43,44,8,2,30.02146450019495,1.6395614804541039,0.8513997106635237,0,1009.9409790039064
49035,10,43,44,9,2,30.053391354577478,1.4729130868029778,0.848528137423857,0,1009.9409790039064
49035,10,43,44,10,2,30.905085877349038,1.3110720916668137,0.8513997106635237,0,1009.9409790039064
49035,10,43,44,11,2,31.956485005531626,1.2047945771687671,0.613407053921902,0,1009.9409790039064
49035,10,43,44,12,2,27.43327051623844,1.5556089719197803,0.848528137423857,0,1009.9409790039064
49035,10,43,44,13,2,27.919568986501996,1.3755562105091028,0.848528137423857,0,1009.9409790039064
49035,10,43,44,14,2,25.03921585279464,1.6549149977889321,0.682842712474619,0,1009.9409790039064
49035,10,43,44,15,2,25.077486550644768,1.4550540346528844,0.8513997106635237,0,1009.9409790039064
49035,10,43,44,16,2,26.092112464741064,1.2633605355812676,0.682842712474619,0,1009.9409790039064
49035,10,43,44,17,2,21.60097524530393,1.4376609991318245,0.613407053921902,0,1009.9409790039064
49035,10,43,44,18,2,52.58018947762266,2.1087057943615393,0.37888543819998316,0,1009.9409790039064
49035,10,43,44,19,2,54.64901026495561,2.3140349088498366,0.3414213562373095,0,1009.9409790039064
49035,10,43,44,20,2,48.377167396294276,2.1624101211640703,0.482842712474619,0,1009.9409790039064
49035,10,43,44,21,2,43.52225094866913,1.9715942458244395,0.3414213562373095,0,1009.9409790039064
49035,10,43,44,22,2,47.5826262820846,2.308988630645147,0.4242640687119285,0,1009.9409790039064
49035,10,43,44,23,2,41.44806782288387,2.1309248247121664,0.4242640687119285,0,1009.9409790039064
49035,10,43,44,24,2,51.82609691397811,2.517662174755629,0.37888543819998316,0,1009.9409790039064
49035,10,43,44,25,2,47.83160380451379,2.4572512907726156,0.482842712474619,0,1009.9409790039064
49035,10,43,44,26,2,40.51787660850247,2.302182373968356,0.4242640687119285,0,1009.9409790039064
49035,10,43,44,27,2,34.57649963792873,2.0868656904881426,0.482842712474619,0,1009.9409790039064
49035,10,43,44,28,2,32.364368190752806,1.9527222151429746,0.4538461538461539,0,1009.9409790039064
49035,10,43,44,29,2,40.8099782341682,2.4761447675324013,0.4242640687119285,0,1009.9409790039064
49035,10,43,44,30,2,33.45579659525589,2.2925020746364266,0.4242640687119285,0,1009.9409790039064
49035,10,43,44,31,2,42.29905817018545,2.6427116719598294,0.3414213562373095,0,1009.9409790039064
49035,10,43,44,32,2,33.80896810662203,2.5028761116116707,0.482842712474619,0,1009.9409790039064
49035,10,43,44,33,2,26.39852887538317,2.2776439178924535,0.3414213562373095,0,1009.9409790039064
49035,10,43,44,34,2,31.12427226813444,2.633000364978849,0.4308640753373011,0,1009.9409790039064
49035,10,43,44,35,,,,,0,1009.9409790039064
49035,10,43,44,36,2,12.331517696822502,2.196938004430309,0.3894427190999916,0,1009.9409790039064
49035,10,43,44,37,2,10.197270707496848,1.790934126784054,0.5414213562373096,0,1009.9409790039064
49035,10,43,44,38,2,10.29088582469459,1.2979507463291056,0.5638463841038082,0,1009.9409790039064
49035,10,43,44,39,,,,,0,1009.9409790039064
49035,10,43,44,40,,,,,0,1009.9409790039064
49035,10,43,44,41,,,,,0,1009.9409790039064
49035,10,43,44,42,,,,,0,1009.9409790039064
49035,10,43,44,43,,,,,0,1009.9409790039064
49035,10,43,44,44,2,5.619282057636633,1.0630521278773584,0.6271356419515952,1,1009.9409790039064
49035,10,43,44,45,2,7.9163711172307805,0.6644894982847483,0.5509646951307726,0,1009.9409790039064
49035,10,43,44,46,,,,,0,1009.9409790039064
49035,10,43,44,47,,,,,0,1009.9409790039064
49035,10,43,44,48,,,,,0,1009.9409790039064
49035,10,43,44,49,,,,,0,1009.9409790039064
49035,10,43,44,50,,,,,0,1009.9409790039064
49035,10,43,44,51,2,4.2490150982540715,-2.153273673492341,0.25866713246752315,0,1009.9409790039064
49035,10,43,44,52,2,33.800537315735276,2.8351350293595945,0.4308640753373011,0,1009.9409790039064
49035,10,43,44,53,2,42.5947686960375,3.017333516574875,0.3414213562373095,0,1009.9409790039064
49035,10,43,44,54,2,32.682569094530955,2.981893463453988,0.482842712474619,0,1009.9409790039064
49035,10,43,44,55,2,22.84702004570056,2.9157866055462804,0.3414213562373095,0,1009.9409790039064
49035,10,43,44,56,2,37.30826076394127,-3.1479818658587715,0.4242640687119285,0,1009.9409790039064
49035,10,43,44,57,2,27.3082830580777,-3.147320319335754,0.4242640687119285,0,1009.9409790039064
49035,10,43,44,58,2,42.6105892923542,-3.030582829303423,0.382842712474619,0,1009.9409790039064
49035,10,43,44,59,2,32.703185199480856,-2.9942103124059862,0.4242640687119285,0,1009.9409790039064
49035,10,43,44,60,2,22.876501580036162,-2.92642460035362,0.482842712474619,0,1009.9409790039064
49035,10,43,44,61,2,18.034753275726395,-2.8649736306371363,0.37888543819998316,0,1009.9409790039064
49035,10,43,44,62,2,38.642648987912224,-2.8862218560981914,0.4242640687119285,0,1009.9409790039064
49035,10,43,44,63,2,29.10481615047323,-2.7965889963412724,0.4242640687119285,0,1009.9409790039064
49035,10,43,44,64,2,44.911138032947285,-2.807659273378114,0.3414213562373095,0,1009.9409790039064
49035,10,43,44,65,2,35.6489315655364,-2.7134093717414887,0.382842712474619,0,1009.9409790039064
49035,10,43,44,66,2,26.919924296218795,-2.555750425326304,0.3414213562373095,0,1009.9409790039064
49035,10,44,38,1,2,36.38411718752959,0.47936968681206693,0.613407053921902,0,1010.291015625
49035,10,44,38,2,2,33.281849755543796,0.6305560268608772,0.682842712474619,0,1010.291015625
49035,10,44,38,3,2,32.88414246844466,0.47975427456647535,0.8513997106635237,0,1010.291015625
49035,10,44,38,4,2,33.24232435644867,0.3287718435808753,0.682842712474619,0,1010.291015625
49035,10,44,38,5,2,30.49761918920849,0.5621481528024028,0.848528137423857,0,1010.291015625
49035,10,44,38,6,2,30.47605747048579,0.3979601079496873,0.848528137423857,0,1010.291015625
49035,10,44,38,7,2,29.18926197458455,0.7759518515516426,0.613407053921902,0,1010.291015625
49035,10,44,38,8,2,28.352120318152398,0.6577499775298326,0.8513997106635237,0,1010.291015625
49035,10,44,38,9,2,27.884189593197167,0.4804711624713136,0.848528137423857,0,1010.291015625
49035,10,44,38,10,2,28.305712003122977,0.3028986005147116,0.8513997106635237,0,1010.291015625
49035,10,44,38,11,2,29.11259253171731,0.18418874584984968,0.613407053921902,0,1010.291015625
49035,10,44,38,12,2,25.519913393159808,0.5790542724131476,0.848528137423857,0,1010.291015625
49035,10,44,38,13,2,25.494142117920976,0.3827172439120776,0.848528137423857,0,1010.291015625
49035,10,44,38,14,2,23.452162585130385,0.6963467660385991,0.682842712474619,0,1010.291015625
49035,10,44,38,15,2,22.884257310512933,0.48150131371577043,0.8513997106635237,0,1010.291015625
49035,10,44,38,16,2,23.39603674531521,0.26613234943839315,0.682842712474619,0,1010.291015625
49035,10,44,38,17,2,19.38432549826906,0.48253861846379675,0.613407053921902,0,1010.291015625
49035,10,44,38,18,2,52.41118776282328,1.0882447032880227,0.37888543819998316,0,1010.291015625
49035,10,44,38,19,2,55.18807118051478,1.2899560812829607,0.3414213562373095,0,1010.291015625
49035,10,44,38,20,2,48.40551421165068,1.147663939767695,0.482842712474619,0,1010.291015625
49035,10,44,38,21,2,42.900634162714496,0.9642067319183296,0.3414213562373095,0,1010.291015625
49035,10,44,38,22,2,48.120366860034856,1.294187775313292,0.4242640687119285,0,1010.291015625
49035,10,44,38,23,2,41.387683097910795,1.1283145229096656,0.4242640687119285,0,1010.291015625
49035,10,44,38,24,2,53.05054481020897,1.4931210151003291,0.37888543819998316,0,1010.291015625
49035,10,44,38,25,2,48.86763353585239,1.439316141912047,0.482842712474619,0,1010.291015625
49035,10,44,38,26,2,41.05382092891129,1.2998763954865302,0.4242640687119285,0,1010.291015625
49035,10,44,38,27,2,34.391667862025315,1.101078977697871,0.482842712474619,0,1010.291015625
49035,10,44,38,28,2,31.72494477640962,0.972946829949602,0.4538461538461539,0,1010.291015625
49035,10,44,38,29,2,41.927224013916536,1.469209032367827,0.4242640687119285,0,1010.291015625
49035,10,44,38,30,2,33.989155902756536,1.307930139842972,0.4242640687119285,0,1010.291015625
49035,10,44,38,31,2,43.93595354789929,1.6273368001311035,0.3414213562373095,0,1010.291015625
49035,10,44,38,32,2,35.03910129600806,1.51090532371686,0.482842712474619,0,1010.291015625
49035,10,44,38,33,2,26.92785221848679,1.3202089398734784,0.3414213562373095,0,1010.291015625
49035,10,44,38,34,2,32.770410784979696,1.6424912650565153,0.4308640753373011,0,1010.291015625
49035,10,44,38,35,,,,,0,1010.291015625
49035,10,44,38,36,2,12.837532369509836,1.3852728707137716,0.37071067811865477,0,1010.291015625
49035,10,44,38,37,2,9.40678160013231,1.0527508003975716,0.5014040253126788,0,1010.291015625
49035,10,44,38,38,2,7.884975764513344,0.4924305163850331,0.4638463841038081,1,1010.291015625
49035,10,44,38,39,,,,,0,1010.291015625
49035,10,44,38,40,,,,,0,1010.291015625
49035,10,44,38,41,,,,,0,1010.291015625
49035,10,44,38,42,,,,,0,1010.291015625
49035,10,44,38,43,,,,,0,1010.291015625
49035,10,44,38,44,,,,,0,1010.291015625
49035,10,44,38,45,2,4.434383621815402,-0.3870013864845412,0.34843944249725717,0,1010.291015625
49035,10,44,38,46,,,,,0,1010.291015625
49035,10,44,38,47,,,,,0,1010.291015625
49035,10,44,38,48,,,,,0,1010.291015625
49035,10,44,38,49,,,,,0,1010.291015625
49035,10,44,38,50,,,,,0,1010.291015625
49035,10,44,38,51,2,7.607416723860088,-3.406171161663244,0.22672597831956315,0,1010.291015625
49035,10,44,38,52,2,36.00521800609375,1.8257991032206637,0.4308640753373011,0,1010.291015625
49035,10,44,38,53,2,45.22351513960395,1.982739852338254,0.3414213562373095,0,1010.291015625
49035,10,44,38,54,2,35.24963726126465,1.9646480490198048,0.482842712474619,0,1010.291015625
49035,10,44,38,55,2,25.296393666281507,1.9323006317238403,0.3414213562373095,0,1010.291015625
49035,10,44,38,56,2,40.187222194383644,-4.183951773187549,0.4242640687119285,0,1010.291015625
49035,10,44,38,57,2,30.205685444457497,-4.166518229392934,0.4242640687119285,0,1010.291015625
49035,10,44,38,58,2,45.68904385463528,-4.08024486327997,0.382842712474619,0,1010.291015625
49035,10,44,38,59,2,35.844934562913295,-4.036779813989918,0.4242640687119285,0,1010.291015625
49035,10,44,38,60,2,26.119531758595635,-3.960700052160063,0.482842712474619,0,1010.291015625
49035,10,44,38,61,2,21.352171833859455,-3.8968588738898147,0.37888543819998316,0,1010.291015625
49035,10,44,38,62,2,41.9205824681571,-3.943423871610036,0.4242640687119285,0,1010.291015625
49035,10,44,38,63,2,32.47623500251084,-3.854309949893919,0.4242640687119285,0,1010.291015625
49035,10,44,38,64,2,48.26811716982117,-3.8741409999199474,0.3414213562373095,0,1010.291015625
49035,10,44,38,65,2,39.07917272139131,-3.7832758390497156,0.382842712474619,0,1010.291015625
49035,10,44,38,66,2,30.406452375393695,-3.638729329843976,0.3414213562373095,0,1010.291015625
49035,10,45,17,1,2,31.164864430836772,0.2780553820451577,0.613407053921902,0,1010.7080078125
49035,10,45,17,2,2,28.2109435508883,0.45842164533383056,0.682842712474619,0,1010.7080078125
49035,10,45,17,3,2,27.66547377032751,0.2802795019253135,0.8513997106635237,0,1010.7080078125
49035,10,45,17,4,2,28.016058642177935,0.10088475012330944,0.682842712474619,0,1010.7080078125
49035,10,45,17,5,2,25.343986415799257,0.38102676032014027,0.848528137423857,0,1010.7080078125
49035,10,45,17,6,2,25.23566425417589,0.18304153830661862,0.848528137423857,0,1010.7080078125
49035,10,45,17,7,2,24.399632864411377,0.640366713890248,0.613407053921902,0,1010.7080078125
49035,10,45,17,8,2,23.329313233607095,0.5005822591947073,0.8513997106635237,0,1010.7080078125
49035,10,45,17,9,2,22.666670661061552,0.28464806572691836,0.848528137423857,0,1010.7080078125
49035,10,45,17,10,2,23.093268754386028,0.06647122223896229,0.8513997106635237,0,1010.7080078125
49035,10,45,17,11,2,24.01486693271469,-0.07702974786070449,0.613407053921902,0,1010.7080078125
49035,10,45,17,12,2,20.38914337005276,0.4105224339589031,0.848528137423857,0,1010.7080078125
49035,10,45,17,13,2,20.25433954168439,0.16394441613489996,0.848528137423857,0,1010.7080078125
49035,10,45,17,14,2,18.510979873364462,0.5648607343294216,0.682842712474619,0,1010.7080078125
49035,10,45,17,15,2,17.668544897002064,0.2914884108746112,0.8513997106635237,0,1010.7080078125
49035,10,45,17,16,2,18.21259404046143,0.013519306854463453,0.682842712474619,0,1010.7080078125
49035,10,45,17,17,2,14.170643694681695,0.29914746381097035,0.613407053921902,1,1010.7080078125
49035,10,45,17,18,2,48.49178055778464,0.9419760190949491,0.37888543819998316,0,1010.7080078125
49035,10,45,17,19,2,52.06544051262932,1.1532039259833877,0.3414213562373095,0,1010.7080078125
49035,10,45,17,20,2,44.719708201023515,1.0124686743294062,0.482842712474619,0,1010.7080078125
49035,10,45,17,21,2,38.586195813985555,0.822048193810363,0.3414213562373095,0,1010.7080078125
49035,10,45,17,22,2,45.041433354188065,1.170022412648605,0.4242640687119285,0,1010.7080078125
49035,10,45,17,23,2,37.65332554251101,1.0061968048017285,0.4242640687119285,0,1010.7080078125
49035,10,45,17,24,2,50.8732545912837,1.3696253052140879,0.37888543819998316,0,1010.7080078125
49035,10,45,17,25,2,46.45007142744606,1.3216606355323268,0.482842712474619,0,1010.7080078125
49035,10,45,17,26,2,38.03487007241365,1.1930459696534195,0.4242640687119285,0,1010.7080078125
49035,10,45,17,27,2,30.589108310572488,0.9970275847101573,0.482842712474619,0,1010.7080078125
49035,10,45,17,28,2,27.48116900972752,0.8618350998450204,0.4538461538461539,0,1010.7080078125
49035,10,45,17,29,2,39.69294343382037,1.3701893439054564,0.4242640687119285,0,1010.7080078125
49035,10,45,17,30,2,31.05755889072756,1.2264392938541797,0.4242640687119285,0,1010.7080078125
49035,10,45,17,31,2,42.47832594930666,1.5286365013951064,0.3414213562373095,0,1010.7080078125
49035,10,45,17,32,2,33.067361268569435,1.4383842242148615,0.482842712474619,0,1010.7080078125
49035,10,45,17,33,2,24.134883199979093,1.2790793398629692,0.3414213562373095,0,1010.7080078125
49035,10,45,17,34,2,31.493648584856523,1.5855809452843244,0.4308640753373011,0,1010.7080078125
49035,10,45,17,35,,,,,0,1010.7080078125
49035,10,45,17,36,2,10.878135535461865,1.584233828270528,0.3972017845253899,0,1010.7080078125
49035,10,45,17,37,2,6.152636478222293,1.384181110913513,0.5842467377872977,0,1010.7080078125
49035,10,45,17,38,,,,,0,1010.7080078125
49035,10,45,17,39,,,,,0,1010.7080078125
49035,10,45,17,40,2,3.0520889642936204,1.7788075337528513,0.563179972727508,0,1010.7080078125
49035,10,45,17,41,,,,,0,1010.7080078125
49035,10,45,17,42,,,,,0,1010.7080078125
49035,10,45,17,43,,,,,0,1010.7080078125
49035,10,45,17,44,,,,,0,1010.7080078125
49035,10,45,17,45,2,3.7670055073580118,-1.9805574017469252,0.33843921223960294,0,1010.7080078125
49035,10,45,17,46,,,,,0,1010.7080078125
49035,10,45,17,47,,,,,0,1010.7080078125
49035,10,45,17,48,,,,,0,1010.7080078125
49035,10,45,17,49,,,,,0,1010.7080078125
49035,10,45,17,50,,,,,0,1010.7080078125
49035,10,45,17,51,2,12.177176988862987,-3.3541616945561015,0.24591154859043163,0,1010.7080078125
49035,10,45,17,52,2,35.64727644858035,1.7565796572843335,0.4308640753373011,0,1010.7080078125
49035,10,45,17,53,2,45.60795580062006,-4.400586548972832,0.3414213562373095,0,1010.7080078125
49035,10,45,17,54,2,35.62482053459161,-4.386184354569113,0.482842712474619,0,1010.7080078125
49035,10,45,17,55,2,25.654824963979134,-4.360578889755932,0.3414213562373095,0,1010.7080078125
49035,10,45,17,56,2,41.206871455340256,-4.272834763059281,0.4242640687119285,0,1010.7080078125
49035,10,45,17,57,2,31.417327399820035,-4.216108093847797,0.4242640687119285,0,1010.7080078125
49035,10,45,17,58,2,47.18987891647966,-4.1873433371642275,0.382842712474619,0,1010.7080078125
49035,10,45,17,59,2,37.628803833799424,-4.117793779122019,0.4242640687119285,0,1010.7080078125
49035,10,45,17,60,2,28.371977086081,-4.00194932187382,0.482842712474619,0,1010.7080078125
49035,10,45,17,61,2,23.96852491661468,-3.9110940305716873,0.37888543819998316,0,1010.7080078125
49035,10,45,17,62,2,44.09994665504295,-4.047809151919612,0.4242640687119285,0,1010.7080078125
49035,10,45,17,63,2,35.12616547231111,-3.935635658273803,0.4242640687119285,0,1010.7080078125
49035,10,45,17,64,2,50.73148639644525,-3.9959188953846065,0.3414213562373095,0,1010.7080078125
49035,10,45,17,65,2,41.98482961503186,-3.890840907068432,0.382842712474619,0,1010.7080078125
49035,10,45,17,66,2,33.93770946327703,-3.733405335502895,0.3414213562373095,0,1010.7080078125
49035,10,46,16,1,2,19.422354317521023,0.33913490943366575,0.613407053921902,0,1011.708984375
49035,10,46,16,2,2,16.513277048043008,0.639860504825063,0.682842712474619,0,1011.708984375
49035,10,46,16,3,2,15.924321628255814,0.33246309646519134,0.8513997106635237,0,1011.708984375
49035,10,46,16,4,2,16.866526606709748,0.031707566066478066,0.682842712474619,0,1011.708984375
49035,10,46,16,5,2,13.54876928556086,0.5109702246957062,0.848528137423857,0,1011.708984375
49035,10,46,16,6,2,13.764623118998545,0.1431087206350221,0.848528137423857,0,1011.708984375
49035,10,46,16,7,2,13.478771778922605,0.9966956025872988,0.613407053921902,0,1011.708984375
49035,10,46,16,8,2,11.770908163203838,0.7535561325475302,0.8513997106635237,0,1011.708984375
49035,10,46,16,9,2,10.929317427968257,0.3155247036029074,0.848528137423857,0,1011.708984375
49035,10,46,16,10,2,12.261552915353038,-0.10384510598056962,0.8513997106635237,0,1011.708984375
49035,10,46,16,11,2,14.20291062473819,-0.32497663632394524,0.613407053921902,0,1011.708984375
49035,10,46,16,12,2,8.62757841311872,0.5927784354440901,0.848528137423857,0,1011.708984375
49035,10,46,16,13,2,8.96274565795683,0.017562357429881326,0.848528137423857,0,1011.708984375
49035,10,46,16,14,2,7.377007462903474,1.010325662810702,0.682842712474619,0,1011.708984375
49035,10,46,16,15,2,5.942721561914664,0.27012257565782916,0.765685424949238,0,1011.708984375
49035,10,46,16,16,2,8.137053521831927,-0.3877586006029251,0.682842712474619,1,1011.708984375
49035,10,46,16,17,,,,,0,1011.708984375
49035,10,46,16,18,2,39.197932296864266,1.2180190988004973,0.37888543819998316,0,1011.708984375
49035,10,46,16,19,2,44.61560775739008,1.4524200974036183,0.3414213562373095,0,1011.708984375
49035,10,46,16,20,2,36.08800155828402,1.3221622502215775,0.482842712474619,0,1011.708984375
49035,10,46,16,21,2,28.533055521274505,1.1176376155633945,0.3414213562373095,0,1011.708984375
49035,10,46,16,22,2,37.91192577721623,1.5071249543315066,0.4242640687119285,0,1011.708984375
49035,10,46,16,23,2,29.139415180243002,1.3625743579951564,0.4242640687119285,0,1011.708984375
49035,10,46,16,24,2,45.73170317568419,1.699326200545894,0.37888543819998316,0,1011.708984375
49035,10,46,16,25,2,40.89357377148145,1.6701439059506809,0.482842712474619,0,1011.708984375
49035,10,46,16,26,2,31.369982096153947,1.5849681198561865,0.4242640687119285,0,1011.708984375
49035,10,46,16,27,2,22.268075301256797,1.4280959173623955,0.482842712474619,0,1011.708984375
49035,10,46,16,28,2,18.076583694856584,1.292117373113067,0.4538461538461539,0,1011.708984375
49035,10,46,16,29,2,34.914839773074455,1.7701042897192212,0.4242640687119285,0,1011.708984375
49035,10,46,16,30,2,25.116477406055292,1.702620657546934,0.4242640687119285,0,1011.708984375
49035,10,46,16,31,2,39.42101338177273,1.9171185721127275,0.3414213562373095,0,1011.708984375
49035,10,46,16,32,2,29.424610395981944,1.9092439651539774,0.482842712474619,0,1011.708984375
49035,10,46,16,33,2,19.431909269671692,1.8932684385932685,0.3414213562373095,0,1011.708984375
49035,10,46,16,34,2,29.692990032606744,-4.204827639451243,0.4308640753373011,0,1011.708984375
49035,10,46,16,35,,,,,0,1011.708984375
49035,10,46,16,36,2,13.081376801257809,-3.575001576697499,0.45298221281347034,0,1011.708984375
49035,10,46,16,37,2,10.100401946021648,-3.223979239898072,0.6093338188813542,0,1011.708984375
49035,10,46,16,38,,,,,0,1011.708984375
49035,10,46,16,39,,,,,0,1011.708984375
49035,10,46,16,40,2,11.743038352961777,-2.935510335837842,0.6366888663207728,0,1011.708984375
49035,10,46,16,41,,,,,0,1011.708984375
49035,10,46,16,42,,,,,0,1011.708984375
49035,10,46,16,43,,,,,0,1011.708984375
49035,10,46,16,44,,,,,0,1011.708984375
49035,10,46,16,45,2,14.668223149562559,-2.489548584239995,0.4090963330049865,0,1011.708984375
49035,10,46,16,46,2,17.968561696072786,-3.166855489628129,0.6366888663207728,0,1011.708984375
49035,10,46,16,47,2,16.69625436678197,-2.886771680139118,0.682842712474619,0,1011.708984375
49035,10,46,16,48,,,,,0,1011.708984375
49035,10,46,16,49,2,19.589539037800442,-2.999186727808061,0.8513997106635237,0,1011.708984375
49035,10,46,16,50,,,,,0,1011.708984375
49035,10,46,16,51,2,23.01317474400948,-2.9649388927474387,0.5934065934065934,0,1011.708984375
49035,10,46,16,52,2,35.589941229832434,-4.084722137979107,0.4308640753373011,0,1011.708984375
49035,10,46,16,53,2,46.59096989712338,-4.035741232954068,0.3414213562373095,0,1011.708984375
49035,10,46,16,54,2,37.18211770278935,-3.9543364444316147,0.482842712474619,0,1011.708984375
49035,10,46,16,55,2,28.183351074233613,-3.8195035017963033,0.3414213562373095,0,1011.708984375
49035,10,46,16,56,2,43.78904128352805,-3.8918827051280127,0.4242640687119285,0,1011.708984375
49035,10,46,16,57,2,35.060968860542744,-3.767240759504501,0.4242640687119285,0,1011.708984375
49035,10,46,16,58,2,50.521781403637846,-3.845932824420098,0.382842712474619,0,1011.708984375
49035,10,46,16,59,2,42.00287843834504,-3.732181961796689,0.4242640687119285,0,1011.708984375
49035,10,46,16,60,2,34.29334043244861,-3.5641733119177497,0.482842712474619,0,1011.708984375
49035,10,46,16,61,2,30.934267382152864,-3.450401906027391,0.37888543819998316,0,1011.708984375
49035,10,46,16,62,2,48.98175228360898,-3.7070895030475643,0.4242640687119285,0,1011.708984375
49035,10,46,16,63,2,41.364277555425254,-3.5630318610270084,0.4242640687119285,0,1011.708984375
49035,10,46,16,64,2,55.98376833010865,-3.688264276081619,0.3414213562373095,0,1011.708984375
49035,10,46,16,65,2,48.4352528366344,-3.5622236860418157,0.382842712474619,0,1011.708984375
49035,10,46,16,66,2,41.92570951406934,-3.3935674085642633,0.3414213562373095,0,1011.708984375
49035,10,47,15,1,2,15.82420053486029,0.9747748431584602,0.613407053921902,0,1012.1580200195312
49035,10,47,15,2,2,14.444867785411226,1.3705970530600695,0.682842712474619,0,1012.1580200195312
49035,10,47,15,3,2,12.404281806640324,1.0279146996256285,0.8513997106635237,0,1012.1580200195312
49035,10,47,15,4,2,12.209758758431112,0.6190964076769205,0.682842712474619,0,1012.1580200195312
49035,10,47,15,5,2,11.002440420998388,1.3066490365747379,0.848528137423857,0,1012.1580200195312
49035,10,47,15,6,2,9.553308171421891,0.8355414268936558,0.848528137423857,0,1012.1580200195312
49035,10,47,15,7,2,13.466357415289194,1.8059707154974738,0.613407053921902,0,1012.1580200195312
49035,10,47,15,8,2,10.641484073976253,1.6331351696042764,0.8513997106635237,0,1012.1580200195312
49035,10,47,15,9,2,7.645468271939093,1.1856167168792213,0.848528137423857,0,1012.1580200195312
49035,10,47,15,10,2,7.325652660191066,0.5058682842251518,0.8513997106635237,0,1012.1580200195312
49035,10,47,15,11,2,8.947825890021576,0.12042120390242883,0.6034068236642477,0,1012.1580200195312
49035,10,47,15,12,2,7.116226048707164,1.6640899412803913,0.848528137423857,0,1012.1580200195312
49035,10,47,15,13,2,4.566472925227465,0.8904458745455246,0.848528137423857,0,1012.1580200195312
49035,10,47,15,14,2,8.235785406102409,2.1057297536203494,0.682842712474619,0,1012.1580200195312
49035,10,47,15,15,2,3.6111165940615284,1.7554219233356776,0.765685424949238,1,1012.1580200195312
49035,10,47,15,16,,,,,0,1012.1580200195312
49035,10,47,15,17,,,,,0,1012.1580200195312
49035,10,47,15,18,2,39.666361572722636,1.7670325681089956,0.37888543819998316,0,1012.1580200195312
49035,10,47,15,19,2,46.23400496145204,1.9787083197696564,0.3414213562373095,0,1012.1580200195312
49035,10,47,15,20,2,37.12151961297714,1.8792521509584168,0.482842712474619,0,1012.1580200195312
49035,10,47,15,21,2,28.608236960318273,1.7180883085577554,0.3414213562373095,0,1012.1580200195312
49035,10,47,15,22,2,39.84196524438508,2.049170364510463,0.4242640687119285,0,1012.1580200195312
49035,10,47,15,23,2,30.459911328430728,1.9497857293206275,0.4242640687119285,0,1012.1580200195312
49035,10,47,15,24,2,48.49273315551922,2.2104796111035965,0.37888543819998316,0,1012.1580200195312
49035,10,47,15,25,2,43.551775746723926,2.1938086524137814,0.482842712474619,0,1012.1580200195312
49035,10,47,15,26,2,33.722116990100204,2.1458464845045606,0.4242640687119285,0,1012.1580200195312
49035,10,47,15,27,2,24.033417940340463,2.058856251881915,0.482842712474619,0,1012.1580200195312
49035,10,47,15,28,2,19.308474297458513,1.9829151306946258,0.4538461538461539,0,1012.1580200195312
49035,10,47,15,29,2,38.03361868731592,2.302501205530703,0.4242640687119285,0,1012.1580200195312
49035,10,47,15,30,2,28.05316656018035,2.2833681530044663,0.4242640687119285,0,1012.1580200195312
49035,10,47,15,31,2,43.080519107948184,-3.858254877773292,0.3414213562373095,0,1012.1580200195312
49035,10,47,15,32,2,33.111253830251776,-3.837511704319354,0.482842712474619,0,1012.1580200195312
49035,10,47,15,33,2,23.168494422651577,-3.7989341318318415,0.3414213562373095,0,1012.1580200195312
49035,10,47,15,34,2,33.925537699055596,-3.6901873165129846,0.4308640753373011,0,1012.1580200195312
49035,10,47,15,35,,,,,0,1012.1580200195312
49035,10,47,15,36,2,18.34058595931084,-3.142364159073362,0.6093338188813542,0,1012.1580200195312
49035,10,47,15,37,2,15.218051620736704,-2.908081934802869,0.765685424949238,0,1012.1580200195312
49035,10,47,15,38,,,,,0,1012.1580200195312
49035,10,47,15,39,2,18.67556112170336,-2.951901365931734,0.765685424949238,0,1012.1580200195312
49035,10,47,15,40,2,16.400871471083942,-2.6967938676421452,0.682842712474619,0,1012.1580200195312
49035,10,47,15,41,,,,,0,1012.1580200195312
49035,10,47,15,42,,,,,0,1012.1580200195312
49035,10,47,15,43,,,,,0,1012.1580200195312
49035,10,47,15,44,,,,,0,1012.1580200195312
49035,10,47,15,45,2,17.96625938115665,-2.3271769633216217,0.4090963330049865,0,1012.1580200195312
49035,10,47,15,46,2,22.98616020933373,-2.8295452621606056,0.682842712474619,0,1012.1580200195312
49035,10,47,15,47,2,21.179602521522785,-2.6178493629081956,0.682842712474619,0,1012.1580200195312
49035,10,47,15,48,,,,,0,1012.1580200195312
49035,10,47,15,49,2,24.305617684987258,-2.6906622439056855,0.8513997106635237,0,1012.1580200195312
49035,10,47,15,50,,,,,0,1012.1580200195312
49035,10,47,15,51,2,27.63555564159767,-2.649075402104746,0.5934065934065934,0,1012.1580200195312
49035,10,47,15,52,2,40.128756326706466,-3.5981657237246054,0.4308640753373011,0,1012.1580200195312
49035,10,47,15,53,2,51.22967947084765,-3.5688262143432707,0.3414213562373095,0,1012.1580200195312
49035,10,47,15,54,2,42.01076126764264,-3.4852855489880747,0.482842712474619,0,1012.1580200195312
49035,10,47,15,55,2,33.24647448810081,-3.356350000479595,0.3414213562373095,0,1012.1580200195312
49035,10,47,15,56,2,48.72657425312193,-3.436365926777553,0.4242640687119285,0,1012.1580200195312
49035,10,47,15,57,2,40.1833677290254,-3.31883956842138,0.4242640687119285,0,1012.1580200195312
49035,10,47,15,58,2,55.53065833035971,-3.3993629467442714,0.382842712474619,0,1012.1580200195312
49035,10,47,15,59,2,47.16013166016632,-3.292398962012003,0.4242640687119285,0,1012.1580200195312
49035,10,47,15,60,2,39.55378644081115,-3.141948507154929,0.482842712474619,0,1012.1580200195312
49035,10,47,15,61,2,36.18997131258649,-3.044133972312334,0.37888543819998316,0,1012.1580200195312
49035,10,47,15,62,2,54.1613607137262,-3.272783189160041,0.4242640687119285,0,1012.1580200195312
49035,10,47,15,63,2,46.62485386533064,-3.141894006183226,0.4242640687119285,0,1012.1580200195312
49035,10,47,15,64,2,61.17865616798481,-3.2576625831602977,0.3414213562373095,0,1012.1580200195312
49035,10,47,15,65,2,53.69592139186719,-3.1418538593761847,0.382842712474619,0,1012.1580200195312
49035,10,47,15,66,2,47.1558689637107,-2.9913753416464433,0.3414213562373095,0,1012.1580200195312
49035,10,48,12,1,2,13.544569409993107,-0.43314310813881485,0.613407053921902,0,1012.3250122070312
49035,10,48,12,2,2,12.183367692543424,0.034245355932347454,0.682842712474619,0,1012.3250122070312
49035,10,48,12,3,2,10.103427090899649,-0.37849764296324584,0.8513997106635237,0,1012.3250122070312
49035,10,48,12,4,2,10.282219100492801,-0.8737911455415925,0.682842712474619,0,1012.3250122070312
49035,10,48,12,5,2,8.71097253870038,-0.030335131752522226,0.848528137423857,0,1012.3250122070312
49035,10,48,12,6,2,7.384160969223666,-0.6408496063287556,0.848528137423857,0,1012.3250122070312
49035,10,48,12,7,2,11.69963643470469,0.5495216240702687,0.613407053921902,0,1012.3250122070312
49035,10,48,12,8,2,8.641923753358352,0.3799483117233229,0.8513997106635237,0,1012.3250122070312
49035,10,48,12,9,2,5.322371351970227,-0.17860537612290117,0.848528137423857,0,1012.3250122070312
49035,10,48,12,10,2,5.654416632835561,-1.122696749829802,0.8513997106635237,0,1012.3250122070312
49035,10,48,12,11,2,8.017093046252942,-1.5086066200472794,0.6034068236642477,0,1012.3250122070312
49035,10,48,12,12,2,5.2085929383222656,0.505821825368955,0.848528137423857,1,1012.3250122070312
49035,10,48,12,13,2,2.4029629723644583,-0.7437366885480083,0.765685424949238,0,1012.3250122070312
49035,10,48,12,14,2,7.136612921127764,-5.286365190343364,0.6466890965784271,0,1012.3250122070312
49035,10,48,12,15,,,,,0,1012.3250122070312
49035,10,48,12,16,,,,,0,1012.3250122070312
49035,10,48,12,17,,,,,0,1012.3250122070312
49035,10,48,12,18,2,37.78509890724575,0.4254297090760204,0.37888543819998316,0,1012.3250122070312
49035,10,48,12,19,2,44.684141660757724,0.6399535576420186,0.3414213562373095,0,1012.3250122070312
49035,10,48,12,20,2,35.41132724507078,0.5458062740723539,0.482842712474619,0,1012.3250122070312
49035,10,48,12,21,2,26.669302176028534,0.3876377291363329,0.3414213562373095,0,1012.3250122070312
49035,10,48,12,22,2,38.42610706844015,0.7194191214531487,0.4242640687119285,0,1012.3250122070312
49035,10,48,12,23,2,28.87655252508607,0.6303048243691216,0.4242640687119285,0,1012.3250122070312
49035,10,48,12,24,2,47.38696572860038,0.8762642371223173,0.37888543819998316,0,1012.3250122070312
49035,10,48,12,25,2,42.416615984929315,0.8641366438091524,0.482842712474619,0,1012.3250122070312
49035,10,48,12,26,2,32.503213578226216,0.8287681045709552,0.4242640687119285,0,1012.3250122070312
49035,10,48,12,27,2,22.66602025523266,0.7625457236132269,0.482842712474619,0,1012.3250122070312
49035,10,48,12,28,2,17.815534369196765,0.7021440627403139,0.4538461538461539,0,1012.3250122070312
49035,10,48,12,29,2,37.13573077360298,-5.300497221889286,0.4242640687119285,0,1012.3250122070312
49035,10,48,12,30,2,27.13580810273303,-5.299258372870366,0.4242640687119285,0,1012.3250122070312
49035,10,48,12,31,2,42.446037592068095,-5.182825891790753,0.3414213562373095,0,1012.3250122070312
49035,10,48,12,32,2,32.54159935476568,-5.145714782456901,0.482842712474619,0,1012.3250122070312
49035,10,48,12,33,2,22.721031443684815,-5.076346376563805,0.3414213562373095,0,1012.3250122070312
49035,10,48,12,34,2,33.692789827991895,-4.998637236511403,0.4308640753373011,0,1012.3250122070312
49035,10,48,12,35,,,,,0,1012.3250122070312
49035,10,48,12,36,2,19.391535442507873,-4.409239097754169,0.6093338188813542,0,1012.3250122070312
49035,10,48,12,37,2,16.723529456052425,-4.173876337418569,0.765685424949238,0,1012.3250122070312
49035,10,48,12,38,,,,,0,1012.3250122070312
49035,10,48,12,39,2,20.08676781008633,-4.233369627650649,0.765685424949238,0,1012.3250122070312
49035,10,48,12,40,2,18.224242966601775,-3.990248638822445,0.682842712474619,0,1012.3250122070312
49035,10,48,12,41,,,,,0,1012.3250122070312
49035,10,48,12,42,,,,,0,1012.3250122070312
49035,10,48,12,43,,,,,0,1012.3250122070312
49035,10,48,12,44,,,,,0,1012.3250122070312
49035,10,48,12,45,2,20.171043091486503,-3.665365482117423,0.4090963330049865,0,1012.3250122070312
49035,10,48,12,46,2,24.591190269758574,-4.135680423291197,0.682842712474619,0,1012.3250122070312
49035,10,48,12,47,2,23.094835559771425,-3.935152149384286,0.682842712474619,0,1012.3250122070312
49035,10,48,12,48,,,,,0,1012.3250122070312
49035,10,48,12,49,2,26.11844622334472,-4.009779101053048,0.8513997106635237,0,1012.3250122070312
49035,10,48,12,50,,,,,0,1012.3250122070312
49035,10,48,12,51,2,29.500798490901122,-3.977360916320455,0.5934065934065934,0,1012.3250122070312
49035,10,48,12,52,2,40.097477396601505,-4.917085923590339,0.4308640753373011,0,1012.3250122070312
49035,10,48,12,53,2,51.25199030378517,-4.9003318835462,0.3414213562373095,0,1012.3250122070312
49035,10,48,12,54,2,42.238088159836465,-4.807232888232501,0.482842712474619,0,1012.3250122070312
49035,10,48,12,55,2,33.78380784779811,-4.665728503237659,0.3414213562373095,0,1012.3250122070312
49035,10,48,12,56,2,49.05771803269952,-4.766174476812079,0.4242640687119285,0,1012.3250122070312
49035,10,48,12,57,2,40.791534414320324,-4.640289597729451,0.4242640687119285,0,1012.3250122070312
49035,10,48,12,58,2,55.939818606727584,-4.735176534578702,0.382842712474619,0,1012.3250122070312
49035,10,48,12,59,2,47.81791387181601,-4.622317741675089,0.4242640687119285,0,1012.3250122070312
49035,10,48,12,60,2,40.544327203090226,-4.466302402770538,0.482842712474619,0,1012.3250122070312
49035,10,48,12,61,2,37.38298087366304,-4.366759987154905,0.37888543819998316,0,1012.3250122070312
49035,10,48,12,62,2,54.85577904132023,-4.608953936536494,0.4242640687119285,0,1012.3250122070312
49035,10,48,12,63,2,47.607206130259065,-4.474046018470109,0.4242640687119285,0,1012.3250122070312
49035,10,48,12,64,2,61.901212438916595,-4.598630687811033,0.3414213562373095,0,1012.3250122070312
49035,10,48,12,65,2,54.6722021022266,-4.479788576195368,0.382842712474619,0,1012.3250122070312
49035,10,48,12,66,2,48.43902624955975,-4.327689301896235,0.3414213562373095,0,1012.3250122070312
49035,10,49,14,1,2,12.819501592004695,-1.6628089651305384,0.613407053921902,0,1012.6580200195312
49035,10,49,14,2,2,9.844457328470124,-1.1838705352645327,0.682842712474619,0,1012.6580200195312
49035,10,49,14,3,2,9.355246650770711,-1.7083727418503944,0.8513997106635237,0,1012.6580200195312
49035,10,49,14,4,2,11.319361276213606,-2.1590004442253554,0.682842712474619,0,1012.6580200195312
49035,10,49,14,5,2,6.789424803194393,-1.4019714174504299,0.848528137423857,0,1012.6580200195312
49035,10,49,14,6,2,7.855163204091862,-2.084044223193643,0.848528137423857,0,1012.6580200195312
49035,10,49,14,7,2,8.123843213431964,-0.5167770408471637,0.613407053921902,0,1012.6580200195312
49035,10,49,14,8,2,5.447195463695592,-0.8574234830348502,0.7685569981889047,0,1012.6580200195312
49035,10,49,14,9,2,4.5032475197787365,-1.8946809885429179,0.848528137423857,0,1012.6580200195312
49035,10,49,14,10,2,7.8029826367281405,-2.539514751186946,0.8513997106635237,0,1012.6580200195312
49035,10,49,14,11,2,10.911537375290527,-2.7140434336317907,0.6034068236642477,0,1012.6580200195312
49035,10,49,14,12,,,,,0,1012.6580200195312
49035,10,49,14,13,2,4.411596909346484,-2.7100337249200503,0.765685424949238,0,1012.6580200195312
49035,10,49,14,14,2,3.5256966329142045,-6.031274087950006,0.5052677403411177,1,1012.6580200195312
49035,10,49,14,15,,,,,0,1012.6580200195312
49035,10,49,14,16,,,,,0,1012.6580200195312
49035,10,49,14,17,,,,,0,1012.6580200195312
49035,10,49,14,18,2,34.327243472398976,-0.5643801912681785,0.37888543819998316,0,1012.6580200195312
49035,10,49,14,19,2,40.98662761354757,-0.324380079370588,0.3414213562373095,0,1012.6580200195312
49035,10,49,14,20,2,31.798085520059143,-0.4337376456267368,0.482842712474619,0,1012.6580200195312
49035,10,49,14,21,2,23.288040758088044,-0.6270233048583473,0.3414213562373095,0,1012.6580200195312
49035,10,49,14,22,2,34.68817581343741,-0.23911729952730898,0.4242640687119285,0,1012.6580200195312
49035,10,49,14,23,2,25.188968634569363,-0.34488280345620614,0.4242640687119285,0,1012.6580200195312
49035,10,49,14,24,2,43.644169598953376,-0.06690096020600622,0.37888543819998316,0,1012.6580200195312
49035,10,49,14,25,2,38.670671571449255,-0.0794154086071508,0.482842712474619,0,1012.6580200195312
49035,10,49,14,26,2,28.751268483255974,-0.11741720540451572,0.4242640687119285,0,1012.6580200195312
49035,10,49,14,27,2,18.916924670930086,-0.19516146930489775,0.482842712474619,0,1012.6580200195312
49035,10,49,14,28,2,14.087488733281416,-0.27449922557397555,0.4538461538461539,0,1012.6580200195312
49035,10,49,14,29,2,33.44826958034179,-6.229950726866676,0.4242640687119285,0,1012.6580200195312
49035,10,49,14,30,2,23.45210731530522,-6.2200598493913555,0.4242640687119285,0,1012.6580200195312
49035,10,49,14,31,2,38.870786413991766,-6.104005037566964,0.3414213562373095,0,1012.6580200195312
49035,10,49,14,32,2,29.01986623076581,-6.052779341870854,0.482842712474619,0,1012.6580200195312
49035,10,49,14,33,2,19.322712947744083,-5.949592551619121,0.3414213562373095,0,1012.6580200195312
49035,10,49,14,34,2,30.41235331866277,-5.890956386988593,0.4308640753373011,0,1012.6580200195312
49035,10,49,14,35,2,12.748541598979353,-4.955514278621268,0.6034068236642477,0,1012.6580200195312
49035,10,49,14,36,2,17.891311632341694,-5.173566135052488,0.6466890965784271,0,1012.6580200195312
49035,10,49,14,37,2,16.14640305858406,-4.897002154388856,0.8513997106635237,0,1012.6580200195312
49035,10,49,14,38,,,,,0,1012.6580200195312
49035,10,49,14,39,2,19.2167109826767,-4.996565168288227,0.765685424949238,0,1012.6580200195312
49035,10,49,14,40,2,18.29998034961827,-4.7337011424348665,0.682842712474619,0,1012.6580200195312
49035,10,49,14,41,,,,,0,1012.6580200195312
49035,10,49,14,42,,,,,0,1012.6580200195312
49035,10,49,14,43,,,,,0,1012.6580200195312
49035,10,49,14,44,,,,,0,1012.6580200195312
49035,10,49,14,45,2,21.383342576076785,-4.443418415983992,0.4090963330049865,0,1012.6580200195312
49035,10,49,14,46,2,24.021668953662733,-4.932189633800212,0.682842712474619,0,1012.6580200195312
49035,10,49,14,47,2,23.29480369361484,-4.722684238269709,0.682842712474619,0,1012.6580200195312
49035,10,49,14,48,,,,,0,1012.6580200195312
49035,10,49,14,49,2,26.004298267508126,-4.81499869094339,0.8513997106635237,0,1012.6580200195312
49035,10,49,14,50,,,,,0,1012.6580200195312
49035,10,49,14,51,2,29.47718689452696,-4.799294303680984,0.5934065934065934,0,1012.6580200195312
49035,10,49,14,52,2,36.97380874216406,-5.81233370270985,0.4308640753373011,0,1012.6580200195312
49035,10,49,14,53,2,48.15191098617364,-5.807032640918031,0.3414213562373095,0,1012.6580200195312
49035,10,49,14,54,2,39.367767668865405,-5.697213512993322,0.482842712474619,0,1012.6580200195312
49035,10,49,14,55,2,31.32148992048653,-5.527915287001369,0.3414213562373095,0,1012.6580200195312
49035,10,49,14,56,2,46.28144800838359,-5.662455062800428,0.4242640687119285,0,1012.6580200195312
49035,10,49,14,57,2,38.382118614819696,-5.516837689347795,0.4242640687119285,0,1012.6580200195312
49035,10,49,14,58,2,53.23648869220868,-5.6367539368075175,0.382842712474619,0,1012.6580200195312
49035,10,49,14,59,2,45.4459935295185,-5.509203063923076,0.4242640687119285,0,1012.6580200195312
49035,10,49,14,60,2,38.68530635130622,-5.333243876394517,0.482842712474619,0,1012.6580200195312
49035,10,49,14,61,2,35.87701530644795,-5.2221444945279,0.37888543819998316,0,1012.6580200195312
49035,10,49,14,62,2,52.511804638652315,-5.503622761079114,0.4242640687119285,0,1012.6580200195312
49035,10,49,14,63,2,45.70234376941036,-5.353993532065772,0.4242640687119285,0,1012.6580200195312
49035,10,49,14,64,2,59.57886307182218,-5.499366186792713,0.3414213562373095,0,1012.6580200195312
49035,10,49,14,65,2,52.73381765565917,-5.369214887501045,0.382842712474619,0,1012.6580200195312
49035,10,49,14,66,2,47.03264955485377,-5.204060326322013,0.3414213562373095,0,1012.6580200195312
49035,10,50,9,1,2,12.819501592004695,-1.6628089651305384,0.613407053921902,0,1012.7420043945312
49035,10,50,9,2,2,9.844457328470124,-1.1838705352645327,0.682842712474619,0,1012.7420043945312
49035,10,50,9,3,2,9.355246650770711,-1.7083727418503944,0.8513997106635237,0,1012.7420043945312
49035,10,50,9,4,2,11.319361276213606,-2.1590004442253554,0.682842712474619,0,1012.7420043945312
49035,10,50,9,5,2,6.789424803194393,-1.4019714174504299,0.848528137423857,0,1012.7420043945312
49035,10,50,9,6,2,7.855163204091862,-2.084044223193643,0.848528137423857,0,1012.7420043945312
49035,10,50,9,7,2,8.123843213431964,-0.5167770408471637,0.6034068236642477,0,1012.7420043945312
49035,10,50,9,8,2,5.447195463695592,-0.8574234830348502,0.7685569981889047,0,1012.7420043945312
49035,10,50,9,9,2,4.5032475197787365,-1.8946809885429179,0.848528137423857,1,1012.7420043945312
49035,10,50,9,10,2,7.8029826367281405,-2.539514751186946,0.8513997106635237,0,1012.7420043945312
49035,10,50,9,11,2,10.911537375290527,-2.7140434336317907,0.6034068236642477,0,1012.7420043945312
49035,10,50,9,12,,,,,0,1012.7420043945312
49035,10,50,9,13,2,4.411596909346484,-2.7100337249200503,0.765685424949238,0,1012.7420043945312
49035,10,50,9,14,,,,,0,1012.7420043945312
49035,10,50,9,15,,,,,0,1012.7420043945312
49035,10,50,9,16,,,,,0,1012.7420043945312
49035,10,50,9,17,,,,,0,1012.7420043945312
49035,10,50,9,18,2,34.327243472398976,-0.5643801912681785,0.37888543819998316,0,1012.7420043945312
49035,10,50,9,19,2,40.98662761354757,-0.324380079370588,0.3414213562373095,0,1012.7420043945312
49035,10,50,9,20,2,31.798085520059143,-0.4337376456267368,0.482842712474619,0,1012.7420043945312
49035,10,50,9,21,2,23.288040758088044,-0.6270233048583473,0.3414213562373095,0,1012.7420043945312
49035,10,50,9,22,2,34.68817581343741,-0.23911729952730898,0.4242640687119285,0,1012.7420043945312
49035,10,50,9,23,2,25.188968634569363,-0.34488280345620614,0.4242640687119285,0,1012.7420043945312
49035,10,50,9,24,2,43.644169598953376,-0.06690096020600622,0.37888543819998316,0,1012.7420043945312
49035,10,50,9,25,2,38.670671571449255,-0.0794154086071508,0.482842712474619,0,1012.7420043945312
49035,10,50,9,26,2,28.751268483255974,-0.11741720540451572,0.4242640687119285,0,1012.7420043945312
49035,10,50,9,27,2,18.916924670930086,-0.19516146930489775,0.482842712474619,0,1012.7420043945312
49035,10,50,9,28,2,14.087488733281416,-0.27449922557397555,0.4538461538461539,0,1012.7420043945312
49035,10,50,9,29,2,33.44826958034179,-6.229950726866676,0.4242640687119285,0,1012.7420043945312
49035,10,50,9,30,2,23.45210731530522,-6.2200598493913555,0.4242640687119285,0,1012.7420043945312
49035,10,50,9,31,2,38.870786413991766,-6.104005037566964,0.3414213562373095,0,1012.7420043945312
49035,10,50,9,32,2,29.01986623076581,-6.052779341870854,0.482842712474619,0,1012.7420043945312
49035,10,50,9,33,2,19.322712947744083,-5.949592551619121,0.3414213562373095,0,1012.7420043945312
49035,10,50,9,34,2,30.41235331866277,-5.890956386988593,0.4308640753373011,0,1012.7420043945312
49035,10,50,9,35,2,12.748541598979353,-4.955514278621268,0.6034068236642477,0,1012.7420043945312
49035,10,50,9,36,2,17.891311632341694,-5.173566135052488,0.6466890965784271,0,1012.7420043945312
49035,10,50,9,37,2,16.14640305858406,-4.897002154388856,0.8513997106635237,0,1012.7420043945312
49035,10,50,9,38,,,,,0,1012.7420043945312
49035,10,50,9,39,2,19.2167109826767,-4.996565168288227,0.765685424949238,0,1012.7420043945312
49035,10,50,9,40,2,18.29998034961827,-4.7337011424348665,0.682842712474619,0,1012.7420043945312
49035,10,50,9,41,,,,,0,1012.7420043945312
49035,10,50,9,42,,,,,0,1012.7420043945312
49035,10,50,9,43,,,,,0,1012.7420043945312
49035,10,50,9,44,,,,,0,1012.7420043945312
49035,10,50,9,45,2,21.383342576076785,-4.443418415983992,0.4090963330049865,0,1012.7420043945312
49035,10,50,9,46,2,24.021668953662733,-4.932189633800212,0.682842712474619,0,1012.7420043945312
49035,10,50,9,47,2,23.29480369361484,-4.722684238269709,0.682842712474619,0,1012.7420043945312
49035,10,50,9,48,,,,,0,1012.7420043945312
49035,10,50,9,49,2,26.004298267508126,-4.81499869094339,0.8513997106635237,0,1012.7420043945312
49035,10,50,9,50,,,,,0,1012.7420043945312
49035,10,50,9,51,2,29.47718689452696,-4.799294303680984,0.5934065934065934,0,1012.7420043945312
49035,10,50,9,52,2,36.97380874216406,-5.81233370270985,0.4308640753373011,0,1012.7420043945312
49035,10,50,9,53,2,48.15191098617364,-5.807032640918031,0.3414213562373095,0,1012.7420043945312
49035,10,50,9,54,2,39.367767668865405,-5.697213512993322,0.482842712474619,0,1012.7420043945312
49035,10,50,9,55,2,31.32148992048653,-5.527915287001369,0.3414213562373095,0,1012.7420043945312
49035,10,50,9,56,2,46.28144800838359,-5.662455062800428,0.4242640687119285,0,1012.7420043945312
49035,10,50,9,57,2,38.382118614819696,-5.516837689347795,0.4242640687119285,0,1012.7420043945312
49035,10,50,9,58,2,53.23648869220868,-5.6367539368075175,0.382842712474619,0,1012.7420043945312
49035,10,50,9,59,2,45.4459935295185,-5.509203063923076,0.4242640687119285,0,1012.7420043945312
49035,10,50,9,60,2,38.68530635130622,-5.333243876394517,0.482842712474619,0,1012.7420043945312
49035,10,50,9,61,2,35.87701530644795,-5.2221444945279,0.37888543819998316,0,1012.7420043945312
49035,10,50,9,62,2,52.511804638652315,-5.503622761079114,0.4242640687119285,0,1012.7420043945312
49035,10,50,9,63,2,45.70234376941036,-5.353993532065772,0.4242640687119285,0,1012.7420043945312
49035,10,50,9,64,2,59.57886307182218,-5.499366186792713,0.3414213562373095,0,1012.7420043945312
49035,10,50,9,65,2,52.73381765565917,-5.369214887501045,0.382842712474619,0,1012.7420043945312
49035,10,50,9,66,2,47.03264955485377,-5.204060326322013,0.3414213562373095,0,1012.7420043945312
49035,10,51,10,1,2,10.489189071050351,0.04540240362911918,0.613407053921902,0,1013.0419921875
49035,10,51,10,2,2,6.938379514479106,0.6358241142325622,0.682842712474619,0,1013.0419921875
49035,10,51,10,3,2,7.1835649987159105,-0.08719421488417445,0.8513997106635237,0,1013.0419921875
49035,10,51,10,4,2,10.250175700670175,-0.5515800525754725,0.682842712474619,0,1013.0419921875
49035,10,51,10,5,2,4.1102502693125915,0.23585812386888372,0.848528137423857,0,1013.0419921875
49035,10,51,10,6,2,6.734734818849012,-0.5968863397496835,0.848528137423857,0,1013.0419921875
49035,10,51,10,7,2,5.874603084405707,1.6159224494593871,0.6034068236642477,0,1013.0419921875
49035,10,51,10,8,2,2.680430648607077,1.2533653244823821,0.7685569981889047,0,1013.0419921875
49035,10,51,10,9,,,,,0,1013.0419921875
49035,10,51,10,10,2,8.006853318854928,-1.0499702181564539,0.8513997106635237,1,1013.0419921875
49035,10,51,10,11,2,11.457898896933123,-1.1108824825403012,0.6034068236642477,0,1013.0419921875
49035,10,51,10,12,,,,,0,1013.0419921875
49035,10,51,10,13,2,5.422199853866149,-1.4181692374695647,0.6366888663207728,0,1013.0419921875
49035,10,51,10,14,,,,,0,1013.0419921875
49035,10,51,10,15,,,,,0,1013.0419921875
49035,10,51,10,16,,,,,0,1013.0419921875
49035,10,51,10,17,,,,,0,1013.0419921875
49035,10,51,10,18,2,31.823598710983028,1.342400424730925,0.37888543819998316,0,1013.0419921875
49035,10,51,10,19,2,38.92120298095966,1.5884756130348359,0.3414213562373095,0,1013.0419921875
49035,10,51,10,20,2,29.526006047088885,1.4874006730186522,0.482842712474619,0,1013.0419921875
49035,10,51,10,21,2,20.70531392421751,1.2965703848286656,0.3414213562373095,0,1013.0419921875
49035,10,51,10,22,2,32.823256015574465,1.688673314853214,0.4242640687119285,0,1013.0419921875
49035,10,51,10,23,2,23.114738308525393,1.6016301127372017,0.4242640687119285,0,1013.0419921875
49035,10,51,10,24,2,42.18393938492857,1.8531601149780184,0.37888543819998316,0,1013.0419921875
49035,10,51,10,25,2,37.18799857259276,1.8480743428064106,0.482842712474619,0,1013.0419921875
49035,10,51,10,26,2,27.20059244654107,1.8322992541646828,0.4242640687119285,0,1013.0419921875
49035,10,51,10,27,2,17.227803721034586,1.7982419203804627,0.482842712474619,0,1013.0419921875
49035,10,51,10,28,2,12.258047024478497,1.760453639544458,0.4538461538461539,0,1013.0419921875
49035,10,51,10,29,2,32.333470766591745,-4.286705848234941,0.4242640687119285,0,1013.0419921875
49035,10,51,10,30,2,22.413797612669498,-4.2397134578662765,0.4242640687119285,0,1013.0419921875
49035,10,51,10,31,2,38.09244589397298,-4.16972941939393,0.3414213562373095,0,1013.0419921875
49035,10,51,10,32,2,28.424627100331936,-4.092031738208218,0.482842712474619,0,1013.0419921875
49035,10,51,10,33,2,19.10194800015409,-3.9366207093847034,0.3414213562373095,0,1013.0419921875
49035,10,51,10,34,2,30.28205778952239,-3.9336383124004524,0.4308640753373011,0,1013.0419921875
49035,10,51,10,35,2,15.059169380800967,-2.9649053764301136,0.6034068236642477,0,1013.0419921875
49035,10,51,10,36,2,19.745799689006127,-3.1921201238899686,0.6466890965784271,0,1013.0419921875
49035,10,51,10,37,2,18.529951461409375,-2.937888138027388,0.8513997106635237,0,1013.0419921875
49035,10,51,10,38,,,,,0,1013.0419921875
49035,10,51,10,39,2,21.4161073108022,-3.0404430329276844,0.765685424949238,0,1013.0419921875
49035,10,51,10,40,2,20.90722717510929,-2.804832069009717,0.682842712474619,0,1013.0419921875
49035,10,51,10,41,,,,,0,1013.0419921875
49035,10,51,10,42,,,,,0,1013.0419921875
49035,10,51,10,43,,,,,0,1013.0419921875
49035,10,51,10,44,,,,,0,1013.0419921875
49035,10,51,10,45,2,24.249514267377656,-2.556604414360737,0.4090963330049865,0,1013.0419921875
49035,10,51,10,46,2,26.319066292762823,-2.99914916991796,0.682842712474619,0,1013.0419921875
49035,10,51,10,47,2,25.906673779678417,-2.808028401172702,0.682842712474619,0,1013.0419921875
49035,10,51,10,48,,,,,0,1013.0419921875
49035,10,51,10,49,2,28.485896466712877,-2.8970738914996,0.8513997106635237,0,1013.0419921875
49035,10,51,10,50,,,,,0,1013.0419921875
49035,10,51,10,51,2,31.976973218783847,-2.888798260230029,0.5934065934065934,0,1013.0419921875
49035,10,51,10,52,2,37.048402480258034,-3.8723227456028715,0.4308640753373011,0,1013.0419921875
49035,10,51,10,53,2,48.215171190265124,-3.8853527903679854,0.3414213562373095,0,1013.0419921875
49035,10,51,10,54,2,39.7696834852157,-3.7629911766386153,0.482842712474619,0,1013.0419921875
49035,10,51,10,55,2,32.22658399709631,-3.579348258347296,0.3414213562373095,0,1013.0419921875
49035,10,51,10,56,2,46.7676044595557,-3.739468290741099,0.4242640687119285,0,1013.0419921875
49035,10,51,10,57,2,39.29546816737421,-3.5842860949747815,0.4242640687119285,0,1013.0419921875
49035,10,51,10,58,2,53.78466258383211,-3.7220756257241767,0.382842712474619,0,1013.0419921875
49035,10,51,10,59,2,46.36501828819154,-3.5877181926739645,0.4242640687119285,0,1013.0419921875
49035,10,51,10,60,2,40.08291297388455,-3.406992390053281,0.482842712474619,0,1013.0419921875
49035,10,51,10,61,2,37.551330312997365,-3.295797743733168,0.37888543819998316,0,1013.0419921875
49035,10,51,10,62,2,53.43497004056007,-3.590242115943674,0.4242640687119285,0,1013.0419921875
49035,10,51,10,63,2,47.034253633317256,-3.436835012407016,0.4242640687119285,0,1013.0419921875
49035,10,51,10,64,2,60.505182634273304,-3.592176193194212,0.3414213562373095,0,1013.0419921875
49035,10,51,10,65,2,54.01668369322976,-3.458978160675154,0.382842712474619,0,1013.0419921875
49035,10,51,10,66,2,48.73117183920473,-3.2933300353761057,0.3414213562373095,0,1013.0419921875
49035,10,52,11,1,2,8.815391300360266,1.8387850614438843,0.613407053921902,0,1013.4910278320312
49035,10,52,11,2,2,8.876852585072186,2.543163995986329,0.682842712474619,0,1013.4910278320312
49035,10,52,11,3,2,5.518697024887589,2.0075180181431196,0.8513997106635237,0,1013.4910278320312
49035,10,52,11,4,2,5.666879378273682,1.0810422344401687,0.6466890965784271,0,1013.4910278320312
49035,10,52,11,5,2,5.442758173072057,2.664205545591798,0.848528137423857,0,1013.4910278320312
49035,10,52,11,6,2,2.5062165840052746,1.5046122733412755,0.765685424949238,0,1013.4910278320312
49035,10,52,11,7,2,10.834249521023684,3.1415253152059774,0.6034068236642477,0,1013.4910278320312
49035,10,52,11,8,2,7.334249532745816,3.1414931804467,0.7685569981889047,0,1013.4910278320312
49035,10,52,11,9,,,,,0,1013.4910278320312
49035,10,52,11,10,,,,,0,1013.4910278320312
49035,10,52,11,11,2,6.16575054670259,0.00011832474379673789,0.47153869179611585,1,1013.4910278320312
49035,10,52,11,12,,,,,0,1013.4910278320312
49035,10,52,11,13,2,2.5047606587102407,-1.5045737466652183,0.49526751008346337,0,1013.4910278320312
49035,10,52,11,14,,,,,0,1013.4910278320312
49035,10,52,11,15,,,,,0,1013.4910278320312
49035,10,52,11,16,,,,,0,1013.4910278320312
49035,10,52,11,17,,,,,0,1013.4910278320312
49035,10,52,11,18,2,35.64443263480486,2.7072176265975036,0.37888543819998316,0,1013.4910278320312
49035,10,52,11,19,2,43.499462895279756,2.909612928128003,0.3414213562373095,0,1013.4910278320312
49035,10,52,11,20,2,33.845506086460304,2.8416329019486444,0.482842712474619,0,1013.4910278320312
49035,10,52,11,21,2,24.47107051845959,2.7205901691362886,0.3414213562373095,0,1013.4910278320312
49035,10,52,11,22,2,37.667671571318294,3.0084403577034458,0.4242640687119285,0,1013.4910278320312
49035,10,52,11,23,2,27.787919887524886,2.9606462993988782,0.4242640687119285,0,1013.4910278320312
49035,10,52,11,24,2,47.33424950208231,3.141577240630683,0.37888543819998316,0,1013.4910278320312
49035,10,52,11,25,2,42.334249502746346,3.1415754202418382,0.482842712474619,0,1013.4910278320312
49035,10,52,11,26,2,32.33424950469054,3.1415700904914288,0.4242640687119285,0,1013.4910278320312
49035,10,52,11,27,2,22.33424950837572,3.141559988025996,0.482842712474619,0,1013.4910278320312
49035,10,52,11,28,2,17.334249511812775,3.141550565765237,0.4538461538461539,0,1013.4910278320312
49035,10,52,11,29,2,37.66747788726582,-3.0084787517269125,0.4242640687119285,0,1013.4910278320312
49035,10,52,11,30,2,27.787657340237594,-2.9606979518218806,0.4242640687119285,0,1013.4910278320312
49035,10,52,11,31,2,43.49912745956795,-2.9096455732985937,0.3414213562373095,0,1013.4910278320312
49035,10,52,11,32,2,33.84507497132395,-2.841674088725791,0.482842712474619,0,1013.4910278320312
49035,10,52,11,33,2,24.470474247250298,-2.7206445902626677,0.3414213562373095,0,1013.4910278320312
49035,10,52,11,34,2,35.6438185974233,-2.707254761165138,0.4308640753373011,0,1013.4910278320312
49035,10,52,11,35,2,18.055944746826864,-1.9890834336581458,0.6034068236642477,0,1013.4910278320312
49035,10,52,11,36,2,23.496904662935922,-2.123430162310658,0.682842712474619,0,1013.4910278320312
49035,10,52,11,37,2,21.30169086656034,-1.922293291238049,0.8513997106635237,0,1013.4910278320312
49035,10,52,11,38,,,,,0,1013.4910278320312
49035,10,52,11,39,2,24.554625500148433,-1.98286420424127,0.848528137423857,0,1013.4910278320312
49035,10,52,11,40,2,23.012760340470678,-1.7824410582906955,0.765685424949238,0,1013.4910278320312
49035,10,52,11,41,,,,,0,1013.4910278320312
49035,10,52,11,42,2,27.876463784536575,-2.0291374455917452,0.765685424949238,0,1013.4910278320312
49035,10,52,11,43,2,26.052921873870112,-1.8561673727808505,0.848528137423857,0,1013.4910278320312
49035,10,52,11,44,,,,,0,1013.4910278320312
49035,10,52,11,45,2,25.026435957326413,-1.524198701563088,0.42533936651583715,0,1013.4910278320312
49035,10,52,11,46,2,29.204834151969074,-1.9142420939795215,0.848528137423857,0,1013.4910278320312
49035,10,52,11,47,2,27.920957055219645,-1.7448138034934841,0.765685424949238,0,1013.4910278320312
49035,10,52,11,48,,,,,0,1013.4910278320312
49035,10,52,11,49,2,30.882801727781423,-1.8105738624780365,0.8513997106635237,0,1013.4910278320312
49035,10,52,11,50,,,,,0,1013.4910278320312
49035,10,52,11,51,2,34.29274465002028,-1.7863330417820407,0.5934065934065934,0,1013.4910278320312
49035,10,52,11,52,2,42.35347687689994,-2.6498088763452636,0.4308640753373011,0,1013.4910278320312
49035,10,52,11,53,2,53.53031569010944,-2.655684653962347,0.3414213562373095,0,1013.4910278320312
49035,10,52,11,54,2,44.93116633199696,-2.5515572768944437,0.482842712474619,0,1013.4910278320312
49035,10,52,11,55,2,37.04220185173093,-2.4007821940764837,0.3414213562373095,0,1013.4910278320312
49035,10,52,11,56,2,51.88588350707403,-2.525098961796677,0.4242640687119285,0,1013.4910278320312
49035,10,52,11,57,2,44.10736806226888,-2.393636428702862,0.4242640687119285,0,1013.4910278320312
49035,10,52,11,58,2,58.868328553354864,-2.504905674918665,0.382842712474619,0,1013.4910278320312
49035,10,52,11,59,2,51.17416454361064,-2.3884640177149734,0.4242640687119285,0,1013.4910278320312
49035,10,52,11,60,2,44.40844657052684,-2.2338408478782847,0.482842712474619,0,1013.4910278320312
49035,10,52,11,61,2,41.51828069468601,-2.1387851250885515,0.37888543819998316,0,1013.4910278320312
49035,10,52,11,62,2,58.24199787174729,-2.384546895883651,0.4242640687119285,0,1013.4910278320312
49035,10,52,11,63,2,51.4338927766839,-2.2506207241369993,0.4242640687119285,0,1013.4910278320312
49035,10,52,11,64,2,65.31053142831327,-2.3814776322465145,0.3414213562373095,0,1013.4910278320312
49035,10,52,11,65,2,58.470338852442914,-2.263364851413602,0.382842712474619,0,1013.4910278320312
49035,10,52,11,66,2,52.65069359078089,-2.1166667211796306,0.3414213562373095,0,1013.4910278320312
49035,10,53,4,1,2,10.263161166238365,2.0853087660097542,0.613407053921902,0,1013.7919921875
49035,10,53,4,2,2,11.965415013188757,2.620576024362682,0.682842712474619,0,1013.7919921875
49035,10,53,4,3,2,7.676024674406715,2.351678811676448,0.8513997106635237,0,1013.7919921875
49035,10,53,4,4,2,4.967046724801221,1.657200657908762,0.6466890965784271,1,1013.7919921875
49035,10,53,4,5,2,8.754738943072,2.765343307238921,0.848528137423857,0,1013.7919921875
49035,10,53,4,6,2,4.170809552784598,2.433357300133667,0.765685424949238,0,1013.7919921875
49035,10,53,4,7,2,14.425477956227367,-3.2341975894801935,0.6034068236642477,0,1013.7919921875
49035,10,53,4,8,2,10.92563742399418,-3.231536299739664,0.7685569981889047,0,1013.7919921875
49035,10,53,4,9,,,,,0,1013.7919921875
49035,10,53,4,10,,,,,0,1013.7919921875
49035,10,53,4,11,,,,,0,1013.7919921875
49035,10,53,4,12,,,,,0,1013.7919921875
49035,10,53,4,13,2,4.312081748800516,-2.5895227518256223,0.4679124626440447,0,1013.7919921875
49035,10,53,4,14,,,,,0,1013.7919921875
49035,10,53,4,15,,,,,0,1013.7919921875
49035,10,53,4,16,,,,,0,1013.7919921875
49035,10,53,4,17,,,,,0,1013.7919921875
49035,10,53,4,18,2,38.88474471114701,2.647991818917833,0.37888543819998316,0,1013.7919921875
49035,10,53,4,19,2,46.975753013712286,2.828773062366767,0.3414213562373095,0,1013.7919921875
49035,10,53,4,20,2,37.25884818313382,2.772293446106956,0.482842712474619,0,1013.7919921875
49035,10,53,4,21,2,27.743867154063622,2.6765671950306955,0.3414213562373095,0,1013.7919921875
49035,10,53,4,22,2,41.21492407189774,2.9219940727232596,0.4242640687119285,0,1013.7919921875
49035,10,53,4,23,2,31.307672589651432,2.884164416633273,0.4242640687119285,0,1013.7919921875
49035,10,53,4,24,2,50.92512117026841,-3.2401519310799047,0.37888543819998316,0,1013.7919921875
49035,10,53,4,25,2,45.925136522070105,-3.2398957257971928,0.482842712474619,0,1013.7919921875
49035,10,53,4,26,2,35.92518004546801,-3.2391693669561454,0.4242640687119285,0,1013.7919921875
49035,10,53,4,27,2,25.925257144873388,-3.237882662834983,0.482842712474619,0,1013.7919921875
49035,10,53,4,28,2,20.925323328256283,-3.2367781381130305,0.4538461538461539,0,1013.7919921875
49035,10,53,4,29,2,41.24399058793626,-3.1180487319915544,0.4242640687119285,0,1013.7919921875
49035,10,53,4,30,2,31.345927268885987,-3.078436606800313,0.4242640687119285,0,1013.7919921875
49035,10,53,4,31,2,47.02674726085418,-3.025615450338154,0.3414213562373095,0,1013.7919921875
49035,10,53,4,32,2,37.32312091271002,-2.9679266304405063,0.482842712474619,0,1013.7919921875
49035,10,53,4,33,2,27.83012309339086,-2.870344562812285,0.3414213562373095,0,1013.7919921875
49035,10,53,4,34,2,38.977092648727805,-2.8441356741299075,0.4308640753373011,0,1013.7919921875
49035,10,53,4,35,2,19.88904880012168,-2.2532306967208444,0.6034068236642477,0,1013.7919921875
49035,10,53,4,36,2,25.65955848192407,-2.341249224582145,0.682842712474619,0,1013.7919921875
49035,10,53,4,37,2,22.894609405961464,-2.169158347982575,0.8513997106635237,0,1013.7919921875
49035,10,53,4,38,,,,,0,1013.7919921875
49035,10,53,4,39,2,26.303749523799453,-2.2073386823223693,0.848528137423857,0,1013.7919921875
49035,10,53,4,40,2,24.137883862821067,-2.028250615957206,0.765685424949238,0,1013.7919921875
49035,10,53,4,41,2,31.754309932905805,-2.329951188190349,0.6034068236642477,0,1013.7919921875
49035,10,53,4,42,2,29.742416481685222,-2.236725577632531,0.8513997106635237,0,1013.7919921875
49035,10,53,4,43,2,27.39272780382192,-2.0819470385023298,0.848528137423857,0,1013.7919921875
49035,10,53,4,44,,,,,0,1013.7919921875
49035,10,53,4,45,2,25.23661771619796,-1.7679470917735192,0.42533936651583715,0,1013.7919921875
49035,10,53,4,46,2,30.709699374847666,-2.1241447749475864,0.848528137423857,0,1013.7919921875
49035,10,53,4,47,2,28.876215715667747,-1.9677772478987503,0.765685424949238,0,1013.7919921875
49035,10,53,4,48,,,,,0,1013.7919921875
49035,10,53,4,49,2,32.03997398901905,-2.0196676970382113,0.8513997106635237,0,1013.7919921875
49035,10,53,4,50,,,,,0,1013.7919921875
49035,10,53,4,51,2,35.35037214648433,-1.9859012716050473,0.5934065934065934,0,1013.7919921875
49035,10,53,4,52,2,45.60331073141502,-2.7855781009538667,0.4308640753373011,0,1013.7919921875
49035,10,53,4,53,2,56.783447849001,-2.7842548773020193,0.3414213562373095,0,1013.7919921875
49035,10,53,4,54,2,48.01937469760234,-2.6919988311134455,0.482842712474619,0,1013.7919921875
49035,10,53,4,55,2,39.841696036655456,-2.5603192772931567,0.3414213562373095,0,1013.7919921875
49035,10,53,4,56,2,54.920929932651475,-2.6620293657120686,0.4242640687119285,0,1013.7919921875
49035,10,53,4,57,2,46.880795016677446,-2.544778689728922,0.4242640687119285,0,1013.7919921875
49035,10,53,4,58,2,61.8607851791884,-2.6387669815013255,0.382842712474619,0,1013.7919921875
49035,10,53,4,59,2,53.92825919417583,-2.5332976581650395,0.4242640687119285,0,1013.7919921875
49035,10,53,4,60,2,46.794845190925955,-2.3936768825686188,0.482842712474619,0,1013.7919921875
49035,10,53,4,61,2,43.65212176752676,-2.3076061479231837,0.37888543819998316,0,1013.7919921875
49035,10,53,4,62,2,60.981188394722935,-2.5244714108374957,0.4242640687119285,0,1013.7919921875
49035,10,53,4,63,2,53.85355823677027,-2.4019998849714357,0.4242640687119285,0,1013.7919921875
49035,10,53,4,64,2,68.03788309722145,-2.517475575070277,0.3414213562373095,0,1013.7919921875
49035,10,53,4,65,2,60.915137142418786,-2.4083935628676234,0.382842712474619,0,1013.7919921875
49035,10,53,4,66,2,54.7005880206804,-2.2725664302715516,0.3414213562373095,0,1013.7919921875
49035,10,54,3,1,2,9.298750024717748,0.6144079539666867,0.6034068236642477,0,1014.041015625
49035,10,54,3,2,2,12.096022635079285,1.1316316297988587,0.682842712474619,0,1014.041015625
49035,10,54,3,3,2,7.341019855428384,0.9673900830626831,0.8513997106635237,1,1014.041015625
49035,10,54,3,4,,,,,0,1014.041015625
49035,10,54,3,5,2,9.251133357977064,1.3304005468424192,0.848528137423857,0,1014.041015625
49035,10,54,3,6,2,4.261487690527729,1.2791727715597652,0.682842712474619,0,1014.041015625
49035,10,54,3,7,2,15.385792083794318,-4.772457111410084,0.6034068236642477,0,1014.041015625
49035,10,54,3,8,2,11.927965639469214,-4.7324679107438445,0.7685569981889047,0,1014.041015625
49035,10,54,3,9,,,,,0,1014.041015625
49035,10,54,3,10,,,,,0,1014.041015625
49035,10,54,3,11,,,,,0,1014.041015625
49035,10,54,3,12,,,,,0,1014.041015625
49035,10,54,3,13,2,6.254828378503056,-4.083706896606087,0.4679124626440447,0,1014.041015625
49035,10,54,3,14,,,,,0,1014.041015625
49035,10,54,3,15,,,,,0,1014.041015625
49035,10,54,3,16,,,,,0,1014.041015625
49035,10,54,3,17,,,,,0,1014.041015625
49035,10,54,3,18,2,38.9423229600536,1.0363171018197315,0.37888543819998316,0,1014.041015625
49035,10,54,3,19,2,47.405838251994226,1.2065493517749089,0.3414213562373095,0,1014.041015625
49035,10,54,3,20,2,37.582803490867015,1.1621727350241524,0.482842712474619,0,1014.041015625
49035,10,54,3,21,2,27.885851898265766,1.0866857489725026,0.3414213562373095,0,1014.041015625
49035,10,54,3,22,2,41.843194309369956,1.3046050532665097,0.4242640687119285,0,1014.041015625
49035,10,54,3,23,2,31.874857299611193,1.2828320192653642,0.4242640687119285,0,1014.041015625
49035,10,54,3,24,2,51.784765065227546,-4.868637371537976,0.37888543819998316,0,1014.041015625
49035,10,54,3,25,2,46.78930114663238,-4.8643115564406685,0.482842712474619,0,1014.041015625
49035,10,54,3,26,2,36.802069502259535,-4.852137450125064,0.4242640687119285,0,1014.041015625
49035,10,54,3,27,2,26.824353440633534,-4.830901274846193,0.482842712474619,0,1014.041015625
49035,10,54,3,28,2,21.8431395737305,-4.8130119476490805,0.4538461538461539,0,1014.041015625
49035,10,54,3,29,2,42.341210556946834,-4.740736992268061,0.4242640687119285,0,1014.041015625
49035,10,54,3,30,2,32.52586246798988,-4.689186858217688,0.4242640687119285,0,1014.041015625
49035,10,54,3,31,2,48.282128196738284,-4.6558980435828285,0.3414213562373095,0,1014.041015625
49035,10,54,3,32,2,38.682263649703295,-4.591085819621246,0.482842712474619,0,1014.041015625
49035,10,54,3,33,2,29.350828590076357,-4.484341707386245,0.3414213562373095,0,1014.041015625
49035,10,54,3,34,2,40.52505548143228,-4.473623052777799,0.4308640753373011,0,1014.041015625
49035,10,54,3,35,2,21.993247750907187,-3.9015453103122857,0.6034068236642477,0,1014.041015625
49035,10,54,3,36,2,27.72273359896073,-3.9867427846991843,0.682842712474619,0,1014.041015625
49035,10,54,3,37,2,25.0225251948797,-3.8267962172098615,0.8513997106635237,0,1014.041015625
49035,10,54,3,38,,,,,0,1014.041015625
49035,10,54,3,39,2,28.42216851363864,-3.8632005670135916,0.848528137423857,0,1014.041015625
49035,10,54,3,40,2,26.27539670389612,-3.6977701729082346,0.765685424949238,0,1014.041015625
49035,10,54,3,41,2,33.82245988476213,-3.979944163368711,0.6034068236642477,0,1014.041015625
49035,10,54,3,42,2,31.85141376622008,-3.8917974674881375,0.8513997106635237,0,1014.041015625
49035,10,54,3,43,2,29.531159270106503,-3.747259025770613,0.848528137423857,0,1014.041015625
49035,10,54,3,44,,,,,0,1014.041015625
49035,10,54,3,45,2,27.289557398691006,-3.457425389378306,0.42533936651583715,0,1014.041015625
49035,10,54,3,46,2,32.844820957430706,-3.786843593348377,0.848528137423857,0,1014.041015625
49035,10,54,3,47,2,31.00579095354806,-3.6410167535731106,0.765685424949238,0,1014.041015625
49035,10,54,3,48,,,,,0,1014.041015625
49035,10,54,3,49,2,34.17677528007002,-3.6890543938103697,0.8513997106635237,0,1014.041015625
49035,10,54,3,50,,,,,0,1014.041015625
49035,10,54,3,51,2,37.48300667022338,-3.6569672584650403,0.5934065934065934,0,1014.041015625
49035,10,54,3,52,2,47.2299260379659,-4.42227837859692,0.4308640753373011,0,1014.041015625
49035,10,54,3,53,2,58.40783249189145,-4.426719419727848,0.3414213562373095,0,1014.041015625
49035,10,54,3,54,2,49.76573634801094,-4.333364149855405,0.482842712474619,0,1014.041015625
49035,10,54,3,55,2,41.734663436029095,-4.202529816859959,0.3414213562373095,0,1014.041015625
49035,10,54,3,56,2,56.701096162581386,-4.30740935162583,0.4242640687119285,0,1014.041015625
49035,10,54,3,57,2,48.786964692396964,-4.191120400313388,0.4242640687119285,0,1014.041015625
49035,10,54,3,58,2,63.666318393769764,-4.287122279019781,0.382842712474619,0,1014.041015625
49035,10,54,3,59,2,55.84401235294391,-4.182593727917327,0.4242640687119285,0,1014.041015625
49035,10,54,3,60,2,48.82322534956739,-4.046111475395268,0.482842712474619,0,1014.041015625
49035,10,54,3,61,2,45.73056026842534,-3.9629412364854053,0.37888543819998316,0,1014.041015625
49035,10,54,3,62,2,62.90420898043562,-4.17598068145816,0.4242640687119285,0,1014.041015625
49035,10,54,3,63,2,55.8756935108031,-4.055924460952573,0.4242640687119285,0,1014.041015625
49035,10,54,3,64,2,69.96660131257543,-4.170702476368151,0.3414213562373095,0,1014.041015625
49035,10,54,3,65,2,62.93233602125197,-4.063537376254693,0.382842712474619,0,1014.041015625
49035,10,54,3,66,2,56.79465234465878,-3.9313865342403496,0.3414213562373095,0,1014.041015625
49035,10,55,5,1,2,3.700751892831938,-0.15690934501669895,0.47153869179611585,0,1014.5419921875
49035,10,55,5,2,2,7.9620746443221195,-5.61167957620312,0.6466890965784271,0,1014.5419921875
49035,10,55,5,3,,,,,0,1014.5419921875
49035,10,55,5,4,,,,,0,1014.5419921875
49035,10,55,5,5,2,6.5091616047151755,-5.160127220914506,0.765685424949238,1,1014.5419921875
49035,10,55,5,6,2,3.6896452165331737,-4.29039192433369,0.5538461538461539,0,1014.5419921875
49035,10,55,5,7,2,12.941345834338092,-5.262206505699163,0.6034068236642477,0,1014.5419921875
49035,10,55,5,8,2,10.004970760739452,-5.0946248629719,0.7685569981889047,0,1014.5419921875
49035,10,55,5,9,,,,,0,1014.5419921875
49035,10,55,5,10,,,,,0,1014.5419921875
49035,10,55,5,11,,,,,0,1014.5419921875
49035,10,55,5,12,,,,,0,1014.5419921875
49035,10,55,5,13,2,8.678611012447805,-4.231713875984426,0.4679124626440447,0,1014.5419921875
49035,10,55,5,14,,,,,0,1014.5419921875
49035,10,55,5,15,,,,,0,1014.5419921875
49035,10,55,5,16,,,,,0,1014.5419921875
49035,10,55,5,17,,,,,0,1014.5419921875
49035,10,55,5,18,2,34.04061593069123,0.26158188313564734,0.37888543819998316,0,1014.5419921875
49035,10,55,5,19,2,43.04625124406477,0.4348833494488029,0.3414213562373095,0,1014.5419921875
49035,10,55,5,20,2,33.09786005502959,0.4080013656081851,0.482842712474619,0,1014.5419921875
49035,10,55,5,21,2,23.19389864333936,0.3580955820415159,0.3414213562373095,0,1014.5419921875
49035,10,55,5,22,2,37.893651849303595,-5.728327807357721,0.4242640687119285,0,1014.5419921875
49035,10,55,5,23,2,27.900133414222335,-5.717256461980174,0.4242640687119285,0,1014.5419921875
49035,10,55,5,24,2,48.27157614686461,-5.631042135368733,0.37888543819998316,0,1014.5419921875
49035,10,55,5,25,2,43.31731017422638,-5.616286707629582,0.482842712474619,0,1014.5419921875
49035,10,55,5,26,2,33.44963310389685,-5.573687892632839,0.4242640687119285,0,1014.5419921875
49035,10,55,5,27,2,23.69317515320578,-5.495750812672655,0.482842712474619,0,1014.5419921875
49035,10,55,5,28,2,18.910601414764038,-5.426837329407864,0.4538461538461539,0,1014.5419921875
49035,10,55,5,29,2,39.48845989702837,-5.47242625514528,0.4242640687119285,0,1014.5419921875
49035,10,55,5,30,2,30.030435546198692,-5.37808874714449,0.4242640687119285,0,1014.5419921875
49035,10,55,5,31,2,45.8235635376945,-5.3985678526318805,0.3414213562373095,0,1014.5419921875
49035,10,55,5,32,2,36.63724292776819,-5.302099447594602,0.482842712474619,0,1014.5419921875
49035,10,55,5,33,2,28.01385663209327,-5.143887026716408,0.3414213562373095,0,1014.5419921875
49035,10,55,5,34,2,39.10233211241747,-5.187105379947132,0.4308640753373011,0,1014.5419921875
49035,10,55,5,35,2,23.99948549348886,-4.522775561352883,0.6034068236642477,0,1014.5419921875
49035,10,55,5,36,2,29.16632256596022,-4.645642695583523,0.682842712474619,0,1014.5419921875
49035,10,55,5,37,2,27.329812824994395,-4.480737818643521,0.8513997106635237,0,1014.5419921875
49035,10,55,5,38,,,,,0,1014.5419921875
49035,10,55,5,39,2,30.490144705727147,-4.535653004449487,0.848528137423857,0,1014.5419921875
49035,10,55,5,40,2,29.170074069219798,-4.373768034468241,0.765685424949238,0,1014.5419921875
49035,10,55,5,41,2,35.210199820276834,-4.672150280823185,0.613407053921902,0,1014.5419921875
49035,10,55,5,42,2,33.72505269533517,-4.580147007465138,0.8513997106635237,0,1014.5419921875
49035,10,55,5,43,2,32.150015183988984,-4.435906690977167,0.848528137423857,0,1014.5419921875
49035,10,55,5,44,,,,,0,1014.5419921875
49035,10,55,5,45,2,31.176734615376603,-4.168394917801316,0.42533936651583715,0,1014.5419921875
49035,10,55,5,46,2,35.23285017505219,-4.4873422669425675,0.848528137423857,0,1014.5419921875
49035,10,55,5,47,2,34.09689177161553,-4.3467412050896845,0.765685424949238,0,1014.5419921875
49035,10,55,5,48,2,38.393801408360545,-4.530407461334303,0.682842712474619,0,1014.5419921875
49035,10,55,5,49,2,37.017945426674025,-4.402813564711231,0.8513997106635237,0,1014.5419921875
49035,10,55,5,50,,,,,0,1014.5419921875
49035,10,55,5,51,2,40.44467392264725,-4.384401565586882,0.6034068236642477,0,1014.5419921875
49035,10,55,5,52,2,46.037516080732466,-5.154588659494591,0.4308640753373011,0,1014.5419921875
49035,10,55,5,53,2,57.128531401656204,-5.182092288289128,0.3414213562373095,0,1014.5419921875
49035,10,55,5,54,2,49.05260129865892,-5.070629978683,0.482842712474619,0,1014.5419921875
49035,10,55,5,55,2,41.81681824601641,-4.918078557011407,0.3414213562373095,0,1014.5419921875
49035,10,55,5,56,2,56.09472528160826,-5.0584456595645495,0.4242640687119285,0,1014.5419921875
49035,10,55,5,57,2,48.87849014110682,-4.92613882632368,0.4242640687119285,0,1014.5419921875
49035,10,55,5,58,2,63.1433188443006,-5.048980419300286,0.382842712474619,0,1014.5419921875
49035,10,55,5,59,2,55.94253577313226,-4.932163816105947,0.4242640687119285,0,1014.5419921875
49035,10,55,5,60,2,49.71977376037987,-4.783599881509769,0.482842712474619,0,1014.5419921875
49035,10,55,5,61,2,47.09883437847424,-4.695580652779208,0.37888543819998316,0,1014.5419921875
49035,10,55,5,62,2,63.00815676547037,-4.93683768230495,0.4242640687119285,0,1014.5419921875
49035,10,55,5,63,2,56.67906503319603,-4.807190747435602,0.4242640687119285,0,1014.5419921875
49035,10,55,5,64,2,70.07487659094375,-4.94056894227286,0.3414213562373095,0,1014.5419921875
49035,10,55,5,65,2,63.66299492869599,-4.825614167124966,0.382842712474619,0,1014.5419921875
49035,10,55,5,66,2,58.2706231075861,-4.687235327504464,0.3414213562373095,0,1014.5419921875
49035,10,56,8,1,2,4.126209120390123,3.4242104311106942,0.4190965632626408,0,1014.9249877929688
49035,10,56,8,2,2,2.8798338570657123,5.520946999854969,0.5276927682076162,0,1014.9249877929688
49035,10,56,8,3,,,,,0,1014.9249877929688
49035,10,56,8,4,,,,,0,1014.9249877929688
49035,10,56,8,5,,,,,0,1014.9249877929688
49035,10,56,8,6,2,5.234656968780378,1.9038360900916347,0.48033726025288903,0,1014.9249877929688
49035,10,56,8,7,2,8.081061906012048,-0.08756842518479413,0.6034068236642477,0,1014.9249877929688
49035,10,56,8,8,2,5.7355591039350005,0.29636502015535804,0.6122053921210209,1,1014.9249877929688
49035,10,56,8,9,,,,,0,1014.9249877929688
49035,10,56,8,10,,,,,0,1014.9249877929688
49035,10,56,8,11,,,,,0,1014.9249877929688
49035,10,56,8,12,,,,,0,1014.9249877929688
49035,10,56,8,13,2,8.775239527855105,1.3768526730130737,0.4207720105649415,0,1014.9249877929688
49035,10,56,8,14,,,,,0,1014.9249877929688
49035,10,56,8,15,,,,,0,1014.9249877929688
49035,10,56,8,16,,,,,0,1014.9249877929688
49035,10,56,8,17,,,,,0,1014.9249877929688
49035,10,56,8,18,2,29.632162867271354,5.189074109068404,0.37888543819998316,0,1014.9249877929688
49035,10,56,8,19,2,38.213341659616034,5.402458097226377,0.3414213562373095,0,1014.9249877929688
49035,10,56,8,20,2,28.331400801635716,5.3558912422107445,0.482842712474619,0,1014.9249877929688
49035,10,56,8,21,2,18.57624994371318,5.259985883339535,0.3414213562373095,0,1014.9249877929688
49035,10,56,8,22,2,32.87958441463586,5.533519332708253,0.4242640687119285,0,1014.9249877929688
49035,10,56,8,23,2,22.87959487988247,5.532991857201869,0.4242640687119285,0,1014.9249877929688
49035,10,56,8,24,2,43.16551257521699,-0.6332907570657955,0.37888543819998316,0,1014.9249877929688
49035,10,56,8,25,2,38.20295631460222,-0.6182502611241723,0.482842712474619,0,1014.9249877929688
49035,10,56,8,26,2,28.317391507054182,-0.5723820576043623,0.4242640687119285,0,1014.9249877929688
49035,10,56,8,27,2,18.554876780840214,-0.4778355361161202,0.482842712474619,0,1014.9249877929688
49035,10,56,8,28,2,13.801733501497296,-0.3808361028731091,0.4538461538461539,0,1014.9249877929688
49035,10,56,8,29,2,34.35510823240155,-0.45431325303764014,0.4242640687119285,0,1014.9249877929688
49035,10,56,8,30,2,24.95360198946043,-0.33786562174034884,0.4242640687119285,0,1014.9249877929688
49035,10,56,8,31,2,40.72680028625211,-0.3723186311825124,0.3414213562373095,0,1014.9249877929688
49035,10,56,8,32,2,31.639864919822962,-0.25595789905779975,0.482842712474619,0,1014.9249877929688
49035,10,56,8,33,2,23.312868607981788,-0.05172109515102585,0.3414213562373095,0,1014.9249877929688
49035,10,56,8,34,2,34.28825232255318,-0.127109714225619,0.4308640753373011,0,1014.9249877929688
49035,10,56,8,35,2,21.652648391435854,0.6889532002409611,0.6034068236642477,0,1014.9249877929688
49035,10,56,8,36,2,26.174510954404877,0.5165547109251876,0.682842712474619,0,1014.9249877929688
49035,10,56,8,37,2,25.1258715072025,0.7074794251808283,0.8513997106635237,0,1014.9249877929688
49035,10,56,8,38,,,,,0,1014.9249877929688
49035,10,56,8,39,2,27.982294740506372,0.6288840917489975,0.848528137423857,0,1014.9249877929688
49035,10,56,8,40,2,27.462942563366365,0.8085159320287745,0.765685424949238,0,1014.9249877929688
49035,10,56,8,41,2,32.04863713462334,0.4593465514452746,0.613407053921902,0,1014.9249877929688
49035,10,56,8,42,2,30.979157814451487,0.5651612655383307,0.8513997106635237,0,1014.9249877929688
49035,10,56,8,43,2,30.09838225198956,0.7265190400353028,0.848528137423857,0,1014.9249877929688
49035,10,56,8,44,,,,,0,1014.9249877929688
49035,10,56,8,45,2,30.482947465542143,1.007777993713621,0.42533936651583715,0,1014.9249877929688
49035,10,56,8,46,2,32.90306998039849,0.6581026543092394,0.848528137423857,0,1014.9249877929688
49035,10,56,8,47,2,32.46253855491264,0.8106446678176502,0.765685424949238,0,1014.9249877929688
49035,10,56,8,48,2,35.8372908306853,0.6006555490025378,0.682842712474619,0,1014.9249877929688
49035,10,56,8,49,2,35.07870877579889,0.7401561680149709,0.8513997106635237,0,1014.9249877929688
49035,10,56,8,50,,,,,0,1014.9249877929688
49035,10,56,8,51,2,38.56796657863376,0.7476056817175403,0.6034068236642477,0,1014.9249877929688
49035,10,56,8,52,2,41.280540781720795,-0.09913153198697078,0.4308640753373011,0,1014.9249877929688
49035,10,56,8,53,2,52.30943941425261,-0.13860037554484483,0.3414213562373095,0,1014.9249877929688
49035,10,56,8,54,2,44.482426220044964,-0.009482821278612441,0.482842712474619,0,1014.9249877929688
49035,10,56,8,55,2,37.69741414222098,0.17014952812361228,0.3414213562373095,0,1014.9249877929688
49035,10,56,8,56,2,51.54692078405832,-0.003117040392743853,0.4242640687119285,0,1014.9249877929688
49035,10,56,8,57,2,44.71570007174619,0.14914513395913342,0.4242640687119285,0,1014.9249877929688
49035,10,56,8,58,2,58.613000624556186,0.0017140476695751694,0.382842712474619,0,1014.9249877929688
49035,10,56,8,59,2,51.74835874501338,0.13384447443341152,0.4242640687119285,0,1014.9249877929688
49035,10,56,8,60,2,46.04673086540435,0.30234083649297894,0.482842712474619,0,1014.9249877929688
49035,10,56,8,61,2,43.77791473660173,0.4016201455893156,0.37888543819998316,0,1014.9249877929688
49035,10,56,8,62,2,58.79023245998304,0.122207023429866,0.4242640687119285,0,1014.9249877929688
49035,10,56,8,63,2,52.902743060140295,0.2672745977736861,0.4242640687119285,0,1014.9249877929688
49035,10,56,8,64,2,65.83836444349969,0.11306017115303213,0.3414213562373095,0,1014.9249877929688
49035,10,56,8,65,2,59.808854053421406,0.24027941655074603,0.382842712474619,0,1014.9249877929688
49035,10,56,8,66,2,54.950048350950894,0.3928879071983271,0.3414213562373095,0,1014.9249877929688
49035,10,57,7,1,2,6.482590693385949,3.299336687772595,0.40634097938554925,0,1015.2080078125
49035,10,57,7,2,2,2.115598424829741,4.526167095249612,0.4541838746143514,0,1015.2080078125
49035,10,57,7,3,,,,,0,1015.2080078125
49035,10,57,7,4,,,,,0,1015.2080078125
49035,10,57,7,5,,,,,0,1015.2080078125
49035,10,57,7,6,2,6.351665354468793,2.237371949028035,0.48033726025288903,0,1015.2080078125
49035,10,57,7,7,2,5.710252967846503,-0.1792993956207023,0.40634097938554925,1,1015.2080078125
49035,10,57,7,8,,,,,0,1015.2080078125
49035,10,57,7,9,,,,,0,1015.2080078125
49035,10,57,7,10,,,,,0,1015.2080078125
49035,10,57,7,11,,,,,0,1015.2080078125
49035,10,57,7,12,,,,,0,1015.2080078125
49035,10,57,7,13,2,8.536571033945117,1.6166956997126811,0.3829293455937936,0,1015.2080078125
49035,10,57,7,14,,,,,0,1015.2080078125
49035,10,57,7,15,,,,,0,1015.2080078125
49035,10,57,7,16,,,,,0,1015.2080078125
49035,10,57,7,17,,,,,0,1015.2080078125
49035,10,57,7,18,2,28.70667121676785,5.076197789211362,0.37888543819998316,0,1015.2080078125
49035,10,57,7,19,2,36.81663706322145,5.3134832139780865,0.3414213562373095,0,1015.2080078125
49035,10,57,7,20,2,27.048149004877203,5.24567757821611,0.482842712474619,0,1015.2080078125
49035,10,57,7,21,2,17.542518762569642,5.102998718166722,0.3414213562373095,0,1015.2080078125
49035,10,57,7,22,2,31.242006287367925,5.441836585162463,0.4242640687119285,0,1015.2080078125
49035,10,57,7,23,2,21.265007801668105,5.4155367141653645,0.4242640687119285,0,1015.2080078125
49035,10,57,7,24,2,41.32135947857113,-0.7065948002800071,0.37888543819998316,0,1015.2080078125
49035,10,57,7,25,2,36.339008642639584,-0.6957628472108115,0.482842712474619,0,1015.2080078125
49035,10,57,7,26,2,26.394339337723586,-0.6618413221205355,0.4242640687119285,0,1015.2080078125
49035,10,57,7,27,2,16.516620387354404,-0.5871538421273872,0.482842712474619,0,1015.2080078125
49035,10,57,7,28,2,11.656223616270639,-0.5025704947953646,0.44328887294614544,0,1015.2080078125
49035,10,57,7,29,2,32.26641816726487,-0.5267501271246333,0.4242640687119285,0,1015.2080078125
49035,10,57,7,30,2,22.7433361952434,-0.4140502466524305,0.4242640687119285,0,1015.2080078125
49035,10,57,7,31,2,38.54325276380676,-0.4343898243771678,0.3414213562373095,0,1015.2080078125
49035,10,57,7,32,2,29.35506657392836,-0.316986900891973,0.482842712474619,0,1015.2080078125
49035,10,57,7,33,2,20.925045603411107,-0.09952098243388496,0.3414213562373095,0,1015.2080078125
49035,10,57,7,34,2,31.92568442182873,-0.17678377406398216,0.4308640753373011,0,1015.2080078125
49035,10,57,7,35,2,19.78893992455377,0.7250681863245398,0.6034068236642477,0,1015.2080078125
49035,10,57,7,36,2,24.063539181399857,0.5251023756283955,0.682842712474619,0,1015.2080078125
49035,10,57,7,37,2,23.283528897211873,0.7341314952501639,0.8513997106635237,0,1015.2080078125
49035,10,57,7,38,,,,,0,1015.2080078125
49035,10,57,7,39,2,26.016398944555124,0.6429623745350053,0.848528137423857,0,1015.2080078125
49035,10,57,7,40,2,25.786077910663018,0.8361003736800379,0.765685424949238,0,1015.2080078125
49035,10,57,7,41,2,29.869468528857755,0.4548970648427033,0.613407053921902,0,1015.2080078125
49035,10,57,7,42,2,28.923749932835435,0.5696073726482063,0.8513997106635237,0,1015.2080078125
49035,10,57,7,43,2,28.27812069692277,0.743192173864766,0.848528137423857,0,1015.2080078125
49035,10,57,7,44,,,,,0,1015.2080078125
49035,10,57,7,45,2,29.182513087515957,1.0384755238589276,0.47153869179611585,0,1015.2080078125
49035,10,57,7,46,2,30.97389879050877,0.6658794070378975,0.848528137423857,0,1015.2080078125
49035,10,57,7,47,2,30.78069535045001,0.827867586211797,0.848528137423857,0,1015.2080078125
49035,10,57,7,48,2,33.82473506798877,0.6012638828860659,0.682842712474619,0,1015.2080078125
49035,10,57,7,49,2,33.274336994028346,0.7495322881454207,0.8513997106635237,0,1015.2080078125
49035,10,57,7,50,2,33.470140459291436,0.8993833022582449,0.6466890965784271,0,1015.2080078125
49035,10,57,7,51,2,36.77230040345403,0.7529451821789472,0.613407053921902,0,1015.2080078125
49035,10,57,7,52,2,38.90642515153628,-0.1448159686473871,0.4308640753373011,0,1015.2080078125
49035,10,57,7,53,2,49.95099308691929,-0.18422269776954758,0.3414213562373095,0,1015.2080078125
49035,10,57,7,54,2,42.08609402539664,-0.049420494196228404,0.482842712474619,0,1015.2080078125
49035,10,57,7,55,2,35.318223486743996,0.14181856361644263,0.3414213562373095,0,1015.2080078125
49035,10,57,7,56,2,49.149770117310055,-0.0423134734631776,0.4242640687119285,0,1015.2080078125
49035,10,57,7,57,2,42.33010161255809,0.11820531261883316,0.4242640687119285,0,1015.2080078125
49035,10,57,7,58,2,56.21530480976085,-0.036992758096759726,0.382842712474619,0,1015.2080078125
49035,10,57,7,59,2,49.35887047734571,0.10130986418750743,0.4242640687119285,0,1015.2080078125
49035,10,57,7,60,2,43.731403987803304,0.2794681634132439,0.482842712474619,0,1015.2080078125
49035,10,57,7,61,2,41.53919227328563,0.38495275965677833,0.37888543819998316,0,1015.2080078125
49035,10,57,7,62,2,56.39821528266021,0.08862912266662937,0.4242640687119285,0,1015.2080078125
49035,10,57,7,63,2,50.565762003695305,0.24088461084357604,0.4242640687119285,0,1015.2080078125
49035,10,57,7,64,2,63.444615842001795,0.07876381813012667,0.3414213562373095,0,1015.2080078125
49035,10,57,7,65,2,57.45743536988275,0.2115213660632964,0.382842712474619,0,1015.2080078125
49035,10,57,7,66,2,52.70193999493113,0.3715531491763553,0.3414213562373095,0,1015.2080078125
49035,10,58,2,1,2,9.332593792274816,3.2730389888974134,0.40634097938554925,0,1015.3920288085938
49035,10,58,2,2,2,3.855315098034376,3.725765266372574,0.3846183946687496,1,1015.3920288085938
49035,10,58,2,3,,,,,0,1015.3920288085938
49035,10,58,2,4,,,,,0,1015.3920288085938
49035,10,58,2,5,,,,,0,1015.3920288085938
49035,10,58,2,6,2,8.462869533611208,2.53133372430207,0.48033726025288903,0,1015.3920288085938
49035,10,58,2,7,,,,,0,1015.3920288085938
49035,10,58,2,8,,,,,0,1015.3920288085938
49035,10,58,2,9,,,,,0,1015.3920288085938
49035,10,58,2,10,,,,,0,1015.3920288085938
49035,10,58,2,11,,,,,0,1015.3920288085938
49035,10,58,2,12,,,,,0,1015.3920288085938
49035,10,58,2,13,2,9.16839511089202,1.9617143864404056,0.3829293455937936,0,1015.3920288085938
49035,10,58,2,14,,,,,0,1015.3920288085938
49035,10,58,2,15,,,,,0,1015.3920288085938
49035,10,58,2,16,,,,,0,1015.3920288085938
49035,10,58,2,17,,,,,0,1015.3920288085938
49035,10,58,2,18,2,27.776392812188327,5.005840056965884,0.37888543819998316,0,1015.3920288085938
49035,10,58,2,19,2,35.23612591669857,5.272826584045733,0.3414213562373095,0,1015.3920288085938
49035,10,58,2,20,2,25.670358505940097,5.1758716928566795,0.482842712474619,0,1015.3920288085938
49035,10,58,2,21,2,16.623779414728347,4.969218062787205,0.3414213562373095,0,1015.3920288085938
49035,10,58,2,22,2,29.372014671911217,5.395724479816428,0.4242640687119285,0,1015.3920288085938
49035,10,58,2,23,2,19.496101715292276,5.330085175384475,0.4242640687119285,0,1015.3920288085938
49035,10,58,2,24,2,39.1506298524994,-0.7274522261317586,0.37888543819998316,0,1015.3920288085938
49035,10,58,2,25,2,34.15352377062204,-0.72280072077253,0.482842712474619,0,1015.3920288085938
49035,10,58,2,26,2,24.162903843629785,-0.7077267374595753,0.4242640687119285,0,1015.3920288085938
49035,10,58,2,27,2,14.185508745284876,-0.6714274948639107,0.482842712474619,0,1015.3920288085938
49035,10,58,2,28,2,9.21520626278007,-0.6238304216412089,0.37888543819998316,0,1015.3920288085938
49035,10,58,2,29,2,29.79251352638739,-0.5480845756447845,0.4242640687119285,0,1015.3920288085938
49035,10,58,2,30,2,20.124030372319314,-0.44375097923671447,0.4242640687119285,0,1015.3920288085938
49035,10,58,2,31,2,35.93524456969024,-0.44099176849301625,0.3414213562373095,0,1015.3920288085938
49035,10,58,2,32,2,26.621880821788434,-0.3231867437367124,0.482842712474619,0,1015.3920288085938
49035,10,58,2,33,2,18.058440538860534,-0.08711690489111623,0.3414213562373095,0,1015.3920288085938
49035,10,58,2,34,2,29.088895590173422,-0.16674602346601786,0.4308640753373011,0,1015.3920288085938
49035,10,58,2,35,2,17.765204181801533,0.8605088921946977,0.6034068236642477,0,1015.3920288085938
49035,10,58,2,36,2,21.64182587571169,0.619513305675653,0.682842712474619,0,1015.3920288085938
49035,10,58,2,37,2,21.261702550305124,0.8524552442400595,0.8513997106635237,0,1015.3920288085938
49035,10,58,2,38,,,,,0,1015.3920288085938
49035,10,58,2,39,2,23.79987322170834,0.7429880388089027,0.848528137423857,0,1015.3920288085938
49035,10,58,2,40,2,23.98177085772477,0.9525194942716475,0.848528137423857,0,1015.3920288085938
49035,10,58,2,41,2,27.330824680733816,0.5286012363467762,0.613407053921902,0,1015.3920288085938
49035,10,58,2,42,2,26.567046042063613,0.6554441233604664,0.8513997106635237,0,1015.3920288085938
49035,10,58,2,43,2,26.258318748620507,0.8446713382916602,0.848528137423857,0,1015.3920288085938
49035,10,58,2,44,2,26.892204662451583,1.031583377752508,0.8513997106635237,0,1015.3920288085938
49035,10,58,2,45,2,27.866191510131085,1.1544648534075923,0.6034068236642477,0,1015.3920288085938
49035,10,58,2,46,2,28.7901593176539,0.7548889187656405,0.848528137423857,0,1015.3920288085938
49035,10,58,2,47,2,28.94070907284272,0.9282455201329347,0.848528137423857,0,1015.3920288085938
49035,10,58,2,48,2,31.515825287744438,0.6801149055887312,0.682842712474619,0,1015.3920288085938
49035,10,58,2,49,2,31.256017207421984,0.839376415591145,0.8513997106635237,0,1015.3920288085938
49035,10,58,2,50,2,31.79040704007557,0.9972507485038093,0.682842712474619,0,1015.3920288085938
49035,10,58,2,51,2,34.75480006254117,0.8365760913231686,0.613407053921902,0,1015.3920288085938
49035,10,58,2,52,2,36.05428943578679,-0.1291366295288663,0.4308640753373011,0,1015.3920288085938
49035,10,58,2,53,2,47.116540181553404,-0.16846088278167004,0.3414213562373095,0,1015.3920288085938
49035,10,58,2,54,2,39.209069038756724,-0.025919612281984694,0.482842712474619,0,1015.3920288085938
49035,10,58,2,55,2,32.4766659479086,0.18166466436916062,0.3414213562373095,0,1015.3920288085938
49035,10,58,2,56,2,46.2720113562126,-0.017963401354526898,0.4242640687119285,0,1015.3920288085938
49035,10,58,2,57,2,39.47761101124943,0.15392122150667875,0.4242640687119285,0,1015.3920288085938
49035,10,58,2,58,2,53.337106923913154,-0.012114675601025748,0.382842712474619,0,1015.3920288085938
49035,10,58,2,59,2,46.49978184055275,0.13454574747218118,0.4242640687119285,0,1015.3920288085938
49035,10,58,2,60,2,40.98307513382876,0.32589792424109376,0.482842712474619,0,1015.3920288085938
49035,10,58,2,61,2,38.901205836427245,0.43981199246657576,0.37888543819998316,0,1015.3920288085938
49035,10,58,2,62,2,53.53482652706064,0.12025830803180027,0.4242640687119285,0,1015.3920288085938
49035,10,58,2,63,2,47.784520375206554,0.2821915908435533,0.4242640687119285,0,1015.3920288085938
49035,10,58,2,64,2,60.57826005545184,0.10929144416104997,0.3414213562373095,0,1015.3920288085938
49035,10,58,2,65,2,54.65444471908947,0.24942261404943666,0.382842712474619,0,1015.3920288085938
49035,10,58,2,66,2,50.04489048602326,0.4193097922747684,0.3414213562373095,0,1015.3920288085938
49035,10,59,1,1,2,9.40341554034996,-0.27776189796014217,0.30049607433831527,1,1015.7239990234376
49035,10,59,1,2,,,,,0,1015.7239990234376
49035,10,59,1,3,,,,,0,1015.7239990234376
49035,10,59,1,4,,,,,0,1015.7239990234376
49035,10,59,1,5,,,,,0,1015.7239990234376
49035,10,59,1,6,2,9.418245640535545,-0.9829767500564865,0.4104146963410777,0,1015.7239990234376
49035,10,59,1,7,,,,,0,1015.7239990234376
49035,10,59,1,8,,,,,0,1015.7239990234376
49035,10,59,1,9,,,,,0,1015.7239990234376
49035,10,59,1,10,,,,,0,1015.7239990234376
49035,10,59,1,11,,,,,0,1015.7239990234376
49035,10,59,1,12,,,,,0,1015.7239990234376
49035,10,59,1,13,2,10.48489660206593,-1.4796395011519257,0.3516112964376431,0,1015.7239990234376
49035,10,59,1,14,,,,,0,1015.7239990234376
49035,10,59,1,15,,,,,0,1015.7239990234376
49035,10,59,1,16,,,,,0,1015.7239990234376
49035,10,59,1,17,,,,,0,1015.7239990234376
49035,10,59,1,18,2,26.43735698762263,1.6098335860795545,0.37888543819998316,0,1015.7239990234376
49035,10,59,1,19,2,34.013962275928456,1.8848695750489257,0.3414213562373095,0,1015.7239990234376
49035,10,59,1,20,2,24.395974059289905,1.7898000149558102,0.482842712474619,0,1015.7239990234376
49035,10,59,1,21,2,15.276696989035543,1.5768377926704173,0.3414213562373095,0,1015.7239990234376
49035,10,59,1,22,2,28.236258530751943,2.0165049501130614,0.4242640687119285,0,1015.7239990234376
49035,10,59,1,23,2,18.31666499144218,1.9608485659376285,0.4242640687119285,0,1015.7239990234376
49035,10,59,1,24,2,38.14842173711446,-4.108932862856712,0.37888543819998316,0,1015.7239990234376
49035,10,59,1,25,2,33.15733766950203,-4.100540913572651,0.482842712474619,0,1015.7239990234376
49035,10,59,1,26,2,23.186697952115555,-4.07292365108367,0.4242640687119285,0,1015.7239990234376
49035,10,59,1,27,2,13.260350014833747,-4.003820829732255,0.482842712474619,0,1015.7239990234376
49035,10,59,1,28,2,8.363243558125774,-3.9079581375798798,0.37888543819998316,0,1015.7239990234376
49035,10,59,1,29,2,28.978366196812335,-3.9162638478302227,0.4242640687119285,0,1015.7239990234376
49035,10,59,1,30,2,19.441183812458988,-3.789490351769876,0.4242640687119285,0,1015.7239990234376
49035,10,59,1,31,2,35.24015398590749,-3.8134275260920845,0.3414213562373095,0,1015.7239990234376
49035,10,59,1,32,2,26.078389013582367,-3.681128040708744,0.482842712474619,0,1015.7239990234376
49035,10,59,1,33,2,17.840860240946768,-3.4175228923803997,0.3414213562373095,0,1015.7239990234376
49035,10,59,1,34,2,28.74564452841996,-3.526510115479616,0.4308640753373011,0,1015.7239990234376
49035,10,59,1,35,2,18.720731625142182,-2.4915744475775607,0.613407053921902,0,1015.7239990234376
49035,10,59,1,36,2,22.33762803771588,-2.732560752425476,0.682842712474619,0,1015.7239990234376
49035,10,59,1,37,2,22.205327888774384,-2.5076623110417096,0.8513997106635237,0,1015.7239990234376
49035,10,59,1,38,2,23.17722043180787,-2.291043238335254,0.682842712474619,0,1015.7239990234376
49035,10,59,1,39,2,24.630021506384022,-2.6177441166847615,0.848528137423857,0,1015.7239990234376
49035,10,59,1,40,2,25.014893957432047,-2.4165661294026384,0.848528137423857,0,1015.7239990234376
49035,10,59,1,41,2,27.911905344391233,-2.8321403089379964,0.613407053921902,0,1015.7239990234376
49035,10,59,1,42,2,27.29833936637717,-2.7072267492643243,0.8513997106635237,0,1015.7239990234376
49035,10,59,1,43,2,27.19018742963219,-2.5234860947448388,0.848528137423857,0,1015.7239990234376
49035,10,59,1,44,2,27.989520409523976,-2.3443326045002113,0.8513997106635237,0,1015.7239990234376
49035,10,59,1,45,2,29.052334242927895,-2.227323336973945,0.613407053921902,0,1015.7239990234376
49035,10,59,1,46,2,29.62883165458075,-2.6137064428453765,0.848528137423857,0,1015.7239990234376
49035,10,59,1,47,2,29.949534646002718,-2.4460070325533527,0.848528137423857,0,1015.7239990234376
49035,10,59,1,48,2,32.27117968052058,-2.689691908245738,0.682842712474619,0,1015.7239990234376
49035,10,59,1,49,2,32.17974515544017,-2.534404907873416,0.8513997106635237,0,1015.7239990234376
49035,10,59,1,50,2,32.85792078884034,-2.381912752649282,0.682842712474619,0,1015.7239990234376
49035,10,59,1,51,2,35.67417542616028,-2.540230305275636,0.613407053921902,0,1015.7239990234376
49035,10,59,1,52,2,35.75520696161884,-3.497481443326361,0.4308640753373011,0,1015.7239990234376
49035,10,59,1,53,2,46.759497538847455,-3.545818586408238,0.3414213562373095,0,1015.7239990234376
49035,10,59,1,54,2,39.046952898769746,-3.396714110994952,0.482842712474619,0,1015.7239990234376
49035,10,59,1,55,2,32.601816686681815,-3.182005099642499,0.3414213562373095,0,1015.7239990234376
49035,10,59,1,56,2,46.11710394411882,-3.3940309400902953,0.4242640687119285,0,1015.7239990234376
49035,10,59,1,57,2,39.560096015883495,-3.217033777264221,0.4242640687119285,0,1015.7239990234376
49035,10,59,1,58,2,53.18749873519693,-3.392061124015732,0.382842712474619,0,1015.7239990234376
49035,10,59,1,59,2,46.55237848166124,-3.241562695867737,0.4242640687119285,0,1015.7239990234376
49035,10,59,1,60,2,41.295736618846,-3.0472360097157,0.482842712474619,0,1015.7239990234376
49035,10,59,1,61,2,39.36298798604762,-2.9327986635087813,0.37888543819998316,0,1015.7239990234376
49035,10,59,1,62,2,53.56534969375028,-3.259677431305043,0.4242640687119285,0,1015.7239990234376
49035,10,59,1,63,2,48.03603447836858,-3.0952299975741857,0.4242640687119285,0,1015.7239990234376
49035,10,59,1,64,2,60.591826456442696,-3.2735945744550596,0.3414213562373095,0,1015.7239990234376
49035,10,59,1,65,2,54.85966964830294,-3.1313515637818714,0.382842712474619,0,1015.7239990234376
49035,10,59,1,66,2,50.47570974750323,-2.9603437986646184,0.3414213562373095,0,1015.7239990234376
49035,10,60,6,1,,,,,0,1016.2249755859376
49035,10,60,6,2,,,,,0,1016.2249755859376
49035,10,60,6,3,,,,,0,1016.2249755859376
49035,10,60,6,4,,,,,0,1016.2249755859376
49035,10,60,6,5,,,,,0,1016.2249755859376
49035,10,60,6,6,2,6.610532973221651,-1.5343960299444213,0.3055240804597303,1,1016.2249755859376
49035,10,60,6,7,,,,,0,1016.2249755859376
49035,10,60,6,8,,,,,0,1016.2249755859376
49035,10,60,6,9,,,,,0,1016.2249755859376
49035,10,60,6,10,,,,,0,1016.2249755859376
49035,10,60,6,11,,,,,0,1016.2249755859376
49035,10,60,6,12,,,,,0,1016.2249755859376
49035,10,60,6,13,2,10.67296838994639,-1.8831875159863074,0.3195313974969797,0,1016.2249755859376
49035,10,60,6,14,,,,,0,1016.2249755859376
49035,10,60,6,15,,,,,0,1016.2249755859376
49035,10,60,6,16,,,,,0,1016.2249755859376
49035,10,60,6,17,,,,,0,1016.2249755859376
49035,10,60,6,18,2,28.80453536554595,2.0797032016151116,0.37888543819998316,0,1016.2249755859376
49035,10,60,6,19,2,37.79502030722657,2.281474191382415,0.3414213562373095,0,1016.2249755859376
49035,10,60,6,20,2,27.837283734009166,2.2531588510753062,0.482842712474619,0,1016.2249755859376
49035,10,60,6,21,2,17.926660909154105,2.1934337139470905,0.3414213562373095,0,1016.2249755859376
49035,10,60,6,22,2,32.73991556064927,-3.861039903406678,0.4242640687119285,0,1016.2249755859376
49035,10,60,6,23,2,22.767364287121747,-3.8339195074417964,0.4242640687119285,0,1016.2249755859376
49035,10,60,6,24,2,43.25117771017485,-3.7597579663372973,0.37888543819998316,0,1016.2249755859376
49035,10,60,6,25,2,38.32609784662609,-3.7385778602187663,0.482842712474619,0,1016.2249755859376
49035,10,60,6,26,2,28.554169254475248,-3.6743752827244722,0.4242640687119285,0,1016.2249755859376
49035,10,60,6,27,2,19.020814585008765,-3.5447359691103193,0.482842712474619,0,1016.2249755859376
49035,10,60,6,28,2,14.491956055319568,-3.4170294091273936,0.37888543819998316,0,1016.2249755859376
49035,10,60,6,29,2,34.818504951303304,-3.5703056717495736,0.4242640687119285,0,1016.2249755859376
49035,10,60,6,30,2,25.6666922821776,-3.435381334224274,0.4242640687119285,0,1016.2249755859376
49035,10,60,6,31,2,41.34387490638299,-3.498497915553987,0.3414213562373095,0,1016.2249755859376
49035,10,60,6,32,2,32.49256527174652,-3.371450221712838,0.482842712474619,0,1016.2249755859376
49035,10,60,6,33,2,24.54012232248997,-3.1563270597261317,0.3414213562373095,0,1016.2249755859376
49035,10,60,6,34,2,35.3691943080621,-3.2507404996915628,0.4308640753373011,0,1016.2249755859376
49035,10,60,6,35,2,23.673209596090505,-2.4653646477676743,0.613407053921902,0,1016.2249755859376
49035,10,60,6,36,2,28.090828136463358,-2.6288520125228163,0.682842712474619,0,1016.2249755859376
49035,10,60,6,37,2,27.153637476852943,-2.450785866658007,0.8513997106635237,0,1016.2249755859376
49035,10,60,6,38,2,27.12094082174112,-2.2662798516940823,0.682842712474619,0,1016.2249755859376
49035,10,60,6,39,2,29.971884839624437,-2.5256360420709663,0.848528137423857,0,1016.2249755859376
49035,10,60,6,40,2,29.52184417802757,-2.3580324579750447,0.848528137423857,0,1016.2249755859376
49035,10,60,6,41,2,33.91607217047168,-2.687861257517423,0.613407053921902,0,1016.2249755859376
49035,10,60,6,42,2,32.92882830370776,-2.5873402217222123,0.8513997106635237,0,1016.2249755859376
49035,10,60,6,43,2,32.133053640871054,-2.4354421709778613,0.848528137423857,0,1016.2249755859376
49035,10,60,6,44,2,32.10542849922935,-2.2796169979396694,0.8513997106635237,0,1016.2249755859376
49035,10,60,6,45,2,32.54637185772862,-2.1721531651338517,0.613407053921902,0,1016.2249755859376
49035,10,60,6,46,2,34.90740593201467,-2.5008903601941648,0.848528137423857,0,1016.2249755859376
49035,10,60,6,47,2,34.52176692659987,-2.3571618285450167,0.848528137423857,0,1016.2249755859376
49035,10,60,6,48,2,37.809004767618646,-2.556502316912682,0.682842712474619,0,1016.2249755859376
49035,10,60,6,49,2,37.118004315289376,-2.4242177110905114,0.8513997106635237,0,1016.2249755859376
49035,10,60,6,50,2,37.09409180963826,-2.289368172455016,0.682842712474619,0,1016.2249755859376
49035,10,60,6,51,2,40.60967150807504,-2.4180007279011355,0.613407053921902,0,1016.2249755859376
49035,10,60,6,52,2,42.40244817498354,-3.2318822890713172,0.4308640753373011,0,1016.2249755859376
49035,10,60,6,53,2,53.35475530476029,-3.2791183465943026,0.3414213562373095,0,1016.2249755859376
49035,10,60,6,54,2,45.75129199590881,-3.1475607028315005,0.482842712474619,0,1016.2249755859376
49035,10,60,6,55,2,39.238138653088164,-2.9682287570288075,0.3414213562373095,0,1016.2249755859376
49035,10,60,6,56,2,52.82204487262512,-3.146203158636119,0.4242640687119285,0,1016.2249755859376
49035,10,60,6,57,2,46.22357872546959,-2.9939903068773854,0.4242640687119285,0,1016.2249755859376
49035,10,60,6,58,2,59.892872111431885,-3.1451661505457507,0.382842712474619,0,1016.2249755859376
49035,10,60,6,59,2,53.23163472429151,-3.012978718674681,0.4242640687119285,0,1016.2249755859376
49035,10,60,6,60,2,47.74995016839766,-2.84689568304394,0.482842712474619,0,1016.2249755859376
49035,10,60,6,61,2,45.58819083837931,-2.7502258545399245,0.37888543819998316,0,1016.2249755859376
49035,10,60,6,62,2,60.25441594315814,-3.02754513057922,0.4242640687119285,0,1016.2249755859376
49035,10,60,6,63,2,54.56230792694873,-2.8840275763202343,0.4242640687119285,0,1016.2249755859376
49035,10,60,6,64,2,67.28731192343638,-3.039068605596915,0.3414213562373095,0,1016.2249755859376
49035,10,60,6,65,2,61.43316003223247,-2.9128863346167213,0.382842712474619,0,1016.2249755859376
49035,10,60,6,66,2,56.749307988819986,-2.7631101269756595,0.3414213562373095,0,1016.2249755859376
49035,10,61,15,1,,,,,0,1016.708984375
49035,10,61,15,2,,,,,0,1016.708984375
49035,10,61,15,3,,,,,0,1016.708984375
49035,10,61,15,4,,,,,0,1016.708984375
49035,10,61,15,5,,,,,0,1016.708984375
49035,10,61,15,6,,,,,0,1016.708984375
49035,10,61,15,7,,,,,0,1016.708984375
49035,10,61,15,8,,,,,0,1016.708984375
49035,10,61,15,9,,,,,0,1016.708984375
49035,10,61,15,10,,,,,0,1016.708984375
49035,10,61,15,11,,,,,0,1016.708984375
49035,10,61,15,12,,,,,0,1016.708984375
49035,10,61,15,13,2,7.973282839203323,-0.15487957509594064,0.4023741099715987,0,1016.708984375
49035,10,61,15,14,,,,,0,1016.708984375
49035,10,61,15,15,2,10.499121170639016,-0.42609697877739405,0.42925460142417565,1,1016.708984375
49035,10,61,15,16,,,,,0,1016.708984375
49035,10,61,15,17,,,,,0,1016.708984375
49035,10,61,15,18,2,32.8634932204741,4.126559643739117,0.37888543819998316,0,1016.708984375
49035,10,61,15,19,2,41.684891842523704,4.312413452802586,0.3414213562373095,0,1016.708984375
49035,10,61,15,20,2,31.765097038553176,4.277675750728814,0.482842712474619,0,1016.708984375
49035,10,61,15,21,2,21.918315898227686,4.211575739172032,0.3414213562373095,0,1016.708984375
49035,10,61,15,22,2,36.432650220816384,-1.8492114922968337,0.4242640687119285,0,1016.708984375
49035,10,61,15,23,2,26.433486036808556,-1.8450453032543244,0.4242640687119285,0,1016.708984375
49035,10,61,15,24,2,46.743545259031265,-1.7444156032692433,0.37888543819998316,0,1016.708984375
49035,10,61,15,25,2,41.78103175312937,-1.7305871078487585,0.482842712474619,0,1016.708984375
49035,10,61,15,26,2,31.8911554557342,-1.6900398501655058,0.4242640687119285,0,1016.708984375
49035,10,61,15,27,2,22.100610359164428,-1.6133313721316684,0.482842712474619,0,1016.708984375
49035,10,61,15,28,2,17.29544937896979,-1.542620245660028,0.37888543819998316,0,1016.708984375
49035,10,61,15,29,2,37.886177011483454,-1.58211447693017,0.4242640687119285,0,1016.708984375
49035,10,61,15,30,2,28.40340807880735,-1.4853063930488786,0.4242640687119285,0,1016.708984375
49035,10,61,15,31,2,44.20044140943742,-1.5043176382397625,0.3414213562373095,0,1016.708984375
49035,10,61,15,32,2,35.00100288184484,-1.404600913197721,0.482842712474619,0,1016.708984375
49035,10,61,15,33,2,26.39055483844005,-1.2370837838179825,0.3414213562373095,0,1016.708984375
49035,10,61,15,34,2,37.47108760032812,-1.2844883440429593,0.4308640753373011,0,1016.708984375
49035,10,61,15,35,2,22.82573157164807,-0.5750131866957866,0.613407053921902,0,1016.708984375
49035,10,61,15,36,2,27.854568261949744,-0.7122784286769466,0.682842712474619,0,1016.708984375
49035,10,61,15,37,2,26.202529725820717,-0.5373737236964764,0.8513997106635237,0,1016.708984375
49035,10,61,15,38,2,25.441465268443537,-0.3456824962010494,0.682842712474619,0,1016.708984375
49035,10,61,15,39,2,29.295577655242514,-0.5991976510275647,0.848528137423857,0,1016.708984375
49035,10,61,15,40,2,28.176700678525954,-0.4293770206807892,0.848528137423857,0,1016.708984375
49035,10,61,15,41,2,33.86963629263149,-0.7459409822101482,0.613407053921902,0,1016.708984375
49035,10,61,15,42,2,32.47905750289208,-0.6490630958260684,0.8513997106635237,0,1016.708984375
49035,10,61,15,43,2,31.073859870461394,-0.49787479972437665,0.848528137423857,0,1016.708984375
49035,10,61,15,44,2,30.4348543321957,-0.3364454577282603,0.8513997106635237,0,1016.708984375
49035,10,61,15,45,2,30.471581381723556,-0.22145804284848758,0.613407053921902,0,1016.708984375
49035,10,61,15,46,2,34.091686279368716,-0.5544740107965702,0.848528137423857,0,1016.708984375
49035,10,61,15,47,2,33.13515752707081,-0.4083264355567253,0.848528137423857,0,1016.708984375
49035,10,61,15,48,2,37.20082498403393,-0.601743711757369,0.682842712474619,0,1016.708984375
49035,10,61,15,49,2,35.980508201880966,-0.46911352458474687,0.8513997106635237,0,1016.708984375
49035,10,61,15,50,2,35.43010812061578,-0.32981261952274377,0.682842712474619,0,1016.708984375
49035,10,61,15,51,2,39.42912011086743,-0.45324843109026425,0.613407053921902,0,1016.708984375
49035,10,61,15,52,2,44.41169911402981,-1.2513446695865336,0.4308640753373011,0,1016.708984375
49035,10,61,15,53,2,55.497928244808094,-1.2805038014839318,0.3414213562373095,0,1016.708984375
49035,10,61,15,54,2,47.449038150542826,-1.1647976858258058,0.482842712474619,0,1016.708984375
49035,10,61,15,55,2,40.28402168797785,-1.005070428927197,0.3414213562373095,0,1016.708984375
49035,10,61,15,56,2,54.495209272516064,-1.153138847543974,0.4242640687119285,0,1016.708984375
49035,10,61,15,57,2,47.34045854869935,-1.015481330258457,0.4242640687119285,0,1016.708984375
49035,10,61,15,58,2,61.547091287070366,-1.1441506798368548,0.382842712474619,0,1016.708984375
49035,10,61,15,59,2,54.400695104426504,-1.0231905985385576,0.4242640687119285,0,1016.708984375
49035,10,61,15,60,2,48.27863719897834,-0.8687495022674943,0.482842712474619,0,1016.708984375
49035,10,61,15,61,2,45.733165216978755,-0.7771304115611766,0.37888543819998316,0,1016.708984375
49035,10,61,15,62,2,61.46342196858573,-1.0291284199821507,0.4242640687119285,0,1016.708984375
49035,10,61,15,63,2,55.21904944884715,-0.894955241818862,0.4242640687119285,0,1016.708984375
49035,10,61,15,64,2,68.52786916526793,-1.033842135962422,0.3414213562373095,0,1016.708984375
49035,10,61,15,65,2,62.18890603860048,-0.9152984176114283,0.382842712474619,0,1016.708984375
49035,10,61,15,66,2,56.910905951528136,-0.7724052114916427,0.3414213562373095,0,1016.708984375
49035,10,62,17,1,,,,,0,1017.3410034179688
49035,10,62,17,2,,,,,0,1017.3410034179688
49035,10,62,17,3,,,,,0,1017.3410034179688
49035,10,62,17,4,,,,,0,1017.3410034179688
49035,10,62,17,5,,,,,0,1017.3410034179688
49035,10,62,17,6,,,,,0,1017.3410034179688
49035,10,62,17,7,,,,,0,1017.3410034179688
49035,10,62,17,8,,,,,0,1017.3410034179688
49035,10,62,17,9,,,,,0,1017.3410034179688
49035,10,62,17,10,,,,,0,1017.3410034179688
49035,10,62,17,11,,,,,0,1017.3410034179688
49035,10,62,17,12,,,,,0,1017.3410034179688
49035,10,62,17,13,2,1.089083441492834,1.810439118982914,0.49965172132282876,0,1017.3410034179688
49035,10,62,17,14,,,,,0,1017.3410034179688
49035,10,62,17,15,,,,,0,1017.3410034179688
49035,10,62,17,16,2,4.205164063136273,1.0086126453333302,0.5123069680709058,0,1017.3410034179688
49035,10,62,17,17,2,5.919822548107233,-0.24607084621724273,0.423692325950598,1,1017.3410034179688
49035,10,62,17,18,2,36.11047179209106,4.198253183496903,0.37888543819998316,0,1017.3410034179688
49035,10,62,17,19,2,43.36152628598889,4.413733476433921,0.3414213562373095,0,1017.3410034179688
49035,10,62,17,20,2,33.93200807579155,4.326911181151193,0.482842712474619,0,1017.3410034179688
49035,10,62,17,21,2,24.950759151990972,4.175637301684789,0.3414213562373095,0,1017.3410034179688
49035,10,62,17,22,2,37.25877837451495,4.502621166027502,0.4242640687119285,0,1017.3410034179688
49035,10,62,17,23,2,27.55677368935451,4.426984049177287,0.4242640687119285,0,1017.3410034179688
49035,10,62,17,24,2,46.52389015080664,4.653062064056966,0.37888543819998316,0,1017.3410034179688
49035,10,62,17,25,2,41.53374483316984,4.645924178442961,0.482842712474619,0,1017.3410034179688
49035,10,62,17,26,2,31.5628130886957,4.624880179805968,0.4242640687119285,0,1017.3410034179688
49035,10,62,17,27,2,21.618750664111438,4.584442607581267,0.482842712474619,0,1017.3410034179688
49035,10,62,17,28,2,16.671832094270798,4.546165850041314,0.37888543819998316,0,1017.3410034179688
49035,10,62,17,29,2,36.51091020472621,-1.5093650905775244,0.4242640687119285,0,1017.3410034179688
49035,10,62,17,30,2,26.53687574268415,-1.4862281984720287,0.4242640687119285,0,1017.3410034179688
49035,10,62,17,31,2,42.06996503306391,-1.397804867485998,0.3414213562373095,0,1017.3410034179688
49035,10,62,17,32,2,32.26516958096297,-1.3444310032786655,0.482842712474619,0,1017.3410034179688
49035,10,62,17,33,2,22.631844341400374,-1.2450990329016123,0.3414213562373095,0,1017.3410034179688
49035,10,62,17,34,2,33.74101609460623,-1.1995172180546665,0.4308640753373011,0,1017.3410034179688
49035,10,62,17,35,2,15.176583683807952,-0.43837900377524175,0.613407053921902,0,1017.3410034179688
49035,10,62,17,36,2,20.692742363321777,-0.5858998815287983,0.682842712474619,0,1017.3410034179688
49035,10,62,17,37,2,18.405683676988225,-0.35757401538597344,0.8513997106635237,0,1017.3410034179688
49035,10,62,17,38,2,17.301699243712736,-0.08344349723662581,0.682842712474619,0,1017.3410034179688
49035,10,62,17,39,2,21.6722608089274,-0.42530978101624095,0.848528137423857,0,1017.3410034179688
49035,10,62,17,40,2,20.131231797202815,-0.19709061497215474,0.848528137423857,0,1017.3410034179688
49035,10,62,17,41,2,26.79456776944187,-0.5915542262872888,0.613407053921902,0,1017.3410034179688
49035,10,62,17,42,2,25.012088787684053,-0.47513711014801663,0.8513997106635237,0,1017.3410034179688
49035,10,62,17,43,2,23.155651375539613,-0.2819257926345631,0.848528137423857,0,1017.3410034179688
49035,10,62,17,44,2,22.288198575211695,-0.0647449124065993,0.8513997106635237,0,1017.3410034179688
49035,10,62,17,45,2,22.336506425577074,0.09226524658123414,0.613407053921902,0,1017.3410034179688
49035,10,62,17,46,2,26.307829396937127,-0.3468108992868504,0.848528137423857,0,1017.3410034179688
49035,10,62,17,47,2,25.05357245346237,-0.15800098408433105,0.848528137423857,0,1017.3410034179688
49035,10,62,17,48,2,29.546904821506587,-0.39764701135007474,0.682842712474619,0,1017.3410034179688
49035,10,62,17,49,2,27.9928417570226,-0.23221298476200758,0.8513997106635237,0,1017.3410034179688
49035,10,62,17,50,2,27.27964066362032,-0.05288603106678935,0.682842712474619,0,1017.3410034179688
49035,10,62,17,51,2,31.409229359209583,-0.20656609124874525,0.613407053921902,0,1017.3410034179688
49035,10,62,17,52,2,40.31490494844452,-1.1288820731776386,0.4308640753373011,0,1017.3410034179688
49035,10,62,17,53,2,51.49317770156758,-1.1241636214466668,0.3414213562373095,0,1017.3410034179688
49035,10,62,17,54,2,42.69316760338,-1.0228192411954247,0.482842712474619,0,1017.3410034179688
49035,10,62,17,55,2,34.552362729853556,-0.8714675426890293,0.3414213562373095,0,1017.3410034179688
49035,10,62,17,56,2,49.593769305386886,-0.9892786443360637,0.4242640687119285,0,1017.3410034179688
49035,10,62,17,57,2,41.601696649547996,-0.8568558090319143,0.4242640687119285,0,1017.3410034179688
49035,10,62,17,58,2,56.53651340347735,-0.9639527296906465,0.382842712474619,0,1017.3410034179688
49035,10,62,17,59,2,48.65733817243451,-0.846479963700328,0.4242640687119285,0,1017.3410034179688
49035,10,62,17,60,2,41.697671016877315,-0.6868920057620764,0.482842712474619,0,1017.3410034179688
49035,10,62,17,61,2,38.72047744197209,-0.5868788812960806,0.37888543819998316,0,1017.3410034179688
49035,10,62,17,62,2,55.716891082797254,-0.8387327736775774,0.4242640687119285,0,1017.3410034179688
49035,10,62,17,63,2,48.73942102792533,-0.7011605663785128,0.4242640687119285,0,1017.3410034179688
49035,10,62,17,64,2,62.779035878531396,-0.8327282829441387,0.3414213562373095,0,1017.3410034179688
49035,10,62,17,65,2,55.78858804489508,-0.7118250563152593,0.382842712474619,0,1017.3410034179688
49035,10,62,17,66,2,49.83498536418053,-0.5592987130207003,0.3414213562373095,0,1017.3410034179688
49035,10,63,35,1,,,,,0,1017.6240234375
49035,10,63,35,2,,,,,0,1017.6240234375
49035,10,63,35,3,,,,,0,1017.6240234375
49035,10,63,35,4,,,,,0,1017.6240234375
49035,10,63,35,5,,,,,0,1017.6240234375
49035,10,63,35,6,,,,,0,1017.6240234375
49035,10,63,35,7,,,,,0,1017.6240234375
49035,10,63,35,8,,,,,0,1017.6240234375
49035,10,63,35,9,,,,,0,1017.6240234375
49035,10,63,35,10,,,,,0,1017.6240234375
49035,10,63,35,11,,,,,0,1017.6240234375
49035,10,63,35,12,,,,,0,1017.6240234375
49035,10,63,35,13,2,2.9971703406119126,2.938748105584513,0.4023741099715987,0,1017.6240234375
49035,10,63,35,14,,,,,0,1017.6240234375
49035,10,63,35,15,,,,,0,1017.6240234375
49035,10,63,35,16,2,4.013188283288998,1.9186700666948602,0.4117061371704652,0,1017.6240234375
49035,10,63,35,17,,,,,0,1017.6240234375
49035,10,63,35,18,2,36.92908855417698,4.463266824080661,0.37888543819998316,0,1017.6240234375
49035,10,63,35,19,2,43.67649235174691,4.685698197583808,0.3414213562373095,0,1017.6240234375
49035,10,63,35,20,2,34.46564350974573,4.5853016650675515,0.482842712474619,0,1017.6240234375
49035,10,63,35,21,2,25.848117550985215,4.415122647459371,0.3414213562373095,0,1017.6240234375
49035,10,63,35,22,2,37.374875042535926,4.765112738743393,0.4242640687119285,0,1017.6240234375
49035,10,63,35,23,2,27.8769776488386,4.668140463029145,0.4242640687119285,0,1017.6240234375
49035,10,63,35,24,2,46.26834433125023,4.928224540746897,0.37888543819998316,0,1017.6240234375
49035,10,63,35,25,2,41.30232422454542,4.9149124623566145,0.482842712474619,0,1017.6240234375
49035,10,63,35,26,2,31.402652511183568,4.875675796137475,0.4242640687119285,0,1017.6240234375
49035,10,63,35,27,2,21.595628796745316,4.800583128500677,0.482842712474619,0,1017.6240234375
49035,10,63,35,28,2,16.77776750110549,4.730316534368537,0.37888543819998316,0,1017.6240234375
49035,10,63,35,29,2,35.98787693991465,5.035971127585426,0.4242640687119285,0,1017.6240234375
49035,10,63,35,30,2,25.987918058804027,5.035033411431796,0.4242640687119285,0,1017.6240234375
49035,10,63,35,31,2,41.281085118329166,-1.1254982193516205,0.3414213562373095,0,1017.6240234375
49035,10,63,35,32,2,31.374712539486467,-1.0875616365915557,0.482842712474619,0,1017.6240234375
49035,10,63,35,33,2,21.554980522470466,-1.014860677384198,0.3414213562373095,0,1017.6240234375
49035,10,63,35,34,2,32.534529165703965,-0.9351851455235904,0.4308640753373011,0,1017.6240234375
49035,10,63,35,35,2,12.887745510185699,-0.15717459077492602,0.613407053921902,1,1017.6240234375
49035,10,63,35,36,2,18.523168894927743,-0.3089972032826276,0.682842712474619,0,1017.6240234375
49035,10,63,35,37,2,16.06953904455117,-0.055807544047889124,0.8513997106635237,0,1017.6240234375
49035,10,63,35,38,2,14.94497856467819,0.25987708593156844,0.682842712474619,0,1017.6240234375
49035,10,63,35,39,2,19.370865650675064,-0.12754491849075067,0.848528137423857,0,1017.6240234375
49035,10,63,35,40,2,17.758173758887455,0.12833030470090345,0.848528137423857,0,1017.6240234375
49035,10,63,35,41,2,24.62509243784917,-0.30297745446013935,0.613407053921902,0,1017.6240234375
49035,10,63,35,42,2,22.742708436082356,-0.17821131047328342,0.8513997106635237,0,1017.6240234375
49035,10,63,35,43,2,20.793101889881353,0.03391369178112624,0.848528137423857,0,1017.6240234375
49035,10,63,35,44,2,19.936784730676194,0.2764536816330072,0.8513997106635237,0,1017.6240234375
49035,10,63,35,45,2,20.07015183882171,0.45152071670631977,0.613407053921902,0,1017.6240234375
49035,10,63,35,46,2,23.965672057239203,-0.036000529323765074,0.848528137423857,0,1017.6240234375
49035,10,63,35,47,2,22.68205758632739,0.17163877786344162,0.848528137423857,0,1017.6240234375
49035,10,63,35,48,2,27.22781276759638,-0.08937387208385639,0.682842712474619,0,1017.6240234375
49035,10,63,35,49,2,25.621789307181892,0.09013943852454065,0.8513997106635237,0,1017.6240234375
49035,10,63,35,50,2,24.931874909359628,0.286389941908729,0.682842712474619,0,1017.6240234375
49035,10,63,35,51,2,29.03639419884403,0.1183127875165717,0.613407053921902,0,1017.6240234375
49035,10,63,35,52,2,38.955054741821876,-0.851943512202926,0.4308640753373011,0,1017.6240234375
49035,10,63,35,53,2,50.113617836355616,-0.8361574938401681,0.3414213562373095,0,1017.6240234375
49035,10,63,35,54,2,41.12929966625948,-0.7393983006740152,0.482842712474619,0,1017.6240234375
49035,10,63,35,55,2,32.73933245235223,-0.5909770903464009,0.3414213562373095,0,1017.6240234375
49035,10,63,35,56,2,47.96477867082542,-0.6986433703746304,0.4242640687119285,0,1017.6240234375
49035,10,63,35,57,2,39.76008791904189,-0.5676386326243479,0.4242640687119285,0,1017.6240234375
49035,10,63,35,58,2,54.860009978540525,-0.6680925472247028,0.382842712474619,0,1017.6240234375
49035,10,63,35,59,2,46.79599655135295,-0.551311378873306,0.4242640687119285,0,1017.6240234375
49035,10,63,35,60,2,39.62461219523681,-0.3892879181737292,0.482842712474619,0,1017.6240234375
49035,10,63,35,61,2,36.5408290931835,-0.28580903546378367,0.37888543819998316,0,1017.6240234375
49035,10,63,35,62,2,53.841118071029456,-0.539254424011433,0.4242640687119285,0,1017.6240234375
49035,10,63,35,63,2,46.68094465118724,-0.3998965932081815,0.4242640687119285,0,1017.6240234375
49035,10,63,35,64,2,60.89225481982771,-0.529988686963178,0.3414213562373095,0,1017.6240234375
49035,10,63,35,65,2,53.74115085696903,-0.4077185514105761,0.382842712474619,0,1017.6240234375
49035,10,63,35,66,2,47.62725998648437,-0.25114437415518975,0.3414213562373095,0,1017.6240234375
49035,10,64,37,1,,,,,0,1018.458984375
49035,10,64,37,2,,,,,0,1018.458984375
49035,10,64,37,3,,,,,0,1018.458984375
49035,10,64,37,4,,,,,0,1018.458984375
49035,10,64,37,5,,,,,0,1018.458984375
49035,10,64,37,6,,,,,0,1018.458984375
49035,10,64,37,7,,,,,0,1018.458984375
49035,10,64,37,8,,,,,0,1018.458984375
49035,10,64,37,9,2,14.945352133951978,3.7468565246083445,0.7071067811865475,0,1018.458984375
49035,10,64,37,10,,,,,0,1018.458984375
49035,10,64,37,11,,,,,0,1018.458984375
49035,10,64,37,12,2,12.204816130120184,3.912435201883028,0.765685424949238,0,1018.458984375
49035,10,64,37,13,2,13.256482826363918,3.52573538688902,0.765685424949238,0,1018.458984375
49035,10,64,37,14,2,9.977550958640135,4.161902929767535,0.5507551751186637,0,1018.458984375
49035,10,64,37,15,,,,,0,1018.458984375
49035,10,64,37,16,2,12.373565510536563,3.2576258721904567,0.5507551751186637,0,1018.458984375
49035,10,64,37,17,,,,,0,1018.458984375
49035,10,64,37,18,2,40.3584988674474,4.670659757071781,0.37888543819998316,0,1018.458984375
49035,10,64,37,19,2,44.75734133527762,4.913097144254662,0.3414213562373095,0,1018.458984375
49035,10,64,37,20,2,36.83440244817106,4.762686089261818,0.482842712474619,0,1018.458984375
49035,10,64,37,21,2,30.17162249573446,4.538530479342093,0.3414213562373095,0,1018.458984375
49035,10,64,37,22,2,37.85447366478984,4.95034548277124,0.4242640687119285,0,1018.458984375
49035,10,64,37,23,2,29.774398008180572,4.774625573984933,0.4242640687119285,0,1018.458984375
49035,10,64,37,24,2,44.803709098768444,5.163417759417996,0.37888543819998316,0,1018.458984375
49035,10,64,37,25,2,40.11420134020751,5.122501071661892,0.482842712474619,0,1018.458984375
49035,10,64,37,26,2,31.02745154655769,5.004089947743148,0.4242640687119285,0,1018.458984375
49035,10,64,37,27,2,22.72127526758268,4.793981917072477,0.482842712474619,0,1018.458984375
49035,10,64,37,28,2,19.18419010385646,4.624510647765334,0.37888543819998316,0,1018.458984375
49035,10,64,37,29,2,33.74745504772801,5.206139680046523,0.4242640687119285,0,1018.458984375
49035,10,64,37,30,2,24.340179179901327,5.0877319836544475,0.4242640687119285,0,1018.458984375
49035,10,64,37,31,2,37.61753174947634,5.372426731701758,0.3414213562373095,0,1018.458984375
49035,10,64,37,32,2,27.72421856850324,5.327311730866534,0.482842712474619,0,1018.458984375
49035,10,64,37,33,2,17.94953747441474,5.2326532728044,0.3414213562373095,0,1018.458984375
49035,10,64,37,34,2,27.32392848977279,-0.7745443991719814,0.4308640753373011,0,1018.458984375
49035,10,64,37,35,,,,,0,1018.458984375
49035,10,64,37,36,2,9.03709254223133,-0.15918027201709517,0.682842712474619,0,1018.458984375
49035,10,64,37,37,2,5.783238000678579,0.37218111837488244,0.765685424949238,1,1018.458984375
49035,10,64,37,38,2,5.934866631031603,1.253485901752888,0.682842712474619,0,1018.458984375
49035,10,64,37,39,2,9.16732393529931,0.23147131225888762,0.848528137423857,0,1018.458984375
49035,10,64,37,40,2,7.79850166957418,0.8081870887028368,0.848528137423857,0,1018.458984375
49035,10,64,37,41,2,14.93787315476948,-0.024891041339889064,0.613407053921902,0,1018.458984375
49035,10,64,37,42,2,12.634627596289908,0.16723247725081514,0.8513997106635237,0,1018.458984375
49035,10,64,37,43,2,10.555122673496985,0.5635680368607585,0.848528137423857,0,1018.458984375
49035,10,64,37,44,2,10.63895741171144,1.0398235204947197,0.8513997106635237,0,1018.458984375
49035,10,64,37,45,2,12.007546581927448,1.3258060149454742,0.613407053921902,0,1018.458984375
49035,10,64,37,46,2,13.674962559904468,0.4250118731204733,0.848528137423857,0,1018.458984375
49035,10,64,37,47,2,12.797710778511469,0.7992854315608644,0.848528137423857,0,1018.458984375
49035,10,64,37,48,2,16.958731891772093,0.33894389387381496,0.682842712474619,0,1018.458984375
49035,10,64,37,49,2,15.471760970640915,0.6347312670070682,0.8513997106635237,0,1018.458984375
49035,10,64,37,50,2,15.52907555807129,0.9586974401411616,0.682842712474619,0,1018.458984375
49035,10,64,37,51,2,18.939396203382557,0.6624734055380728,0.613407053921902,0,1018.458984375
49035,10,64,37,52,2,32.75339739383771,-0.6229741691937529,0.4308640753373011,0,1018.458984375
49035,10,64,37,53,2,43.5568159236583,-0.546744284324133,0.3414213562373095,0,1018.458984375
49035,10,64,37,54,2,33.922703514294554,-0.4770023151426579,0.482842712474619,0,1018.458984375
49035,10,64,37,55,2,24.58258355075828,-0.3532137834510336,0.3414213562373095,0,1018.458984375
49035,10,64,37,56,2,40.3353168630565,-0.39642799824070485,0.4242640687119285,0,1018.458984375
49035,10,64,37,57,2,31.312799088463,-0.2750188207551263,0.4242640687119285,0,1018.458984375
49035,10,64,37,58,2,46.93746647580808,-0.33822536322699426,0.382842712474619,0,1018.458984375
49035,10,64,37,59,2,38.16646904651892,-0.22468440307448745,0.4242640687119285,0,1018.458984375
49035,10,64,37,60,2,30.170067281830285,-0.047495178319551634,0.482842712474619,0,1018.458984375
49035,10,64,37,61,2,26.683511012342546,0.07889938307338618,0.37888543819998316,0,1018.458984375
49035,10,64,37,62,2,45.087330062927045,-0.18973518719627291,0.4242640687119285,0,1018.458984375
49035,10,64,37,63,2,37.2346737935839,-0.038478267439015834,0.4242640687119285,0,1018.458984375
49035,10,64,37,64,2,52.04858600315442,-0.16410984930671457,0.3414213562373095,0,1018.458984375
49035,10,64,37,65,2,44.30134202525971,-0.03233762205894308,0.382842712474619,0,1018.458984375
49035,10,64,37,66,2,37.63193465064374,0.1504044685068191,0.3414213562373095,0,1018.458984375
49035,10,65,40,1,,,,,0,1018.7410278320312
49035,10,65,40,2,,,,,0,1018.7410278320312
49035,10,65,40,3,,,,,0,1018.7410278320312
49035,10,65,40,4,,,,,0,1018.7410278320312
49035,10,65,40,5,,,,,0,1018.7410278320312
49035,10,65,40,6,,,,,0,1018.7410278320312
49035,10,65,40,7,,,,,0,1018.7410278320312
49035,10,65,40,8,,,,,0,1018.7410278320312
49035,10,65,40,9,2,18.39310163662227,3.3886398643084394,0.765685424949238,0,1018.7410278320312
49035,10,65,40,10,2,20.341521419556717,3.150014221811844,0.682842712474619,0,1018.7410278320312
49035,10,65,40,11,,,,,0,1018.7410278320312
49035,10,65,40,12,2,15.399193304608557,3.5004387185623234,0.765685424949238,0,1018.7410278320312
49035,10,65,40,13,2,16.95896400962833,3.205409105348959,0.848528137423857,0,1018.7410278320312
49035,10,65,40,14,2,12.687163632990837,3.662894318209454,0.5507551751186637,0,1018.7410278320312
49035,10,65,40,15,,,,,0,1018.7410278320312
49035,10,65,40,16,2,16.18353276465374,2.9968154001160148,0.6242640687119285,0,1018.7410278320312
49035,10,65,40,17,,,,,0,1018.7410278320312
49035,10,65,40,18,2,41.12287241286897,4.3186226542211585,0.37888543819998316,0,1018.7410278320312
49035,10,65,40,19,2,44.59010274571141,4.567484239975803,0.3414213562373095,0,1018.7410278320312
49035,10,65,40,20,2,37.27223999932706,4.4001122808775515,0.482842712474619,0,1018.7410278320312
49035,10,65,40,21,2,31.466847415363556,4.161794099208811,0.3414213562373095,0,1018.7410278320312
49035,10,65,40,22,2,37.574962512324674,4.589168771875728,0.4242640687119285,0,1018.7410278320312
49035,10,65,40,23,2,30.212918089733414,4.387971857143141,0.4242640687119285,0,1018.7410278320312
49035,10,65,40,24,2,43.69284192165354,4.820640030957358,0.37888543819998316,0,1018.7410278320312
49035,10,65,40,25,2,39.173150767302,4.768948347499059,0.482842712474619,0,1018.7410278320312
49035,10,65,40,26,2,30.58559060623334,4.620784993860582,0.4242640687119285,0,1018.7410278320312
49035,10,65,40,27,2,23.160763468125246,4.368433707535784,0.482842712474619,0,1018.7410278320312
49035,10,65,40,28,2,20.295129225348944,4.179165629659016,0.37888543819998316,0,1018.7410278320312
49035,10,65,40,29,2,32.529006839546724,4.836748397840421,0.4242640687119285,0,1018.7410278320312
49035,10,65,40,30,2,23.644849283969087,4.67104036073905,0.4242640687119285,0,1018.7410278320312
49035,10,65,40,31,2,35.78818546954352,5.020924902719702,0.3414213562373095,0,1018.7410278320312
49035,10,65,40,32,2,26.11009059533846,4.938567206871403,0.482842712474619,0,1018.7410278320312
49035,10,65,40,33,2,16.813073561699472,4.762551867593858,0.3414213562373095,0,1018.7410278320312
49035,10,65,40,34,2,25.097132704337326,5.130132802355527,0.4308640753373011,0,1018.7410278320312
49035,10,65,40,35,,,,,0,1018.7410278320312
49035,10,65,40,36,2,5.4663088505980495,-0.6088899396217649,0.6466890965784271,0,1018.7410278320312
49035,10,65,40,37,,,,,0,1018.7410278320312
49035,10,65,40,38,2,5.551859521319186,1.6661069172670382,0.6466890965784271,0,1018.7410278320312
49035,10,65,40,39,2,5.401926037523909,0.05368486929853544,0.848528137423857,0,1018.7410278320312
49035,10,65,40,40,2,5.445375171835888,1.0117716136886679,0.848528137423857,1,1018.7410278320312
49035,10,65,40,41,2,11.177202576648838,-0.33256104450322566,0.613407053921902,0,1018.7410278320312
49035,10,65,40,42,2,8.832314053092938,-0.07029525538271608,0.8513997106635237,0,1018.7410278320312
49035,10,65,40,43,2,7.313075781067154,0.5314612428676373,0.848528137423857,0,1018.7410278320312
49035,10,65,40,44,2,8.885515360787968,1.1291118461613339,0.8513997106635237,0,1018.7410278320312
49035,10,65,40,45,2,11.248657578565387,1.3880767112022347,0.613407053921902,0,1018.7410278320312
49035,10,65,40,46,2,10.114842756919911,0.28007251280045087,0.848528137423857,0,1018.7410278320312
49035,10,65,40,47,2,10.138113722206077,0.7789807795406636,0.848528137423857,0,1018.7410278320312
49035,10,65,40,48,2,13.271737286986939,0.14257226689218183,0.682842712474619,0,1018.7410278320312
49035,10,65,40,49,2,12.313014109549595,0.5288442118083181,0.8513997106635237,0,1018.7410278320312
49035,10,65,40,50,2,13.307201896309207,0.9140325022309921,0.682842712474619,0,1018.7410278320312
49035,10,65,40,51,2,15.812994144677436,0.5279969991483684,0.613407053921902,0,1018.7410278320312
49035,10,65,40,52,2,30.042037268039707,-0.9687139851601709,0.4308640753373011,0,1018.7410278320312
49035,10,65,40,53,2,40.61662997593827,-0.8647450584754157,0.3414213562373095,0,1018.7410278320312
49035,10,65,40,54,2,30.832665183156372,-0.8063167608013053,0.482842712474619,0,1018.7410278320312
49035,10,65,40,55,2,21.250784785295792,-0.6944732420517248,0.3414213562373095,0,1018.7410278320312
49035,10,65,40,56,2,37.05821333431756,-0.7070822216757859,0.4242640687119285,0,1018.7410278320312
49035,10,65,40,57,2,27.825416209396177,-0.5873881767974098,0.4242640687119285,0,1018.7410278320312
49035,10,65,40,58,2,43.54272739237817,-0.6368717089080906,0.382842712474619,0,1018.7410278320312
49035,10,65,40,59,2,34.596411959353475,-0.5216897538262657,0.4242640687119285,0,1018.7410278320312
49035,10,65,40,60,2,26.416932678788275,-0.33110450257359636,0.482842712474619,0,1018.7410278320312
49035,10,65,40,61,2,22.87631172201498,-0.18736752638172716,0.37888543819998316,0,1018.7410278320312
49035,10,65,40,62,2,41.46769409668766,-0.4776226174685103,0.4242640687119285,0,1018.7410278320312
49035,10,65,40,63,2,33.47405361456542,-0.3161768884791907,0.4242640687119285,0,1018.7410278320312
49035,10,65,40,64,2,48.396565858866815,-0.44612609674672843,0.3414213562373095,0,1018.7410278320312
49035,10,65,40,65,2,40.536035803047746,-0.3064489182179284,0.382842712474619,0,1018.7410278320312
49035,10,65,40,66,2,33.824736662985345,-0.10590594621664717,0.3414213562373095,0,1018.7410278320312
49035,10,66,43,1,,,,,0,1019.0239868164064
49035,10,66,43,2,,,,,0,1019.0239868164064
49035,10,66,43,3,,,,,0,1019.0239868164064
49035,10,66,43,4,,,,,0,1019.0239868164064
49035,10,66,43,5,,,,,0,1019.0239868164064
49035,10,66,43,6,,,,,0,1019.0239868164064
49035,10,66,43,7,,,,,0,1019.0239868164064
49035,10,66,43,8,,,,,0,1019.0239868164064
49035,10,66,43,9,2,20.537347593334587,2.5787650713213868,0.765685424949238,0,1019.0239868164064
49035,10,66,43,10,2,22.2128576519256,2.3577537079011748,0.7685569981889047,0,1019.0239868164064
49035,10,66,43,11,2,23.943703228435535,2.225749946879982,0.6034068236642477,0,1019.0239868164064
49035,10,66,43,12,2,17.634153667206053,2.6848440944295877,0.765685424949238,0,1019.0239868164064
49035,10,66,43,13,2,18.91009715612007,2.4193224218360294,0.848528137423857,0,1019.0239868164064
49035,10,66,43,14,2,15.00480272938726,2.830276362039765,0.5507551751186637,0,1019.0239868164064
49035,10,66,43,15,,,,,0,1019.0239868164064
49035,10,66,43,16,2,17.84379171416083,2.235555569535822,0.6466890965784271,0,1019.0239868164064
49035,10,66,43,17,,,,,0,1019.0239868164064
49035,10,66,43,18,2,43.209289276461476,3.434389734887683,0.37888543819998316,0,1019.0239868164064
49035,10,66,43,19,2,46.35488905886893,3.6746912849004176,0.3414213562373095,0,1019.0239868164064
49035,10,66,43,20,2,39.268722126529326,3.509122039188091,0.482842712474619,0,1019.0239868164064
49035,10,66,43,21,2,33.69405489461162,3.2803886911235627,0.3414213562373095,0,1019.0239868164064
49035,10,66,43,22,2,39.31149954185105,3.6893332059076864,0.4242640687119285,0,1019.0239868164064
49035,10,66,43,23,2,32.228105653598114,3.490694896736983,0.4242640687119285,0,1019.0239868164064
49035,10,66,43,24,2,45.02362775379248,3.9182818657326095,0.37888543819998316,0,1019.0239868164064
49035,10,66,43,25,2,40.604869843497056,3.863552521536491,0.482842712474619,0,1019.0239868164064
49035,10,66,43,26,2,32.28021457174447,3.7103600298073767,0.4242640687119285,0,1019.0239868164064
49035,10,66,43,27,2,25.20454424480616,3.4619830579893893,0.482842712474619,0,1019.0239868164064
49035,10,66,43,28,2,22.514383169068946,3.2848265202358515,0.37888543819998316,0,1019.0239868164064
49035,10,66,43,29,2,33.843370275081135,3.919381558679898,0.4242640687119285,0,1019.0239868164064
49035,10,66,43,30,2,25.271139850959884,3.743072543224711,0.4242640687119285,0,1019.0239868164064
49035,10,66,43,31,2,36.72512995694674,4.102796555795573,0.3414213562373095,0,1019.0239868164064
49035,10,66,43,32,2,27.239529514019768,4.002656646037071,0.482842712474619,0,1019.0239868164064
49035,10,66,43,33,2,18.309799724073482,3.8007664875527074,0.3414213562373095,0,1019.0239868164064
49035,10,66,43,34,2,25.82599128433987,4.183726894795605,0.4308640753373011,0,1019.0239868164064
49035,10,66,43,35,,,,,0,1019.0239868164064
49035,10,66,43,36,2,5.337160206842095,4.378410619086535,0.6466890965784271,0,1019.0239868164064
49035,10,66,43,37,,,,,0,1019.0239868164064
49035,10,66,43,38,2,4.66283999983123,1.2372255116894142,0.5052677403411177,0,1019.0239868164064
49035,10,66,43,39,2,3.78079454056328,-1.1824761217641893,0.848528137423857,0,1019.0239868164064
49035,10,66,43,40,,,,,0,1019.0239868164064
49035,10,66,43,41,2,10.15309103280667,-1.3897844362417486,0.613407053921902,0,1019.0239868164064
49035,10,66,43,42,2,7.312669604675421,-1.1518924699733342,0.8513997106635237,0,1019.0239868164064
49035,10,66,43,43,2,5.010342866751481,-0.40113204204350117,0.848528137423857,1,1019.0239868164064
49035,10,66,43,44,2,6.836075960495986,0.4168327268127141,0.7685569981889047,0,1019.0239868164064
49035,10,66,43,45,2,9.571928424531585,0.6875151275632994,0.613407053921902,0,1019.0239868164064
49035,10,66,43,46,2,8.017746879990545,-0.6954832791021588,0.848528137423857,0,1019.0239868164064
49035,10,66,43,47,2,7.8046565540619275,-0.05299111735241646,0.848528137423857,0,1019.0239868164064
49035,10,66,43,48,2,11.334239913677,-0.8240856740368998,0.682842712474619,0,1019.0239868164064
49035,10,66,43,49,2,10.00466857602252,-0.36749498906205447,0.8513997106635237,0,1019.0239868164064
49035,10,66,43,50,2,11.032759954395642,0.10256339138548864,0.682842712474619,0,1019.0239868164064
49035,10,66,43,51,2,13.50319568426689,-0.3587598366485867,0.613407053921902,0,1019.0239868164064
49035,10,66,43,52,2,30.337160127427556,4.378567219328297,0.4308640753373011,0,1019.0239868164064
49035,10,66,43,53,2,40.6457420215242,-1.7812833011270799,0.3414213562373095,0,1019.0239868164064
49035,10,66,43,54,2,30.74627037984974,-1.741271298425238,0.482842712474619,0,1019.0239868164064
49035,10,66,43,55,2,20.942539007039063,-1.6635576388543014,0.3414213562373095,0,1019.0239868164064
49035,10,66,43,56,2,36.724577615667776,-1.6288337073111365,0.4242640687119285,0,1019.0239868164064
49035,10,66,43,57,2,27.238784826782087,-1.528709919396591,0.4242640687119285,0,1019.0239868164064
49035,10,66,43,58,2,43.03552090805441,-1.548586918808598,0.382842712474619,0,1019.0239868164064
49035,10,66,43,59,2,33.842471210272386,-1.4454192919179891,0.4242640687119285,0,1019.0239868164064
49035,10,66,43,60,2,25.26993580143493,-1.269121147165726,0.482842712474619,0,1019.0239868164064
49035,10,66,43,61,2,21.45222725741797,-1.130333601803044,0.37888543819998316,0,1019.0239868164064
49035,10,66,43,62,2,40.603870707070485,-1.3895800024220883,0.4242640687119285,0,1019.0239868164064
49035,10,66,43,63,2,32.27895776178382,-1.2363933595685257,0.4242640687119285,0,1019.0239868164064
49035,10,66,43,64,2,47.45561900528617,-1.3497689808817102,0.3414213562373095,0,1019.0239868164064
49035,10,66,43,65,2,39.31020952583954,-1.2153570318769717,0.382842712474619,0,1019.0239868164064
49035,10,66,43,66,2,32.22653209322922,-1.0167186212406887,0.3414213562373095,0,1019.0239868164064
49035,10,67,46,1,,,,,0,1019.1920166015624
49035,10,67,46,2,,,,,0,1019.1920166015624
49035,10,67,46,3,,,,,0,1019.1920166015624
49035,10,67,46,4,2,28.722628720022826,2.674325754212381,0.5052677403411177,0,1019.1920166015624
49035,10,67,46,5,,,,,0,1019.1920166015624
49035,10,67,46,6,,,,,0,1019.1920166015624
49035,10,67,46,7,,,,,0,1019.1920166015624
49035,10,67,46,8,,,,,0,1019.1920166015624
49035,10,67,46,9,2,22.63319730498053,2.815412664736133,0.765685424949238,0,1019.1920166015624
49035,10,67,46,10,2,24.025216300523695,2.609105165675723,0.7685569981889047,0,1019.1920166015624
49035,10,67,46,11,2,25.54262314085007,2.481700942534225,0.613407053921902,0,1019.1920166015624
49035,10,67,46,12,2,19.834256479009415,2.91740709740543,0.765685424949238,0,1019.1920166015624
49035,10,67,46,13,2,20.816991331984035,2.6755509161147772,0.848528137423857,0,1019.1920166015624
49035,10,67,46,14,2,17.307045961228503,3.0509552546953405,0.5507551751186637,0,1019.1920166015624
49035,10,67,46,15,,,,,0,1019.1920166015624
49035,10,67,46,16,2,19.479030673665946,2.512854356007525,0.6466890965784271,0,1019.1920166015624
49035,10,67,46,17,,,,,0,1019.1920166015624
49035,10,67,46,18,2,45.45217683351965,3.601964386850649,0.37888543819998316,0,1019.1920166015624
49035,10,67,46,19,2,48.355177597881564,3.8327792983261673,0.3414213562373095,0,1019.1920166015624
49035,10,67,46,20,2,41.45023518153076,3.671034720132284,0.482842712474619,0,1019.1920166015624
49035,10,67,46,21,2,36.028055632878015,3.4531746923959146,0.3414213562373095,0,1019.1920166015624
49035,10,67,46,22,2,41.296418927821186,3.842111974353816,0.4242640687119285,0,1019.1920166015624
49035,10,67,46,23,2,34.42808464529578,3.649054854513902,0.4242640687119285,0,1019.1920166015624
49035,10,67,46,24,2,46.66601587750163,4.065965842265475,0.37888543819998316,0,1019.1920166015624
49035,10,67,46,25,2,42.33989177973895,4.009560154546879,0.482842712474619,0,1019.1920166015624
49035,10,67,46,26,2,34.24273984367415,3.85529111018733,0.4242640687119285,0,1019.1920166015624
49035,10,67,46,27,2,27.43107777837196,3.6158383402350096,0.482842712474619,0,1019.1920166015624
49035,10,67,46,28,2,24.847805257685508,3.451679425851343,0.37888543819998316,0,1019.1920166015624
49035,10,67,46,29,2,35.494188984387954,4.055247587491354,0.4242640687119285,0,1019.1920166015624
49035,10,67,46,30,2,27.19809272248681,3.87530250181126,0.4242640687119285,0,1019.1920166015624
49035,10,67,46,31,2,38.04089472288138,4.235009161871016,0.3414213562373095,0,1019.1920166015624
49035,10,67,46,32,2,28.757754908874368,4.122540332569658,0.482842712474619,0,1019.1920166015624
49035,10,67,46,33,2,20.17194248158642,3.909276967996649,0.3414213562373095,0,1019.1920166015624
49035,10,67,46,34,2,27.004260498994547,4.2907654876972785,0.4308640753373011,0,1019.1920166015624
49035,10,67,46,35,,,,,0,1019.1920166015624
49035,10,67,46,36,2,6.422561401754964,4.2010940752765435,0.6466890965784271,0,1019.1920166015624
49035,10,67,46,37,,,,,0,1019.1920166015624
49035,10,67,46,38,2,4.598705365736715,1.9402589539456963,0.49033749051054326,0,1019.1920166015624
49035,10,67,46,39,2,3.51209379559162,-1.6562402501877993,0.765685424949238,0,1019.1920166015624
49035,10,67,46,40,,,,,0,1019.1920166015624
49035,10,67,46,41,2,9.887180287091061,-1.4406137276319697,0.613407053921902,0,1019.1920166015624
49035,10,67,46,42,2,6.593247504680992,-1.2939345207004425,0.8513997106635237,0,1019.1920166015624
49035,10,67,46,43,,,,,0,1019.1920166015624
49035,10,67,46,44,2,4.834222661351574,0.8239188859640652,0.7685569981889047,0,1019.1920166015624
49035,10,67,46,45,2,7.973975631268579,1.0736684196179453,0.613407053921902,0,1019.1920166015624
49035,10,67,46,46,2,6.2893895194766385,-0.7398696717963271,0.848528137423857,1,1019.1920166015624
49035,10,67,46,47,2,5.431925861835199,0.13006946002973785,0.848528137423857,0,1019.1920166015624
49035,10,67,46,48,2,9.782255893026493,-0.8096995834776464,0.682842712474619,0,1019.1920166015624
49035,10,67,46,49,2,7.787292751490921,-0.2781675646320394,0.8513997106635237,0,1019.1920166015624
49035,10,67,46,50,2,8.69432725621681,0.3286763516974447,0.682842712474619,0,1019.1920166015624
49035,10,67,46,51,2,11.267078626977431,-0.23806439422982106,0.613407053921902,0,1019.1920166015624
49035,10,67,46,52,2,31.088620180951345,4.490311666312717,0.4308640753373011,0,1019.1920166015624
49035,10,67,46,53,2,41.095317572353444,-1.6532499991014182,0.3414213562373095,0,1019.1920166015624
49035,10,67,46,54,2,31.124330072374647,-1.631965944335752,0.482842712474619,0,1019.1920166015624
49035,10,67,46,55,2,21.18071572293221,-1.5906615001654032,0.3414213562373095,0,1019.1920166015624
49035,10,67,46,56,2,36.823852896078414,-1.5082650516918106,0.4242640687119285,0,1019.1920166015624
49035,10,67,46,57,2,27.127383548613118,-1.430883887080431,0.4242640687119285,0,1019.1920166015624
49035,10,67,46,58,2,42.93330131459635,-1.4186973891849641,0.382842712474619,0,1019.1920166015624
49035,10,67,46,59,2,33.513686127483254,-1.330163011855051,0.4242640687119285,0,1019.1920166015624
49035,10,67,46,60,2,24.5574012047897,-1.1749595990005912,0.482842712474619,0,1019.1920166015624
49035,10,67,46,61,2,20.44542374160482,-1.0479252656992801,0.37888543819998316,0,1019.1920166015624
49035,10,67,46,62,2,40.130280057699096,-1.2621400345860248,0.4242640687119285,0,1019.1920166015624
49035,10,67,46,63,2,31.469638917389958,-1.1213446048890594,0.4242640687119285,0,1019.1920166015624
49035,10,67,46,64,2,46.879756795095034,-1.2135297055457839,0.3414213562373095,0,1019.1920166015624
49035,10,67,46,65,2,38.43969814200942,-1.0871021031310582,0.382842712474619,0,1019.1920166015624
49035,10,67,46,66,2,30.94364537882286,-0.8948922504824601,0.3414213562373095,0,1019.1920166015624
49035,10,68,48,1,,,,,0,1019.5590209960938
49035,10,68,48,2,,,,,0,1019.5590209960938
49035,10,68,48,3,2,31.57251503259252,3.4047089060891937,0.5414213562373096,0,1019.5590209960938
49035,10,68,48,4,2,32.69272257876834,3.2528905269248263,0.5638463841038082,0,1019.5590209960938
49035,10,68,48,5,,,,,0,1019.5590209960938
49035,10,68,48,6,,,,,0,1019.5590209960938
49035,10,68,48,7,,,,,0,1019.5590209960938
49035,10,68,48,8,,,,,0,1019.5590209960938
49035,10,68,48,9,2,26.63859991259351,3.376769632275142,0.765685424949238,0,1019.5590209960938
49035,10,68,48,10,2,27.957206753040534,3.199807230197959,0.7685569981889047,0,1019.5590209960938
49035,10,68,48,11,2,29.355556413097933,3.087749886605078,0.613407053921902,0,1019.5590209960938
49035,10,68,48,12,2,23.822582839580726,3.4616565283574325,0.765685424949238,0,1019.5590209960938
49035,10,68,48,13,2,24.789228654351355,3.259441897337659,0.848528137423857,0,1019.5590209960938
49035,10,68,48,14,2,21.223004052069182,3.5682784897348627,0.5507551751186637,0,1019.5590209960938
49035,10,68,48,15,,,,,0,1019.5590209960938
49035,10,68,48,16,2,23.332310413934614,3.1253943482306816,0.6466890965784271,0,1019.5590209960938
49035,10,68,48,17,,,,,0,1019.5590209960938
49035,10,68,48,18,2,48.36629695427611,4.104594776163868,0.37888543819998316,0,1019.5590209960938
49035,10,68,48,19,2,50.57775373255625,4.326634114328459,0.3414213562373095,0,1019.5590209960938
49035,10,68,48,20,2,44.18246236788036,4.163828390754894,0.482842712474619,0,1019.5590209960938
49035,10,68,48,21,2,39.32010667771924,3.9537931746690447,0.3414213562373095,0,1019.5590209960938
49035,10,68,48,22,2,43.50736577385584,4.324543886923529,0.4242640687119285,0,1019.5590209960938
49035,10,68,48,23,2,37.24072615884576,4.130638887009782,0.4242640687119285,0,1019.5590209960938
49035,10,68,48,24,2,48.08015565846238,4.548078044999441,0.37888543819998316,0,1019.5590209960938
49035,10,68,48,25,2,43.973762316533715,4.486028824783174,0.482842712474619,0,1019.5590209960938
49035,10,68,48,26,2,36.43724167015194,4.32164248513157,0.4242640687119285,0,1019.5590209960938
49035,10,68,48,27,2,30.358744848677684,4.082326768077465,0.482842712474619,0,1019.5590209960938
49035,10,68,48,28,2,28.17168423996233,3.928427623103318,0.37888543819998316,0,1019.5590209960938
49035,10,68,48,29,2,36.99288412951841,4.51394170917127,0.4242640687119285,0,1019.5590209960938
49035,10,68,48,30,2,29.367571988130578,4.317344119550832,0.4242640687119285,0,1019.5590209960938
49035,10,68,48,31,2,38.8493805859359,4.694165687076613,0.3414213562373095,0,1019.5590209960938
49035,10,68,48,32,2,30.054204034859243,4.554788457349519,0.482842712474619,0,1019.5590209960938
49035,10,68,48,33,2,22.29878894529939,4.310320357349163,0.3414213562373095,0,1019.5590209960938
49035,10,68,48,34,2,27.67754468858999,4.707461614801459,0.4308640753373011,0,1019.5590209960938
49035,10,68,48,35,,,,,0,1019.5590209960938
49035,10,68,48,36,2,8.173089766113886,4.259823705670427,0.6466890965784271,0,1019.5590209960938
49035,10,68,48,37,,,,,0,1019.5590209960938
49035,10,68,48,38,2,7.796166018179204,2.9071699955531667,0.49033749051054326,0,1019.5590209960938
49035,10,68,48,39,2,4.65727906609029,4.1993687932168235,0.7195315787953919,0,1019.5590209960938
49035,10,68,48,40,,,,,0,1019.5590209960938
49035,10,68,48,41,2,8.885235689309653,4.987053093851491,0.613407053921902,0,1019.5590209960938
49035,10,68,48,42,2,5.43973309500584,4.898529651221946,0.7685569981889047,0,1019.5590209960938
49035,10,68,48,43,,,,,0,1019.5590209960938
49035,10,68,48,44,2,4.855049371835312,2.2374934069653523,0.7685569981889047,0,1019.5590209960938
49035,10,68,48,45,2,8.289438297814772,2.1311187737011474,0.613407053921902,0,1019.5590209960938
49035,10,68,48,46,,,,,0,1019.5590209960938
49035,10,68,48,47,2,2.544003193476265,1.4564635483152464,0.848528137423857,0,1019.5590209960938
49035,10,68,48,48,2,6.510145617791363,-0.5389509760964903,0.5638463841038082,1,1019.5590209960938
49035,10,68,48,49,2,3.7910948410553393,0.33303499140742554,0.7685569981889047,0,1019.5590209960938
49035,10,68,48,50,2,6.030157893696045,1.30598329816377,0.682842712474619,0,1019.5590209960938
49035,10,68,48,51,2,7.285348994237599,0.3711825329966205,0.613407053921902,0,1019.5590209960938
49035,10,68,48,52,2,30.93294967635343,4.922404412108847,0.4308640753373011,0,1019.5590209960938
49035,10,68,48,53,2,40.319447754671735,5.094608963702727,0.3414213562373095,0,1019.5590209960938
49035,10,68,48,54,2,30.32554493326971,5.084623839839685,0.482842712474619,0,1019.5590209960938
49035,10,68,48,55,2,20.337637123270166,5.064827327364512,0.3414213562373095,0,1019.5590209960938
49035,10,68,48,56,2,35.50266991636936,-1.0516433725400678,0.4242640687119285,0,1019.5590209960938
49035,10,68,48,57,2,25.581641453369148,-1.0100209060842331,0.4242640687119285,0,1019.5590209960938
49035,10,68,48,58,2,41.24609638355606,-0.9438034297183615,0.382842712474619,0,1019.5590209960938
49035,10,68,48,59,2,31.547127842953515,-0.8762824323307361,0.4242640687119285,0,1019.5590209960938
49035,10,68,48,60,2,22.117913179088788,-0.7501287112996546,0.482842712474619,0,1019.5590209960938
49035,10,68,48,61,2,17.640648727491225,-0.6373873700507298,0.37888543819998316,0,1019.5590209960938
49035,10,68,48,62,2,37.89488317478457,-0.7861466938121466,0.4242640687119285,0,1019.5590209960938
49035,10,68,48,63,2,28.80977228456739,-0.6595969674050608,0.4242640687119285,0,1019.5590209960938
49035,10,68,48,64,2,44.461478456316414,-0.7222349861545785,0.3414213562373095,0,1019.5590209960938
49035,10,68,48,65,2,35.64833621334305,-0.6034740324170629,0.382842712474619,0,1019.5590209960938
49035,10,68,48,66,2,27.654740697348835,-0.41181525888557124,0.3414213562373095,0,1019.5590209960938
49035,10,69,42,1,,,,,0,1019.8419799804688
49035,10,69,42,2,,,,,0,1019.8419799804688
49035,10,69,42,3,2,35.016538991604335,3.712321426847536,0.5414213562373096,0,1019.8419799804688
49035,10,69,42,4,2,36.41088109635129,3.5777460017347487,0.5638463841038082,0,1019.8419799804688
49035,10,69,42,5,,,,,0,1019.8419799804688
49035,10,69,42,6,,,,,0,1019.8419799804688
49035,10,69,42,7,,,,,0,1019.8419799804688
49035,10,69,42,8,,,,,0,1019.8419799804688
49035,10,69,42,9,2,30.15012616217919,3.676986561983557,0.765685424949238,0,1019.8419799804688
49035,10,69,42,10,2,31.758847064359987,3.5238467891289185,0.7685569981889047,0,1019.8419799804688
49035,10,69,42,11,2,33.2879910529438,3.426981511314194,0.613407053921902,0,1019.8419799804688
49035,10,69,42,12,2,27.169266281713742,3.7434249261649533,0.765685424949238,0,1019.8419799804688
49035,10,69,42,13,2,28.509003657594775,3.570122198262732,0.848528137423857,0,1019.8419799804688
49035,10,69,42,14,2,24.33737769312899,3.825763924294569,0.5507551751186637,0,1019.8419799804688
49035,10,69,42,15,,,,,0,1019.8419799804688
49035,10,69,42,16,2,27.230432818855128,3.4517484790178647,0.6466890965784271,0,1019.8419799804688
49035,10,69,42,17,,,,,0,1019.8419799804688
49035,10,69,42,18,2,49.62709177544546,4.3984651078992805,0.37888543819998316,0,1019.8419799804688
49035,10,69,42,19,2,50.95617552573085,4.619668829452776,0.3414213562373095,0,1019.8419799804688
49035,10,69,42,20,2,45.229640090688996,4.44869655271206,0.482842712474619,0,1019.8419799804688
49035,10,69,42,21,2,41.16927083708711,4.236521229054269,0.3414213562373095,0,1019.8419799804688
49035,10,69,42,22,2,43.92036188507504,4.604761720800624,0.4242640687119285,0,1019.8419799804688
49035,10,69,42,23,2,38.447193742068116,4.400740656016151,0.4242640687119285,0,1019.8419799804688
49035,10,69,42,24,2,47.56765470607687,4.836503679514653,0.37888543819998316,0,1019.8419799804688
49035,10,69,42,25,2,43.72957847382756,4.766226625202341,0.482842712474619,0,1019.8419799804688
49035,10,69,42,26,2,36.89802910756633,4.584174313024457,0.4242640687119285,0,1019.8419799804688
49035,10,69,42,27,2,31.790770210030807,4.332485590679342,0.482842712474619,0,1019.8419799804688
49035,10,69,42,28,2,30.170305431153114,4.179603935073019,0.37888543819998316,0,1019.8419799804688
49035,10,69,42,29,2,36.670729436507024,4.776602820974145,0.4242640687119285,0,1019.8419799804688
49035,10,69,42,30,2,29.898677494659736,4.55392948407837,0.4242640687119285,0,1019.8419799804688
49035,10,69,42,31,2,37.789155094923636,4.96443875809339,0.3414213562373095,0,1019.8419799804688
49035,10,69,42,32,2,29.617710264508347,4.791923258358906,0.482842712474619,0,1019.8419799804688
49035,10,69,42,33,2,22.94334935959728,4.505277269310563,0.3414213562373095,0,1019.8419799804688
49035,10,69,42,34,2,26.647342568390165,4.935213552312418,0.4308640753373011,0,1019.8419799804688
49035,10,69,42,35,,,,,0,1019.8419799804688
49035,10,69,42,36,2,9.55667346152696,4.196070432769572,0.6466890965784271,0,1019.8419799804688
49035,10,69,42,37,,,,,0,1019.8419799804688
49035,10,69,42,38,2,11.85405104487169,3.246375697922161,0.49033749051054326,0,1019.8419799804688
49035,10,69,42,39,2,6.712912155218767,3.933036442322867,0.7195315787953919,0,1019.8419799804688
49035,10,69,42,40,,,,,0,1019.8419799804688
49035,10,69,42,41,2,7.3645183692872696,4.888799305353052,0.6034068236642477,0,1019.8419799804688
49035,10,69,42,42,2,4.9195642383273235,4.469660289260393,0.7685569981889047,1,1019.8419799804688
49035,10,69,42,43,,,,,0,1019.8419799804688
49035,10,69,42,44,2,8.566833184975591,2.8703009144162817,0.7685569981889047,0,1019.8419799804688
49035,10,69,42,45,2,11.741235552643449,2.723180990176698,0.613407053921902,0,1019.8419799804688
49035,10,69,42,46,,,,,0,1019.8419799804688
49035,10,69,42,47,2,5.246861300867809,2.6887315146590316,0.848528137423857,0,1019.8419799804688
49035,10,69,42,48,,,,,0,1019.8419799804688
49035,10,69,42,49,2,2.5823392886856413,2.046421337039547,0.7685569981889047,0,1019.8419799804688
49035,10,69,42,50,2,7.500848982880166,2.2510527593165786,0.682842712474619,0,1019.8419799804688
49035,10,69,42,51,2,4.942565068183954,1.306230566699296,0.6034068236642477,0,1019.8419799804688
49035,10,69,42,52,2,29.04063896232018,5.174973095109349,0.4308640753373011,0,1019.8419799804688
49035,10,69,42,53,2,37.77621338170932,5.3860364554480915,0.3414213562373095,0,1019.8419799804688
49035,10,69,42,54,2,27.86091915182635,5.345998495751305,0.482842712474619,0,1019.8419799804688
49035,10,69,42,55,2,18.039382874942653,5.262079067290731,0.3414213562373095,0,1019.8419799804688
49035,10,69,42,56,2,32.55009464452131,-0.7612098173421624,0.4242640687119285,0,1019.8419799804688
49035,10,69,42,57,2,22.554316214229697,-0.7504867937698063,0.4242640687119285,0,1019.8419799804688
49035,10,69,42,58,2,37.98402962759461,-0.6324420111471243,0.382842712474619,0,1019.8419799804688
49035,10,69,42,59,2,28.142050836322415,-0.5782762459000432,0.4242640687119285,0,1019.8419799804688
49035,10,69,42,60,2,18.47061297841317,-0.4667098129079066,0.482842712474619,0,1019.8419799804688
49035,10,69,42,61,2,13.811509803798062,-0.35303807708177315,0.37888543819998316,0,1019.8419799804688
49035,10,69,42,62,2,34.28196130119812,-0.4652968293171327,0.4242640687119285,0,1019.8419799804688
49035,10,69,42,63,2,24.98882528613571,-0.3390408128494493,0.4242640687119285,0,1019.8419799804688
49035,10,69,42,64,2,40.725062505041485,-0.3873121492944165,0.3414213562373095,0,1019.8419799804688
49035,10,69,42,65,2,31.744593784827455,-0.2648902220660383,0.382842712474619,0,1019.8419799804688
49035,10,69,42,66,2,23.598893047935018,-0.052559804159927115,0.3414213562373095,0,1019.8419799804688
49035,10,70,39,1,,,,,0,1020.6090087890624
49035,10,70,39,2,,,,,0,1020.6090087890624
49035,10,70,39,3,2,31.246175199756138,-0.36022218353647784,0.682842712474619,0,1020.6090087890624
49035,10,70,39,4,2,32.899335610875,-0.5075321736342375,0.5638463841038082,0,1020.6090087890624
49035,10,70,39,5,2,28.238584519912234,-0.29764194962969426,0.848528137423857,0,1020.6090087890624
49035,10,70,39,6,,,,,0,1020.6090087890624
49035,10,70,39,7,2,25.17998954420763,-0.08213741411232012,0.6034068236642477,0,1020.6090087890624
49035,10,70,39,8,2,25.367535291442845,-0.22053336756496966,0.8513997106635237,0,1020.6090087890624
49035,10,70,39,9,2,26.449095746088005,-0.4092735397829972,0.848528137423857,0,1020.6090087890624
49035,10,70,39,10,2,28.383049251425803,-0.5777575496239724,0.7685569981889047,0,1020.6090087890624
49035,10,70,39,11,2,30.159201881433393,-0.6808818677501365,0.613407053921902,0,1020.6090087890624
49035,10,70,39,12,2,23.35912791309003,-0.34013531587039636,0.848528137423857,0,1020.6090087890624
49035,10,70,39,13,2,25.033810654457586,-0.5352676779093892,0.848528137423857,0,1020.6090087890624
49035,10,70,39,14,2,20.41428538877796,-0.25051006242806895,0.6466890965784271,0,1020.6090087890624
49035,10,70,39,15,,,,,0,1020.6090087890624
49035,10,70,39,16,2,24.058858783839643,-0.6738563161197325,0.6466890965784271,0,1020.6090087890624
49035,10,70,39,17,,,,,0,1020.6090087890624
49035,10,70,39,18,2,45.75591926878217,0.40112961995473295,0.37888543819998316,0,1020.6090087890624
49035,10,70,39,19,2,47.48420486074208,0.6386639344866558,0.3414213562373095,0,1020.6090087890624
49035,10,70,39,20,2,41.43471188874356,0.45890718646626993,0.482842712474619,0,1020.6090087890624
49035,10,70,39,21,2,37.13382537996121,0.22824237207852227,0.3414213562373095,0,1020.6090087890624
49035,10,70,39,22,2,40.42305940242437,0.6301167202993945,0.4242640687119285,0,1020.6090087890624
49035,10,70,39,23,2,34.58481414578072,0.41255055626640447,0.4242640687119285,0,1020.6090087890624
49035,10,70,39,24,2,44.66731796937823,0.8741407422548009,0.37888543819998316,0,1020.6090087890624
49035,10,70,39,25,2,40.635109371092774,0.8047295680820841,0.482842712474619,0,1020.6090087890624
49035,10,70,39,26,2,33.36611682001573,0.6179528014777738,0.4242640687119285,0,1020.6090087890624
49035,10,70,39,27,2,27.845706844919583,0.34354133316967683,0.482842712474619,0,1020.6090087890624
49035,10,70,39,28,2,26.104141600832875,0.16948115084358362,0.4538461538461539,0,1020.6090087890624
49035,10,70,39,29,2,33.622702654541015,0.8293204387918749,0.4242640687119285,0,1020.6090087890624
49035,10,70,39,30,2,26.316758384002082,0.5992681560811772,0.4242640687119285,0,1020.6090087890624
49035,10,70,39,31,2,35.32243643839453,1.0288188884801417,0.3414213562373095,0,1020.6090087890624
49035,10,70,39,32,2,26.64132417862683,0.8668330781765836,0.482842712474619,0,1020.6090087890624
49035,10,70,39,33,2,19.283303452389873,0.5669341513221484,0.3414213562373095,0,1020.6090087890624
49035,10,70,39,34,2,24.145213918343355,1.0378588555363564,0.4308640753373011,0,1020.6090087890624
49035,10,70,39,35,,,,,0,1020.6090087890624
49035,10,70,39,36,2,5.51306016899561,0.2531703095012132,0.5466890965784271,0,1020.6090087890624
49035,10,70,39,37,,,,,0,1020.6090087890624
49035,10,70,39,38,2,9.616624692335172,-1.100200409444997,0.49033749051054326,0,1020.6090087890624
49035,10,70,39,39,2,2.7442380590009976,-0.31987339240506474,0.5781102225580823,1,1020.6090087890624
49035,10,70,39,40,,,,,0,1020.6090087890624
49035,10,70,39,41,2,5.398616515612892,1.440172894681544,0.4190965632626408,0,1020.6090087890624
49035,10,70,39,42,,,,,0,1020.6090087890624
49035,10,70,39,43,,,,,0,1020.6090087890624
49035,10,70,39,44,2,8.106211917110578,-1.6468279457804689,0.7685569981889047,0,1020.6090087890624
49035,10,70,39,45,2,11.60562988214333,-1.653408507264914,0.613407053921902,0,1020.6090087890624
49035,10,70,39,46,,,,,0,1020.6090087890624
49035,10,70,39,47,2,6.066701139785682,-2.0616156332298265,0.848528137423857,0,1020.6090087890624
49035,10,70,39,48,,,,,0,1020.6090087890624
49035,10,70,39,49,2,5.73576967754531,-2.667565503218176,0.7685569981889047,0,1020.6090087890624
49035,10,70,39,50,2,9.43089989433567,-2.2054826049731067,0.682842712474619,0,1020.6090087890624
49035,10,70,39,51,2,8.883180433502448,-2.8824557135634103,0.6034068236642477,0,1020.6090087890624
49035,10,70,39,52,2,27.3894092180044,1.2827885267046941,0.4308640753373011,0,1020.6090087890624
49035,10,70,39,53,2,36.89614208066901,1.468148675052836,0.3414213562373095,0,1020.6090087890624
49035,10,70,39,54,2,26.896299717306455,1.4663662750338204,0.482842712474619,0,1020.6090087890624
49035,10,70,39,55,2,16.89664394279065,1.4624741520900018,0.3414213562373095,0,1020.6090087890624
49035,10,70,39,56,2,32.25832172683387,-4.660164341356584,0.4242640687119285,0,1020.6090087890624
49035,10,70,39,57,2,22.420636892786668,-4.593428247767223,0.4242640687119285,0,1020.6090087890624
49035,10,70,39,58,2,38.180986142066374,-4.5500385060381126,0.382842712474619,0,1020.6090087890624
49035,10,70,39,59,2,28.63343047605245,-4.460064917452766,0.4242640687119285,0,1020.6090087890624
49035,10,70,39,60,2,19.543770845801326,-4.283614100948348,0.482842712474619,0,1020.6090087890624
49035,10,70,39,61,2,15.427306890586129,-4.119984936002831,0.37888543819998316,0,1020.6090087890624
49035,10,70,39,62,2,35.1718882486521,-4.375201217341727,0.4242640687119285,0,1020.6090087890624
49035,10,70,39,63,2,26.441394838811675,-4.21512904811871,0.4242640687119285,0,1020.6090087890624
49035,10,70,39,64,2,41.88376899378105,-4.317222110041916,0.3414213562373095,0,1020.6090087890624
49035,10,70,39,65,2,33.411610903556856,-4.1750900460574965,0.382842712474619,0,1020.6090087890624
49035,10,70,39,66,2,26.046523399811804,-3.9452879269383803,0.3414213562373095,0,1020.6090087890624
49035,10,71,41,1,,,,,0,1020.625
49035,10,71,41,2,,,,,0,1020.625
49035,10,71,41,3,2,31.246175199756138,-0.36022218353647784,0.682842712474619,0,1020.625
49035,10,71,41,4,2,32.899335610875,-0.5075321736342375,0.5638463841038082,0,1020.625
49035,10,71,41,5,2,28.238584519912234,-0.29764194962969426,0.848528137423857,0,1020.625
49035,10,71,41,6,,,,,0,1020.625
49035,10,71,41,7,2,25.17998954420763,-0.08213741411232012,0.6034068236642477,0,1020.625
49035,10,71,41,8,2,25.367535291442845,-0.22053336756496966,0.8513997106635237,0,1020.625
49035,10,71,41,9,2,26.449095746088005,-0.4092735397829972,0.848528137423857,0,1020.625
49035,10,71,41,10,2,28.383049251425803,-0.5777575496239724,0.7685569981889047,0,1020.625
49035,10,71,41,11,2,30.159201881433393,-0.6808818677501365,0.613407053921902,0,1020.625
49035,10,71,41,12,2,23.35912791309003,-0.34013531587039636,0.848528137423857,0,1020.625
49035,10,71,41,13,2,25.033810654457586,-0.5352676779093892,0.848528137423857,0,1020.625
49035,10,71,41,14,2,20.41428538877796,-0.25051006242806895,0.6466890965784271,0,1020.625
49035,10,71,41,15,,,,,0,1020.625
49035,10,71,41,16,2,24.058858783839643,-0.6738563161197325,0.6466890965784271,0,1020.625
49035,10,71,41,17,,,,,0,1020.625
49035,10,71,41,18,2,45.75591926878217,0.40112961995473295,0.37888543819998316,0,1020.625
49035,10,71,41,19,2,47.48420486074208,0.6386639344866558,0.3414213562373095,0,1020.625
49035,10,71,41,20,2,41.43471188874356,0.45890718646626993,0.482842712474619,0,1020.625
49035,10,71,41,21,2,37.13382537996121,0.22824237207852227,0.3414213562373095,0,1020.625
49035,10,71,41,22,2,40.42305940242437,0.6301167202993945,0.4242640687119285,0,1020.625
49035,10,71,41,23,2,34.58481414578072,0.41255055626640447,0.4242640687119285,0,1020.625
49035,10,71,41,24,2,44.66731796937823,0.8741407422548009,0.37888543819998316,0,1020.625
49035,10,71,41,25,2,40.635109371092774,0.8047295680820841,0.482842712474619,0,1020.625
49035,10,71,41,26,2,33.36611682001573,0.6179528014777738,0.4242640687119285,0,1020.625
49035,10,71,41,27,2,27.845706844919583,0.34354133316967683,0.482842712474619,0,1020.625
49035,10,71,41,28,2,26.104141600832875,0.16948115084358362,0.4538461538461539,0,1020.625
49035,10,71,41,29,2,33.622702654541015,0.8293204387918749,0.4242640687119285,0,1020.625
49035,10,71,41,30,2,26.316758384002082,0.5992681560811772,0.4242640687119285,0,1020.625
49035,10,71,41,31,2,35.32243643839453,1.0288188884801417,0.3414213562373095,0,1020.625
49035,10,71,41,32,2,26.64132417862683,0.8668330781765836,0.482842712474619,0,1020.625
49035,10,71,41,33,2,19.283303452389873,0.5669341513221484,0.3414213562373095,0,1020.625
49035,10,71,41,34,2,24.145213918343355,1.0378588555363564,0.4308640753373011,0,1020.625
49035,10,71,41,35,,,,,0,1020.625
49035,10,71,41,36,2,5.51306016899561,0.2531703095012132,0.35812728826201445,0,1020.625
49035,10,71,41,37,,,,,0,1020.625
49035,10,71,41,38,2,9.616624692335172,-1.100200409444997,0.49033749051054326,0,1020.625
49035,10,71,41,39,,,,,0,1020.625
49035,10,71,41,40,,,,,0,1020.625
49035,10,71,41,41,2,5.398616515612892,1.440172894681544,0.3538988508520741,1,1020.625
49035,10,71,41,42,,,,,0,1020.625
49035,10,71,41,43,,,,,0,1020.625
49035,10,71,41,44,2,8.106211917110578,-1.6468279457804689,0.7685569981889047,0,1020.625
49035,10,71,41,45,2,11.60562988214333,-1.653408507264914,0.613407053921902,0,1020.625
49035,10,71,41,46,,,,,0,1020.625
49035,10,71,41,47,2,6.066701139785682,-2.0616156332298265,0.848528137423857,0,1020.625
49035,10,71,41,48,,,,,0,1020.625
49035,10,71,41,49,2,5.73576967754531,-2.667565503218176,0.7685569981889047,0,1020.625
49035,10,71,41,50,2,9.43089989433567,-2.2054826049731067,0.682842712474619,0,1020.625
49035,10,71,41,51,2,8.883180433502448,-2.8824557135634103,0.6034068236642477,0,1020.625
49035,10,71,41,52,2,27.3894092180044,1.2827885267046941,0.4308640753373011,0,1020.625
49035,10,71,41,53,2,36.89614208066901,1.468148675052836,0.3414213562373095,0,1020.625
49035,10,71,41,54,2,26.896299717306455,1.4663662750338204,0.482842712474619,0,1020.625
49035,10,71,41,55,2,16.89664394279065,1.4624741520900018,0.3414213562373095,0,1020.625
49035,10,71,41,56,2,32.25832172683387,-4.660164341356584,0.4242640687119285,0,1020.625
49035,10,71,41,57,2,22.420636892786668,-4.593428247767223,0.4242640687119285,0,1020.625
49035,10,71,41,58,2,38.180986142066374,-4.5500385060381126,0.382842712474619,0,1020.625
49035,10,71,41,59,2,28.63343047605245,-4.460064917452766,0.4242640687119285,0,1020.625
49035,10,71,41,60,2,19.543770845801326,-4.283614100948348,0.482842712474619,0,1020.625
49035,10,71,41,61,2,15.427306890586129,-4.119984936002831,0.37888543819998316,0,1020.625
49035,10,71,41,62,2,35.1718882486521,-4.375201217341727,0.4242640687119285,0,1020.625
49035,10,71,41,63,2,26.441394838811675,-4.21512904811871,0.4242640687119285,0,1020.625
49035,10,71,41,64,2,41.88376899378105,-4.317222110041916,0.3414213562373095,0,1020.625
49035,10,71,41,65,2,33.411610903556856,-4.1750900460574965,0.382842712474619,0,1020.625
49035,10,71,41,66,2,26.046523399811804,-3.9452879269383803,0.3414213562373095,0,1020.625
49035,10,72,49,1,,,,,0,1021.0419921875
49035,10,72,49,2,2,28.725330256743458,4.23647259040759,0.682842712474619,0,1021.0419921875
49035,10,72,49,3,2,30.33031765619065,4.075870001782058,0.682842712474619,0,1021.0419921875
49035,10,72,49,4,2,32.62992092990541,3.934623401577853,0.5638463841038082,0,1021.0419921875
49035,10,72,49,5,2,27.077894657673994,4.124247595632941,0.848528137423857,0,1021.0419921875
49035,10,72,49,6,,,,,0,1021.0419921875
49035,10,72,49,7,2,23.127863920436646,4.330892186275868,0.613407053921902,0,1021.0419921875
49035,10,72,49,8,2,23.905994835161103,4.185640451279529,0.8513997106635237,0,1021.0419921875
49035,10,72,49,9,2,25.81240321677155,3.99929511330628,0.848528137423857,0,1021.0419921875
49035,10,72,49,10,2,28.479180651690935,3.8431429986554684,0.7685569981889047,0,1021.0419921875
49035,10,72,49,11,2,30.694661264268117,3.751467425147437,0.613407053921902,0,1021.0419921875
49035,10,72,49,12,2,22.462510318124686,4.046251960170383,0.848528137423857,0,1021.0419921875
49035,10,72,49,13,2,24.986955407938495,3.863824551438598,0.848528137423857,0,1021.0419921875
49035,10,72,49,14,2,19.17937902431978,4.10946730422845,0.6466890965784271,0,1021.0419921875
49035,10,72,49,15,,,,,0,1021.0419921875
49035,10,72,49,16,2,24.64580534880967,3.721899150681892,0.6466890965784271,0,1021.0419921875
49035,10,72,49,17,,,,,0,1021.0419921875
49035,10,72,49,18,2,41.934744104706304,4.926082644471434,0.37888543819998316,0,1021.0419921875
49035,10,72,49,19,2,43.18920712740708,5.1878830120708646,0.3414213562373095,0,1021.0419921875
49035,10,72,49,20,2,37.481658899079804,4.983442726103149,0.482842712474619,0,1021.0419921875
49035,10,72,49,21,2,33.82960087497141,4.721261078212675,0.3414213562373095,0,1021.0419921875
49035,10,72,49,22,2,36.14475305988806,5.172370020081361,0.4242640687119285,0,1021.0419921875
49035,10,72,49,23,2,30.7572806875573,4.919021347899157,0.4242640687119285,0,1021.0419921875
49035,10,72,49,24,2,40.16500993311414,5.447038497043101,0.37888543819998316,0,1021.0419921875
49035,10,72,49,25,2,36.16644292287543,5.368255389348624,0.482842712474619,0,1021.0419921875
49035,10,72,49,26,2,29.113205512730893,5.149355512162639,0.4242640687119285,0,1021.0419921875
49035,10,72,49,27,2,24.231093181270268,4.819275284919676,0.482842712474619,0,1021.0419921875
49035,10,72,49,28,2,23.06359571978861,4.613253073002661,0.4538461538461539,0,1021.0419921875
49035,10,72,49,29,2,29.140129635261122,5.392723469144521,0.4242640687119285,0,1021.0419921875
49035,10,72,49,30,2,22.106883468565204,5.111721231694262,0.4242640687119285,0,1021.0419921875
49035,10,72,49,31,2,30.833675990597403,5.622260580790895,0.3414213562373095,0,1021.0419921875
49035,10,72,49,32,2,22.142328617967006,5.432695361851755,0.482842712474619,0,1021.0419921875
49035,10,72,49,33,2,15.160800050094277,5.039406365687981,0.3414213562373095,0,1021.0419921875
49035,10,72,49,34,2,19.66302894586205,5.641164094694587,0.4308640753373011,0,1021.0419921875
49035,10,72,49,35,,,,,0,1021.0419921875
49035,10,72,49,36,2,3.4815199398212124,3.877490081725597,0.28372362325819794,0,1021.0419921875
49035,10,72,49,37,,,,,0,1021.0419921875
49035,10,72,49,38,2,12.316173213473032,3.1458205841822626,0.49033749051054326,0,1021.0419921875
49035,10,72,49,39,,,,,0,1021.0419921875
49035,10,72,49,40,,,,,0,1021.0419921875
49035,10,72,49,41,,,,,0,1021.0419921875
49035,10,72,49,42,,,,,0,1021.0419921875
49035,10,72,49,43,,,,,0,1021.0419921875
49035,10,72,49,44,2,12.167173596363238,2.7346635519295273,0.7685569981889047,0,1021.0419921875
49035,10,72,49,45,2,15.624935611405027,2.7739832692642103,0.613407053921902,0,1021.0419921875
49035,10,72,49,46,,,,,0,1021.0419921875
49035,10,72,49,47,2,10.551034228486715,2.4562325032073393,0.848528137423857,0,1021.0419921875
49035,10,72,49,48,,,,,0,1021.0419921875
49035,10,72,49,49,2,9.98040746950533,2.114554933292551,0.7685569981889047,1,1021.0419921875
49035,10,72,49,50,2,13.94245688620936,2.37383275739054,0.682842712474619,0,1021.0419921875
49035,10,72,49,51,2,12.720256551940903,1.9209603069544405,0.6034068236642477,0,1021.0419921875
49035,10,72,49,52,2,23.199205315250083,5.928855109059168,0.4308640753373011,0,1021.0419921875
49035,10,72,49,53,2,33.09060253948238,-0.16595644797534082,0.3414213562373095,0,1021.0419921875
49035,10,72,49,54,2,23.120448048402864,-0.13804426237096568,0.482842712474619,0,1021.0419921875
49035,10,72,49,55,2,13.195539378585243,-0.06800038883630233,0.3414213562373095,0,1021.0419921875
49035,10,72,49,56,2,28.915800834357242,0.018806000757484842,0.4242640687119285,0,1021.0419921875
49035,10,72,49,57,2,19.382741793283863,0.14646040963765383,0.4242640687119285,0,1021.0419921875
49035,10,72,49,58,2,35.18084646260709,0.12164522159087943,0.382842712474619,0,1021.0419921875
49035,10,72,49,59,2,26.02420218485923,0.25458137068847986,0.4242640687119285,0,1021.0419921875
49035,10,72,49,60,2,17.79961350398738,0.5196488927673291,0.482842712474619,0,1021.0419921875
49035,10,72,49,61,2,14.546814484889087,0.7561840668758233,0.37888543819998316,0,1021.0419921875
49035,10,72,49,62,2,32.84550988022185,0.3183044224972815,0.4242640687119285,0,1021.0419921875
49035,10,72,49,63,2,24.86754231573054,0.529662373285186,0.4242640687119285,0,1021.0419921875
49035,10,72,49,64,2,39.754193982837464,0.36000316377531494,0.3414213562373095,0,1021.0419921875
49035,10,72,49,65,2,31.936860846958144,0.5352431982291432,0.382842712474619,0,1021.0419921875
49035,10,72,49,66,2,25.68132049351953,0.8085136386291398,0.3414213562373095,0,1021.0419921875
49035,10,73,47,1,2,36.732149645884945,1.917761786450101,0.613407053921902,0,1021.8920288085938
49035,10,73,47,2,2,32.84672655323076,2.0533695803520593,0.682842712474619,0,1021.8920288085938
49035,10,73,47,3,2,33.2728791551041,1.9025327551284834,0.8513997106635237,0,1021.8920288085938
49035,10,73,47,4,2,34.427627412844,1.758671657724723,0.682842712474619,0,1021.8920288085938
49035,10,73,47,5,2,30.475728310006783,1.9704524989037515,0.848528137423857,0,1021.8920288085938
49035,10,73,47,6,2,31.336034497568374,1.8108991362844664,0.848528137423857,0,1021.8920288085938
49035,10,73,47,7,2,28.02644492930426,2.1768336504473886,0.613407053921902,0,1021.8920288085938
49035,10,73,47,8,2,27.847002437974126,2.051632889038936,0.8513997106635237,0,1021.8920288085938
49035,10,73,47,9,2,28.34841418471205,1.8743403219232788,0.848528137423857,0,1021.8920288085938
49035,10,73,47,10,2,29.69527957092557,1.7081889027465782,0.8513997106635237,0,1021.8920288085938
49035,10,73,47,11,2,31.08510186891209,1.6024125274851675,0.613407053921902,0,1021.8920288085938
49035,10,73,47,12,2,25.501335563910594,1.9523235688280227,0.848528137423857,0,1021.8920288085938
49035,10,73,47,13,2,26.523483133831,1.7638518181467457,0.848528137423857,0,1021.8920288085938
49035,10,73,47,14,2,22.847399070755497,2.0491361210223458,0.6466890965784271,0,1021.8920288085938
49035,10,73,47,15,,,,,0,1021.8920288085938
49035,10,73,47,16,2,25.067064613018648,1.6388286839497157,0.6466890965784271,0,1021.8920288085938
49035,10,73,47,17,,,,,0,1021.8920288085938
49035,10,73,47,18,2,49.44619334377358,2.585688283905146,0.37888543819998316,0,1021.8920288085938
49035,10,73,47,19,2,51.33342041684704,2.8048582386644894,0.3414213562373095,0,1021.8920288085938
49035,10,73,47,20,2,45.18267517210176,2.6409560447659897,0.482842712474619,0,1021.8920288085938
49035,10,73,47,21,2,40.5934504535221,2.433123377319422,0.3414213562373095,0,1021.8920288085938
49035,10,73,47,22,2,44.270138843446574,2.7978992345333418,0.4242640687119285,0,1021.8920288085938
49035,10,73,47,23,2,38.290981669747374,2.6029057735281564,0.4242640687119285,0,1021.8920288085938
49035,10,73,47,24,2,48.4772029795549,3.0219703111448104,0.37888543819998316,0,1021.8920288085938
49035,10,73,47,25,2,44.47714301445646,2.9573531282577,0.482842712474619,0,1021.8920288085938
49035,10,73,47,26,2,37.20981503237157,2.788298754424834,0.4242640687119285,0,1021.8920288085938
49035,10,73,47,27,2,31.478951995868574,2.548277099100671,0.482842712474619,0,1021.8920288085938
49035,10,73,47,28,2,29.480526806107864,2.397683173308204,0.4538461538461539,0,1021.8920288085938
49035,10,73,47,29,2,37.455859251306485,2.977874960758788,0.4242640687119285,0,1021.8920288085938
49035,10,73,47,30,2,30.154526629820836,2.77420395080453,0.4242640687119285,0,1021.8920288085938
49035,10,73,47,31,2,39.004005560506954,3.1586319852755493,0.3414213562373095,0,1021.8920288085938
49035,10,73,47,32,2,30.457618649181192,3.0078452966198137,0.482842712474619,0,1021.8920288085938
49035,10,73,47,33,2,23.108886121876203,2.7515073700488974,0.3414213562373095,0,1021.8920288085938
49035,10,73,47,34,2,27.824712636373665,3.1539875970216737,0.4308640753373011,0,1021.8920288085938
49035,10,73,47,35,,,,,0,1021.8920288085938
49035,10,73,47,36,2,9.136241067549589,2.6011322090380053,0.28372362325819794,0,1021.8920288085938
49035,10,73,47,37,,,,,0,1021.8920288085938
49035,10,73,47,38,2,9.477604383981863,1.4673508421707286,0.49033749051054326,0,1021.8920288085938
49035,10,73,47,39,,,,,0,1021.8920288085938
49035,10,73,47,40,,,,,0,1021.8920288085938
49035,10,73,47,41,,,,,0,1021.8920288085938
49035,10,73,47,42,,,,,0,1021.8920288085938
49035,10,73,47,43,,,,,0,1021.8920288085938
49035,10,73,47,44,2,6.0310102285682206,0.9835316508666132,0.7685569981889047,0,1021.8920288085938
49035,10,73,47,45,2,9.265366359853607,0.8043668744785746,0.613407053921902,0,1021.8920288085938
49035,10,73,47,46,,,,,0,1021.8920288085938
49035,10,73,47,47,2,2.8387696511486284,0.6141458742467898,0.7195315787953919,1,1021.8920288085938
49035,10,73,47,48,,,,,0,1021.8920288085938
49035,10,73,47,49,,,,,0,1021.8920288085938
49035,10,73,47,50,2,5.737698484141249,0.10725233667875367,0.6466890965784271,0,1021.8920288085938
49035,10,73,47,51,2,5.66372770796285,-1.0224265982284146,0.4190965632626408,0,1021.8920288085938
49035,10,73,47,52,2,30.70155844264503,3.375441818009578,0.4308640753373011,0,1021.8920288085938
49035,10,73,47,53,2,39.784164014216486,3.562261638412745,0.3414213562373095,0,1021.8920288085938
49035,10,73,47,54,2,29.818346539085137,3.538275566503296,0.482842712474619,0,1021.8920288085938
49035,10,73,47,55,2,19.886876937816634,3.4902770396230682,0.3414213562373095,0,1021.8920288085938
49035,10,73,47,56,2,34.74917046254984,-2.5872967146159,0.4242640687119285,0,1021.8920288085938
49035,10,73,47,57,2,24.776176699608822,-2.562265864878471,0.4242640687119285,0,1021.8920288085938
49035,10,73,47,58,2,40.32215154658444,-2.4709611706721044,0.382842712474619,0,1021.8920288085938
49035,10,73,47,59,2,30.53244158858926,-2.412812788057809,0.4242640687119285,0,1021.8920288085938
49035,10,73,47,60,2,20.942398940319794,-2.3006831062830213,0.482842712474619,0,1021.8920288085938
49035,10,73,47,61,2,16.33282325205762,-2.1959038355245277,0.37888543819998316,0,1021.8920288085938
49035,10,73,47,62,2,36.75052444348231,-2.312261014628543,0.4242640687119285,0,1021.8920288085938
49035,10,73,47,63,2,27.5128175744667,-2.191757101100496,0.4242640687119285,0,1021.8920288085938
49035,10,73,47,64,2,43.2316100137546,-2.241306136819181,0.3414213562373095,0,1021.8920288085938
49035,10,73,47,65,2,34.28303061860575,-2.125300308919524,0.382842712474619,0,1021.8920288085938
49035,10,73,47,66,2,26.109007495712127,-1.9324538939641522,0.3414213562373095,0,1021.8920288085938
49035,10,74,50,1,2,36.732149645884945,1.917761786450101,0.613407053921902,0,1021.9240112304688
49035,10,74,50,2,2,32.84672655323076,2.0533695803520593,0.682842712474619,0,1021.9240112304688
49035,10,74,50,3,2,33.2728791551041,1.9025327551284834,0.8513997106635237,0,1021.9240112304688
49035,10,74,50,4,2,34.427627412844,1.758671657724723,0.682842712474619,0,1021.9240112304688
49035,10,74,50,5,2,30.475728310006783,1.9704524989037515,0.848528137423857,0,1021.9240112304688
49035,10,74,50,6,2,31.336034497568374,1.8108991362844664,0.848528137423857,0,1021.9240112304688
49035,10,74,50,7,2,28.02644492930426,2.1768336504473886,0.613407053921902,0,1021.9240112304688
49035,10,74,50,8,2,27.847002437974126,2.051632889038936,0.8513997106635237,0,1021.9240112304688
49035,10,74,50,9,2,28.34841418471205,1.8743403219232788,0.848528137423857,0,1021.9240112304688
49035,10,74,50,10,2,29.69527957092557,1.7081889027465782,0.8513997106635237,0,1021.9240112304688
49035,10,74,50,11,2,31.08510186891209,1.6024125274851675,0.613407053921902,0,1021.9240112304688
49035,10,74,50,12,2,25.501335563910594,1.9523235688280227,0.848528137423857,0,1021.9240112304688
49035,10,74,50,13,2,26.523483133831,1.7638518181467457,0.848528137423857,0,1021.9240112304688
49035,10,74,50,14,2,22.847399070755497,2.0491361210223458,0.6466890965784271,0,1021.9240112304688
49035,10,74,50,15,,,,,0,1021.9240112304688
49035,10,74,50,16,2,25.067064613018648,1.6388286839497157,0.6466890965784271,0,1021.9240112304688
49035,10,74,50,17,,,,,0,1021.9240112304688
49035,10,74,50,18,2,49.44619334377358,2.585688283905146,0.37888543819998316,0,1021.9240112304688
49035,10,74,50,19,2,51.33342041684704,2.8048582386644894,0.3414213562373095,0,1021.9240112304688
49035,10,74,50,20,2,45.18267517210176,2.6409560447659897,0.482842712474619,0,1021.9240112304688
49035,10,74,50,21,2,40.5934504535221,2.433123377319422,0.3414213562373095,0,1021.9240112304688
49035,10,74,50,22,2,44.270138843446574,2.7978992345333418,0.4242640687119285,0,1021.9240112304688
49035,10,74,50,23,2,38.290981669747374,2.6029057735281564,0.4242640687119285,0,1021.9240112304688
49035,10,74,50,24,2,48.4772029795549,3.0219703111448104,0.37888543819998316,0,1021.9240112304688
49035,10,74,50,25,2,44.47714301445646,2.9573531282577,0.482842712474619,0,1021.9240112304688
49035,10,74,50,26,2,37.20981503237157,2.788298754424834,0.4242640687119285,0,1021.9240112304688
49035,10,74,50,27,2,31.478951995868574,2.548277099100671,0.482842712474619,0,1021.9240112304688
49035,10,74,50,28,2,29.480526806107864,2.397683173308204,0.4538461538461539,0,1021.9240112304688
49035,10,74,50,29,2,37.455859251306485,2.977874960758788,0.4242640687119285,0,1021.9240112304688
49035,10,74,50,30,2,30.154526629820836,2.77420395080453,0.4242640687119285,0,1021.9240112304688
49035,10,74,50,31,2,39.004005560506954,3.1586319852755493,0.3414213562373095,0,1021.9240112304688
49035,10,74,50,32,2,30.457618649181192,3.0078452966198137,0.482842712474619,0,1021.9240112304688
49035,10,74,50,33,2,23.108886121876203,2.7515073700488974,0.3414213562373095,0,1021.9240112304688
49035,10,74,50,34,2,27.824712636373665,3.1539875970216737,0.4308640753373011,0,1021.9240112304688
49035,10,74,50,35,,,,,0,1021.9240112304688
49035,10,74,50,36,2,9.136241067549589,2.6011322090380053,0.2601533972186464,0,1021.9240112304688
49035,10,74,50,37,,,,,0,1021.9240112304688
49035,10,74,50,38,2,9.477604383981863,1.4673508421707286,0.4638463841038081,0,1021.9240112304688
49035,10,74,50,39,,,,,0,1021.9240112304688
49035,10,74,50,40,,,,,0,1021.9240112304688
49035,10,74,50,41,,,,,0,1021.9240112304688
49035,10,74,50,42,,,,,0,1021.9240112304688
49035,10,74,50,43,,,,,0,1021.9240112304688
49035,10,74,50,44,2,6.0310102285682206,0.9835316508666132,0.6857142857142857,0,1021.9240112304688
49035,10,74,50,45,2,9.265366359853607,0.8043668744785746,0.613407053921902,0,1021.9240112304688
49035,10,74,50,46,,,,,0,1021.9240112304688
49035,10,74,50,47,,,,,0,1021.9240112304688
49035,10,74,50,48,,,,,0,1021.9240112304688
49035,10,74,50,49,,,,,0,1021.9240112304688
49035,10,74,50,50,2,5.737698484141249,0.10725233667875367,0.5276927682076162,1,1021.9240112304688
49035,10,74,50,51,2,5.66372770796285,-1.0224265982284146,0.34843944249725717,0,1021.9240112304688
49035,10,74,50,52,2,30.70155844264503,3.375441818009578,0.4308640753373011,0,1021.9240112304688
49035,10,74,50,53,2,39.784164014216486,3.562261638412745,0.3414213562373095,0,1021.9240112304688
49035,10,74,50,54,2,29.818346539085137,3.538275566503296,0.482842712474619,0,1021.9240112304688
49035,10,74,50,55,2,19.886876937816634,3.4902770396230682,0.3414213562373095,0,1021.9240112304688
49035,10,74,50,56,2,34.74917046254984,-2.5872967146159,0.4242640687119285,0,1021.9240112304688
49035,10,74,50,57,2,24.776176699608822,-2.562265864878471,0.4242640687119285,0,1021.9240112304688
49035,10,74,50,58,2,40.32215154658444,-2.4709611706721044,0.382842712474619,0,1021.9240112304688
49035,10,74,50,59,2,30.53244158858926,-2.412812788057809,0.4242640687119285,0,1021.9240112304688
49035,10,74,50,60,2,20.942398940319794,-2.3006831062830213,0.482842712474619,0,1021.9240112304688
49035,10,74,50,61,2,16.33282325205762,-2.1959038355245277,0.37888543819998316,0,1021.9240112304688
49035,10,74,50,62,2,36.75052444348231,-2.312261014628543,0.4242640687119285,0,1021.9240112304688
49035,10,74,50,63,2,27.5128175744667,-2.191757101100496,0.4242640687119285,0,1021.9240112304688
49035,10,74,50,64,2,43.2316100137546,-2.241306136819181,0.3414213562373095,0,1021.9240112304688
49035,10,74,50,65,2,34.28303061860575,-2.125300308919524,0.382842712474619,0,1021.9240112304688
49035,10,74,50,66,2,26.109007495712127,-1.9324538939641522,0.3414213562373095,0,1021.9240112304688
49035,10,75,44,1,2,40.281381599392205,2.0658926520526153,0.613407053921902,0,1022.4089965820312
49035,10,75,44,2,2,36.8609771315095,2.197166681877447,0.682842712474619,0,1022.4089965820312
49035,10,75,44,3,2,36.78586049700112,2.0612942880513843,0.8513997106635237,0,1022.4089965820312
49035,10,75,44,4,2,37.38539059472281,1.9273393731663309,0.682842712474619,0,1022.4089965820312
49035,10,75,44,5,2,34.23877966643254,2.1303993728482995,0.848528137423857,0,1022.4089965820312
49035,10,75,44,6,2,34.52190508158082,1.9850716870120522,0.848528137423857,0,1022.4089965820312
49035,10,75,44,7,2,32.403873308565885,2.3178812013944556,0.613407053921902,0,1022.4089965820312
49035,10,75,44,8,2,31.88084900983977,2.2101576707557724,0.8513997106635237,0,1022.4089965820312
49035,10,75,44,9,2,31.793968468930746,2.0529715081727877,0.848528137423857,0,1022.4089965820312
49035,10,75,44,10,2,32.48575577724064,1.8987359189272688,0.8513997106635237,0,1022.4089965820312
49035,10,75,44,11,2,33.40960725014792,1.7962194261170563,0.613407053921902,0,1022.4089965820312
49035,10,75,44,12,2,29.23954396951241,2.1331623157476827,0.848528137423857,0,1022.4089965820312
49035,10,75,44,13,2,29.57057370022115,1.963289753025926,0.848528137423857,0,1022.4089965820312
49035,10,75,44,14,2,26.90809231600666,2.2279542632011866,0.682842712474619,0,1022.4089965820312
49035,10,75,44,15,2,26.805098945944923,2.041549661063037,0.765685424949238,0,1022.4089965820312
49035,10,75,44,16,2,27.62211481615879,1.860017931891896,0.682842712474619,0,1022.4089965820312
49035,10,75,44,17,,,,,0,1022.4089965820312
49035,10,75,44,18,2,54.507599020841035,2.6548593511425267,0.37888543819998316,0,1022.4089965820312
49035,10,75,44,19,2,56.47830959479049,2.8535358220678595,0.3414213562373095,0,1022.4089965820312
49035,10,75,44,20,2,50.28653149219307,2.706055060912246,0.482842712474619,0,1022.4089965820312
49035,10,75,44,21,2,45.47165099647964,2.522510276694655,0.3414213562373095,0,1022.4089965820312
49035,10,75,44,22,2,49.41582995962629,2.8469410016859165,0.4242640687119285,0,1022.4089965820312
49035,10,75,44,23,2,43.368883377705515,2.6746837740100924,0.4242640687119285,0,1022.4089965820312
49035,10,75,44,24,2,53.485001208440785,3.0498468963534675,0.37888543819998316,0,1022.4089965820312
49035,10,75,44,25,2,49.54909940334005,2.9899380291284223,0.482842712474619,0,1022.4089965820312
49035,10,75,44,26,2,42.35621614960897,2.838147335923646,0.4242640687119285,0,1022.4089965820312
49035,10,75,44,27,2,36.510064932052885,2.631468690345814,0.482842712474619,0,1022.4089965820312
49035,10,75,44,28,2,34.31403122277939,2.50447484027128,0.4538461538461539,0,1022.4089965820312
49035,10,75,44,29,2,42.511622500156,3.0049377899506435,0.4242640687119285,0,1022.4089965820312
49035,10,75,44,30,2,35.30118754979912,2.8258375045440047,0.4242640687119285,0,1022.4089965820312
49035,10,75,44,31,2,43.822677333535246,3.1660971482882974,0.3414213562373095,0,1022.4089965820312
49035,10,75,44,32,2,35.48750263838618,3.02588181395768,0.482842712474619,0,1022.4089965820312
49035,10,75,44,33,2,28.254179130524893,2.8073830909955126,0.3414213562373095,0,1022.4089965820312
49035,10,75,44,34,2,32.6652681300491,3.1471805902554157,0.4308640753373011,0,1022.4089965820312
49035,10,75,44,35,,,,,0,1022.4089965820312
49035,10,75,44,36,2,14.23194400520115,2.7157105765493124,0.2601533972186464,0,1022.4089965820312
49035,10,75,44,37,,,,,0,1022.4089965820312
49035,10,75,44,38,2,11.89470575497785,1.9498329995372634,0.4638463841038081,0,1022.4089965820312
49035,10,75,44,39,,,,,0,1022.4089965820312
49035,10,75,44,40,,,,,0,1022.4089965820312
49035,10,75,44,41,,,,,0,1022.4089965820312
49035,10,75,44,42,,,,,0,1022.4089965820312
49035,10,75,44,43,,,,,0,1022.4089965820312
49035,10,75,44,44,2,7.01005873698918,1.8328278229236574,0.5871183110269644,1,1022.4089965820312
49035,10,75,44,45,2,8.661319280955478,1.4341502887444617,0.5327497028988641,0,1022.4089965820312
49035,10,75,44,46,,,,,0,1022.4089965820312
49035,10,75,44,47,,,,,0,1022.4089965820312
49035,10,75,44,48,,,,,0,1022.4089965820312
49035,10,75,44,49,,,,,0,1022.4089965820312
49035,10,75,44,50,,,,,0,1022.4089965820312
49035,10,75,44,51,2,3.5270034772292163,-2.07383244173733,0.25405592955816786,0,1022.4089965820312
49035,10,75,44,52,2,35.074331684172904,3.3439040813242875,0.4308640753373011,0,1022.4089965820312
49035,10,75,44,53,2,43.576712206860996,3.5298765479296037,0.3414213562373095,0,1022.4089965820312
49035,10,75,44,54,2,33.73226410411715,3.4840470393543597,0.482842712474619,0,1022.4089965820312
49035,10,75,44,55,2,24.016690788287896,3.40082547417529,0.3414213562373095,0,1022.4089965820312
49035,10,75,44,56,2,38.092711148896775,3.6394931737876886,0.4242640687119285,0,1022.4089965820312
49035,10,75,44,57,2,28.106768535418773,3.6232939964653115,0.4242640687119285,0,1022.4089965820312
49035,10,75,44,58,2,43.17688784241702,-2.5224402903579275,0.382842712474619,0,1022.4089965820312
49035,10,75,44,59,2,33.21414515815484,-2.499666356055583,0.4242640687119285,0,1022.4089965820312
49035,10,75,44,60,2,23.283368171665003,-2.4574252567619523,0.482842712474619,0,1022.4089965820312
49035,10,75,44,61,2,18.346202081969558,-2.419190460244489,0.37888543819998316,0,1022.4089965820312
49035,10,75,44,62,2,38.94057574908664,-2.384256358166529,0.4242640687119285,0,1022.4089965820312
49035,10,75,44,63,2,29.245584871920016,-2.311612573273819,0.4242640687119285,0,1022.4089965820312
49035,10,75,44,64,2,45.050609771164346,-2.299255283335546,0.3414213562373095,0,1022.4089965820312
49035,10,75,44,65,2,35.615912673748106,-2.2164837305679916,0.382842712474619,0,1022.4089965820312
49035,10,75,44,66,2,26.59753805175158,-2.07598445134553,0.3414213562373095,0,1022.4089965820312
49035,10,76,38,1,2,36.581683193027224,0.02686932381549112,0.613407053921902,0,1022.8419799804688
49035,10,76,38,2,2,33.562981655200204,0.17839832561403646,0.682842712474619,0,1022.8419799804688
49035,10,76,38,3,2,33.08239764433241,0.028902068886696997,0.8513997106635237,0,1022.8419799804688
49035,10,76,38,4,2,33.35290587352405,-0.12154294719839287,0.682842712474619,0,1022.8419799804688
49035,10,76,38,5,2,30.742230478404096,0.11202853200656371,0.848528137423857,0,1022.8419799804688
49035,10,76,38,6,2,30.62770038866357,-0.0510559150171197,0.848528137423857,0,1022.8419799804688
49035,10,76,38,7,2,29.544788512690488,0.32441378165792734,0.613407053921902,0,1022.8419799804688
49035,10,76,38,8,2,28.648288529629568,0.20805810821785475,0.8513997106635237,0,1022.8419799804688
49035,10,76,38,9,2,28.08372717406523,0.03268470489338271,0.848528137423857,0,1022.8419799804688
49035,10,76,38,10,2,28.401884238510565,-0.14422617593480536,0.8513997106635237,0,1022.8419799804688
49035,10,76,38,11,2,29.137551985625905,-0.2632440848100013,0.613407053921902,0,1022.8419799804688
49035,10,76,38,12,2,25.774705291756828,0.1322405582764199,0.848528137423857,0,1022.8419799804688
49035,10,76,38,13,2,25.63799386042797,-0.06249945677901536,0.848528137423857,0,1022.8419799804688
49035,10,76,38,14,2,23.769205577101324,0.24994490579491968,0.682842712474619,0,1022.8419799804688
49035,10,76,38,15,2,23.085632546606334,0.03810534834670376,0.8513997106635237,0,1022.8419799804688
49035,10,76,38,16,2,23.47163663631819,-0.17646158234826315,0.682842712474619,0,1022.8419799804688
49035,10,76,38,17,2,19.587544990111684,0.0435456582039635,0.613407053921902,0,1022.8419799804688
49035,10,76,38,18,2,52.89721977435092,0.6269049595614091,0.37888543819998316,0,1022.8419799804688
49035,10,76,38,19,2,55.73530268442733,0.8263991073362962,0.3414213562373095,0,1022.8419799804688
49035,10,76,38,20,2,48.91182431626919,0.6862736442530757,0.482842712474619,0,1022.8419799804688
49035,10,76,38,21,2,43.33946412412631,0.50567894404174,0.3414213562373095,0,1022.8419799804688
49035,10,76,38,22,2,48.66873698509914,0.8312431363712296,0.4242640687119285,0,1022.8419799804688
49035,10,76,38,23,2,41.88780911369806,0.6682815888688194,0.4242640687119285,0,1022.8419799804688
49035,10,76,38,24,2,53.63724513053879,1.0275882877818079,0.37888543819998316,0,1022.8419799804688
49035,10,76,38,25,2,49.44618652134795,0.974635063982539,0.482842712474619,0,1022.8419799804688
49035,10,76,38,26,2,41.60370120704144,0.8377325653344228,0.4242640687119285,0,1022.8419799804688
49035,10,76,38,27,2,34.882811623285626,0.6430522540438601,0.482842712474619,0,1022.8419799804688
49035,10,76,38,28,2,32.16802516562146,0.5176249390249938,0.4538461538461539,0,1022.8419799804688
49035,10,76,38,29,2,42.510555817396174,1.0046777158747342,0.4242640687119285,0,1022.8419799804688
49035,10,76,38,30,2,34.54113415226555,0.8468762863905512,0.4242640687119285,0,1022.8419799804688
49035,10,76,38,31,2,44.535679602798595,1.1605390040500372,0.3414213562373095,0,1022.8419799804688
49035,10,76,38,32,2,35.62821003508288,1.0463778648218693,0.482842712474619,0,1022.8419799804688
49035,10,76,38,33,2,27.482939124570173,0.8607183097704172,0.3414213562373095,0,1022.8419799804688
49035,10,76,38,34,2,33.370946171686235,1.1758572482070675,0.4308640753373011,0,1022.8419799804688
49035,10,76,38,35,,,,,0,1022.8419799804688
49035,10,76,38,36,2,13.407308891976749,0.9320988034632367,0.24017354928337353,0,1022.8419799804688
49035,10,76,38,37,,,,,0,1022.8419799804688
49035,10,76,38,38,2,8.105462623794427,0.0944791033335326,0.35080290584293855,1,1022.8419799804688
49035,10,76,38,39,,,,,0,1022.8419799804688
49035,10,76,38,40,,,,,0,1022.8419799804688
49035,10,76,38,41,,,,,0,1022.8419799804688
49035,10,76,38,42,,,,,0,1022.8419799804688
49035,10,76,38,43,,,,,0,1022.8419799804688
49035,10,76,38,44,,,,,0,1022.8419799804688
49035,10,76,38,45,2,4.156817274384982,-0.7304701155306007,0.3164982883492972,0,1022.8419799804688
49035,10,76,38,46,,,,,0,1022.8419799804688
49035,10,76,38,47,,,,,0,1022.8419799804688
49035,10,76,38,48,,,,,0,1022.8419799804688
49035,10,76,38,49,,,,,0,1022.8419799804688
49035,10,76,38,50,,,,,0,1022.8419799804688
49035,10,76,38,51,2,7.871093499458797,-3.944295454761192,0.22211477541020785,0,1022.8419799804688
49035,10,76,38,52,2,36.60463700370152,1.3560226385987204,0.4308640753373011,0,1022.8419799804688
49035,10,76,38,53,2,45.8061956032315,1.5112710911568321,0.3414213562373095,0,1022.8419799804688
49035,10,76,38,54,2,35.83504078778695,1.4925371764857696,0.482842712474619,0,1022.8419799804688
49035,10,76,38,55,2,25.886149595550204,1.459382906715645,0.3414213562373095,0,1022.8419799804688
49035,10,76,38,56,2,40.74836867951316,-4.657474103775931,0.4242640687119285,0,1022.8419799804688
49035,10,76,38,57,2,30.763162104412785,-4.642116539062814,0.4242640687119285,0,1022.8419799804688
49035,10,76,38,58,2,46.22454923328841,-4.554354740144655,0.382842712474619,0,1022.8419799804688
49035,10,76,38,59,2,36.3682766218246,-4.513149575687052,0.4242640687119285,0,1022.8419799804688
49035,10,76,38,60,2,26.61943156910762,-4.441556054024808,0.482842712474619,0,1022.8419799804688
49035,10,76,38,61,2,21.83037868138865,-4.3819361284159255,0.37888543819998316,0,1022.8419799804688
49035,10,76,38,62,2,42.41380608034049,-4.419731806714878,0.4242640687119285,0,1022.8419799804688
49035,10,76,38,63,2,32.9374185212135,-4.33426588788771,0.4242640687119285,0,1022.8419799804688
49035,10,76,38,64,2,48.73612980120501,-4.350065839371967,0.3414213562373095,0,1022.8419799804688
49035,10,76,38,65,2,39.51142797496381,-4.262058788363593,0.382842712474619,0,1022.8419799804688
49035,10,76,38,66,2,30.774917274325897,-4.122414472350566,0.3414213562373095,0,1022.8419799804688
49035,10,77,37,1,2,31.54837980188812,0.5622814305648314,0.613407053921902,0,1023.2919921875
49035,10,77,37,2,2,28.778463470204738,0.7430197102232188,0.682842712474619,0,1023.2919921875
49035,10,77,37,3,2,28.053571082546625,0.5686867871474495,0.8513997106635237,0,1023.2919921875
49035,10,77,37,4,2,28.21002909004321,0.3908038990695293,0.682842712474619,0,1023.2919921875
49035,10,77,37,5,2,25.837328332305475,0.6710498046489521,0.848528137423857,0,1023.2919921875
49035,10,77,37,6,2,25.52195968433739,0.4764200272814536,0.848528137423857,0,1023.2919921875
49035,10,77,37,7,2,25.134044574538787,0.9253061112039682,0.613407053921902,0,1023.2919921875
49035,10,77,37,8,2,23.94018003731831,0.7910794274771906,0.8513997106635237,0,1023.2919921875
49035,10,77,37,9,2,23.063718498906503,0.5812038194903961,0.848528137423857,0,1023.2919921875
49035,10,77,37,10,2,23.253773925416706,0.36503624226561393,0.8513997106635237,0,1023.2919921875
49035,10,77,37,11,2,24.01353837564763,0.22032877868113565,0.613407053921902,0,1023.2919921875
49035,10,77,37,12,2,20.91649578358337,0.709174416227031,0.848528137423857,0,1023.2919921875
49035,10,77,37,13,2,20.525659225521814,0.468017899250869,0.848528137423857,0,1023.2919921875
49035,10,77,37,14,2,19.185006664906837,0.8632061636505608,0.682842712474619,0,1023.2919921875
49035,10,77,37,15,2,18.079473761979568,0.6006269714679695,0.8513997106635237,0,1023.2919921875
49035,10,77,37,16,2,18.32130623857632,0.3253547544300357,0.682842712474619,0,1023.2919921875
49035,10,77,37,17,2,14.596915902663193,0.6221098300627228,0.613407053921902,0,1023.2919921875
49035,10,77,37,18,2,49.440074684322205,1.2048392509413222,0.37888543819998316,0,1023.2919921875
49035,10,77,37,19,2,53.11918169314629,1.411222019665761,0.3414213562373095,0,1023.2919921875
49035,10,77,37,20,2,45.708349842284434,1.2748570008829803,0.482842712474619,0,1023.2919921875
49035,10,77,37,21,2,39.457052941899235,1.0908062484610235,0.3414213562373095,0,1023.2919921875
49035,10,77,37,22,2,46.101872142467066,1.4288082890766085,0.4242640687119285,0,1023.2919921875
49035,10,77,37,23,2,38.6392080223645,1.2709301577122911,0.4242640687119285,0,1023.2919921875
49035,10,77,37,24,2,51.98758596048206,1.6232814540689793,0.37888543819998316,0,1023.2919921875
49035,10,77,37,25,2,47.555357056551465,1.5767353364898193,0.482842712474619,0,1023.2919921875
49035,10,77,37,26,2,39.10393543278317,1.4526986965792799,0.4242640687119285,0,1023.2919921875
49035,10,77,37,27,2,31.570928841046953,1.265244863245249,0.482842712474619,0,1023.2919921875
49035,10,77,37,28,2,28.381797664419327,1.1365092465903355,0.4538461538461539,0,1023.2919921875
49035,10,77,37,29,2,40.80743971467694,1.6247100867949449,0.4242640687119285,0,1023.2919921875
49035,10,77,37,30,2,32.13802914962534,1.4869728390962873,0.4242640687119285,0,1023.2919921875
49035,10,77,37,31,2,43.6047761810872,1.7788163194185493,0.3414213562373095,0,1023.2919921875
49035,10,77,37,32,2,34.1903829659436,1.6914620694368852,0.482842712474619,0,1023.2919921875
49035,10,77,37,33,2,25.230696956546044,1.5401074079666555,0.3414213562373095,0,1023.2919921875
49035,10,77,37,34,2,32.617702982754494,1.833706772509076,0.4308640753373011,0,1023.2919921875
49035,10,77,37,35,,,,,0,1023.2919921875
49035,10,77,37,36,2,12.002431899196466,1.8285037675747664,0.34017354928337357,0,1023.2919921875
49035,10,77,37,37,2,7.270575099153901,1.6553608004659042,0.3811492475955688,1,1023.2919921875
49035,10,77,37,38,,,,,0,1023.2919921875
49035,10,77,37,39,,,,,0,1023.2919921875
49035,10,77,37,40,,,,,0,1023.2919921875
49035,10,77,37,41,,,,,0,1023.2919921875
49035,10,77,37,42,,,,,0,1023.2919921875
49035,10,77,37,43,,,,,0,1023.2919921875
49035,10,77,37,44,,,,,0,1023.2919921875
49035,10,77,37,45,2,2.7401527526110363,-1.8744241232348113,0.25405592955816786,0,1023.2919921875
49035,10,77,37,46,,,,,0,1023.2919921875
49035,10,77,37,47,,,,,0,1023.2919921875
49035,10,77,37,48,,,,,0,1023.2919921875
49035,10,77,37,49,,,,,0,1023.2919921875
49035,10,77,37,50,,,,,0,1023.2919921875
49035,10,77,37,51,2,12.406787080399262,-3.193473387429763,0.22672597831956315,0,1023.2919921875
49035,10,77,37,52,2,36.74294377981859,1.9997903338868297,0.4308640753373011,0,1023.2919921875
49035,10,77,37,53,2,46.66230166381679,-4.1587416897922385,0.3414213562373095,0,1023.2919921875
49035,10,77,37,54,2,36.673916863626864,-4.147093916159298,0.482842712474619,0,1023.2919921875
49035,10,77,37,55,2,26.694230831312424,-4.126732318258941,0.3414213562373095,0,1023.2919921875
49035,10,77,37,56,2,42.20314618433006,-4.034998933789378,0.4242640687119285,0,1023.2919921875
49035,10,77,37,57,2,32.38381276828145,-3.9838078345450625,0.4242640687119285,0,1023.2919921875
49035,10,77,37,58,2,48.13766630811729,-3.949674061627283,0.382842712474619,0,1023.2919921875
49035,10,77,37,59,2,38.53363075479427,-3.8849725970805906,0.4242640687119285,0,1023.2919921875
49035,10,77,37,60,2,29.196686125346524,-3.7781683511998323,0.482842712474619,0,1023.2919921875
49035,10,77,37,61,2,24.723457919142096,-3.6949988596476215,0.37888543819998316,0,1023.2919921875
49035,10,77,37,62,2,44.95520068782414,-3.8138317636615873,0.4242640687119285,0,1023.2919921875
49035,10,77,37,63,2,35.896738715901755,-3.7083331354871465,0.4242640687119285,0,1023.2919921875
49035,10,77,37,64,2,51.54706042654869,-3.7606707608864385,0.3414213562373095,0,1023.2919921875
49035,10,77,37,65,2,42.71656845035001,-3.66062159900747,0.382842712474619,0,1023.2919921875
49035,10,77,37,66,2,34.529856671127575,-3.510956562408325,0.3414213562373095,0,1023.2919921875
49035,10,78,36,1,2,27.461761914345324,-1.445911848225974,0.613407053921902,0,1023.7589721679688
49035,10,78,36,2,2,24.03716103263616,-1.2489624622907798,0.682842712474619,0,1023.7589721679688
49035,10,78,36,3,2,23.974649353107615,-1.4576066892169057,0.8513997106635237,0,1023.7589721679688
49035,10,78,36,4,2,24.935567222344158,-1.6586287127281722,0.682842712474619,0,1023.7589721679688
49035,10,78,36,5,2,21.37561510633116,-1.3516780398766592,0.848528137423857,0,1023.7589721679688
49035,10,78,36,6,2,21.884140884887255,-1.5821668489252887,0.848528137423857,0,1023.7589721679688
49035,10,78,36,7,2,19.89725960972153,-1.0435414756512515,0.613407053921902,0,1023.7589721679688
49035,10,78,36,8,2,19.080095145034328,-1.2184306946137116,0.8513997106635237,0,1023.7589721679688
49035,10,78,36,9,2,19.001282373543727,-1.4817542948587774,0.848528137423857,0,1023.7589721679688
49035,10,78,36,10,2,20.200183982694924,-1.7301590880379576,0.8513997106635237,0,1023.7589721679688
49035,10,78,36,11,2,21.695541562764255,-1.8814640545751826,0.613407053921902,0,1023.7589721679688
49035,10,78,36,12,2,16.376258467937454,-1.3473911011202993,0.848528137423857,0,1023.7589721679688
49035,10,78,36,13,2,17.03468645159852,-1.6452451884746675,0.848528137423857,0,1023.7589721679688
49035,10,78,36,14,2,14.153266441999977,-1.1665619524889885,0.682842712474619,0,1023.7589721679688
49035,10,78,36,15,2,14.046837796238117,-1.522976248112638,0.8513997106635237,0,1023.7589721679688
49035,10,78,36,16,2,15.630494335413859,-1.84442379086712,0.682842712474619,0,1023.7589721679688
49035,10,78,36,17,2,10.604201819943821,-1.5746895320964898,0.613407053921902,0,1023.7589721679688
49035,10,78,36,18,2,43.82079146434506,-0.6784806923701416,0.37888543819998316,0,1023.7589721679688
49035,10,78,36,19,2,47.56605178701649,-0.44722725183325585,0.3414213562373095,0,1023.7589721679688
49035,10,78,36,20,2,40.08150053074731,-0.5992584703999202,0.482842712474619,0,1023.7589721679688
49035,10,78,36,21,2,33.919376276509844,-0.8132654005951419,0.3414213562373095,0,1023.7589721679688
49035,10,78,36,22,2,40.56837319803933,-0.4240953585906042,0.4242640687119285,0,1023.7589721679688
49035,10,78,36,23,2,33.011972163543305,-0.6033145687561778,0.4242640687119285,0,1023.7589721679688
49035,10,78,36,24,2,46.77670811396323,-0.21024090901775372,0.37888543819998316,0,1023.7589721679688
49035,10,78,36,25,2,42.24996003636566,-0.25800833562701175,0.482842712474619,0,1023.7589721679688
49035,10,78,36,26,2,33.60143635718058,-0.391347014922129,0.4242640687119285,0,1023.7589721679688
49035,10,78,36,27,2,25.94328289667326,-0.6095811282866466,0.482842712474619,0,1023.7589721679688
49035,10,78,36,28,2,22.804662430134773,-0.7697702492463754,0.4538461538461539,0,1023.7589721679688
49035,10,78,36,29,2,35.613519124129766,-0.19507385615364736,0.4242640687119285,0,1023.7589721679688
49035,10,78,36,30,2,26.689326454519577,-0.341557127783362,0.4242640687119285,0,1023.7589721679688
49035,10,78,36,31,2,38.82768295358166,-0.025496147605199138,0.3414213562373095,0,1023.7589721679688
49035,10,78,36,32,2,29.181952740264276,-0.10389044077935639,0.482842712474619,0,1023.7589721679688
49035,10,78,36,33,2,19.889287768197725,-0.2573762688079486,0.3414213562373095,0,1023.7589721679688
49035,10,78,36,34,2,28.068688711261483,0.06663421553713578,0.4308640753373011,0,1023.7589721679688
49035,10,78,36,35,2,3.6707311966428557,-0.4980465220740933,0.35680269384357455,0,1023.7589721679688
49035,10,78,36,36,2,7.8810539007611276,-5.93468026720096,0.30401993338718164,1,1023.7589721679688
49035,10,78,36,37,,,,,0,1023.7589721679688
49035,10,78,36,38,,,,,0,1023.7589721679688
49035,10,78,36,39,,,,,0,1023.7589721679688
49035,10,78,36,40,,,,,0,1023.7589721679688
49035,10,78,36,41,,,,,0,1023.7589721679688
49035,10,78,36,42,,,,,0,1023.7589721679688
49035,10,78,36,43,,,,,0,1023.7589721679688
49035,10,78,36,44,,,,,0,1023.7589721679688
49035,10,78,36,45,2,8.367940235174434,-3.7579719239652456,0.23584093732625938,0,1023.7589721679688
49035,10,78,36,46,,,,,0,1023.7589721679688
49035,10,78,36,47,,,,,0,1023.7589721679688
49035,10,78,36,48,,,,,0,1023.7589721679688
49035,10,78,36,49,,,,,0,1023.7589721679688
49035,10,78,36,50,,,,,0,1023.7589721679688
49035,10,78,36,51,2,14.892111882332864,-4.696465580555347,0.21898771692615504,0,1023.7589721679688
49035,10,78,36,52,2,32.8194683855299,-6.04377760269731,0.4308640753373011,0,1023.7589721679688
49035,10,78,36,53,2,43.236385408037,-5.935932134050409,0.3414213562373095,0,1023.7589721679688
49035,10,78,36,54,2,33.36738565341128,-5.893453462204309,0.482842712474619,0,1023.7589721679688
49035,10,78,36,55,2,23.60889297562762,-5.815604499972803,0.3414213562373095,0,1023.7589721679688
49035,10,78,36,56,2,39.40366283078993,-5.791842381103475,0.4242640687119285,0,1023.7589721679688
49035,10,78,36,57,2,29.944048601913174,-5.697402177438157,0.4242640687119285,0,1023.7589721679688
49035,10,78,36,58,2,45.737455806173514,-5.717772637012805,0.382842712474619,0,1023.7589721679688
49035,10,78,36,59,2,36.5501335950067,-5.621155352437533,0.4242640687119285,0,1023.7589721679688
49035,10,78,36,60,2,27.926862838564585,-5.462500897506512,0.482842712474619,0,1023.7589721679688
49035,10,78,36,61,2,24.018916901050734,-5.342001228788128,0.37888543819998316,0,1023.7589721679688
49035,10,78,36,62,2,43.30333110687833,-5.5684577177754235,0.4242640687119285,0,1023.7589721679688
49035,10,78,36,63,2,34.91669925899495,-5.428274428079513,0.4242640687119285,0,1023.7589721679688
49035,10,78,36,64,2,50.1442389920421,-5.5300547513374525,0.3414213562373095,0,1023.7589721679688
49035,10,78,36,65,2,41.933782398946526,-5.40548292216773,0.382842712474619,0,1023.7589721679688
49035,10,78,36,66,2,34.67620954593163,-5.224827786068598,0.3414213562373095,0,1023.7589721679688
49035,10,79,35,1,2,28.377016069054687,4.435720275089302,0.613407053921902,0,1024.208984375
49035,10,79,35,2,2,24.00201882582029,4.598960460092071,0.682842712474619,0,1024.208984375
49035,10,79,35,3,2,25.017786586263924,4.3988386261447845,0.8513997106635237,0,1024.208984375
49035,10,79,35,4,2,26.93849260141819,4.220779776812072,0.682842712474619,0,1024.208984375
49035,10,79,35,5,2,21.945959472988488,4.473558314555053,0.848528137423857,0,1024.208984375
49035,10,79,35,6,2,23.588511507741824,4.26562347918035,0.848528137423857,0,1024.208984375
49035,10,79,35,7,2,18.901209276966597,4.756468926215236,0.613407053921902,0,1024.208984375
49035,10,79,35,8,2,19.03577234325571,4.571825479372974,0.8513997106635237,0,1024.208984375
49035,10,79,35,9,2,20.30156069530307,4.325142558493612,0.848528137423857,0,1024.208984375
49035,10,79,35,10,2,22.626226035861347,4.11822984360769,0.8513997106635237,0,1024.208984375
49035,10,79,35,11,2,24.729557642595644,3.999895991879315,0.613407053921902,0,1024.208984375
49035,10,79,35,12,2,17.113995973450514,4.407222422224003,0.848528137423857,0,1024.208984375
49035,10,79,35,13,2,19.175025323062698,4.1550840395481305,0.848528137423857,0,1024.208984375
49035,10,79,35,14,2,14.093415118185028,4.525602023510092,0.682842712474619,0,1024.208984375
49035,10,79,35,15,2,15.761252731122033,4.208003174158823,0.8513997106635237,0,1024.208984375
49035,10,79,35,16,2,18.66038117550435,3.9699028022949077,0.682842712474619,0,1024.208984375
49035,10,79,35,17,2,12.788733023515693,4.077765190886092,0.613407053921902,0,1024.208984375
49035,10,79,35,18,2,40.676845697921316,5.289180097859237,0.37888543819998316,0,1024.208984375
49035,10,79,35,19,2,43.488895375717426,5.547172312118411,0.3414213562373095,0,1024.208984375
49035,10,79,35,20,2,36.61788493238963,5.364850564755143,0.482842712474619,0,1024.208984375
49035,10,79,35,21,2,31.471494607713787,5.11160442081195,0.3414213562373095,0,1024.208984375
49035,10,79,35,22,2,36.43268422653125,5.558681840172461,0.4242640687119285,0,1024.208984375
49035,10,79,35,23,2,29.612935617256355,5.335553132951272,0.4242640687119285,0,1024.208984375
49035,10,79,35,24,2,42.00022291628623,5.80717607490073,0.37888543819998316,0,1024.208984375
49035,10,79,35,25,2,37.600684341891316,5.7473849334066465,0.482842712474619,0,1024.208984375
49035,10,79,35,26,2,29.38361684510914,5.5757168369858405,0.4242640687119285,0,1024.208984375
49035,10,79,35,27,2,22.649115100193487,5.288175656774211,0.482842712474619,0,1024.208984375
49035,10,79,35,28,2,20.31686867562588,5.0816330730082795,0.4538461538461539,0,1024.208984375
49035,10,79,35,29,2,30.819927351124527,5.806301067334486,0.4242640687119285,0,1024.208984375
49035,10,79,35,30,2,22.34845403714146,5.603489694600591,0.4242640687119285,0,1024.208984375
49035,10,79,35,31,2,33.70962629512534,6.006859518852875,0.3414213562373095,0,1024.208984375
49035,10,79,35,32,2,24.205874924873847,5.897894712548626,0.482842712474619,0,1024.208984375
49035,10,79,35,33,2,15.346330401769254,5.656684629699951,0.3414213562373095,0,1024.208984375
49035,10,79,35,34,2,22.851435444362433,6.10289969477102,0.4308640753373011,0,1024.208984375
49035,10,79,35,35,2,3.4323327298950894,3.8952750612101887,0.3774930006703193,1,1024.208984375
49035,10,79,35,36,,,,,0,1024.208984375
49035,10,79,35,37,,,,,0,1024.208984375
49035,10,79,35,38,,,,,0,1024.208984375
49035,10,79,35,39,,,,,0,1024.208984375
49035,10,79,35,40,2,6.159849197520142,2.502179575385396,0.5905350201669267,0,1024.208984375
49035,10,79,35,41,,,,,0,1024.208984375
49035,10,79,35,42,,,,,0,1024.208984375
49035,10,79,35,43,2,6.609026679503985,1.9453886137634488,0.5181368301216779,0,1024.208984375
49035,10,79,35,44,,,,,0,1024.208984375
49035,10,79,35,45,2,12.57286316571455,2.6226829570864574,0.3546822457504536,0,1024.208984375
49035,10,79,35,46,,,,,0,1024.208984375
49035,10,79,35,47,,,,,0,1024.208984375
49035,10,79,35,48,,,,,0,1024.208984375
49035,10,79,35,49,,,,,0,1024.208984375
49035,10,79,35,50,,,,,0,1024.208984375
49035,10,79,35,51,2,14.83501126835035,1.7287578220087967,0.289484533339887,0,1024.208984375
49035,10,79,35,52,2,27.54376671583383,0.030955749003982902,0.4308640753373011,0,1024.208984375
49035,10,79,35,53,2,38.01759237463456,0.1519018705481705,0.3414213562373095,0,1024.208984375
49035,10,79,35,54,2,28.194375429959482,0.20908830509073484,0.482842712474619,0,1024.208984375
49035,10,79,35,55,2,18.560934292409254,0.3264261454068107,0.3414213562373095,0,1024.208984375
49035,10,79,35,56,2,34.37140946941098,0.31969853549024396,0.4242640687119285,0,1024.208984375
49035,10,79,35,57,2,25.119300643838507,0.4489269910209277,0.4242640687119285,0,1024.208984375
49035,10,79,35,58,2,40.83950014314973,0.3959788855098818,0.382842712474619,0,1024.208984375
49035,10,79,35,59,2,31.897495949744354,0.5200912962750861,0.4242640687119285,0,1024.208984375
49035,10,79,35,60,2,23.812511916754776,0.7340317562395935,0.482842712474619,0,1024.208984375
49035,10,79,35,61,2,20.41637729241904,0.9006544736423159,0.37888543819998316,0,1024.208984375
49035,10,79,35,62,2,38.780423294393906,0.5661640570853166,0.4242640687119285,0,1024.208984375
49035,10,79,35,63,2,30.878903912120975,0.7435133753420118,0.4242640687119285,0,1024.208984375
49035,10,79,35,64,2,45.72080723172745,0.5983012574691489,0.3414213562373095,0,1024.208984375
49035,10,79,35,65,2,37.94703795874471,0.7494632235818601,0.382842712474619,0,1024.208984375
49035,10,79,35,66,2,31.457322927484515,0.9701159667793742,0.3414213562373095,0,1024.208984375
49035,10,80,40,1,2,27.626869932796037,0.4465105685858589,0.613407053921902,0,1024.8590087890625
49035,10,80,40,2,2,23.837394797818607,0.6332162281095856,0.682842712474619,0,1024.8590087890625
49035,10,80,40,3,2,24.17127192062895,0.42500449041891,0.8513997106635237,0,1024.8590087890625
49035,10,80,40,4,2,25.500576106725543,0.23055273337708015,0.682842712474619,0,1024.8590087890625
49035,10,80,40,5,2,21.38067698852993,0.5205332271112727,0.848528137423857,0,1024.8590087890625
49035,10,80,40,6,2,22.319550712363572,0.29524386851218354,0.848528137423857,0,1024.8590087890625
49035,10,80,40,7,2,19.327338509349385,0.8250897204878257,0.613407053921902,0,1024.8590087890625
49035,10,80,40,8,2,18.841876517871594,0.6432032351263045,0.8513997106635237,0,1024.8590087890625
49035,10,80,40,9,2,19.262536339450133,0.38092987505923437,0.848528137423857,0,1024.8590087890625
49035,10,80,40,10,2,20.906322052014623,0.14507537173868912,0.8513997106635237,0,1024.8590087890625
49035,10,80,40,11,2,22.650487822611993,0.00551733265494514,0.613407053921902,0,1024.8590087890625
49035,10,80,40,12,2,16.39903254632738,0.4976733202071789,0.848528137423857,0,1024.8590087890625
49035,10,80,40,13,2,17.605603198113396,0.2111274826012074,0.848528137423857,0,1024.8590087890625
49035,10,80,40,14,2,13.84959315945318,0.6603930538756474,0.682842712474619,0,1024.8590087890625
49035,10,80,40,15,2,14.416664877713163,0.30699005173583405,0.8513997106635237,0,1024.8590087890625
49035,10,80,40,16,2,16.548994583061663,0.013140015878251643,0.682842712474619,0,1024.8590087890625
49035,10,80,40,17,2,11.106154607857945,0.21718218825496816,0.613407053921902,0,1024.8590087890625
49035,10,80,40,18,2,42.59679064486181,1.2490605425311978,0.37888543819998316,0,1024.8590087890625
49035,10,80,40,19,2,46.03502473315297,1.4898843441580887,0.3414213562373095,0,1024.8590087890625
49035,10,80,40,20,2,38.74637393627742,1.327594904841309,0.482842712474619,0,1024.8590087890625
49035,10,80,40,21,2,32.91412286903101,1.099636199631878,0.3414213562373095,0,1024.8590087890625
49035,10,80,40,22,2,39.0134261205495,1.5095867751416159,0.4242640687119285,0,1024.8590087890625
49035,10,80,40,23,2,31.687622326255493,1.3156893700024588,0.4242640687119285,0,1024.8590087890625
49035,10,80,40,24,2,45.01982170781436,1.7350725140015504,0.37888543819998316,0,1024.8590087890625
49035,10,80,40,25,2,40.531633844656554,1.6834788754547296,0.482842712474619,0,1024.8590087890625
49035,10,80,40,26,2,32.01361168542439,1.5379204910339257,0.4242640687119285,0,1024.8590087890625
49035,10,80,40,27,2,24.635935626092483,1.296964188527567,0.482842712474619,0,1024.8590087890625
49035,10,80,40,28,2,21.747604918401677,1.1204094107085267,0.4538461538461539,0,1024.8590087890625
49035,10,80,40,29,2,33.84726366486479,1.745756826726009,0.4242640687119285,0,1024.8590087890625
49035,10,80,40,30,2,25.053846982583497,1.5820496917141447,0.4242640687119285,0,1024.8590087890625
49035,10,80,40,31,2,36.964891208450915,1.92542646167001,0.3414213562373095,0,1024.8590087890625
49035,10,80,40,32,2,27.358018442139475,1.8380948015318186,0.482842712474619,0,1024.8590087890625
49035,10,80,40,33,2,18.18018603062894,1.6598102210519743,0.3414213562373095,0,1024.8590087890625
49035,10,80,40,34,2,26.177396605623237,2.0198995193437885,0.4308640753373011,0,1024.8590087890625
49035,10,80,40,35,,,,,0,1024.8590087890625
49035,10,80,40,36,,,,,0,1024.8590087890625
49035,10,80,40,37,,,,,0,1024.8590087890625
49035,10,80,40,38,,,,,0,1024.8590087890625
49035,10,80,40,39,,,,,0,1024.8590087890625
49035,10,80,40,40,2,4.013470857762654,-2.1351791290011204,0.5781102225580823,1,1024.8590087890625
49035,10,80,40,41,,,,,0,1024.8590087890625
49035,10,80,40,42,,,,,0,1024.8590087890625
49035,10,80,40,43,2,6.2442702178059015,-2.6901861364406563,0.7071067811865475,0,1024.8590087890625
49035,10,80,40,44,,,,,0,1024.8590087890625
49035,10,80,40,45,2,9.797459003570006,-1.6577089218065868,0.36014165410527055,0,1024.8590087890625
49035,10,80,40,46,2,9.320615472158769,-2.9190848827027693,0.7195315787953919,0,1024.8590087890625
49035,10,80,40,47,,,,,0,1024.8590087890625
49035,10,80,40,48,2,12.639495045559103,-3.0314185793629624,0.5881104528157366,0,1024.8590087890625
49035,10,80,40,49,,,,,0,1024.8590087890625
49035,10,80,40,50,,,,,0,1024.8590087890625
49035,10,80,40,51,2,14.706878475665224,-2.60705606976679,0.43533959677349143,0,1024.8590087890625
49035,10,80,40,52,2,30.91960571388048,-4.078659490538716,0.4308640753373011,0,1024.8590087890625
49035,10,80,40,53,2,41.36132186526018,-3.9668516699221548,0.3414213562373095,0,1024.8590087890625
49035,10,80,40,54,2,31.508997722388468,-3.919418009016783,0.482842712474619,0,1024.8590087890625
49035,10,80,40,55,2,21.791625191740835,-3.829298965533873,0.3414213562373095,0,1024.8590087890625
49035,10,80,40,56,2,37.59764436667831,-3.814904566309665,0.4242640687119285,0,1024.8590087890625
49035,10,80,40,57,2,28.207106426414054,-3.7092932312591875,0.4242640687119285,0,1024.8590087890625
49035,10,80,40,58,2,43.981232206214415,-3.740095612806092,0.382842712474619,0,1024.8590087890625
49035,10,80,40,59,2,34.877023631680274,-3.6344219738868007,0.4242640687119285,0,1024.8590087890625
49035,10,80,40,60,2,26.42848403583937,-3.4579771090748124,0.482842712474619,0,1024.8590087890625
49035,10,80,40,61,2,22.68245498059089,-3.322614206507064,0.37888543819998316,0,1024.8590087890625
49035,10,80,40,62,2,41.67940380881809,-3.5837775071982376,0.4242640687119285,0,1024.8590087890625
49035,10,80,40,63,2,33.454905363583855,-3.431295539744739,0.4242640687119285,0,1024.8590087890625
49035,10,80,40,64,2,48.55861021808857,-3.5474098570796615,0.3414213562373095,0,1024.8590087890625
49035,10,80,40,65,2,40.49687169819525,-3.4138841852165056,0.382842712474619,0,1024.8590087890625
49035,10,80,40,66,2,33.497083580036026,-3.219676594693936,0.3414213562373095,0,1024.8590087890625
49035,10,81,46,1,2,30.48541952582669,2.1733566997479907,0.613407053921902,0,1025.8089599609375
49035,10,81,46,2,2,26.588364699156884,2.3385277043426638,0.682842712474619,0,1025.8089599609375
49035,10,81,46,3,2,27.036890225397343,2.152525711325982,0.8513997106635237,0,1025.8089599609375
49035,10,81,46,4,2,28.373327770020225,1.9783490397404329,0.682842712474619,0,1025.8089599609375
49035,10,81,46,5,2,24.207980217561996,2.235442249721011,0.848528137423857,0,1025.8089599609375
49035,10,81,46,6,2,25.200765899049326,2.036711802495499,0.848528137423857,0,1025.8089599609375
49035,10,81,46,7,2,21.88544201948385,2.4999649869369827,0.613407053921902,0,1025.8089599609375
49035,10,81,46,8,2,21.588403817039357,2.33935323033432,0.8513997106635237,0,1025.8089599609375
49035,10,81,46,9,2,22.138461442755542,2.11153865075538,0.848528137423857,0,1025.8089599609375
49035,10,81,46,10,2,23.752131919833815,1.9047938425542301,0.8513997106635237,0,1025.8089599609375
49035,10,81,46,11,2,25.411618951112864,1.7792803695288741,0.613407053921902,0,1025.8089599609375
49035,10,81,46,12,2,19.239135848734485,2.2096178226953755,0.848528137423857,0,1025.8089599609375
49035,10,81,46,13,2,20.474292268375844,1.9648894977716909,0.848528137423857,0,1025.8089599609375
49035,10,81,46,14,2,16.588466516219842,2.3406764020708417,0.682842712474619,0,1025.8089599609375
49035,10,81,46,15,2,17.2982518493795,2.0474506054140926,0.8513997106635237,0,1025.8089599609375
49035,10,81,46,16,2,19.3205023932965,1.7966603513671613,0.682842712474619,0,1025.8089599609375
49035,10,81,46,17,2,13.977200951517174,1.9763831784896633,0.613407053921902,0,1025.8089599609375
49035,10,81,46,18,2,44.36714521993639,2.9361434565274087,0.37888543819998316,0,1025.8089599609375
49035,10,81,46,19,2,47.217126401227375,3.172898874606736,0.3414213562373095,0,1025.8089599609375
49035,10,81,46,20,2,40.34304917775938,3.0063018063227873,0.482842712474619,0,1025.8089599609375
49035,10,81,46,21,2,35.009515968215574,2.7807434982224457,0.3414213562373095,0,1025.8089599609375
49035,10,81,46,22,2,40.15753183733389,3.182145701229716,0.4242640687119285,0,1025.8089599609375
49035,10,81,46,23,2,33.32764550093682,2.982152051832244,0.4242640687119285,0,1025.8089599609375
49035,10,81,46,24,2,45.53724644605824,3.4118433552024543,0.37888543819998316,0,1025.8089599609375
49035,10,81,46,25,2,41.203071603629965,3.35428215454877,0.482842712474619,0,1025.8089599609375
49035,10,81,46,26,2,33.10283524025528,3.1953353575145216,0.4242640687119285,0,1025.8089599609375
49035,10,81,46,27,2,26.342025212825153,2.945161644969642,0.482842712474619,0,1025.8089599609375
49035,10,81,46,28,2,23.831797833943003,2.77236159272374,0.4538461538461539,0,1025.8089599609375
49035,10,81,46,29,2,34.36369373700767,3.401996678804813,0.4242640687119285,0,1025.8089599609375
49035,10,81,46,30,2,26.05701515178761,3.215663286901724,0.4242640687119285,0,1025.8089599609375
49035,10,81,46,31,2,36.95847931880089,3.5868342600846614,0.3414213562373095,0,1025.8089599609375
49035,10,81,46,32,2,27.641161063310314,3.473154997195035,0.482842712474619,0,1025.8089599609375
49035,10,81,46,33,2,19.02993369135823,3.251028940182752,0.3414213562373095,0,1025.8089599609375
49035,10,81,46,34,2,25.94516962596409,3.6490208200139405,0.4308640753373011,0,1025.8089599609375
49035,10,81,46,35,,,,,0,1025.8089599609375
49035,10,81,46,36,,,,,0,1025.8089599609375
49035,10,81,46,37,,,,,0,1025.8089599609375
49035,10,81,46,38,,,,,0,1025.8089599609375
49035,10,81,46,39,2,2.7503127985732716,-2.0395035089789113,0.765685424949238,0,1025.8089599609375
49035,10,81,46,40,,,,,0,1025.8089599609375
49035,10,81,46,41,,,,,0,1025.8089599609375
49035,10,81,46,42,2,6.131646894895569,-1.7873481397634876,0.765685424949238,0,1025.8089599609375
49035,10,81,46,43,2,3.4131201749274678,-0.8343993920639582,0.765685424949238,0,1025.8089599609375
49035,10,81,46,44,,,,,0,1025.8089599609375
49035,10,81,46,45,2,9.071289433850154,0.37857238678996286,0.29494394169470395,0,1025.8089599609375
49035,10,81,46,46,2,6.45618017733268,-1.220225518581414,0.848528137423857,1,1025.8089599609375
49035,10,81,46,47,,,,,0,1025.8089599609375
49035,10,81,46,48,2,9.834385371535426,-1.3512068947486684,0.6466890965784271,0,1025.8089599609375
49035,10,81,46,49,,,,,0,1025.8089599609375
49035,10,81,46,50,,,,,0,1025.8089599609375
49035,10,81,46,51,2,11.912181190496376,-0.8145851560713105,0.43533959677349143,0,1025.8089599609375
49035,10,81,46,52,2,30.136648340972204,3.8530354268751403,0.4308640753373011,0,1025.8089599609375
49035,10,81,46,53,2,40.23966977809312,-2.2925366414566746,0.3414213562373095,0,1025.8089599609375
49035,10,81,46,54,2,30.287548847993794,-2.2645389448087827,0.482842712474619,0,1025.8089599609375
49035,10,81,46,55,2,20.382350369602598,-2.2092437942750127,0.3414213562373095,0,1025.8089599609375
49035,10,81,46,56,2,36.08879828322056,-2.1421754497498973,0.4242640687119285,0,1025.8089599609375
49035,10,81,46,57,2,26.46707299450795,-2.053994697458561,0.4242640687119285,0,1025.8089599609375
49035,10,81,46,58,2,42.27844732052439,-2.0546231328499016,0.382842712474619,0,1025.8089599609375
49035,10,81,46,59,2,32.948015102642906,-1.958193127002914,0.4242640687119285,0,1025.8089599609375
49035,10,81,46,60,2,24.159393423130766,-1.788896429296337,0.482842712474619,0,1025.8089599609375
49035,10,81,46,61,2,20.19229026778361,-1.6509968565223292,0.37888543819998316,0,1025.8089599609375
49035,10,81,46,62,2,39.63126853270481,-1.894267960066565,0.4242640687119285,0,1025.8089599609375
49035,10,81,46,63,2,31.12462107208676,-1.7444443369012195,0.4242640687119285,0,1025.8089599609375
49035,10,81,46,64,2,46.42955084661848,-1.8489197989962713,0.3414213562373095,0,1025.8089599609375
49035,10,81,46,65,2,38.12883139027946,-1.7162839183877128,0.382842712474619,0,1025.8089599609375
49035,10,81,46,66,2,30.85307722996183,-1.51593256616664,0.3414213562373095,0,1025.8089599609375
49035,10,82,42,1,2,35.767298843178544,3.872521692312301,0.613407053921902,0,1026.458984375
49035,10,82,42,2,2,32.03353610391476,4.01527470353744,0.682842712474619,0,1026.458984375
49035,10,82,42,3,2,32.29379872205567,3.859872942360721,0.8513997106635237,0,1026.458984375
49035,10,82,42,4,2,33.311130819599605,3.710477022779326,0.682842712474619,0,1026.458984375
49035,10,82,42,5,2,29.570322709703653,3.9328447455515483,0.848528137423857,0,1026.458984375
49035,10,82,42,6,2,30.26790355699994,3.767161245282903,0.848528137423857,0,1026.458984375
49035,10,82,42,7,2,27.366935049535652,4.1482250032959485,0.613407053921902,0,1026.458984375
49035,10,82,42,8,2,27.035505070395608,4.020042383864942,0.8513997106635237,0,1026.458984375
49035,10,82,42,9,2,27.34338192307639,3.836234854284742,0.848528137423857,0,1026.458984375
49035,10,82,42,10,2,28.53773879569043,3.662204726790238,0.8513997106635237,0,1026.458984375
49035,10,82,42,11,2,29.847477883012804,3.5509370187281872,0.613407053921902,0,1026.458984375
49035,10,82,42,12,2,24.579973235270046,3.921327477131594,0.848528137423857,0,1026.458984375
49035,10,82,42,13,2,25.414898874999004,3.7237667333681275,0.848528137423857,0,1026.458984375
49035,10,82,42,14,2,22.038367305723053,4.026972402846724,0.682842712474619,0,1026.458984375
49035,10,82,42,15,2,22.414986818684433,3.8021754915809494,0.8513997106635237,0,1026.458984375
49035,10,82,42,16,2,23.85736017797507,3.594779039594874,0.682842712474619,0,1026.458984375
49035,10,82,42,17,2,18.987401176706626,3.767841632638933,0.613407053921902,0,1026.458984375
49035,10,82,42,18,2,49.32438782428514,4.54055293898991,0.37888543819998316,0,1026.458984375
49035,10,82,42,19,2,51.5187570907082,4.7584597025200335,0.3414213562373095,0,1026.458984375
49035,10,82,42,20,2,45.140517645803136,4.598581166729446,0.482842712474619,0,1026.458984375
49035,10,82,42,21,2,40.263511204199915,4.393444952570519,0.3414213562373095,0,1026.458984375
49035,10,82,42,22,2,44.4487956174496,4.7558459047628485,0.4242640687119285,0,1026.458984375
49035,10,82,42,23,2,38.19920723001296,4.56610755253007,0.4242640687119285,0,1026.458984375
49035,10,82,42,24,2,48.95898824294385,4.975588610761722,0.37888543819998316,0,1026.458984375
49035,10,82,42,25,2,44.87454211858377,4.914050596783127,0.482842712474619,0,1026.458984375
49035,10,82,42,26,2,37.379252687984774,4.7522433782275275,0.4242640687119285,0,1026.458984375
49035,10,82,42,27,2,31.316010803930386,4.51928953028848,0.482842712474619,0,1026.458984375
49035,10,82,42,28,2,29.11072883408656,4.370529844655298,0.4538461538461539,0,1026.458984375
49035,10,82,42,29,2,37.88453022043376,4.939943625441201,0.4242640687119285,0,1026.458984375
49035,10,82,42,30,2,30.310421164718694,4.746960430712771,0.4242640687119285,0,1026.458984375
49035,10,82,42,31,2,39.66442648688748,5.116712277757846,0.3414213562373095,0,1026.458984375
49035,10,82,42,32,2,30.931387451799978,4.9775132731254255,0.482842712474619,0,1026.458984375
49035,10,82,42,33,2,23.242950132309733,4.738464345399768,0.3414213562373095,0,1026.458984375
49035,10,82,42,34,2,28.4872222019618,5.124589045437498,0.4308640753373011,0,1026.458984375
49035,10,82,42,35,,,,,0,1026.458984375
49035,10,82,42,36,,,,,0,1026.458984375
49035,10,82,42,37,,,,,0,1026.458984375
49035,10,82,42,38,,,,,0,1026.458984375
49035,10,82,42,39,2,5.614043108942293,4.623536210455188,0.7195315787953919,0,1026.458984375
49035,10,82,42,40,,,,,0,1026.458984375
49035,10,82,42,41,2,9.5426740947467,5.346684732956548,0.6034068236642477,0,1026.458984375
49035,10,82,42,42,2,6.167011373788241,5.226084328607396,0.7685569981889047,1,1026.458984375
49035,10,82,42,43,2,2.1849553460580178,4.377071726663552,0.6242640687119285,0,1026.458984375
49035,10,82,42,44,,,,,0,1026.458984375
49035,10,82,42,45,2,7.936336109943006,2.676429891754314,0.289484533339887,0,1026.458984375
49035,10,82,42,46,,,,,0,1026.458984375
49035,10,82,42,47,,,,,0,1026.458984375
49035,10,82,42,48,2,6.542409982186204,-0.2504703615760082,0.5276927682076162,0,1026.458984375
49035,10,82,42,49,,,,,0,1026.458984375
49035,10,82,42,50,,,,,0,1026.458984375
49035,10,82,42,51,2,6.529540436986892,0.7210889877348288,0.3828974682400163,0,1026.458984375
49035,10,82,42,52,2,31.61567534142972,5.336287188454719,0.4308640753373011,0,1026.458984375
49035,10,82,42,53,2,40.87588562007673,5.510780126189324,0.3414213562373095,0,1026.458984375
49035,10,82,42,54,2,30.89210297770716,5.494759620685166,0.482842712474619,0,1026.458984375
49035,10,82,42,55,2,20.923814842062896,5.463458862097262,0.3414213562373095,0,1026.458984375
49035,10,82,42,56,2,35.94928545737739,-0.6399872511695288,0.4242640687119285,0,1026.458984375
49035,10,82,42,57,2,25.996829153873243,-0.6081263757419317,0.4242640687119285,0,1026.458984375
49035,10,82,42,58,2,41.59783916751864,-0.5299337002565365,0.382842712474619,0,1026.458984375
49035,10,82,42,59,2,31.841234658323412,-0.46967110938621426,0.4242640687119285,0,1026.458984375
49035,10,82,42,60,2,22.301305471341447,-0.3570958141998193,0.482842712474619,0,1026.458984375
49035,10,82,42,61,2,17.722590846315835,-0.2560081900963014,0.37888543819998316,0,1026.458984375
49035,10,82,42,62,2,38.1037179692108,-0.3753697558647846,0.4242640687119285,0,1026.458984375
49035,10,82,42,63,2,28.90289473801588,-0.25726171744099124,0.4242640687119285,0,1026.458984375
49035,10,82,42,64,2,44.608546508353086,-0.3081071932537065,0.3414213562373095,0,1026.458984375
49035,10,82,42,65,2,35.68482062092464,-0.1949334254308268,0.382842712474619,0,1026.458984375
49035,10,82,42,66,2,27.511641606913177,-0.01078107350613422,0.3414213562373095,0,1026.458984375
49035,10,83,39,1,2,36.8404606445376,-1.5715501040387017,0.613407053921902,0,1026.8590087890625
49035,10,83,39,2,2,32.39666263236046,-1.4503773207821624,0.682842712474619,0,1026.8590087890625
49035,10,83,39,3,2,33.47364111601722,-1.598783230804397,0.8513997106635237,0,1026.8590087890625
49035,10,83,39,4,2,35.23386935056745,-1.7351607697934759,0.682842712474619,0,1026.8590087890625
49035,10,83,39,5,2,30.408351631905155,-1.5435541057307827,0.848528137423857,0,1026.8590087890625
49035,10,83,39,6,2,31.94696775624452,-1.696338512363659,0.848528137423857,0,1026.8590087890625
49035,10,83,39,7,2,27.09137166112123,-1.348486351654833,0.613407053921902,0,1026.8590087890625
49035,10,83,39,8,2,27.45634805241329,-1.4762043670007279,0.8513997106635237,0,1026.8590087890625
49035,10,83,39,9,2,28.719191287781715,-1.6487037422403508,0.848528137423857,0,1026.8590087890625
49035,10,83,39,10,2,30.75276976262683,-1.802556327268341,0.8513997106635237,0,1026.8590087890625
49035,10,83,39,11,2,32.55981385031849,-1.8973171015032853,0.613407053921902,0,1026.8590087890625
49035,10,83,39,12,2,25.57293779818555,-1.5891834165700889,0.848528137423857,0,1026.8590087890625
49035,10,83,39,13,2,27.38459507604239,-1.7655142276146378,0.848528137423857,0,1026.8590087890625
49035,10,83,39,14,2,22.542367822292704,-1.5133259892507431,0.682842712474619,0,1026.8590087890625
49035,10,83,39,15,2,24.064481022545976,-1.7181700839352327,0.8513997106635237,0,1026.8590087890625
49035,10,83,39,16,2,26.45827180171474,-1.8923581577293036,0.682842712474619,0,1026.8590087890625
49035,10,83,39,17,2,20.90130034104745,-1.7849806519165514,0.613407053921902,0,1026.8590087890625
49035,10,83,39,18,2,46.75708131555833,-0.856469893605253,0.37888543819998316,0,1026.8590087890625
49035,10,83,39,19,2,47.94424003060364,-0.6211256273235226,0.3414213562373095,0,1026.8590087890625
49035,10,83,39,20,2,42.31467773491856,-0.8048781485140455,0.482842712474619,0,1026.8590087890625
49035,10,83,39,21,2,38.50212658422764,-1.034418337932162,0.3414213562373095,0,1026.8590087890625
49035,10,83,39,22,2,40.91330285642254,-0.6381113173115884,0.4242640687119285,0,1026.8590087890625
49035,10,83,39,23,2,35.57780418068587,-0.8602494015729558,0.4242640687119285,0,1026.8590087890625
49035,10,83,39,24,2,44.568193250161656,-0.3900364430668142,0.37888543819998316,0,1026.8590087890625
49035,10,83,39,25,2,40.7095166936761,-0.46470352774503754,0.482842712474619,0,1026.8590087890625
49035,10,83,39,26,2,33.89906413355049,-0.6621357321369965,0.4242640687119285,0,1026.8590087890625
49035,10,83,39,27,2,29.00048876878535,-0.9410884597962206,0.482842712474619,0,1026.8590087890625
49035,10,83,39,28,2,27.603790476624457,-1.110976821953435,0.4538461538461539,0,1026.8590087890625
49035,10,83,39,29,2,33.65282971671044,-0.4525256238954798,0.4242640687119285,0,1026.8590087890625
49035,10,83,39,30,2,26.914582434802615,-0.6986602506829551,0.4242640687119285,0,1026.8590087890625
49035,10,83,39,31,2,34.869461520838684,-0.24883211785329085,0.3414213562373095,0,1026.8590087890625
49035,10,83,39,32,2,26.603780679653894,-0.43389018905430365,0.482842712474619,0,1026.8590087890625
49035,10,83,39,33,2,19.991071660844042,-0.7606211181931335,0.3414213562373095,0,1026.8590087890625
49035,10,83,39,34,2,23.70798272969263,-0.27140993914679346,0.4308640753373011,0,1026.8590087890625
49035,10,83,39,35,,,,,0,1026.8590087890625
49035,10,83,39,36,,,,,0,1026.8590087890625
49035,10,83,39,37,,,,,0,1026.8590087890625
49035,10,83,39,38,,,,,0,1026.8590087890625
49035,10,83,39,39,2,5.02627520357198,-1.7378237367745875,0.563179972727508,1,1026.8590087890625
49035,10,83,39,40,,,,,0,1026.8590087890625
49035,10,83,39,41,2,4.420182341652448,-0.2244800917649603,0.43533959677349143,0,1026.8590087890625
49035,10,83,39,42,,,,,0,1026.8590087890625
49035,10,83,39,43,2,5.038605132043064,-2.4556833444021833,0.5419111275354579,0,1026.8590087890625
49035,10,83,39,44,,,,,0,1026.8590087890625
49035,10,83,39,45,2,13.256585963959397,-2.7221518364484814,0.289484533339887,0,1026.8590087890625
49035,10,83,39,46,,,,,0,1026.8590087890625
49035,10,83,39,47,,,,,0,1026.8590087890625
49035,10,83,39,48,2,2.958705880615887,-4.587308626620315,0.46911412444492573,0,1026.8590087890625
49035,10,83,39,49,,,,,0,1026.8590087890625
49035,10,83,39,50,,,,,0,1026.8590087890625
49035,10,83,39,51,2,7.903160722086059,-3.829360091900756,0.3701418843629248,0,1026.8590087890625
49035,10,83,39,52,2,26.37109864838294,-0.008681813485051926,0.4308640753373011,0,1026.8590087890625
49035,10,83,39,53,2,35.4663268874174,0.20432834905769726,0.3414213562373095,0,1026.8590087890625
49035,10,83,39,54,2,25.490040066328316,0.18143715809184968,0.482842712474619,0,1026.8590087890625
49035,10,83,39,55,2,15.544257533922254,0.129188600672419,0.3414213562373095,0,1026.8590087890625
49035,10,83,39,56,2,30.546825389790722,-5.924389153223294,0.4242640687119285,0,1026.8590087890625
49035,10,83,39,57,2,20.61529386383418,-5.877833001356507,0.4242640687119285,0,1026.8590087890625
49035,10,83,39,58,2,36.2832597792109,-5.800121956383716,0.382842712474619,0,1026.8590087890625
49035,10,83,39,59,2,26.61497210037199,-5.717903323284885,0.4242640687119285,0,1026.8590087890625
49035,10,83,39,60,2,17.327392752559614,-5.545073714280294,0.482842712474619,0,1026.8590087890625
49035,10,83,39,61,2,13.08355607051819,-5.369255468947788,0.37888543819998316,0,1026.8590087890625
49035,10,83,39,62,2,33.04123391634943,-5.618379609061983,0.4242640687119285,0,1026.8590087890625
49035,10,83,39,63,2,24.15791668196568,-5.455665434946887,0.4242640687119285,0,1026.8590087890625
49035,10,83,39,64,2,39.687397716734466,-5.551698214437373,0.3414213562373095,0,1026.8590087890625
49035,10,83,39,65,2,31.096162741150813,-5.405891184498245,0.382842712474619,0,1026.8590087890625
49035,10,83,39,66,2,23.640074807876815,-5.159488233358891,0.3414213562373095,0,1026.8590087890625
49035,10,84,43,1,2,35.65346147155043,-0.1032610086836192,0.613407053921902,0,1027.0570068359375
49035,10,84,43,2,2,31.20379290365465,0.022062635313431667,0.682842712474619,0,1027.0570068359375
49035,10,84,43,3,2,32.29047898583315,-0.13184159771915094,0.8513997106635237,0,1027.0570068359375
49035,10,84,43,4,2,34.083329865124625,-0.2726524795349792,0.682842712474619,0,1027.0570068359375
49035,10,84,43,5,2,29.21841304881089,-0.07486127202306547,0.848528137423857,0,1027.0570068359375
49035,10,84,43,6,2,30.78496390531076,-0.23334728729211007,0.848528137423857,0,1027.0570068359375
49035,10,84,43,7,2,25.90767164287556,0.1287979543808211,0.613407053921902,0,1027.0570068359375
49035,10,84,43,8,2,26.26321170472707,-0.004784828353746606,0.8513997106635237,0,1027.0570068359375
49035,10,84,43,9,2,27.545501095599562,-0.1847064882023144,0.848528137423857,0,1027.0570068359375
49035,10,84,43,10,2,29.626896094056843,-0.34401464116549607,0.8513997106635237,0,1027.0570068359375
49035,10,84,43,11,2,31.47700448359556,-0.4413432807390718,0.613407053921902,0,1027.0570068359375
49035,10,84,43,12,2,24.38842468393699,-0.12329390566600407,0.848528137423857,0,1027.0570068359375
49035,10,84,43,13,2,26.244877597817652,-0.3070563756534075,0.848528137423857,0,1027.0570068359375
49035,10,84,43,14,2,21.350313499348378,-0.04402814436953362,0.682842712474619,0,1027.0570068359375
49035,10,84,43,15,2,22.909260749330635,-0.2592535904055051,0.8513997106635237,0,1027.0570068359375
49035,10,84,43,16,2,25.373856026256338,-0.4399372705418304,0.682842712474619,0,1027.0570068359375
49035,10,84,43,17,2,19.76967238757442,-0.3319579348773509,0.613407053921902,0,1027.0570068359375
49035,10,84,43,18,2,45.7878345068432,0.6301960067128085,0.37888543819998316,0,1027.0570068359375
49035,10,84,43,19,2,47.16575773989513,0.8695164594775247,0.3414213562373095,0,1027.0570068359375
49035,10,84,43,20,2,41.383636697361496,0.684580623088402,0.482842712474619,0,1027.0570068359375
49035,10,84,43,21,2,37.42461849397977,0.4507085343258128,0.3414213562373095,0,1027.0570068359375
49035,10,84,43,22,2,40.120900316568,0.855533593365829,0.4242640687119285,0,1027.0570068359375
49035,10,84,43,23,2,34.60756167852213,0.6311687772902397,0.4242640687119285,0,1027.0570068359375
49035,10,84,43,24,2,44.02010400447053,1.1055187596423413,0.37888543819998316,0,1027.0570068359375
49035,10,84,43,25,2,40.08450945346303,1.032084446034369,0.482842712474619,0,1027.0570068359375
49035,10,84,43,26,2,33.08722685940141,0.8356003828218703,0.4242640687119285,0,1027.0570068359375
49035,10,84,43,27,2,27.977870976295208,0.5521195811431254,0.482842712474619,0,1027.0570068359375
49035,10,84,43,28,2,26.490745665733638,0.3765452533986715,0.4538461538461539,0,1027.0570068359375
49035,10,84,43,29,2,33.043090611476934,1.0498583846508762,0.4242640687119285,0,1027.0570068359375
49035,10,84,43,30,2,26.07378991015695,0.8049254858859813,0.4242640687119285,0,1027.0570068359375
49035,10,84,43,31,2,34.48082210549882,1.2553301177494511,0.3414213562373095,0,1027.0570068359375
49035,10,84,43,32,2,26.017758861819424,1.077243954609912,0.482842712474619,0,1027.0570068359375
49035,10,84,43,33,2,19.102891386188396,0.75177824326966,0.3414213562373095,0,1027.0570068359375
49035,10,84,43,34,2,23.30243278425941,1.2479626972834466,0.4308640753373011,0,1027.0570068359375
49035,10,84,43,35,,,,,0,1027.0570068359375
49035,10,84,43,36,,,,,0,1027.0570068359375
49035,10,84,43,37,,,,,0,1027.0570068359375
49035,10,84,43,38,,,,,0,1027.0570068359375
49035,10,84,43,39,,,,,0,1027.0570068359375
49035,10,84,43,40,,,,,0,1027.0570068359375
49035,10,84,43,41,2,4.196081000221186,1.5201099479230609,0.3828974682400163,0,1027.0570068359375
49035,10,84,43,42,,,,,0,1027.0570068359375
49035,10,84,43,43,2,4.489351446816749,-1.2072263576856415,0.6242640687119285,1,1027.0570068359375
49035,10,84,43,44,,,,,0,1027.0570068359375
49035,10,84,43,45,2,12.930640241908133,-1.338217655298372,0.3728972379823621,0,1027.0570068359375
49035,10,84,43,46,,,,,0,1027.0570068359375
49035,10,84,43,47,2,7.084719184963492,-1.6362158480543567,0.7195315787953919,0,1027.0570068359375
49035,10,84,43,48,2,4.151569862812907,-3.1231272840299162,0.5276927682076162,0,1027.0570068359375
49035,10,84,43,49,2,6.019457939564006,-2.158363945883285,0.7685569981889047,0,1027.0570068359375
49035,10,84,43,50,,,,,0,1027.0570068359375
49035,10,84,43,51,2,8.788605811923828,-2.4537297110723477,0.6034068236642477,0,1027.0570068359375
49035,10,84,43,52,2,26.26946192021657,1.508116751969628,0.4308640753373011,0,1027.0570068359375
49035,10,84,43,53,2,35.61134010298019,1.709281660264056,0.3414213562373095,0,1027.0570068359375
49035,10,84,43,54,2,25.615702743646388,1.6995026076655961,0.482842712474619,0,1027.0570068359375
49035,10,84,43,55,2,15.625649112007492,1.6772143526936072,0.3414213562373095,0,1027.0570068359375
49035,10,84,43,56,2,30.874673811453196,-4.4154032283504625,0.4242640687119285,0,1027.0570068359375
49035,10,84,43,57,2,21.00576506781796,-4.352019740998857,0.4242640687119285,0,1027.0570068359375
49035,10,84,43,58,2,36.746792225668,-4.298383808092469,0.382842712474619,0,1027.0570068359375
49035,10,84,43,59,2,27.172107426497895,-4.2070392961339484,0.4242640687119285,0,1027.0570068359375
49035,10,84,43,60,2,18.06433240166571,-4.020401263046281,0.482842712474619,0,1027.0570068359375
49035,10,84,43,61,2,13.975637612582595,-3.8390246130636756,0.37888543819998316,0,1027.0570068359375
49035,10,84,43,62,2,33.695766468651854,-4.116853326721325,0.4242640687119285,0,1027.0570068359375
49035,10,84,43,63,2,24.96800674925114,-3.9483681549958733,0.4242640687119285,0,1027.0570068359375
49035,10,84,43,64,2,40.40403363307559,-4.05624747033495,0.3414213562373095,0,1027.0570068359375
49035,10,84,43,65,2,31.944993613138056,-3.9076586719897373,0.382842712474619,0,1027.0570068359375
49035,10,84,43,66,2,24.667373189380314,-3.6627300453169767,0.3414213562373095,0,1027.0570068359375
49035,10,85,47,1,2,31.802854907732204,1.5712864151970263,0.613407053921902,0,1027.491943359375
49035,10,85,47,2,2,27.85721799237275,1.7278861763350033,0.682842712474619,0,1027.491943359375
49035,10,85,47,3,2,28.358130981500807,1.5506548615523608,0.8513997106635237,0,1027.491943359375
49035,10,85,47,4,2,29.70425207362299,1.3845499296200314,0.682842712474619,0,1027.491943359375
49035,10,85,47,5,2,25.511310424547297,1.6286225274101815,0.848528137423857,0,1027.491943359375
49035,10,85,47,6,2,26.53273370889241,1.4402148472185219,0.848528137423857,0,1027.491943359375
49035,10,85,47,7,2,23.076157120471972,1.8776502737956051,0.613407053921902,0,1027.491943359375
49035,10,85,47,8,2,22.857609813610765,1.725405607344288,0.8513997106635237,0,1027.491943359375
49035,10,85,47,9,2,23.465492214753457,1.5107013394024007,0.848528137423857,0,1027.491943359375
49035,10,85,47,10,2,25.075652002889875,1.315246620752957,0.8513997106635237,0,1027.491943359375
49035,10,85,47,11,2,26.70673365113377,1.1955112172256388,0.613407053921902,0,1027.491943359375
49035,10,85,47,12,2,20.54927472428929,1.6017622702391496,0.848528137423857,0,1027.491943359375
49035,10,85,47,13,2,21.804396120592166,1.3726137476589786,0.848528137423857,0,1027.491943359375
49035,10,85,47,14,2,17.858221034245666,1.721536137223955,0.682842712474619,0,1027.491943359375
49035,10,85,47,15,2,18.629950536631984,1.449863558883486,0.8513997106635237,0,1027.491943359375
49035,10,85,47,16,2,20.62120402611676,1.2153309258851788,0.682842712474619,0,1027.491943359375
49035,10,85,47,17,2,15.308072036642752,1.384577388546265,0.613407053921902,0,1027.491943359375
49035,10,85,47,18,2,45.192235368415645,2.3170500743082214,0.37888543819998316,0,1027.491943359375
49035,10,85,47,19,2,47.77515957830196,2.551693535600086,0.3414213562373095,0,1027.491943359375
49035,10,85,47,20,2,41.09481560624135,2.3835554324231736,0.482842712474619,0,1027.491943359375
49035,10,85,47,21,2,35.987523764351124,2.1595249794732236,0.3414213562373095,0,1027.491943359375
49035,10,85,47,22,2,40.70713209424482,2.556395020983546,0.4242640687119285,0,1027.491943359375
49035,10,85,47,23,2,34.108482820510446,2.3544030095963766,0.4242640687119285,0,1027.491943359375
49035,10,85,47,24,2,45.79517811381714,2.7874867074241005,0.37888543819998316,0,1027.491943359375
49035,10,85,47,25,2,41.53742092337482,2.7273746431215984,0.482842712474619,0,1027.491943359375
49035,10,85,47,26,2,33.64038248808084,2.563071968131809,0.4242640687119285,0,1027.491943359375
49035,10,85,47,27,2,27.166032668079,2.3102952718730636,0.482842712474619,0,1027.491943359375
49035,10,85,47,28,2,24.8224158657556,2.140004893443151,0.4538461538461539,0,1027.491943359375
49035,10,85,47,29,2,34.64046863960843,2.768490100454492,0.4242640687119285,0,1027.491943359375
49035,10,85,47,30,2,26.575930172817184,2.5732993463121066,0.4242640687119285,0,1027.491943359375
49035,10,85,47,31,2,36.98984727190712,2.9550771372495364,0.3414213562373095,0,1027.491943359375
49035,10,85,47,32,2,27.831040192162675,2.82987557681069,0.482842712474619,0,1027.491943359375
49035,10,85,47,33,2,19.516270011365748,2.5909289824172292,0.3414213562373095,0,1027.491943359375
49035,10,85,47,34,2,25.903909556174593,3.0019186142286087,0.4308640753373011,0,1027.491943359375
49035,10,85,47,35,,,,,0,1027.491943359375
49035,10,85,47,36,,,,,0,1027.491943359375
49035,10,85,47,37,,,,,0,1027.491943359375
49035,10,85,47,38,,,,,0,1027.491943359375
49035,10,85,47,39,,,,,0,1027.491943359375
49035,10,85,47,40,,,,,0,1027.491943359375
49035,10,85,47,41,2,8.460418993337475,-2.716883334365944,0.3538988508520741,0,1027.491943359375
49035,10,85,47,42,,,,,0,1027.491943359375
49035,10,85,47,43,,,,,0,1027.491943359375
49035,10,85,47,44,,,,,0,1027.491943359375
49035,10,85,47,45,2,9.072997542527888,-0.07019695152800318,0.4190965632626408,0,1027.491943359375
49035,10,85,47,46,,,,,0,1027.491943359375
49035,10,85,47,47,2,5.431514731436419,-0.8573438025636682,0.7195315787953919,1,1027.491943359375
49035,10,85,47,48,2,8.543168065892806,-1.9826797003866967,0.5276927682076162,0,1027.491943359375
49035,10,85,47,49,2,7.151553613828991,-1.3581796939664836,0.7685569981889047,0,1027.491943359375
49035,10,85,47,50,2,8.905263476217332,-0.762685837883321,0.6466890965784271,0,1027.491943359375
49035,10,85,47,51,2,10.649259672538742,-1.3726978982656233,0.613407053921902,0,1027.491943359375
49035,10,85,47,52,2,29.82112110437488,3.2141239621931113,0.4308640753373011,0,1027.491943359375
49035,10,85,47,53,2,39.74200547355068,-2.9191739931746206,0.3414213562373095,0,1027.491943359375
49035,10,85,47,54,2,29.76146831119883,-2.9010413738848526,0.482842712474619,0,1027.491943359375
49035,10,85,47,55,2,19.800580623235565,-2.86464111210396,0.3414213562373095,0,1027.491943359375
49035,10,85,47,56,2,35.41231042541296,-2.7700142388647078,0.4242640687119285,0,1027.491943359375
49035,10,85,47,57,2,25.697270801479505,-2.691421538350333,0.4242640687119285,0,1027.491943359375
49035,10,85,47,58,2,41.50082485075605,-2.676181807694968,0.382842712474619,0,1027.491943359375
49035,10,85,47,59,2,32.072362873226076,-2.584812778605505,0.4242640687119285,0,1027.491943359375
49035,10,85,47,60,2,23.129082499110297,-2.420355793220846,0.482842712474619,0,1027.491943359375
49035,10,85,47,61,2,19.05553609164618,-2.282140428796311,0.37888543819998316,0,1027.491943359375
49035,10,85,47,62,2,38.69009167602488,-2.51408022117747,0.4242640687119285,0,1027.491943359375
49035,10,85,47,63,2,30.053971299613128,-2.3660973983415716,0.4242640687119285,0,1027.491943359375
49035,10,85,47,64,2,45.4445808378351,-2.464181863089061,0.3414213562373095,0,1027.491943359375
49035,10,85,47,65,2,37.03414538645774,-2.332221331936721,0.382842712474619,0,1027.491943359375
49035,10,85,47,66,2,29.628464716958398,-2.129009495666797,0.3414213562373095,0,1027.491943359375
49035,10,86,51,1,2,33.5971599897826,2.6322591002303657,0.613407053921902,0,1027.708984375
49035,10,86,51,2,2,29.903376092454277,2.7856944899963016,0.682842712474619,0,1027.708984375
49035,10,86,51,3,2,30.122416897033833,2.6190655659097573,0.8513997106635237,0,1027.708984375
49035,10,86,51,4,2,31.152978954036687,2.459179213910843,0.682842712474619,0,1027.708984375
49035,10,86,51,5,2,27.411431027316915,2.6980659531873683,0.848528137423857,0,1027.708984375
49035,10,86,51,6,2,28.098659202127347,2.519376937491666,0.848528137423857,0,1027.708984375
49035,10,86,51,7,2,25.317176651783964,2.9321827679425563,0.613407053921902,0,1027.708984375
49035,10,86,51,8,2,24.908093106699184,2.79365062117055,0.8513997106635237,0,1027.708984375
49035,10,86,51,9,2,25.170641632742278,2.5939059149309975,0.848528137423857,0,1027.708984375
49035,10,86,51,10,2,26.39525143270816,2.405554408487247,0.8513997106635237,0,1027.708984375
49035,10,86,51,11,2,27.760817113158655,2.2864340905518263,0.613407053921902,0,1027.708984375
49035,10,86,51,12,2,22.418468980967052,2.6873679293374395,0.848528137423857,0,1027.708984375
49035,10,86,51,13,2,23.253727646175896,2.471035310320373,0.848528137423857,0,1027.708984375
49035,10,86,51,14,2,19.915177696852844,2.8055972046078397,0.682842712474619,0,1027.708984375
49035,10,86,51,15,2,20.242588784272833,2.5564617590753143,0.8513997106635237,0,1027.708984375
49035,10,86,51,16,2,21.74650543607206,2.328695300548866,0.682842712474619,0,1027.708984375
49035,10,86,51,17,2,16.818241317950843,2.5172328982554024,0.613407053921902,0,1027.708984375
49035,10,86,51,18,2,47.708165032796956,3.327052138221113,0.37888543819998316,0,1027.708984375
49035,10,86,51,19,2,50.2590689855864,3.549814028886215,0.3414213562373095,0,1027.708984375
49035,10,86,51,20,2,43.61502277062136,3.3900149196546066,0.482842712474619,0,1027.708984375
49035,10,86,51,21,2,38.45213137481076,3.18050709792647,0.3414213562373095,0,1027.708984375
49035,10,86,51,22,2,43.189388902543016,3.5528207483456082,0.4242640687119285,0,1027.708984375
49035,10,86,51,23,2,36.6281245733247,3.3627987549522924,0.4242640687119285,0,1027.708984375
49035,10,86,51,24,2,48.11681949460551,3.7734193483464615,0.37888543819998316,0,1027.708984375
49035,10,86,51,25,2,43.91328291381085,3.7145110230943708,0.482842712474619,0,1027.708984375
49035,10,86,51,26,2,36.12025210670987,3.557004416095886,0.4242640687119285,0,1027.708984375
49035,10,86,51,27,2,29.681118716048513,3.3228001397647624,0.482842712474619,0,1027.708984375
49035,10,86,51,28,2,27.278506304930055,3.16854447313092,0.4538461538461539,0,1027.708984375
49035,10,86,51,29,2,36.98277591995448,3.7493242921032346,0.4242640687119285,0,1027.708984375
49035,10,86,51,30,2,29.052055189425953,3.563223965458481,0.4242640687119285,0,1027.708984375
49035,10,86,51,31,2,39.125168590548604,3.9267098100630804,0.3414213562373095,0,1027.708984375
49035,10,86,51,32,2,30.117686053592127,3.800095556504381,0.482842712474619,0,1027.708984375
49035,10,86,51,33,2,21.98570465567625,3.573442157484596,0.3414213562373095,0,1027.708984375
49035,10,86,51,34,2,27.987072260384206,3.956053914431867,0.4308640753373011,0,1027.708984375
49035,10,86,51,35,,,,,0,1027.708984375
49035,10,86,51,36,,,,,0,1027.708984375
49035,10,86,51,37,,,,,0,1027.708984375
49035,10,86,51,38,,,,,0,1027.708984375
49035,10,86,51,39,,,,,0,1027.708984375
49035,10,86,51,40,,,,,0,1027.708984375
49035,10,86,51,41,2,9.685935063370971,-1.9539370571848813,0.3522069311556173,0,1027.708984375
49035,10,86,51,42,,,,,0,1027.708984375
49035,10,86,51,43,,,,,0,1027.708984375
49035,10,86,51,44,,,,,0,1027.708984375
49035,10,86,51,45,2,7.315796007574749,1.1588337758723413,0.34843944249725717,0,1027.708984375
49035,10,86,51,46,,,,,0,1027.708984375
49035,10,86,51,47,,,,,0,1027.708984375
49035,10,86,51,48,2,8.029458707249765,-1.274873183723068,0.5276927682076162,0,1027.708984375
49035,10,86,51,49,2,5.255502366412979,-0.6230132993920692,0.6857142857142857,0,1027.708984375
49035,10,86,51,50,2,6.3850139479343175,0.24479111651045882,0.5276927682076162,0,1027.708984375
49035,10,86,51,51,2,8.701215171631665,-0.5321770152063892,0.613407053921902,1,1027.708984375
49035,10,86,51,52,2,31.564684636492938,4.161624517741328,0.4308640753373011,0,1027.708984375
49035,10,86,51,53,2,41.18536537051233,-1.9634222920451212,0.3414213562373095,0,1027.708984375
49035,10,86,51,54,2,31.185421540945743,-1.962487056466115,0.482842712474619,0,1027.708984375
49035,10,86,51,55,2,21.18553073846321,-1.9606689271442608,0.3414213562373095,0,1027.708984375
49035,10,86,51,56,2,36.54563748492792,-1.825774350402573,0.4242640687119285,0,1027.708984375
49035,10,86,51,57,2,26.681075974623955,-1.7732402809684815,0.4242640687119285,0,1027.708984375
49035,10,86,51,58,2,42.41033743880205,-1.7253903005197417,0.382842712474619,0,1027.708984375
49035,10,86,51,59,2,32.786169609409114,-1.6525440125593895,0.4242640687119285,0,1027.708984375
49035,10,86,51,60,2,23.47826896602108,-1.5206916209631054,0.482842712474619,0,1027.708984375
49035,10,86,51,61,2,19.088667099427656,-1.4075451441074602,0.37888543819998316,0,1027.708984375
49035,10,86,51,62,2,39.217164866295825,-1.570536632948872,0.4242640687119285,0,1027.708984375
49035,10,86,51,63,2,30.237099995437966,-1.442680133275741,0.4242640687119285,0,1027.708984375
49035,10,86,51,64,2,45.837093304915335,-1.511910876983097,0.3414213562373095,0,1027.708984375
49035,10,86,51,65,2,37.11246850625004,-1.3933581770338959,0.382842712474619,0,1027.708984375
49035,10,86,51,66,2,29.216973056962754,-1.206720299615575,0.3414213562373095,0,1027.708984375
49035,10,87,49,1,2,39.828715538922516,3.488719771102261,0.613407053921902,0,1028.240966796875
49035,10,87,49,2,2,36.24318654059201,3.618807485070943,0.682842712474619,0,1028.240966796875
49035,10,87,49,3,2,36.341207630223444,3.4809540463305204,0.8513997106635237,0,1028.240966796875
49035,10,87,49,4,2,37.1187038220608,3.3463721689150088,0.682842712474619,0,1028.240966796875
49035,10,87,49,5,2,33.70653974686743,3.5483300383888245,0.848528137423857,0,1028.240966796875
49035,10,87,49,6,2,34.17960829374752,3.401550098708437,0.848528137423857,0,1028.240966796875
49035,10,87,49,7,2,31.64408175957227,3.73735269904543,0.613407053921902,0,1028.240966796875
49035,10,87,49,8,2,31.250252341241932,3.6267031440176236,0.8513997106635237,0,1028.240966796875
49035,10,87,49,9,2,31.363881660249852,3.466865686017705,0.848528137423857,0,1028.240966796875
49035,10,87,49,10,2,32.261554119493645,3.312079721029137,0.8513997106635237,0,1028.240966796875
49035,10,87,49,11,2,33.32473908659781,3.210336230011537,0.613407053921902,0,1028.240966796875
49035,10,87,49,12,2,28.70784775078585,3.544653670537671,0.848528137423857,0,1028.240966796875
49035,10,87,49,13,2,29.26184074676712,3.3729933355040336,0.848528137423857,0,1028.240966796875
49035,10,87,49,14,2,26.260007086184178,3.6376005717940716,0.682842712474619,0,1028.240966796875
49035,10,87,49,15,2,26.39512783779051,3.447468045599969,0.8513997106635237,0,1028.240966796875
49035,10,87,49,16,2,27.45573847085822,3.2657106198694796,0.682842712474619,0,1028.240966796875
49035,10,87,49,17,2,22.925085912944933,3.4288915614262185,0.613407053921902,0,1028.240966796875
49035,10,87,49,18,2,53.40388714346134,4.0949114249172975,0.37888543819998316,0,1028.240966796875
49035,10,87,49,19,2,55.23364246537595,4.298343993757381,0.3414213562373095,0,1028.240966796875
49035,10,87,49,20,2,49.14249548818926,4.145971020424902,0.482842712474619,0,1028.240966796875
49035,10,87,49,21,2,44.488363260749686,3.956393041351242,0.3414213562373095,0,1028.240966796875
49035,10,87,49,22,2,48.17550998354857,4.29005629821947,0.4242640687119285,0,1028.240966796875
49035,10,87,49,23,2,42.25055461161082,4.111261633534759,0.4242640687119285,0,1028.240966796875
49035,10,87,49,24,2,52.150358197584936,4.498918738891886,0.37888543819998316,0,1028.240966796875
49035,10,87,49,25,2,48.23665267764,4.436866797085079,0.482842712474619,0,1028.240966796875
49035,10,87,49,26,2,41.12182224022903,4.278924402762685,0.4242640687119285,0,1028.240966796875
49035,10,87,49,27,2,35.429279800339096,4.06310873157501,0.482842712474619,0,1028.240966796875
49035,10,87,49,28,2,33.351891529230784,3.930705694227475,0.4538461538461539,0,1028.240966796875
49035,10,87,49,29,2,41.193435930076056,4.4509321723001305,0.4242640687119285,0,1028.240966796875
49035,10,87,49,30,2,34.07533956601169,4.263185871274714,0.4242640687119285,0,1028.240966796875
49035,10,87,49,31,2,42.459322452125484,4.617470063581048,0.3414213562373095,0,1028.240966796875
49035,10,87,49,32,2,34.161728087251205,4.470793253458808,0.482842712474619,0,1028.240966796875
49035,10,87,49,33,2,27.04169500458521,4.239251270646263,0.3414213562373095,0,1028.240966796875
49035,10,87,49,34,2,31.305484610247362,4.5963674621917106,0.4308640753373011,0,1028.240966796875
49035,10,87,49,35,,,,,0,1028.240966796875
49035,10,87,49,36,,,,,0,1028.240966796875
49035,10,87,49,37,,,,,0,1028.240966796875
49035,10,87,49,38,,,,,0,1028.240966796875
49035,10,87,49,39,,,,,0,1028.240966796875
49035,10,87,49,40,,,,,0,1028.240966796875
49035,10,87,49,41,2,12.011728138588825,4.597966271805793,0.3522069311556173,0,1028.240966796875
49035,10,87,49,42,,,,,0,1028.240966796875
49035,10,87,49,43,,,,,0,1028.240966796875
49035,10,87,49,44,2,6.9815167889141065,3.0914473180852857,0.6271356419515952,0,1028.240966796875
49035,10,87,49,45,2,9.136297809216368,2.744369858001928,0.5509646951307726,0,1028.240966796875
49035,10,87,49,46,,,,,0,1028.240966796875
49035,10,87,49,47,,,,,0,1028.240966796875
49035,10,87,49,48,2,6.893596640021472,4.9654129777387315,0.4638463841038081,0,1028.240966796875
49035,10,87,49,49,2,2.1532477893116884,4.549650844688378,0.5414213562373096,1,1028.240966796875
49035,10,87,49,50,2,3.4280136302290316,2.355973171850493,0.5638463841038082,0,1028.240966796875
49035,10,87,49,51,,,,,0,1028.240966796875
49035,10,87,49,52,2,33.70353491921464,4.8015154976581975,0.4308640753373011,0,1028.240966796875
49035,10,87,49,53,2,42.24580883368368,4.992967094872492,0.3414213562373095,0,1028.240966796875
49035,10,87,49,54,2,32.387311818455494,4.947644591117667,0.482842712474619,0,1028.240966796875
49035,10,87,49,55,2,22.65320219394132,4.863051026436763,0.3414213562373095,0,1028.240966796875
49035,10,87,49,56,2,36.80805436577914,5.107655038036136,0.4242640687119285,0,1028.240966796875
49035,10,87,49,57,2,26.81534018072256,5.095506765369062,0.4242640687119285,0,1028.240966796875
49035,10,87,49,58,2,41.9610267458083,-1.052241619548271,0.382842712474619,0,1028.240966796875
49035,10,87,49,59,2,32.01495538613415,-1.023943771747581,0.4242640687119285,0,1028.240966796875
49035,10,87,49,60,2,22.117571548203042,-0.9702389975983134,0.482842712474619,0,1028.240966796875
49035,10,87,49,61,2,17.213418387895565,-0.9202999311292319,0.37888543819998316,0,1028.240966796875
49035,10,87,49,62,2,37.82660793336413,-0.9081311609059748,0.4242640687119285,0,1028.240966796875
49035,10,87,49,63,2,28.197196147102407,-0.8255233193013627,0.4242640687119285,0,1028.240966796875
49035,10,87,49,64,2,44.008489716334644,-0.8239695889250167,0.3414213562373095,0,1028.240966796875
49035,10,87,49,65,2,34.65511174309575,-0.7333545362723761,0.382842712474619,0,1028.240966796875
49035,10,87,49,66,2,25.791595001863953,-0.5783283436329483,0.3414213562373095,0,1028.240966796875
49035,10,88,48,1,2,40.77048610259749,-1.6923977292132932,0.613407053921902,0,1028.509033203125
49035,10,88,48,2,2,36.9238106491691,-1.5701946631610852,0.682842712474619,0,1028.509033203125
49035,10,88,48,3,2,37.30315419840369,-1.7046312691974859,0.8513997106635237,0,1028.509033203125
49035,10,88,48,4,2,38.33644262896693,-1.8340857147474245,0.682842712474619,0,1028.509033203125
49035,10,88,48,5,2,34.53743259454352,-1.6432612412586356,0.848528137423857,0,1028.509033203125
49035,10,88,48,6,2,35.2986086201259,-1.7849115711910604,0.848528137423857,0,1028.509033203125
49035,10,88,48,7,2,32.08088095874953,-1.4622225316540363,0.613407053921902,0,1028.509033203125
49035,10,88,48,8,2,31.924022103979798,-1.5715340072543864,0.8513997106635237,0,1028.509033203125
49035,10,88,48,9,2,32.36202570281379,-1.7266498111378452,0.848528137423857,0,1028.509033203125
49035,10,88,48,10,2,33.54784982504497,-1.8742010923497454,0.8513997106635237,0,1028.509033203125
49035,10,88,48,11,2,34.78388264828558,-1.9700942129403507,0.613407053921902,0,1028.509033203125
49035,10,88,48,12,2,29.55688827773205,-1.657053310174493,0.848528137423857,0,1028.509033203125
49035,10,88,48,13,2,30.442850802060633,-1.8212857872721826,0.848528137423857,0,1028.509033203125
49035,10,88,48,14,2,26.924312093999507,-1.5733707747284904,0.682842712474619,0,1028.509033203125
49035,10,88,48,15,2,27.442232089049856,-1.7565824110106247,0.8513997106635237,0,1028.509033203125
49035,10,88,48,16,2,28.83112246034599,-1.9275530928838371,0.682842712474619,0,1028.509033203125
49035,10,88,48,17,2,24.018094806563354,-1.7848138140010248,0.613407053921902,0,1028.509033203125
49035,10,88,48,18,2,53.01914184995219,-1.0773618620633947,0.37888543819998316,0,1028.509033203125
49035,10,88,48,19,2,54.41038279921094,-0.8704506343718932,0.3414213562373095,0,1028.509033203125
49035,10,88,48,20,2,48.64981805664898,-1.0294942399868785,0.482842712474619,0,1028.509033203125
49035,10,88,48,21,2,44.41981356932318,-1.2247263390921812,0.3414213562373095,0,1028.509033203125
49035,10,88,48,22,2,47.3753382161073,-0.8844910997471134,0.4242640687119285,0,1028.509033203125
49035,10,88,48,23,2,41.84181773870413,-1.0718488149712537,0.4242640687119285,0,1028.509033203125
49035,10,88,48,24,2,50.93017793942875,-0.6682718085564332,0.37888543819998316,0,1028.509033203125
49035,10,88,48,25,2,47.1385250642833,-0.7348045833347592,0.482842712474619,0,1028.509033203125
49035,10,88,48,26,2,40.35288819681242,-0.9034232671086722,0.4242640687119285,0,1028.509033203125
49035,10,88,48,27,2,35.137880220821835,-1.1305065395366736,0.482842712474619,0,1028.509033203125
49035,10,88,48,28,2,33.35907892473969,-1.2670994247551401,0.4538461538461539,0,1028.509033203125
49035,10,88,48,29,2,40.07459868757205,-0.7274945569103872,0.4242640687119285,0,1028.509033203125
49035,10,88,48,30,2,33.350989498938866,-0.9303181928088553,0.4242640687119285,0,1028.509033203125
49035,10,88,48,31,2,41.03158946611085,-0.5545055090619,0.3414213562373095,0,1028.509033203125
49035,10,88,48,32,2,33.01373009376308,-0.7170568677795557,0.482842712474619,0,1028.509033203125
49035,10,88,48,33,2,26.386007945352723,-0.9714560273588742,0.3414213562373095,0,1028.509033203125
49035,10,88,48,34,2,29.92794294874834,-0.591813592294542,0.4308640753373011,0,1028.509033203125
49035,10,88,48,35,,,,,0,1028.509033203125
49035,10,88,48,36,,,,,0,1028.509033203125
49035,10,88,48,37,,,,,0,1028.509033203125
49035,10,88,48,38,2,13.053822633557164,-1.981049145092346,0.4638463841038081,0,1028.509033203125
49035,10,88,48,39,,,,,0,1028.509033203125
49035,10,88,48,40,,,,,0,1028.509033203125
49035,10,88,48,41,2,10.719252538948558,-0.692913401600249,0.3346472674730022,0,1028.509033203125
49035,10,88,48,42,,,,,0,1028.509033203125
49035,10,88,48,43,,,,,0,1028.509033203125
49035,10,88,48,44,2,8.727982572626196,-2.216501646745525,0.6857142857142857,0,1028.509033203125
49035,10,88,48,45,2,11.208833302088099,-2.4667649607847615,0.613407053921902,0,1028.509033203125
49035,10,88,48,46,,,,,0,1028.509033203125
49035,10,88,48,47,,,,,0,1028.509033203125
49035,10,88,48,48,2,5.063401390309184,-0.3802946603703332,0.3532891032037997,1,1028.509033203125
49035,10,88,48,49,,,,,0,1028.509033203125
49035,10,88,48,50,2,5.652705036331176,-2.7854207989550877,0.4638463841038081,0,1028.509033203125
49035,10,88,48,51,,,,,0,1028.509033203125
49035,10,88,48,52,2,31.989055054643973,-0.3727684523076893,0.4308640753373011,0,1028.509033203125
49035,10,88,48,53,2,40.28349534412774,-0.16354758085856114,0.3414213562373095,0,1028.509033203125
49035,10,88,48,54,2,30.480732237410905,-0.21995526633402962,0.482842712474619,0,1028.509033203125
49035,10,88,48,55,2,20.866002931014826,-0.32901314871088694,0.3414213562373095,0,1028.509033203125
49035,10,88,48,56,2,34.73748568728382,-0.04621761021131787,0.4242640687119285,0,1028.509033203125
49035,10,88,48,57,2,24.758997404229177,-0.06857196678945199,0.4242640687119285,0,1028.509033203125
49035,10,88,48,58,2,39.80340168904859,-6.196636343579074,0.382842712474619,0,1028.509033203125
49035,10,88,48,59,2,29.84335481490201,-6.170725330515763,0.4242640687119285,0,1028.509033203125
49035,10,88,48,60,2,19.923374894743958,-6.118942332853399,0.482842712474619,0,1028.509033203125
49035,10,88,48,61,2,15.003279224579652,-6.067441229355515,0.37888543819998316,0,1028.509033203125
49035,10,88,48,62,2,35.61240936462517,-6.045222695227452,0.4242640687119285,0,1028.509033203125
49035,10,88,48,63,2,25.972268698402566,-5.957780423649289,0.4242640687119285,0,1028.509033203125
49035,10,88,48,64,2,41.783508408212334,-5.955699587124409,0.3414213562373095,0,1028.509033203125
49035,10,88,48,65,2,32.43727201056725,-5.859060457172471,0.382842712474619,0,1028.509033203125
49035,10,88,48,66,2,23.632428061371698,-5.687624148091366,0.3414213562373095,0,1028.509033203125
49035,10,89,41,1,2,39.49233670461725,-0.8813904983279197,0.613407053921902,0,1028.6590576171875
49035,10,89,41,2,2,35.3837614541331,-0.7605821164599775,0.682842712474619,0,1028.6590576171875
49035,10,89,41,3,2,36.05887944334441,-0.8993903361091713,0.8513997106635237,0,1028.6590576171875
49035,10,89,41,4,2,37.39618962910922,-1.030684294290396,0.682842712474619,0,1028.6590576171875
49035,10,89,41,5,2,33.160060758018126,-0.8408475628565906,0.848528137423857,0,1028.6590576171875
49035,10,89,41,6,2,34.24648655763251,-0.9858023529639868,0.848528137423857,0,1028.6590576171875
49035,10,89,41,7,2,30.33024767117154,-0.6560684210765515,0.613407053921902,0,1028.6590576171875
49035,10,89,41,8,2,30.3963233342663,-0.771382618843723,0.8513997106635237,0,1028.6590576171875
49035,10,89,41,9,2,31.179619694728675,-0.9319639481978585,0.848528137423857,0,1028.6590576171875
49035,10,89,41,10,2,32.71698177360746,-1.081066527298294,0.8513997106635237,0,1028.6590576171875
49035,10,89,41,11,2,34.18937619818791,-1.1760407079628659,0.613407053921902,0,1028.6590576171875
49035,10,89,41,12,2,28.222606666885333,-0.8666192481830934,0.848528137423857,0,1028.6590576171875
49035,10,89,41,13,2,29.491485875424637,-1.0344523234364096,0.848528137423857,0,1028.6590576171875
49035,10,89,41,14,2,25.413822416935407,-0.7864204737319542,0.682842712474619,0,1028.6590576171875
49035,10,89,41,15,2,26.345674823510954,-0.97655379090663,0.8513997106635237,0,1028.6590576171875
49035,10,89,41,16,2,28.148300019234366,-1.1480231280993203,0.682842712474619,0,1028.6590576171875
49035,10,89,41,17,2,23.004188971249683,-1.0188579912283582,0.613407053921902,0,1028.6590576171875
49035,10,89,41,18,2,50.665547654330254,-0.23082207263994636,0.37888543819998316,0,1028.6590576171875
49035,10,89,41,19,2,51.88891203887567,-0.01365221740834821,0.3414213562373095,0,1028.6590576171875
49035,10,89,41,20,2,46.24849853467112,-0.18241480013942768,0.482842712474619,0,1028.6590576171875
49035,10,89,41,21,2,42.25385237874504,-0.3901689019136716,0.3414213562373095,0,1028.6590576171875
49035,10,89,41,22,2,44.86220349295265,-0.030042814030821763,0.4242640687119285,0,1028.6590576171875
49035,10,89,41,23,2,39.48520895698026,-0.23070673539928244,0.4242640687119285,0,1028.6590576171875
49035,10,89,41,24,2,48.3536841999455,0.19849782217098966,0.37888543819998316,0,1028.6590576171875
49035,10,89,41,25,2,44.568048956339894,0.128121884795231,0.482842712474619,0,1028.6590576171875
49035,10,89,41,26,2,37.85201991846684,-0.052512518839912925,0.4242640687119285,0,1028.6590576171875
49035,10,89,41,27,2,32.85178588815699,-0.29871775777733434,0.482842712474619,0,1028.6590576171875
49035,10,89,41,28,2,31.264549382774753,-0.44679762367819276,0.4538461538461539,0,1028.6590576171875
49035,10,89,41,29,2,37.50292118541736,0.1352097841333073,0.4242640687119285,0,1028.6590576171875
49035,10,89,41,30,2,30.869621338346978,-0.0851703486277926,0.4242640687119285,0,1028.6590576171875
49035,10,89,41,31,2,38.47288373609707,0.3198674743762906,0.3414213562373095,0,1028.6590576171875
49035,10,89,41,32,2,30.440552017079835,0.14558728548268318,0.482842712474619,0,1028.6590576171875
49035,10,89,41,33,2,23.939332305597915,-0.13682153116584184,0.3414213562373095,0,1028.6590576171875
49035,10,89,41,34,2,27.35969854919476,0.2821519372023751,0.4308640753373011,0,1028.6590576171875
49035,10,89,41,35,,,,,0,1028.6590576171875
49035,10,89,41,36,,,,,0,1028.6590576171875
49035,10,89,41,37,,,,,0,1028.6590576171875
49035,10,89,41,38,2,12.644060846934373,-1.3126027593742657,0.4638463841038081,0,1028.6590576171875
49035,10,89,41,39,,,,,0,1028.6590576171875
49035,10,89,41,40,,,,,0,1028.6590576171875
49035,10,89,41,41,2,8.14378288753386,0.16607838218250892,0.2448749574432682,1,1028.6590576171875
49035,10,89,41,42,,,,,0,1028.6590576171875
49035,10,89,41,43,,,,,0,1028.6590576171875
49035,10,89,41,44,2,9.044234201923642,-1.6385374804002382,0.6857142857142857,0,1028.6590576171875
49035,10,89,41,45,2,12.054489650993137,-1.809757338057341,0.613407053921902,0,1028.6590576171875
49035,10,89,41,46,,,,,0,1028.6590576171875
49035,10,89,41,47,,,,,0,1028.6590576171875
49035,10,89,41,48,,,,,0,1028.6590576171875
49035,10,89,41,49,,,,,0,1028.6590576171875
49035,10,89,41,50,2,7.329670517663941,-2.2237205090734014,0.4638463841038081,0,1028.6590576171875
49035,10,89,41,51,,,,,0,1028.6590576171875
49035,10,89,41,52,2,29.53382451079484,0.5194117061343198,0.4308640753373011,0,1028.6590576171875
49035,10,89,41,53,2,38.0487616578962,0.7359732578120974,0.3414213562373095,0,1028.6590576171875
49035,10,89,41,54,2,28.18106967154889,0.686455364995628,0.482842712474619,0,1028.6590576171875
49035,10,89,41,55,2,18.456356952713975,0.5842353864837913,0.3414213562373095,0,1028.6590576171875
49035,10,89,41,56,2,32.67822475845818,0.8665119848439358,0.4242640687119285,0,1028.6590576171875
49035,10,89,41,57,2,22.678862350162312,0.8623639742672697,0.4242640687119285,0,1028.6590576171875
49035,10,89,41,58,2,37.96788193850067,-5.283355487587209,0.382842712474619,0,1028.6590576171875
49035,10,89,41,59,2,28.07177377775095,-5.23931351404626,0.4242640687119285,0,1028.6590576171875
49035,10,89,41,60,2,18.289037896032877,-5.14778457466706,0.482842712474619,0,1028.6590576171875
49035,10,89,41,61,2,13.517437598493919,-5.052734711946007,0.37888543819998316,0,1028.6590576171875
49035,10,89,41,62,2,34.0839869815848,-5.118912892626772,0.4242640687119285,0,1028.6590576171875
49035,10,89,41,63,2,24.661358289724085,-5.003344353219072,0.4242640687119285,0,1028.6590576171875
49035,10,89,41,64,2,40.440225692897144,-5.035441113124705,0.3414213562373095,0,1028.6590576171875
49035,10,89,41,65,2,31.334905109570048,-4.919233574001005,0.382842712474619,0,1028.6590576171875
49035,10,89,41,66,2,22.985662974103224,-4.713799725167748,0.3414213562373095,0,1028.6590576171875
49035,10,90,37,1,2,38.24363595272557,-1.1623779717200995,0.613407053921902,0,1029.1419677734375
49035,10,90,37,2,2,33.566788989246575,-1.052876548074471,0.682842712474619,0,1029.1419677734375
49035,10,90,37,3,2,34.93301236731544,-1.1934504754560138,0.8513997106635237,0,1029.1419677734375
49035,10,90,37,4,2,36.931035499447106,-1.3211451254118005,0.682842712474619,0,1029.1419677734375
49035,10,90,37,5,2,31.768368538565248,-1.1461254536653003,0.848528137423857,0,1029.1419677734375
49035,10,90,37,6,2,33.58296100120582,-1.2888880275108403,0.848528137423857,0,1029.1419677734375
49035,10,90,37,7,2,28.06034399548061,-0.9670801437270844,0.613407053921902,0,1029.1419677734375
49035,10,90,37,8,2,28.690470999082446,-1.0884929477398055,0.8513997106635237,0,1029.1419677734375
49035,10,90,37,9,2,30.277535503333155,-1.2495390895205298,0.848528137423857,0,1029.1419677734375
49035,10,90,37,10,2,32.562481265438116,-1.3912969360343084,0.8513997106635237,0,1029.1419677734375
49035,10,90,37,11,2,34.504715723600654,-1.4781886435308276,0.613407053921902,0,1029.1419677734375
49035,10,90,37,12,2,27.030409591840968,-1.2006445509043564,0.848528137423857,0,1029.1419677734375
49035,10,90,37,13,2,29.14153518106239,-1.362312540673746,0.848528137423857,0,1029.1419677734375
49035,10,90,37,14,2,23.865391872956472,-1.1385979578085335,0.682842712474619,0,1029.1419677734375
49035,10,90,37,15,2,25.7515622682622,-1.325659113128531,0.8513997106635237,0,1029.1419677734375
49035,10,90,37,16,2,28.40297500725222,-1.4825638473377074,0.682842712474619,0,1029.1419677734375
49035,10,90,37,17,2,22.70204002786084,-1.3967147639059119,0.613407053921902,0,1029.1419677734375
49035,10,90,37,18,2,46.53999964348291,-0.446683485852138,0.37888543819998316,0,1029.1419677734375
49035,10,90,37,19,2,47.172166686544706,-0.2078825825231685,0.3414213562373095,0,1029.1419677734375
49035,10,90,37,20,2,41.98077381273451,-0.4002405085526375,0.482842712474619,0,1029.1419677734375
49035,10,90,37,21,2,38.72411948551952,-0.6352788959283904,0.3414213562373095,0,1029.1419677734375
49035,10,90,37,22,2,40.189714393239385,-0.233513193956294,0.4242640687119285,0,1029.1419677734375
49035,10,90,37,23,2,35.389054847833535,-0.4666477729888676,0.4242640687119285,0,1029.1419677734375
49035,10,90,37,24,2,43.294975298502266,0.024685163848216618,0.37888543819998316,0,1029.1419677734375
49035,10,90,37,25,2,39.5984963869126,-0.05665262896934209,0.482842712474619,0,1029.1419677734375
49035,10,90,37,26,2,33.24474358627462,-0.2698854311185661,0.4242640687119285,0,1029.1419677734375
49035,10,90,37,27,2,29.023870109445514,-0.5627781300627723,0.482842712474619,0,1029.1419677734375
49035,10,90,37,28,2,28.03517551463471,-0.7348125444742515,0.4538461538461539,0,1029.1419677734375
49035,10,90,37,29,2,32.52753832080326,-0.05555492620763447,0.4242640687119285,0,1029.1419677734375
49035,10,90,37,30,2,26.366888500999547,-0.32534199021969723,0.4242640687119285,0,1029.1419677734375
49035,10,90,37,31,2,33.329694302611024,0.15822080500711877,0.3414213562373095,0,1029.1419677734375
49035,10,90,37,32,2,25.456641222249242,-0.05384741928020276,0.482842712474619,0,1029.1419677734375
49035,10,90,37,33,2,19.62683475069622,-0.41936694010254305,0.3414213562373095,0,1029.1419677734375
49035,10,90,37,34,2,22.23633030468169,0.10708845543706147,0.4308640753373011,0,1029.1419677734375
49035,10,90,37,35,,,,,0,1029.1419677734375
49035,10,90,37,36,,,,,0,1029.1419677734375
49035,10,90,37,37,2,10.43064420596996,-1.5646540545330705,0.4428253815499883,1,1029.1419677734375
49035,10,90,37,38,2,14.226186015863261,-1.83264973325396,0.5638463841038082,0,1029.1419677734375
49035,10,90,37,39,,,,,0,1029.1419677734375
49035,10,90,37,40,,,,,0,1029.1419677734375
49035,10,90,37,41,,,,,0,1029.1419677734375
49035,10,90,37,42,,,,,0,1029.1419677734375
49035,10,90,37,43,,,,,0,1029.1419677734375
49035,10,90,37,44,2,12.198285603252996,-2.1813508682517444,0.6857142857142857,0,1029.1419677734375
49035,10,90,37,45,2,15.622368343596799,-2.233877370037006,0.613407053921902,0,1029.1419677734375
49035,10,90,37,46,,,,,0,1029.1419677734375
49035,10,90,37,47,,,,,0,1029.1419677734375
49035,10,90,37,48,,,,,0,1029.1419677734375
49035,10,90,37,49,,,,,0,1029.1419677734375
49035,10,90,37,50,2,12.05039313711861,-2.5965475741744433,0.4638463841038081,0,1029.1419677734375
49035,10,90,37,51,,,,,0,1029.1419677734375
49035,10,90,37,52,2,24.439356753259332,0.3963237721259514,0.4308640753373011,0,1029.1419677734375
49035,10,90,37,53,2,33.26445402529329,0.6376536901080967,0.3414213562373095,0,1029.1419677734375
49035,10,90,37,54,2,23.31728889930535,0.60079021330953,0.482842712474619,0,1029.1419677734375
49035,10,90,37,55,2,13.448718215000486,0.5095049308868207,0.3414213562373095,0,1029.1419677734375
49035,10,90,37,56,2,28.22275207537078,-5.483542077986495,0.4242640687119285,0,1029.1419677734375
49035,10,90,37,57,2,18.267342300418612,-5.441994660848016,0.4242640687119285,0,1029.1419677734375
49035,10,90,37,58,2,33.90208707147722,-5.347252337526008,0.382842712474619,0,1029.1419677734375
49035,10,90,37,59,2,24.218248652923695,-5.260163576353689,0.4242640687119285,0,1029.1419677734375
49035,10,90,37,60,2,14.956457729945877,-5.061707129941427,0.482842712474619,0,1029.1419677734375
49035,10,90,37,61,2,10.82966563814721,-4.839432235387599,0.37888543819998316,0,1029.1419677734375
49035,10,90,37,62,2,30.648839144558437,-5.152174930412292,0.4242640687119285,0,1029.1419677734375
49035,10,90,37,63,2,21.829415954666196,-4.9696908581514485,0.4242640687119285,0,1029.1419677734375
49035,10,90,37,64,2,37.31191651474358,-5.082161118268816,0.3414213562373095,0,1029.1419677734375
49035,10,90,37,65,2,28.798457840933292,-4.921951553437838,0.382842712474619,0,1029.1419677734375
49035,10,90,37,66,2,21.599148919085437,-4.642763672714317,0.3414213562373095,0,1029.1419677734375
49035,10,91,44,1,2,31.752215040127744,0.9088741748015726,0.613407053921902,0,1029.8919677734375
49035,10,91,44,2,2,27.579044577895463,1.0595162715822988,0.682842712474619,0,1029.8919677734375
49035,10,91,44,3,2,28.34250469315172,0.882543903656332,0.8513997106635237,0,1029.8919677734375
49035,10,91,44,4,2,29.933116188147025,0.7196193777361425,0.682842712474619,0,1029.8919677734375
49035,10,91,44,5,2,25.383843326083614,0.9547209449076229,0.848528137423857,0,1029.8919677734375
49035,10,91,44,6,2,26.683953501213832,0.7689450342327596,0.848528137423857,0,1029.8919677734375
49035,10,91,44,7,2,22.588619280707363,1.200406827592996,0.613407053921902,0,1029.8919677734375
49035,10,91,44,8,2,22.59162304317669,1.0453165168944842,0.8513997106635237,0,1029.8919677734375
49035,10,91,44,9,2,23.517553107769825,0.8317424871585276,0.848528137423857,0,1029.8919677734375
49035,10,91,44,10,2,25.411988836542417,0.6421790050187463,0.8513997106635237,0,1029.8919677734375
49035,10,91,44,11,2,27.210381977193997,0.527930301637652,0.613407053921902,0,1029.8919677734375
49035,10,91,44,12,2,20.472352915544572,0.9136312772130025,0.848528137423857,0,1029.8919677734375
49035,10,91,44,13,2,22.063796281474062,0.6901424985274837,0.848528137423857,0,1029.8919677734375
49035,10,91,44,14,2,17.611336224728625,1.0230788638554977,0.682842712474619,0,1029.8919677734375
49035,10,91,44,15,2,18.784382770594856,0.7550494168184388,0.8513997106635237,0,1029.8919677734375
49035,10,91,44,16,2,21.107982104502625,0.5322496858174035,0.682842712474619,0,1029.8919677734375
49035,10,91,44,17,2,15.570724080755964,0.6739555945094454,0.613407053921902,0,1029.8919677734375
49035,10,91,44,18,2,44.13138196091009,1.6780742762136112,0.37888543819998316,0,1029.8919677734375
49035,10,91,44,19,2,46.496976899274024,1.9198885231952971,0.3414213562373095,0,1029.8919677734375
49035,10,91,44,20,2,39.96694391212802,1.7439759744217382,0.482842712474619,0,1029.8919677734375
49035,10,91,44,21,2,35.11045927610107,1.510087038417824,0.3414213562373095,0,1029.8919677734375
49035,10,91,44,22,2,39.426393001628384,1.9218206180596047,0.4242640687119285,0,1029.8919677734375
49035,10,91,44,23,2,33.01254625172703,1.7087574638153336,0.4242640687119285,0,1029.8919677734375
49035,10,91,44,24,2,44.37150495656795,2.1621362736199026,0.37888543819998316,0,1029.8919677734375
49035,10,91,44,25,2,40.14379559237662,2.0988734653214154,0.482842712474619,0,1029.8919677734375
49035,10,91,44,26,2,32.35602060615738,1.9245971223429326,0.4242640687119285,0,1029.8919677734375
49035,10,91,44,27,2,26.12086932645323,1.6548554688152715,0.482842712474619,0,1029.8919677734375
49035,10,91,44,28,2,23.979025977329176,1.4740839165228983,0.4538461538461539,0,1029.8919677734375
49035,10,91,44,29,2,33.22643418890666,2.1390255919062335,0.4242640687119285,0,1029.8919677734375
49035,10,91,44,30,2,25.286037131454776,1.928926300132456,0.4242640687119285,0,1029.8919677734375
49035,10,91,44,31,2,35.51168523674158,2.3341412628225555,0.3414213562373095,0,1029.8919677734375
49035,10,91,44,32,2,26.390671330168438,2.2001240266338993,0.482842712474619,0,1029.8919677734375
49035,10,91,44,33,2,18.216895404007204,1.9366156404655137,0.3414213562373095,0,1029.8919677734375
49035,10,91,44,34,2,24.418133940832192,2.3813614646944123,0.4308640753373011,0,1029.8919677734375
49035,10,91,44,35,2,6.276778391815841,0.837949537154454,0.4336925562082522,0,1029.8919677734375
49035,10,91,44,36,2,4.098595717437472,2.0316354617952164,0.3532891032037997,0,1029.8919677734375
49035,10,91,44,37,,,,,0,1029.8919677734375
49035,10,91,44,38,2,7.224003859257083,-0.09042019408533425,0.5276927682076162,0,1029.8919677734375
49035,10,91,44,39,,,,,0,1029.8919677734375
49035,10,91,44,40,,,,,0,1029.8919677734375
49035,10,91,44,41,,,,,0,1029.8919677734375
49035,10,91,44,42,,,,,0,1029.8919677734375
49035,10,91,44,43,,,,,0,1029.8919677734375
49035,10,91,44,44,2,7.208603446854877,-0.7979591416725769,0.6857142857142857,1,1029.8919677734375
49035,10,91,44,45,2,10.564074704878585,-0.683831671305926,0.613407053921902,0,1029.8919677734375
49035,10,91,44,46,,,,,0,1029.8919677734375
49035,10,91,44,47,,,,,0,1029.8919677734375
49035,10,91,44,48,,,,,0,1029.8919677734375
49035,10,91,44,49,,,,,0,1029.8919677734375
49035,10,91,44,50,2,10.086708856185687,-1.2821574683342427,0.4638463841038081,0,1029.8919677734375
49035,10,91,44,51,,,,,0,1029.8919677734375
49035,10,91,44,52,2,28.343061313063654,2.6054065490985736,0.4308640753373011,0,1029.8919677734375
49035,10,91,44,53,2,38.31082238203675,-3.5239509536466826,0.3414213562373095,0,1029.8919677734375
49035,10,91,44,54,2,28.33914000973799,-3.501126987475289,0.482842712474619,0,1029.8919677734375
49035,10,91,44,55,2,18.39822277816792,-3.4535866114859317,0.3414213562373095,0,1029.8919677734375
49035,10,91,44,56,2,34.0615724231163,-3.3673318690871854,0.4242640687119285,0,1029.8919677734375
49035,10,91,44,57,2,24.404476245942288,-3.2772524460999426,0.4242640687119285,0,1029.8919677734375
49035,10,91,44,58,2,40.21535248358345,-3.2731905587011214,0.382842712474619,0,1029.8919677734375
49035,10,91,44,59,2,30.865228336793912,-3.1724950990894296,0.4242640687119285,0,1029.8919677734375
49035,10,91,44,60,2,22.09185517755334,-2.9884647001642786,0.482842712474619,0,1029.8919677734375
49035,10,91,44,61,2,18.18636680697309,-2.8325489523964444,0.37888543819998316,0,1029.8919677734375
49035,10,91,44,62,2,37.54658679195874,-3.104477104689112,0.4242640687119285,0,1029.8919677734375
49035,10,91,44,63,2,29.071187189890527,-2.9436621626222053,0.4242640687119285,0,1029.8919677734375
49035,10,91,44,64,2,44.348957588310405,-3.0571579411927816,0.3414213562373095,0,1029.8919677734375
49035,10,91,44,65,2,36.08625478036367,-2.9162399736342515,0.382842712474619,0,1029.8919677734375
49035,10,91,44,66,2,28.94141546256651,-2.6993182629411954,0.3414213562373095,0,1029.8919677734375
49035,10,92,38,1,2,31.046810521301072,2.127830921759201,0.613407053921902,0,1030.3919677734375
49035,10,92,38,2,2,27.7777795551966,2.3035600765014874,0.682842712474619,0,1030.3919677734375
49035,10,92,38,3,2,27.549955308037465,2.122758929714471,0.8513997106635237,0,1030.3919677734375
49035,10,92,38,4,2,28.220471965093452,1.9448245635163937,0.682842712474619,0,1030.3919677734375
49035,10,92,38,5,2,25.05378708290372,2.2180981251276086,0.848528137423857,0,1030.3919677734375
49035,10,92,38,6,2,25.299945605736724,2.0194149339278167,0.848528137423857,0,1030.3919677734375
49035,10,92,38,7,2,23.66343078667272,2.4796190190089176,0.613407053921902,0,1030.3919677734375
49035,10,92,38,8,2,22.83384454961724,2.3332085715360145,0.8513997106635237,0,1030.3919677734375
49035,10,92,38,9,2,22.556140125780576,2.112785648416672,0.848528137423857,0,1030.3919677734375
49035,10,92,38,10,2,23.370375645924312,1.8975037801346595,0.8513997106635237,0,1030.3919677734375
49035,10,92,38,11,2,24.537745580065966,1.7596073508362546,0.613407053921902,0,1030.3919677734375
49035,10,92,38,12,2,20.061696515859772,2.230637710642981,0.848528137423857,0,1030.3919677734375
49035,10,92,38,13,2,20.368276008347486,1.9831234250152638,0.848528137423857,0,1030.3919677734375
49035,10,92,38,14,2,17.92104563955663,2.3791734529810276,0.682842712474619,0,1030.3919677734375
49035,10,92,38,15,2,17.565844052388584,2.0971433540111084,0.8513997106635237,0,1030.3919677734375
49035,10,92,38,16,2,18.599835422137453,1.8256716825278714,0.682842712474619,0,1030.3919677734375
49035,10,92,38,17,2,14.076735104495153,2.0795978473716215,0.613407053921902,0,1030.3919677734375
49035,10,92,38,18,2,47.27653958286611,2.821740225381185,0.37888543819998316,0,1030.3919677734375
49035,10,92,38,19,2,50.597041552977835,3.040457957307608,0.3414213562373095,0,1030.3919677734375
49035,10,92,38,20,2,43.41486628828071,2.891859631681803,0.482842712474619,0,1030.3919677734375
49035,10,92,38,21,2,37.54518099230339,2.690992093545615,0.3414213562373095,0,1030.3919677734375
49035,10,92,38,22,2,43.557261556146024,3.054611819109502,0.4242640687119285,0,1030.3919677734375
49035,10,92,38,23,2,36.359662198458935,2.8799447497899004,0.4242640687119285,0,1030.3919677734375
49035,10,92,38,24,2,49.21609953312001,3.2632496979874963,0.37888543819998316,0,1030.3919677734375
49035,10,92,38,25,2,44.82877930204813,3.2121871223420726,0.482842712474619,0,1030.3919677734375
49035,10,92,38,26,2,36.52956959269116,3.0742169091098237,0.4242640687119285,0,1030.3919677734375
49035,10,92,38,27,2,29.31210424965758,2.8622968316426234,0.482842712474619,0,1030.3919677734375
49035,10,92,38,28,2,26.393075910180638,2.7162181838584507,0.4538461538461539,0,1030.3919677734375
49035,10,92,38,29,2,38.03674373639902,3.2598212664882724,0.4242640687119285,0,1030.3919677734375
49035,10,92,38,30,2,29.52259939409159,3.103144186751167,0.4242640687119285,0,1030.3919677734375
49035,10,92,38,31,2,40.73301233041466,3.426083089515921,0.3414213562373095,0,1030.3919677734375
49035,10,92,38,32,2,31.368268910241767,3.327922695600846,0.482842712474619,0,1030.3919677734375
49035,10,92,38,33,2,22.555671023952435,3.1500033732493913,0.3414213562373095,0,1030.3919677734375
49035,10,92,38,34,2,29.727894549130568,3.4827502450918693,0.4308640753373011,0,1030.3919677734375
49035,10,92,38,35,2,7.099756515736395,2.72597192002758,0.4336925562082522,0,1030.3919677734375
49035,10,92,38,36,2,9.116311537802364,3.4582516833690393,0.33455706222246284,0,1030.3919677734375
49035,10,92,38,37,,,,,0,1030.3919677734375
49035,10,92,38,38,2,2.8101845081410293,1.7109698167250644,0.42769276820761626,1,1030.3919677734375
49035,10,92,38,39,,,,,0,1030.3919677734375
49035,10,92,38,40,,,,,0,1030.3919677734375
49035,10,92,38,41,,,,,0,1030.3919677734375
49035,10,92,38,42,,,,,0,1030.3919677734375
49035,10,92,38,43,,,,,0,1030.3919677734375
49035,10,92,38,44,,,,,0,1030.3919677734375
49035,10,92,38,45,2,5.34818260619598,0.11522623239658064,0.41088180128838653,0,1030.3919677734375
49035,10,92,38,46,,,,,0,1030.3919677734375
49035,10,92,38,47,,,,,0,1030.3919677734375
49035,10,92,38,48,,,,,0,1030.3919677734375
49035,10,92,38,49,,,,,0,1030.3919677734375
49035,10,92,38,50,2,7.579972082255281,-0.8095668226200846,0.33455706222246284,0,1030.3919677734375
49035,10,92,38,51,,,,,0,1030.3919677734375
49035,10,92,38,52,2,33.85457330650396,3.663995550833867,0.4308640753373011,0,1030.3919677734375
49035,10,92,38,53,2,43.83060064325961,-2.4880591788340873,0.3414213562373095,0,1030.3919677734375
49035,10,92,38,54,2,33.851315390460634,-2.4713575682044295,0.482842712474619,0,1030.3919677734375
49035,10,92,38,55,2,23.889360698435702,-2.4407111981156353,0.3414213562373095,0,1030.3919677734375
49035,10,92,38,56,2,39.47525773323918,-2.3540385418138663,0.4242640687119285,0,1030.3919677734375
49035,10,92,38,57,2,29.7167625090821,-2.290248895124073,0.4242640687119285,0,1030.3919677734375
49035,10,92,38,58,2,45.50472934263957,-2.266853679663694,0.382842712474619,0,1030.3919677734375
49035,10,92,38,59,2,35.99264360202527,-2.19059422372924,0.4242640687119285,0,1030.3919677734375
49035,10,92,38,60,2,26.837667454120112,-2.0610554662816045,0.482842712474619,0,1030.3919677734375
49035,10,92,38,61,2,22.531209351379733,-1.957694330880583,0.37888543819998316,0,1030.3919677734375
49035,10,92,38,62,2,42.518875960020786,-2.121003893164413,0.4242640687119285,0,1030.3919677734375
49035,10,92,38,63,2,33.65478886903261,-1.9985570940938446,0.4242640687119285,0,1030.3919677734375
49035,10,92,38,64,2,49.19592698938457,-2.0701094449272888,0.3414213562373095,0,1030.3919677734375
49035,10,92,38,65,2,40.55895996275526,-1.9572173671265487,0.382842712474619,0,1030.3919677734375
49035,10,92,38,66,2,32.70809126463835,-1.7869564991365183,0.3414213562373095,0,1030.3919677734375
49035,10,93,35,1,2,30.669344243810784,-0.0015792741416320588,0.613407053921902,0,1031.6419677734375
49035,10,93,35,2,2,27.662921077792102,0.18102661152384925,0.682842712474619,0,1031.6419677734375
49035,10,93,35,3,2,27.169433289380837,-0.0007143860938343405,0.8513997106635237,0,1031.6419677734375
49035,10,93,35,4,2,27.588385381824658,-0.18295189544370727,0.682842712474619,0,1031.6419677734375
49035,10,93,35,5,2,24.816615177226023,0.10096024404944037,0.848528137423857,0,1031.6419677734375
49035,10,93,35,6,2,24.775094178720813,-0.1010226536220511,0.848528137423857,0,1031.6419677734375
49035,10,93,35,7,2,23.816843631051572,0.36591522086741346,0.613407053921902,0,1031.6419677734375
49035,10,93,35,8,2,22.771707719074,0.22235958649806142,0.8513997106635237,0,1031.6419677734375
49035,10,93,35,9,2,22.169609269287886,0.0009948752233874814,0.848528137423857,0,1031.6419677734375
49035,10,93,35,10,2,22.68110398245324,-0.2212689409570503,0.8513997106635237,0,1031.6419677734375
49035,10,93,35,11,2,23.66941295765125,-0.3663061265023355,0.613407053921902,0,1031.6419677734375
49035,10,93,35,12,2,19.853912932752195,0.12842332410475898,0.848528137423857,0,1031.6419677734375
49035,10,93,35,13,2,19.801988825652483,-0.12440542365142648,0.848528137423857,0,1031.6419677734375
49035,10,93,35,14,2,17.94057251956342,0.2861167534741398,0.682842712474619,0,1031.6419677734375
49035,10,93,35,15,2,17.169887741032998,0.003699592693970022,0.8513997106635237,0,1031.6419677734375
49035,10,93,35,16,2,17.825429805467135,-0.2805924422710582,0.682842712474619,0,1031.6419677734375
49035,10,93,35,17,2,13.6702038741352,0.006770050590383603,0.613407053921902,0,1031.6419677734375
49035,10,93,35,18,2,47.89473613282351,0.6741267403649167,0.37888543819998316,0,1031.6419677734375
49035,10,93,35,19,2,51.49113917655782,0.8877026719897794,0.3414213562373095,0,1031.6419677734375
49035,10,93,35,20,2,44.12730695521278,0.7456483103700395,0.482842712474619,0,1031.6419677734375
49035,10,93,35,21,2,37.988169533941644,0.5525495976090111,0.3414213562373095,0,1031.6419677734375
49035,10,93,35,22,2,44.47012240028567,0.9052535689360348,0.4242640687119285,0,1031.6419677734375
49035,10,93,35,23,2,37.060404635086094,0.739647380794688,0.4242640687119285,0,1031.6419677734375
49035,10,93,35,24,2,50.349016383274524,1.1065707815659787,0.37888543819998316,0,1031.6419677734375
49035,10,93,35,25,2,45.912572934580865,1.058602600659119,0.482842712474619,0,1031.6419677734375
49035,10,93,35,26,2,37.467935076450765,0.929374378212489,0.4242640687119285,0,1031.6419677734375
49035,10,93,35,27,2,29.995465729224,0.7308191560830699,0.482842712474619,0,1031.6419677734375
49035,10,93,35,28,2,26.88250113034523,0.5929200863226689,0.4538461538461539,0,1031.6419677734375
49035,10,93,35,29,2,39.169104228587464,1.108772984836624,0.4242640687119285,0,1031.6419677734375
49035,10,93,35,30,2,30.49754959812133,0.9645500745897899,0.4242640687119285,0,1031.6419677734375
49035,10,93,35,31,2,42.007038615531656,1.2686093102995342,0.3414213562373095,0,1031.6419677734375
49035,10,93,35,32,2,32.56490593670876,1.179536522606023,0.482842712474619,0,1031.6419677734375
49035,10,93,35,33,2,23.587176687484476,1.020443804528342,0.3414213562373095,0,1031.6419677734375
49035,10,93,35,34,2,31.04491212024072,1.3294878904409986,0.4308640753373011,0,1031.6419677734375
49035,10,93,35,35,2,7.696435738009364,0.7345778161523611,0.423692325950598,1,1031.6419677734375
49035,10,93,35,36,2,10.433774450317232,1.353127385774704,0.4168285969172784,0,1031.6419677734375
49035,10,93,35,37,,,,,0,1031.6419677734375
49035,10,93,35,38,,,,,0,1031.6419677734375
49035,10,93,35,39,,,,,0,1031.6419677734375
49035,10,93,35,40,2,2.726121473526805,-4.598835686623845,0.4491136639296172,0,1031.6419677734375
49035,10,93,35,41,,,,,0,1031.6419677734375
49035,10,93,35,42,,,,,0,1031.6419677734375
49035,10,93,35,43,,,,,0,1031.6419677734375
49035,10,93,35,44,,,,,0,1031.6419677734375
49035,10,93,35,45,2,4.3436800623166265,-2.289086365869383,0.40634097938554925,0,1031.6419677734375
49035,10,93,35,46,2,9.370395160570487,-4.115445798136987,0.39440356905077983,0,1031.6419677734375
49035,10,93,35,47,,,,,0,1031.6419677734375
49035,10,93,35,48,,,,,0,1031.6419677734375
49035,10,93,35,49,,,,,0,1031.6419677734375
49035,10,93,35,50,2,7.834053514852583,-3.176172798838593,0.4168285969172784,0,1031.6419677734375
49035,10,93,35,51,,,,,0,1031.6419677734375
49035,10,93,35,52,2,35.27264004480368,1.500981756781294,0.4308640753373011,0,1031.6419677734375
49035,10,93,35,53,2,45.29448973326828,-4.658131640879619,0.3414213562373095,0,1031.6419677734375
49035,10,93,35,54,2,35.31957821969379,-4.640432389749985,0.482842712474619,0,1031.6419677734375
49035,10,93,35,55,2,25.364432006985485,-4.608822369591898,0.3414213562373095,0,1031.6419677734375
49035,10,93,35,56,2,40.96150842918125,-4.52830988277343,0.4242640687119285,0,1031.6419677734375
49035,10,93,35,57,2,31.204598670930036,-4.467002325006585,0.4242640687119285,0,1031.6419677734375
49035,10,93,35,58,2,46.99167734791668,-4.444114114901002,0.382842712474619,0,1031.6419677734375
49035,10,93,35,59,2,37.471316301814475,-4.3711788670694585,0.4242640687119285,0,1031.6419677734375
49035,10,93,35,60,2,28.283941571332473,-4.249812017349563,0.482842712474619,0,1031.6419677734375
49035,10,93,35,61,2,23.935794399194485,-4.154903176184565,0.37888543819998316,0,1031.6419677734375
49035,10,93,35,62,2,43.98263421587486,-4.3032462321557965,0.4242640687119285,0,1031.6419677734375
49035,10,93,35,63,2,35.07640115501258,-4.187405946796698,0.4242640687119285,0,1031.6419677734375
49035,10,93,35,64,2,50.64429562886885,-4.253000920934749,0.3414213562373095,0,1031.6419677734375
49035,10,93,35,65,2,41.96101148881169,-4.145355861189161,0.382842712474619,0,1031.6419677734375
49035,10,93,35,66,2,34.008944273295356,-3.984675489120635,0.3414213562373095,0,1031.6419677734375
49035,10,94,36,1,2,27.01097179023407,-0.5609205273962847,0.613407053921902,0,1032.5260009765625
49035,10,94,36,2,2,22.73836633935494,-0.38483269391535435,0.682842712474619,0,1032.5260009765625
49035,10,94,36,3,2,23.63465445001112,-0.5974221138636331,0.8513997106635237,0,1032.5260009765625
49035,10,94,36,4,2,25.498244609387353,-0.7867047722837319,0.682842712474619,0,1032.5260009765625
49035,10,94,36,5,2,20.601585068118766,-0.5150676757893278,0.848528137423857,0,1032.5260009765625
49035,10,94,36,6,2,22.158269212816574,-0.7379170199926781,0.848528137423857,0,1032.5260009765625
49035,10,94,36,7,2,17.773835057025067,-0.208009148312033,0.613407053921902,0,1032.5260009765625
49035,10,94,36,8,2,17.755385765069644,-0.4053474091846836,0.8513997106635237,0,1032.5260009765625
49035,10,94,36,9,2,18.889608541607167,-0.6720390797647713,0.848528137423857,0,1032.5260009765625
49035,10,94,36,10,2,21.175006447316118,-0.8948596464054009,0.8513997106635237,0,1032.5260009765625
49035,10,94,36,11,2,23.285734024848423,-1.020674824948719,0.613407053921902,0,1032.5260009765625
49035,10,94,36,12,2,15.736763555530155,-0.579212975479622,0.848528137423857,0,1032.5260009765625
49035,10,94,36,13,2,17.725950309965974,-0.8547420151514054,0.848528137423857,0,1032.5260009765625
49035,10,94,36,14,2,12.785700745370422,-0.4418367597644628,0.682842712474619,0,1032.5260009765625
49035,10,94,36,15,2,14.319138617210411,-0.7953975276203138,0.8513997106635237,0,1032.5260009765625
49035,10,94,36,16,2,17.222117115140264,-1.055364855998853,0.682842712474619,0,1032.5260009765625
49035,10,94,36,17,2,11.337637525406079,-0.9393991202290262,0.613407053921902,0,1032.5260009765625
49035,10,94,36,18,2,40.159364139284506,0.30837103834252844,0.37888543819998316,0,1032.5260009765625
49035,10,94,36,19,2,43.33437173397044,0.5660560225497417,0.3414213562373095,0,1032.5260009765625
49035,10,94,36,20,2,36.20766421567923,0.38872711963117945,0.482842712474619,0,1032.5260009765625
49035,10,94,36,21,2,30.7265702988931,0.13730431267927923,0.3414213562373095,0,1032.5260009765625
49035,10,94,36,22,2,36.29947355886013,0.5840659906548349,0.4242640687119285,0,1032.5260009765625
49035,10,94,36,23,2,29.168115383545555,0.36820547070516074,0.4242640687119285,0,1032.5260009765625
49035,10,94,36,24,2,42.22256536683521,0.826875544153701,0.37888543819998316,0,1032.5260009765625
49035,10,94,36,25,2,37.74001342534728,0.7713774078553719,0.482842712474619,0,1032.5260009765625
49035,10,94,36,26,2,29.28200450315576,0.6107206166851578,0.4242640687119285,0,1032.5260009765625
49035,10,94,36,27,2,22.148655988575822,0.33465362720819325,0.482842712474619,0,1032.5260009765625
49035,10,94,36,28,2,19.54805743006185,0.12905745244269573,0.4538461538461539,0,1032.5260009765625
49035,10,94,36,29,2,31.049840908092293,0.8382705897045728,0.4242640687119285,0,1032.5260009765625
49035,10,94,36,30,2,22.298425836710603,0.654120007148252,0.4242640687119285,0,1032.5260009765625
49035,10,94,36,31,2,34.2162162302153,1.0325499716889919,0.3414213562373095,0,1032.5260009765625
49035,10,94,36,32,2,24.573901348591157,0.9411081134427746,0.482842712474619,0,1032.5260009765625
49035,10,94,36,33,2,15.394927796769029,0.7367360877876012,0.3414213562373095,0,1032.5260009765625
49035,10,94,36,34,2,23.496745463447024,1.1446528001011749,0.4308640753373011,0,1032.5260009765625
49035,10,94,36,35,,,,,0,1032.5260009765625
49035,10,94,36,36,2,4.0708495443370465,-4.4173113098422325,0.6242640687119285,1,1032.5260009765625
49035,10,94,36,37,,,,,0,1032.5260009765625
49035,10,94,36,38,,,,,0,1032.5260009765625
49035,10,94,36,39,2,4.895285440998666,-3.6267187336437665,0.848528137423857,0,1032.5260009765625
49035,10,94,36,40,2,6.366113943181838,-2.7421257137976562,0.6366888663207728,0,1032.5260009765625
49035,10,94,36,41,,,,,0,1032.5260009765625
49035,10,94,36,42,2,8.049362452788243,-3.881890313410617,0.765685424949238,0,1032.5260009765625
49035,10,94,36,43,2,7.507051557374431,-3.2310455601823262,0.848528137423857,0,1032.5260009765625
49035,10,94,36,44,,,,,0,1032.5260009765625
49035,10,94,36,45,2,12.520539976610555,-2.5073566725933287,0.43533959677349143,0,1032.5260009765625
49035,10,94,36,46,2,9.858206704699468,-3.5391989053153825,0.765685424949238,0,1032.5260009765625
49035,10,94,36,47,,,,,0,1032.5260009765625
49035,10,94,36,48,,,,,0,1032.5260009765625
49035,10,94,36,49,,,,,0,1032.5260009765625
49035,10,94,36,50,2,14.004993043822857,-2.9582289723901183,0.43175884674785275,0,1032.5260009765625
49035,10,94,36,51,,,,,0,1032.5260009765625
49035,10,94,36,52,2,28.438598419560442,-4.942570801248813,0.4308640753373011,0,1032.5260009765625
49035,10,94,36,53,2,39.036484544273605,-4.835626039820799,0.3414213562373095,0,1032.5260009765625
49035,10,94,36,54,2,29.274123384872752,-4.771508740248512,0.482842712474619,0,1032.5260009765625
49035,10,94,36,55,2,19.75098666725779,-4.644531117315548,0.3414213562373095,0,1032.5260009765625
49035,10,94,36,56,2,35.5475896883004,-4.670331478800994,0.4242640687119285,0,1032.5260009765625
49035,10,94,36,57,2,26.39617978089258,-4.538630910005994,0.4242640687119285,0,1032.5260009765625
49035,10,94,36,58,2,42.07479014021066,-4.599998054812916,0.382842712474619,0,1032.5260009765625
49035,10,94,36,59,2,33.21769317276878,-4.475739633774035,0.4242640687119285,0,1032.5260009765625
49035,10,94,36,60,2,25.229790211130396,-4.26755063831469,0.482842712474619,0,1032.5260009765625
49035,10,94,36,61,2,21.865632880993218,-4.109900683905771,0.37888543819998316,0,1032.5260009765625
49035,10,94,36,62,2,40.12570214233288,-4.434382892012624,0.4242640687119285,0,1032.5260009765625
49035,10,94,36,63,2,32.29859357298176,-4.261282245831859,0.4242640687119285,0,1032.5260009765625
49035,10,94,36,64,2,47.08214953791112,-4.405208803052856,0.3414213562373095,0,1032.5260009765625
49035,10,94,36,65,2,39.36821026523388,-4.257265054907726,0.382842712474619,0,1032.5260009765625
49035,10,94,36,66,2,32.90870939227346,-4.044779386977686,0.3414213562373095,0,1032.5260009765625
49035,10,95,39,1,2,27.343439850843108,3.1891822391948503,0.613407053921902,0,1032.958984375
49035,10,95,39,2,2,22.63927979421531,3.345631542890213,0.682842712474619,0,1032.958984375
49035,10,95,39,3,2,24.077231149243126,3.140159168606346,0.8513997106635237,0,1032.958984375
49035,10,95,39,4,2,26.398657731547665,2.9642796184123488,0.682842712474619,0,1032.958984375
49035,10,95,39,5,2,20.854502623239814,3.20505662259246,0.848528137423857,0,1032.958984375
49035,10,95,39,6,2,22.958361219303832,2.9973896946787884,0.848528137423857,0,1032.958984375
49035,10,95,39,7,2,17.257875024522182,3.491428906073932,0.613407053921902,0,1032.958984375
49035,10,95,39,8,2,17.751267546610553,3.2931334354552697,0.8513997106635237,0,1032.958984375
49035,10,95,39,9,2,19.55207328455647,3.0421007132195292,0.848528137423857,0,1032.958984375
49035,10,95,39,10,2,22.348593690386533,2.8434923926803135,0.8513997106635237,0,1032.958984375
49035,10,95,39,11,2,24.7231245818021,2.734048034452153,0.613407053921902,0,1032.958984375
49035,10,95,39,12,2,16.201258888533932,3.1054807928148147,0.848528137423857,0,1032.958984375
49035,10,95,39,13,2,18.832335484124574,2.861463857592014,0.848528137423857,0,1032.958984375
49035,10,95,39,14,2,12.949054383310486,3.2012621495755544,0.682842712474619,0,1032.958984375
49035,10,95,39,15,2,15.324949580186239,2.8876734924656837,0.8513997106635237,0,1032.958984375
49035,10,95,39,16,2,18.762466518253092,2.67313575733872,0.682842712474619,0,1032.958984375
49035,10,95,39,17,2,12.704465221828853,2.7212025070554398,0.613407053921902,0,1032.958984375
49035,10,95,39,18,2,38.36033913709587,4.105561100133402,0.37888543819998316,0,1032.958984375
49035,10,95,39,19,2,41.10637405800902,4.379343244102584,0.3414213562373095,0,1032.958984375
49035,10,95,39,20,2,34.26494022501123,4.184699370930093,0.482842712474619,0,1032.958984375
49035,10,95,39,21,2,29.299117205988107,3.9098911513065735,0.3414213562373095,0,1032.958984375
49035,10,95,39,22,2,34.051146358395314,4.391986988574624,0.4242640687119285,0,1032.958984375
49035,10,95,39,23,2,27.273296624124743,4.150126232146418,0.4242640687119285,0,1032.958984375
49035,10,95,39,24,2,39.720258531444706,4.654768899656947,0.37888543819998316,0,1032.958984375
49035,10,95,39,25,2,35.28278628478942,4.593211406892394,0.482842712474619,0,1032.958984375
49035,10,95,39,26,2,27.004206125060588,4.411234239545802,0.4242640687119285,0,1032.958984375
49035,10,95,39,27,2,20.3366489095769,4.0918530551470695,0.482842712474619,0,1032.958984375
49035,10,95,39,28,2,18.186680815495535,3.8565852145631623,0.4538461538461539,0,1032.958984375
49035,10,95,39,29,2,28.541576483124146,4.660487018535461,0.4242640687119285,0,1032.958984375
49035,10,95,39,30,2,19.974326736304807,4.4440497701194905,0.4242640687119285,0,1032.958984375
49035,10,95,39,31,2,31.623030023059002,4.872726965406661,0.3414213562373095,0,1032.958984375
49035,10,95,39,32,2,22.008365869957874,4.768468526122758,0.482842712474619,0,1032.958984375
49035,10,95,39,33,2,12.989238187536728,4.512312957105976,0.3414213562373095,0,1032.958984375
49035,10,95,39,34,2,20.903078198593388,4.996309334514127,0.4308640753373011,0,1032.958984375
49035,10,95,39,35,,,,,0,1032.958984375
49035,10,95,39,36,,,,,0,1032.958984375
49035,10,95,39,37,,,,,0,1032.958984375
49035,10,95,39,38,,,,,0,1032.958984375
49035,10,95,39,39,2,5.530529721673669,0.7072204696653062,0.765685424949238,1,1032.958984375
49035,10,95,39,40,2,8.530113083402453,1.298198913034379,0.682842712474619,0,1032.958984375
49035,10,95,39,41,,,,,0,1032.958984375
49035,10,95,39,42,2,7.796408073654729,0.29090745754717195,0.765685424949238,0,1032.958984375
49035,10,95,39,43,2,8.829498800286826,0.8894329541800323,0.848528137423857,0,1032.958984375
49035,10,95,39,44,,,,,0,1032.958984375
49035,10,95,39,45,2,14.896622718821433,1.4145254838409442,0.47153869179611585,0,1032.958984375
49035,10,95,39,46,2,10.399868696906674,0.557346464648399,0.765685424949238,0,1032.958984375
49035,10,95,39,47,2,12.261049674730838,0.9712598547797732,0.765685424949238,0,1032.958984375
49035,10,95,39,48,,,,,0,1032.958984375
49035,10,95,39,49,,,,,0,1032.958984375
49035,10,95,39,50,2,15.738698459153726,1.0171300821278033,0.5881104528157366,0,1032.958984375
49035,10,95,39,51,,,,,0,1032.958984375
49035,10,95,39,52,2,25.92938714805608,-1.072836074251983,0.4308640753373011,0,1032.958984375
49035,10,95,39,53,2,36.6135424038391,-0.9658859277531819,0.3414213562373095,0,1032.958984375
49035,10,95,39,54,2,26.924034389079942,-0.887115360720454,0.482842712474619,0,1032.958984375
49035,10,95,39,55,2,17.58566939900199,-0.722541895229388,0.3414213562373095,0,1032.958984375
49035,10,95,39,56,2,33.3211354470646,-0.7864855148909529,0.4242640687119285,0,1032.958984375
49035,10,95,39,57,2,24.385450742363993,-0.6288332499925091,0.4242640687119285,0,1032.958984375
49035,10,95,39,58,2,39.94612005162567,-0.71872268427642,0.382842712474619,0,1032.958984375
49035,10,95,39,59,2,31.305664784596512,-0.5762460532909333,0.4242640687119285,0,1032.958984375
49035,10,95,39,60,2,23.757036600387725,-0.3351606885029397,0.482842712474619,0,1032.958984375
49035,10,95,39,61,2,20.77433171597777,-0.15427995868175737,0.37888543819998316,0,1032.958984375
49035,10,95,39,62,2,38.281053894881104,-0.5427566106718933,0.4242640687119285,0,1032.958984375
49035,10,95,39,63,2,30.818683095314565,-0.3486462401250483,0.4242640687119285,0,1032.958984375
49035,10,95,39,64,2,45.28612952108026,-0.5196080895986235,0.3414213562373095,0,1032.958984375
49035,10,95,39,65,2,37.88384441192173,-0.35710290170325854,0.382842712474619,0,1032.958984375
49035,10,95,39,66,2,31.930202126722108,-0.12557429233829476,0.3414213562373095,0,1032.958984375
49035,10,96,42,1,2,29.408980448046247,2.385791926219963,0.613407053921902,0,1033.1590576171875
49035,10,96,42,2,2,24.92487109780741,2.5388682682443298,0.682842712474619,0,1033.1590576171875
49035,10,96,42,3,2,26.07195583112345,2.3476683101253544,0.8513997106635237,0,1033.1590576171875
49035,10,96,42,4,2,28.075693446071618,2.178147528404726,0.682842712474619,0,1033.1590576171875
49035,10,96,42,5,2,22.956574003013085,2.4160103847607886,0.848528137423857,0,1033.1590576171875
49035,10,96,42,6,2,24.708338098171495,2.2190588999484646,0.848528137423857,0,1033.1590576171875
49035,10,96,42,7,2,19.699322879712504,2.68129708377207,0.613407053921902,0,1033.1590576171875
49035,10,96,42,8,2,19.98153395141575,2.5052322248669583,0.8513997106635237,0,1033.1590576171875
49035,10,96,42,9,2,21.395312118997403,2.272755089443951,0.848528137423857,0,1033.1590576171875
49035,10,96,42,10,2,23.796156460383553,2.0780711471702373,0.8513997106635237,0,1033.1590576171875
49035,10,96,42,11,2,25.92210329852633,1.9660659720151203,0.613407053921902,0,1033.1590576171875
49035,10,96,42,12,2,18.166364241781604,2.3458179590718817,0.848528137423857,0,1033.1590576171875
49035,10,96,42,13,2,20.335055234319334,2.1108783974442993,0.848528137423857,0,1033.1590576171875
49035,10,96,42,14,2,15.075616035865515,2.449602760007859,0.682842712474619,0,1033.1590576171875
49035,10,96,42,15,2,16.90478868482485,2.157067915288591,0.8513997106635237,0,1033.1590576171875
49035,10,96,42,16,2,19.85622225138304,1.9363301572662652,0.682842712474619,0,1033.1590576171875
49035,10,96,42,17,2,13.968916577353731,2.032992749132002,0.613407053921902,0,1033.1590576171875
49035,10,96,42,18,2,40.899092795991216,3.2315135645904385,0.37888543819998316,0,1033.1590576171875
49035,10,96,42,19,2,43.40222261715282,3.4908677297215043,0.3414213562373095,0,1033.1590576171875
49035,10,96,42,20,2,36.75252768646486,3.303592404003856,0.482842712474619,0,1033.1590576171875
49035,10,96,42,21,2,31.902094830588158,3.0475044863689256,0.3414213562373095,0,1033.1590576171875
49035,10,96,42,22,2,36.335424994568235,3.497054942766224,0.4242640687119285,0,1033.1590576171875
49035,10,96,42,23,2,29.786884240742065,3.2668242775593948,0.4242640687119285,0,1033.1590576171875
49035,10,96,42,24,2,41.608655903666076,3.7512873043258286,0.37888543819998316,0,1033.1590576171875
49035,10,96,42,25,2,37.27972542451758,3.687747693721357,0.482842712474619,0,1033.1590576171875
49035,10,96,42,26,2,29.27068996390239,3.5062293370860913,0.4242640687119285,0,1033.1590576171875
49035,10,96,42,27,2,22.885992532515818,3.207757446995018,0.482842712474619,0,1033.1590576171875
49035,10,96,42,28,2,20.791015747579692,2.999253377423608,0.4538461538461539,0,1033.1590576171875
49035,10,96,42,29,2,30.43498166837668,3.7404399744153647,0.4242640687119285,0,1033.1590576171875
49035,10,96,42,30,2,22.209985870997265,3.521238952997553,0.4242640687119285,0,1033.1590576171875
49035,10,96,42,31,2,33.10291418207697,3.9471168101748457,0.3414213562373095,0,1033.1590576171875
49035,10,96,42,32,2,23.723370135405013,3.8232989181974815,0.482842712474619,0,1033.1590576171875
49035,10,96,42,33,2,15.158946329375935,3.5502242683658345,0.3414213562373095,0,1033.1590576171875
49035,10,96,42,34,2,22.15424993969987,4.030751426214878,0.4308640753373011,0,1033.1590576171875
49035,10,96,42,35,,,,,0,1033.1590576171875
49035,10,96,42,36,,,,,0,1033.1590576171875
49035,10,96,42,37,,,,,0,1033.1590576171875
49035,10,96,42,38,,,,,0,1033.1590576171875
49035,10,96,42,39,,,,,0,1033.1590576171875
49035,10,96,42,40,2,6.485891534873354,0.6562772324288382,0.6366888663207728,0,1033.1590576171875
49035,10,96,42,41,,,,,0,1033.1590576171875
49035,10,96,42,42,2,5.552163225281582,-0.7697050133770769,0.6093338188813542,1,1033.1590576171875
49035,10,96,42,43,2,6.270900900022738,0.09561148363822092,0.848528137423857,0,1033.1590576171875
49035,10,96,42,44,,,,,0,1033.1590576171875
49035,10,96,42,45,2,12.981535226931312,0.6822084245539701,0.47153869179611585,0,1033.1590576171875
49035,10,96,42,46,2,7.847394930400161,-0.3594224779034978,0.765685424949238,0,1033.1590576171875
49035,10,96,42,47,2,9.75086092667755,0.17548328523261103,0.765685424949238,0,1033.1590576171875
49035,10,96,42,48,,,,,0,1033.1590576171875
49035,10,96,42,49,,,,,0,1033.1590576171875
49035,10,96,42,50,2,13.260255635729951,0.21322422970121124,0.5881104528157366,0,1033.1590576171875
49035,10,96,42,51,,,,,0,1033.1590576171875
49035,10,96,42,52,2,26.65193442476962,-2.027414854808624,0.4308640753373011,0,1033.1590576171875
49035,10,96,42,53,2,37.03164518565185,-1.8950701093647444,0.3414213562373095,0,1033.1590576171875
49035,10,96,42,54,2,27.172377672766974,-1.8423618415893892,0.482842712474619,0,1033.1590576171875
49035,10,96,42,55,2,17.473793853280938,-1.730477346744347,0.3414213562373095,0,1033.1590576171875
49035,10,96,42,56,2,33.28442468457301,-1.7240598744555014,0.4242640687119285,0,1033.1590576171875
49035,10,96,42,57,2,23.975994031916322,-1.594614728048474,0.4242640687119285,0,1033.1590576171875
49035,10,96,42,58,2,39.716089243209,-1.6432223993549941,0.382842712474619,0,1033.1590576171875
49035,10,96,42,59,2,30.730491502903355,-1.5175224200216202,0.4242640687119285,0,1033.1590576171875
49035,10,96,42,60,2,22.6132366379846,-1.2955146883772475,0.482842712474619,0,1033.1590576171875
49035,10,96,42,61,2,19.231644569906802,-1.118673374869029,0.37888543819998316,0,1033.1590576171875
49035,10,96,42,62,2,37.601568134873624,-1.468394751555929,0.4242640687119285,0,1033.1590576171875
49035,10,96,42,63,2,29.679509588890067,-1.285464736646872,0.4242640687119285,0,1033.1590576171875
49035,10,96,42,64,2,44.53529773553863,-1.4345025534420226,0.3414213562373095,0,1033.1590576171875
49035,10,96,42,65,2,36.74762723807546,-1.2792804037587429,0.382842712474619,0,1033.1590576171875
49035,10,96,42,66,2,30.288338859435974,-1.0499558870439736,0.3414213562373095,0,1033.1590576171875
49035,10,97,46,1,2,31.72193655181468,3.2393407305908997,0.613407053921902,0,1033.426025390625
49035,10,97,46,2,2,27.306814095347097,3.382637806485372,0.682842712474619,0,1033.426025390625
49035,10,97,46,3,2,28.36094401434428,3.206780195833527,0.8513997106635237,0,1033.426025390625
49035,10,97,46,4,2,30.216290221198474,3.0480072626451573,0.682842712474619,0,1033.426025390625
49035,10,97,46,5,2,25.28855692351281,3.272115308455482,0.848528137423857,0,1033.426025390625
49035,10,97,46,6,2,26.89223234729076,3.0902622545679614,0.848528137423857,0,1033.426025390625
49035,10,97,46,7,2,22.098695495885682,3.5122642245708855,0.613407053921902,0,1033.426025390625
49035,10,97,46,8,2,22.353502570351804,3.3550451120099964,0.8513997106635237,0,1033.426025390625
49035,10,97,46,9,2,23.62964507794496,3.14430583963035,0.848528137423857,0,1033.426025390625
49035,10,97,46,10,2,25.82714029575424,2.9622531812541446,0.8513997106635237,0,1033.426025390625
49035,10,97,46,11,2,27.800501981068958,2.854323352891164,0.613407053921902,0,1033.426025390625
49035,10,97,46,12,2,20.457959145492143,3.215372006598117,0.848528137423857,0,1033.426025390625
49035,10,97,46,13,2,22.410023242860536,2.999971159086124,0.848528137423857,0,1033.426025390625
49035,10,97,46,14,2,17.42687746808368,3.3118011153947995,0.682842712474619,0,1033.426025390625
49035,10,97,46,15,2,19.036205179460705,3.0511547801388312,0.8513997106635237,0,1033.426025390625
49035,10,97,46,16,2,21.703874238979786,2.84272760707553,0.682842712474619,0,1033.426025390625
49035,10,97,46,17,2,15.966809149668604,2.9546450638698696,0.613407053921902,0,1033.426025390625
49035,10,97,46,18,2,42.94441625000242,4.034193562043378,0.37888543819998316,0,1033.426025390625
49035,10,97,46,19,2,45.06526122729682,4.2843755695589305,0.3414213562373095,0,1033.426025390625
49035,10,97,46,20,2,38.707103588079924,4.099307524656563,0.482842712474619,0,1033.426025390625
49035,10,97,46,21,2,34.1409133866128,3.8539597514338384,0.3414213562373095,0,1033.426025390625
49035,10,97,46,22,2,37.99441801049601,4.283013581363296,0.4242640687119285,0,1033.426025390625
49035,10,97,46,23,2,31.795249623963507,4.056772600212696,0.4242640687119285,0,1033.426025390625
49035,10,97,46,24,2,42.78119542961994,4.534284055564948,0.37888543819998316,0,1033.426025390625
49035,10,97,46,25,2,38.58641900635841,4.4673007885648826,0.482842712474619,0,1033.426025390625
49035,10,97,46,26,2,30.923677504916935,4.281028747084143,0.4242640687119285,0,1033.426025390625
49035,10,97,46,27,2,24.97270368065807,3.9908165353117893,0.482842712474619,0,1033.426025390625
49035,10,97,46,28,2,23.071995545875026,3.7978523507937387,0.4538461538461539,0,1033.426025390625
49035,10,97,46,29,2,31.64821894208361,4.506344690816859,0.4242640687119285,0,1033.426025390625
49035,10,97,46,30,2,23.85313105023966,4.277867204088437,0.4242640687119285,0,1033.426025390625
49035,10,97,46,31,2,33.866586689302096,4.711787080981039,0.3414213562373095,0,1033.426025390625
49035,10,97,46,32,2,24.785233359358582,4.567151469631112,0.482842712474619,0,1033.426025390625
49035,10,97,46,33,2,16.783023904282242,4.27204185779487,0.3414213562373095,0,1033.426025390625
49035,10,97,46,34,2,22.76674710631142,4.760022271822157,0.4308640753373011,0,1033.426025390625
49035,10,97,46,35,,,,,0,1033.426025390625
49035,10,97,46,36,,,,,0,1033.426025390625
49035,10,97,46,37,,,,,0,1033.426025390625
49035,10,97,46,38,,,,,0,1033.426025390625
49035,10,97,46,39,,,,,0,1033.426025390625
49035,10,97,46,40,2,5.881837884380812,1.8671515472762665,0.6366888663207728,0,1033.426025390625
49035,10,97,46,41,,,,,0,1033.426025390625
49035,10,97,46,42,,,,,0,1033.426025390625
49035,10,97,46,43,2,4.44567011676692,1.2243538694395752,0.848528137423857,0,1033.426025390625
49035,10,97,46,44,,,,,0,1033.426025390625
49035,10,97,46,45,2,12.217682541173057,1.695708133329879,0.47153869179611585,0,1033.426025390625
49035,10,97,46,46,2,5.471009840613655,0.524050188505218,0.6366888663207728,1,1033.426025390625
49035,10,97,46,47,2,7.975775700395246,1.1914631749722526,0.765685424949238,0,1033.426025390625
49035,10,97,46,48,,,,,0,1033.426025390625
49035,10,97,46,49,,,,,0,1033.426025390625
49035,10,97,46,50,2,11.509214276349022,1.1787604184204241,0.6105354806822353,0,1033.426025390625
49035,10,97,46,51,2,11.888769940553432,0.651937860995832,0.47153869179611585,0,1033.426025390625
49035,10,97,46,52,2,26.714428790088203,4.998465433319739,0.4308640753373011,0,1033.426025390625
49035,10,97,46,53,2,36.74664049966641,-1.1270459606090397,0.3414213562373095,0,1033.426025390625
49035,10,97,46,54,2,26.78950702617671,-1.097565601227347,0.482842712474619,0,1033.426025390625
49035,10,97,46,55,2,16.88312131684835,-1.033365880807164,0.3414213562373095,0,1033.426025390625
49035,10,97,46,56,2,32.603889621999485,-0.9613013176577381,0.4242640687119285,0,1033.426025390625
49035,10,97,46,57,2,23.02988747643751,-0.8558713516538448,0.4242640687119285,0,1033.426025390625
49035,10,97,46,58,2,38.83747610570851,-0.8674612055110229,0.382842712474619,0,1033.426025390625
49035,10,97,46,59,2,29.59242553349298,-0.7549665987518179,0.4242640687119285,0,1033.426025390625
49035,10,97,46,60,2,21.049317035219335,-0.5463333423405996,0.482842712474619,0,1033.426025390625
49035,10,97,46,61,2,17.37109084070712,-0.3689834976021187,0.37888543819998316,0,1033.426025390625
49035,10,97,46,62,2,36.34621824527665,-0.6910958068884252,0.4242640687119285,0,1033.426025390625
49035,10,97,46,63,2,28.078633859700673,-0.514771678525868,0.4242640687119285,0,1033.426025390625
49035,10,97,46,64,2,43.201660992503925,-0.647361167219755,0.3414213562373095,0,1033.426025390625
49035,10,97,46,65,2,35.1247151049668,-0.4958596169944971,0.382842712474619,0,1033.426025390625
49035,10,97,46,66,2,28.303846203280056,-0.26341071997410825,0.3414213562373095,0,1033.426025390625
49035,10,98,43,1,2,34.936293880878566,2.528108283652093,0.613407053921902,0,1033.708984375
49035,10,98,43,2,2,30.471391003271663,2.655727761697925,0.682842712474619,0,1033.708984375
49035,10,98,43,3,2,31.578459922745076,2.4983797476432166,0.8513997106635237,0,1033.708984375
49035,10,98,43,4,2,33.40497855875032,2.354950119534351,0.682842712474619,0,1033.708984375
49035,10,98,43,5,2,28.496840194484488,2.556161282539909,0.848528137423857,0,1033.708984375
49035,10,98,43,6,2,30.095902752503346,2.3942179485155366,0.848528137423857,0,1033.708984375
49035,10,98,43,7,2,25.17151660220039,2.765071731753899,0.613407053921902,0,1033.708984375
49035,10,98,43,8,2,25.533128892628028,2.6276445208174586,0.8513997106635237,0,1033.708984375
49035,10,98,43,9,2,26.84462949019241,2.443089029797984,0.848528137423857,0,1033.708984375
49035,10,98,43,10,2,28.9711510624597,2.280643107476476,0.8513997106635237,0,1033.708984375
49035,10,98,43,11,2,30.857138831663672,2.1819921032267486,0.613407053921902,0,1033.708984375
49035,10,98,43,12,2,23.67498474008542,2.5052297472136473,0.848528137423857,0,1033.708984375
49035,10,98,43,13,2,25.577301731445978,2.317044861955638,0.848528137423857,0,1033.708984375
49035,10,98,43,14,2,20.62463751004723,2.5861471343322044,0.682842712474619,0,1033.708984375
49035,10,98,43,15,2,22.227665955718315,2.364497601289726,0.8513997106635237,0,1033.708984375
49035,10,98,43,16,2,24.75404199837172,2.1802915066770887,0.682842712474619,0,1033.708984375
49035,10,98,43,17,2,19.110825068539107,2.2872230776540463,0.613407053921902,0,1033.708984375
49035,10,98,43,18,2,45.14607801168252,3.274207470542662,0.37888543819998316,0,1033.708984375
49035,10,98,43,19,2,46.62849384629436,3.5163266032255334,0.3414213562373095,0,1033.708984375
49035,10,98,43,20,2,40.76276930251691,3.330289919809403,0.482842712474619,0,1033.708984375
49035,10,98,43,21,2,36.72860307779917,3.0932551679750597,0.3414213562373095,0,1033.708984375
49035,10,98,43,22,2,39.57707544987823,3.504063918148224,0.4242640687119285,0,1033.708984375
49035,10,98,43,23,2,33.96662809290404,3.2778098149571564,0.4242640687119285,0,1033.708984375
49035,10,98,43,24,2,43.616430157709395,3.755646791820393,0.37888543819998316,0,1033.708984375
49035,10,98,43,25,2,39.636932791532864,3.682826240594668,0.482842712474619,0,1033.708984375
49035,10,98,43,26,2,32.53418761790122,3.4864883865235266,0.4242640687119285,0,1033.708984375
49035,10,98,43,27,2,27.31044281576373,3.199435281799281,0.482842712474619,0,1033.708984375
49035,10,98,43,28,2,25.778940013337486,3.0198112908353942,0.4538461538461539,0,1033.708984375
49035,10,98,43,29,2,32.60697630740906,3.7040054095455575,0.4242640687119285,0,1033.708984375
49035,10,98,43,30,2,25.50689763080253,3.4592158199946614,0.4242640687119285,0,1033.708984375
49035,10,98,43,31,2,34.1753777428586,3.910921002545567,0.3414213562373095,0,1033.708984375
49035,10,98,43,32,2,25.599675128864018,3.7368013348317626,0.482842712474619,0,1033.708984375
49035,10,98,43,33,2,18.512976247477948,3.4112753527730146,0.3414213562373095,0,1033.708984375
49035,10,98,43,34,2,22.995181409953478,3.912942041323436,0.4308640753373011,0,1033.708984375
49035,10,98,43,35,,,,,0,1033.708984375
49035,10,98,43,36,,,,,0,1033.708984375
49035,10,98,43,37,,,,,0,1033.708984375
49035,10,98,43,38,,,,,0,1033.708984375
49035,10,98,43,39,,,,,0,1033.708984375
49035,10,98,43,40,2,7.365114251418077,1.5978233840494769,0.6366888663207728,0,1033.708984375
49035,10,98,43,41,,,,,0,1033.708984375
49035,10,98,43,42,,,,,0,1033.708984375
49035,10,98,43,43,2,4.372147974853007,1.2646215537888421,0.765685424949238,1,1033.708984375
49035,10,98,43,44,,,,,0,1033.708984375
49035,10,98,43,45,2,12.870297678176268,1.2409792440895924,0.47153869179611585,0,1033.708984375
49035,10,98,43,46,,,,,0,1033.708984375
49035,10,98,43,47,2,7.258092677124802,0.9000472333270819,0.848528137423857,0,1033.708984375
49035,10,98,43,48,2,4.884385106556445,-0.47145494691042655,0.5052677403411177,0,1033.708984375
49035,10,98,43,49,2,6.523088171050754,0.39199976733530173,0.7685569981889047,0,1033.708984375
49035,10,98,43,50,2,10.547233794007514,0.7517022949198522,0.6466890965784271,0,1033.708984375
49035,10,98,43,51,2,9.418342754890904,0.14043656832464047,0.613407053921902,0,1033.708984375
49035,10,98,43,52,2,26.14421366252596,4.1718772261878865,0.4308640753373011,0,1033.708984375
49035,10,98,43,53,2,35.630997552254925,4.366019574483408,0.3414213562373095,0,1033.708984375
49035,10,98,43,54,2,25.631131645034717,4.364305939140253,0.482842712474619,0,1033.708984375
49035,10,98,43,55,2,15.631437305679981,4.360399794048691,0.3414213562373095,0,1033.708984375
49035,10,98,43,56,2,31.011231019748948,-1.755946056553991,0.4242640687119285,0,1033.708984375
49035,10,98,43,57,2,21.19158729771187,-1.6821775852535357,0.4242640687119285,0,1033.708984375
49035,10,98,43,58,2,36.965362020618414,-1.6432316527625659,0.382842712474619,0,1033.708984375
49035,10,98,43,59,2,27.45587208871141,-1.54609064882519,0.4242640687119285,0,1033.708984375
49035,10,98,43,60,2,18.471920175985655,-1.3507613316592968,0.482842712474619,0,1033.708984375
49035,10,98,43,61,2,14.488108793287608,-1.1658026049306822,0.37888543819998316,0,1033.708984375
49035,10,98,43,62,2,34.03772101811197,-1.4615246301511355,0.4242640687119285,0,1033.708984375
49035,10,98,43,63,2,25.415612818563417,-1.2890879527486652,0.4242640687119285,0,1033.708984375
49035,10,98,43,64,2,40.783673106550374,-1.4046313010791045,0.3414213562373095,0,1033.708984375
49035,10,98,43,65,2,32.41442448815441,-1.2539573616820059,0.382842712474619,0,1033.708984375
49035,10,98,43,66,2,25.260281822152496,-1.0091707521755864,0.3414213562373095,0,1033.708984375
49035,10,99,47,1,2,35.83223793740358,1.1373617300857028,0.613407053921902,0,1034.1090087890625
49035,10,99,47,2,2,31.961956963524855,1.2769239915819832,0.682842712474619,0,1034.1090087890625
49035,10,99,47,3,2,32.37232964029163,1.1218518150156642,0.8513997106635237,0,1034.1090087890625
49035,10,99,47,4,2,33.53160836794432,0.9740933741299701,0.682842712474619,0,1034.1090087890625
49035,10,99,47,5,2,29.579705207547082,1.1919346402320472,0.848528137423857,0,1034.1090087890625
49035,10,99,47,6,2,30.436162595946243,1.027572991759174,0.848528137423857,0,1034.1090087890625
49035,10,99,47,7,2,27.17019452654009,1.4052859265274664,0.613407053921902,0,1034.1090087890625
49035,10,99,47,8,2,26.9620139082946,1.2761110995798703,0.8513997106635237,0,1034.1090087890625
49035,10,99,47,9,2,27.447244440791515,1.0929230610976215,0.848528137423857,0,1034.1090087890625
49035,10,99,47,10,2,28.80542068420543,0.9215783687369884,0.8513997106635237,0,1034.1090087890625
49035,10,99,47,11,2,30.21560828735858,0.8129449411424429,0.613407053921902,0,1034.1090087890625
49035,10,99,47,12,2,24.60370828184736,1.1737953480289098,0.848528137423857,0,1034.1090087890625
49035,10,99,47,13,2,25.62700713348583,0.9785776012705153,0.848528137423857,0,1034.1090087890625
49035,10,99,47,14,2,21.96209678159005,1.2749280785484598,0.682842712474619,0,1034.1090087890625
49035,10,99,47,15,2,22.555148601714357,1.0513968567070733,0.8513997106635237,0,1034.1090087890625
49035,10,99,47,16,2,24.189579612860296,0.8487511352726383,0.682842712474619,0,1034.1090087890625
49035,10,99,47,17,2,19.163850844295798,1.009763935196454,0.613407053921902,0,1034.1090087890625
49035,10,99,47,18,2,48.77288717950841,1.8161519915207753,0.37888543819998316,0,1034.1090087890625
49035,10,99,47,19,2,50.8072431654674,2.037450411228127,0.3414213562373095,0,1034.1090087890625
49035,10,99,47,20,2,44.54411324606106,1.8733970183394737,0.482842712474619,0,1034.1090087890625
49035,10,99,47,21,2,39.83691870213974,1.663567361571832,0.3414213562373095,0,1034.1090087890625
49035,10,99,47,22,2,43.73969012840946,2.032721599591709,0.4242640687119285,0,1034.1090087890625
49035,10,99,47,23,2,37.62927795390523,1.8372895975606305,0.4242640687119285,0,1034.1090087890625
49035,10,99,47,24,2,48.12215629810407,2.2573857875054846,0.37888543819998316,0,1034.1090087890625
49035,10,99,47,25,2,44.06975107917727,2.1937760350093805,0.482842712474619,0,1034.1090087890625
49035,10,99,47,26,2,36.67349215691935,2.0261703089520315,0.4242640687119285,0,1034.1090087890625
49035,10,99,47,27,2,30.7855013567524,1.7850326713506628,0.482842712474619,0,1034.1090087890625
49035,10,99,47,28,2,28.70798020042673,1.6319005649506528,0.4538461538461539,0,1034.1090087890625
49035,10,99,47,29,2,37.06652795494868,2.2179540427174746,0.4242640687119285,0,1034.1090087890625
49035,10,99,47,30,2,29.609619407178656,2.0164925808521175,0.4242640687119285,0,1034.1090087890625
49035,10,99,47,31,2,38.76738271132525,2.3992607882823345,0.3414213562373095,0,1034.1090087890625
49035,10,99,47,32,2,30.095049910065576,2.253363109785216,0.482842712474619,0,1034.1090087890625
49035,10,99,47,33,2,22.550257113663175,2.0007532836245896,0.3414213562373095,0,1034.1090087890625
49035,10,99,47,34,2,27.58795987640613,2.4036394160517935,0.4308640753373011,0,1034.1090087890625
49035,10,99,47,35,,,,,0,1034.1090087890625
49035,10,99,47,36,,,,,0,1034.1090087890625
49035,10,99,47,37,,,,,0,1034.1090087890625
49035,10,99,47,38,,,,,0,1034.1090087890625
49035,10,99,47,39,,,,,0,1034.1090087890625
49035,10,99,47,40,2,5.184251674993233,0.7469891528313931,0.48033726025288903,0,1034.1090087890625
49035,10,99,47,41,,,,,0,1034.1090087890625
49035,10,99,47,42,,,,,0,1034.1090087890625
49035,10,99,47,43,,,,,0,1034.1090087890625
49035,10,99,47,44,,,,,0,1034.1090087890625
49035,10,99,47,45,2,8.859991875723447,-0.06623349559589367,0.47153869179611585,0,1034.1090087890625
49035,10,99,47,46,,,,,0,1034.1090087890625
49035,10,99,47,47,2,2.6944324973037603,-0.490643625485829,0.765685424949238,1,1034.1090087890625
49035,10,99,47,48,2,5.73150651283944,-2.872346886501447,0.49033749051054326,0,1034.1090087890625
49035,10,99,47,49,2,3.041578588202214,-1.8142061967314032,0.7685569981889047,0,1034.1090087890625
49035,10,99,47,50,2,5.970949146467372,-0.8233436102383668,0.6466890965784271,0,1034.1090087890625
49035,10,99,47,51,2,6.539850995642767,-1.83886055118715,0.613407053921902,0,1034.1090087890625
49035,10,99,47,52,2,30.660691410885725,2.6230515905814697,0.4308640753373011,0,1034.1090087890625
49035,10,99,47,53,2,39.908137416364596,2.8029298246780887,0.3414213562373095,0,1034.1090087890625
49035,10,99,47,54,2,29.92426271182664,2.786502905756999,0.482842712474619,0,1034.1090087890625
49035,10,99,47,55,2,19.956541926130306,2.7536487067180317,0.3414213562373095,0,1034.1090087890625
49035,10,99,47,56,2,34.99205576266969,-3.344142343548738,0.4242640687119285,0,1034.1090087890625
49035,10,99,47,57,2,25.044880381043225,-3.309465749285615,0.4242640687119285,0,1034.1090087890625
49035,10,99,47,58,2,40.66234663849533,-3.2320854290602217,0.382842712474619,0,1034.1090087890625
49035,10,99,47,59,2,30.922944571177744,-3.168113433743399,0.4242640687119285,0,1034.1090087890625
49035,10,99,47,60,2,21.424998664063192,-3.046484585140712,0.482842712474619,0,1034.1090087890625
49035,10,99,47,61,2,16.89472110324994,-2.9352188194025275,0.37888543819998316,0,1034.1090087890625
49035,10,99,47,62,2,37.21842243571721,-3.0731690212024407,0.4242640687119285,0,1034.1090087890625
49035,10,99,47,63,2,28.071569877840407,-2.9480475787252045,0.4242640687119285,0,1034.1090087890625
49035,10,99,47,64,2,43.7514963887507,-3.0061141759293304,0.3414213562373095,0,1034.1090087890625
49035,10,99,47,65,2,34.885462632131514,-2.887653110731219,0.382842712474619,0,1034.1090087890625
49035,10,99,47,66,2,26.829043401896058,-2.693710547794756,0.3414213562373095,0,1034.1090087890625
49035,10,100,40,1,2,35.83223793740358,1.1373617300857028,0.613407053921902,0,1034.1259765625
49035,10,100,40,2,2,31.961956963524855,1.2769239915819832,0.682842712474619,0,1034.1259765625
49035,10,100,40,3,2,32.37232964029163,1.1218518150156642,0.8513997106635237,0,1034.1259765625
49035,10,100,40,4,2,33.53160836794432,0.9740933741299701,0.682842712474619,0,1034.1259765625
49035,10,100,40,5,2,29.579705207547082,1.1919346402320472,0.848528137423857,0,1034.1259765625
49035,10,100,40,6,2,30.436162595946243,1.027572991759174,0.848528137423857,0,1034.1259765625
49035,10,100,40,7,2,27.17019452654009,1.4052859265274664,0.613407053921902,0,1034.1259765625
49035,10,100,40,8,2,26.9620139082946,1.2761110995798703,0.8513997106635237,0,1034.1259765625
49035,10,100,40,9,2,27.447244440791515,1.0929230610976215,0.848528137423857,0,1034.1259765625
49035,10,100,40,10,2,28.80542068420543,0.9215783687369884,0.8513997106635237,0,1034.1259765625
49035,10,100,40,11,2,30.21560828735858,0.8129449411424429,0.613407053921902,0,1034.1259765625
49035,10,100,40,12,2,24.60370828184736,1.1737953480289098,0.848528137423857,0,1034.1259765625
49035,10,100,40,13,2,25.62700713348583,0.9785776012705153,0.848528137423857,0,1034.1259765625
49035,10,100,40,14,2,21.96209678159005,1.2749280785484598,0.682842712474619,0,1034.1259765625
49035,10,100,40,15,2,22.555148601714357,1.0513968567070733,0.8513997106635237,0,1034.1259765625
49035,10,100,40,16,2,24.189579612860296,0.8487511352726383,0.682842712474619,0,1034.1259765625
49035,10,100,40,17,2,19.163850844295798,1.009763935196454,0.613407053921902,0,1034.1259765625
49035,10,100,40,18,2,48.77288717950841,1.8161519915207753,0.37888543819998316,0,1034.1259765625
49035,10,100,40,19,2,50.8072431654674,2.037450411228127,0.3414213562373095,0,1034.1259765625
49035,10,100,40,20,2,44.54411324606106,1.8733970183394737,0.482842712474619,0,1034.1259765625
49035,10,100,40,21,2,39.83691870213974,1.663567361571832,0.3414213562373095,0,1034.1259765625
49035,10,100,40,22,2,43.73969012840946,2.032721599591709,0.4242640687119285,0,1034.1259765625
49035,10,100,40,23,2,37.62927795390523,1.8372895975606305,0.4242640687119285,0,1034.1259765625
49035,10,100,40,24,2,48.12215629810407,2.2573857875054846,0.37888543819998316,0,1034.1259765625
49035,10,100,40,25,2,44.06975107917727,2.1937760350093805,0.482842712474619,0,1034.1259765625
49035,10,100,40,26,2,36.67349215691935,2.0261703089520315,0.4242640687119285,0,1034.1259765625
49035,10,100,40,27,2,30.7855013567524,1.7850326713506628,0.482842712474619,0,1034.1259765625
49035,10,100,40,28,2,28.70798020042673,1.6319005649506528,0.4538461538461539,0,1034.1259765625
49035,10,100,40,29,2,37.06652795494868,2.2179540427174746,0.4242640687119285,0,1034.1259765625
49035,10,100,40,30,2,29.609619407178656,2.0164925808521175,0.4242640687119285,0,1034.1259765625
49035,10,100,40,31,2,38.76738271132525,2.3992607882823345,0.3414213562373095,0,1034.1259765625
49035,10,100,40,32,2,30.095049910065576,2.253363109785216,0.482842712474619,0,1034.1259765625
49035,10,100,40,33,2,22.550257113663175,2.0007532836245896,0.3414213562373095,0,1034.1259765625
49035,10,100,40,34,2,27.58795987640613,2.4036394160517935,0.4308640753373011,0,1034.1259765625
49035,10,100,40,35,,,,,0,1034.1259765625
49035,10,100,40,36,,,,,0,1034.1259765625
49035,10,100,40,37,,,,,0,1034.1259765625
49035,10,100,40,38,,,,,0,1034.1259765625
49035,10,100,40,39,,,,,0,1034.1259765625
49035,10,100,40,40,2,5.184251674993233,0.7469891528313931,0.4068283666596242,1,1034.1259765625
49035,10,100,40,41,,,,,0,1034.1259765625
49035,10,100,40,42,,,,,0,1034.1259765625
49035,10,100,40,43,,,,,0,1034.1259765625
49035,10,100,40,44,,,,,0,1034.1259765625
49035,10,100,40,45,2,8.859991875723447,-0.06623349559589367,0.4190965632626408,0,1034.1259765625
49035,10,100,40,46,,,,,0,1034.1259765625
49035,10,100,40,47,,,,,0,1034.1259765625
49035,10,100,40,48,2,5.73150651283944,-2.872346886501447,0.4638463841038081,0,1034.1259765625
49035,10,100,40,49,2,3.041578588202214,-1.8142061967314032,0.6857142857142857,0,1034.1259765625
49035,10,100,40,50,2,5.970949146467372,-0.8233436102383668,0.5276927682076162,0,1034.1259765625
49035,10,100,40,51,2,6.539850995642767,-1.83886055118715,0.613407053921902,0,1034.1259765625
49035,10,100,40,52,2,30.660691410885725,2.6230515905814697,0.4308640753373011,0,1034.1259765625
49035,10,100,40,53,2,39.908137416364596,2.8029298246780887,0.3414213562373095,0,1034.1259765625
49035,10,100,40,54,2,29.92426271182664,2.786502905756999,0.482842712474619,0,1034.1259765625
49035,10,100,40,55,2,19.956541926130306,2.7536487067180317,0.3414213562373095,0,1034.1259765625
49035,10,100,40,56,2,34.99205576266969,-3.344142343548738,0.4242640687119285,0,1034.1259765625
49035,10,100,40,57,2,25.044880381043225,-3.309465749285615,0.4242640687119285,0,1034.1259765625
49035,10,100,40,58,2,40.66234663849533,-3.2320854290602217,0.382842712474619,0,1034.1259765625
49035,10,100,40,59,2,30.922944571177744,-3.168113433743399,0.4242640687119285,0,1034.1259765625
49035,10,100,40,60,2,21.424998664063192,-3.046484585140712,0.482842712474619,0,1034.1259765625
49035,10,100,40,61,2,16.89472110324994,-2.9352188194025275,0.37888543819998316,0,1034.1259765625
49035,10,100,40,62,2,37.21842243571721,-3.0731690212024407,0.4242640687119285,0,1034.1259765625
49035,10,100,40,63,2,28.071569877840407,-2.9480475787252045,0.4242640687119285,0,1034.1259765625
49035,10,100,40,64,2,43.7514963887507,-3.0061141759293304,0.3414213562373095,0,1034.1259765625
49035,10,100,40,65,2,34.885462632131514,-2.887653110731219,0.382842712474619,0,1034.1259765625
49035,10,100,40,66,2,26.829043401896058,-2.693710547794756,0.3414213562373095,0,1034.1259765625
49035,10,101,45,1,2,32.197604616939955,-0.08710887310636073,0.613407053921902,0,1034.5260009765625
49035,10,101,45,2,2,28.336434337703505,0.06953541797291862,0.682842712474619,0,1034.5260009765625
49035,10,101,45,3,2,28.741694714018173,-0.10531365714005836,0.8513997106635237,0,1034.5260009765625
49035,10,101,45,4,2,29.98693914177734,-0.2704477962380132,0.682842712474619,0,1034.5260009765625
49035,10,101,45,5,2,25.939162892253268,-0.0263532030430933,0.848528137423857,0,1034.5260009765625
49035,10,101,45,6,2,26.85091573130583,-0.2129048615714877,0.848528137423857,0,1034.5260009765625
49035,10,101,45,7,2,23.62526772814842,0.21963721118499357,0.613407053921902,0,1034.5260009765625
49035,10,101,45,8,2,23.336566329858336,0.07094821623248393,0.8513997106635237,0,1034.5260009765625
49035,10,101,45,9,2,23.827018951742907,-0.14046215596431533,0.848528137423857,0,1034.5260009765625
49035,10,101,45,10,2,25.315179955622547,-0.33512751964995435,0.8513997106635237,0,1034.5260009765625
49035,10,101,45,11,2,26.866343052725654,-0.4555065700073544,0.613407053921902,0,1034.5260009765625
49035,10,101,45,12,2,20.963825715831174,-0.047623822061976684,0.848528137423857,0,1034.5260009765625
49035,10,101,45,13,2,22.081972119866975,-0.27461453160657223,0.848528137423857,0,1034.5260009765625
49035,10,101,45,14,2,18.33677030343057,0.07313146240605328,0.682842712474619,0,1034.5260009765625
49035,10,101,45,15,2,18.957021106165683,-0.193766833402508,0.8513997106635237,0,1034.5260009765625
49035,10,101,45,16,2,20.796638028259498,-0.4284604748608123,0.682842712474619,0,1034.5260009765625
49035,10,101,45,17,2,15.597048476703469,-0.2507727859503859,0.613407053921902,0,1034.5260009765625
49035,10,101,45,18,2,45.86951445671735,0.6442257590421936,0.37888543819998316,0,1034.5260009765625
49035,10,101,45,19,2,48.470518518685374,0.8753464113779117,0.3414213562373095,0,1034.5260009765625
49035,10,101,45,20,2,41.781026478389656,0.7099845238232216,0.482842712474619,0,1034.5260009765625
49035,10,101,45,21,2,36.63218778213462,0.49041893858655605,0.3414213562373095,0,1034.5260009765625
49035,10,101,45,22,2,41.40246957153589,0.8799583274447844,0.4242640687119285,0,1034.5260009765625
49035,10,101,45,23,2,34.79119852404672,0.6819507836123901,0.4242640687119285,0,1034.5260009765625
49035,10,101,45,24,2,46.470886537671895,1.107643049463134,0.37888543819998316,0,1034.5260009765625
49035,10,101,45,25,2,42.22173373579077,1.0481409460213111,0.482842712474619,0,1034.5260009765625
49035,10,101,45,26,2,34.33566378816184,0.8864688394087885,0.4242640687119285,0,1034.5260009765625
49035,10,101,45,27,2,27.842428340418945,0.6398757666339114,0.482842712474619,0,1034.5260009765625
49035,10,101,45,28,2,25.462370666342164,0.4745397217310141,0.4538461538461539,0,1034.5260009765625
49035,10,101,45,29,2,35.31923159990526,1.0878869244090694,0.4242640687119285,0,1034.5260009765625
49035,10,101,45,30,2,27.271067616164604,0.8963530787124734,0.4242640687119285,0,1034.5260009765625
49035,10,101,45,31,2,37.62922313630463,1.2714647705205593,0.3414213562373095,0,1034.5260009765625
49035,10,101,45,32,2,28.499498977341325,1.146788760438012,0.482842712474619,0,1034.5260009765625
49035,10,101,45,33,2,20.210998245439416,0.9131455368450334,0.3414213562373095,0,1034.5260009765625
49035,10,101,45,34,2,26.530421388518782,1.3141254589752083,0.4308640753373011,0,1034.5260009765625
49035,10,101,45,35,,,,,0,1034.5260009765625
49035,10,101,45,36,,,,,0,1034.5260009765625
49035,10,101,45,37,,,,,0,1034.5260009765625
49035,10,101,45,38,,,,,0,1034.5260009765625
49035,10,101,45,39,,,,,0,1034.5260009765625
49035,10,101,45,40,,,,,0,1034.5260009765625
49035,10,101,45,41,2,8.844820893174203,-4.460166116850531,0.3522069311556173,0,1034.5260009765625
49035,10,101,45,42,,,,,0,1034.5260009765625
49035,10,101,45,43,,,,,0,1034.5260009765625
49035,10,101,45,44,,,,,0,1034.5260009765625
49035,10,101,45,45,2,8.47808766364088,-1.7054299485569089,0.34843944249725717,1,1034.5260009765625
49035,10,101,45,46,,,,,0,1034.5260009765625
49035,10,101,45,47,,,,,0,1034.5260009765625
49035,10,101,45,48,2,8.444804708601195,-3.7400306550202833,0.5276927682076162,0,1034.5260009765625
49035,10,101,45,49,2,6.6668006288812025,-3.1066817997138285,0.6857142857142857,0,1034.5260009765625
49035,10,101,45,50,2,8.220567783559032,-2.4531533650934763,0.5276927682076162,0,1034.5260009765625
49035,10,101,45,51,2,10.165899005512383,-3.0970323247353018,0.613407053921902,0,1034.5260009765625
49035,10,101,45,52,2,30.3706037491261,1.5236785950798715,0.4308640753373011,0,1034.5260009765625
49035,10,101,45,53,2,40.221292632903435,-4.60806012587261,0.3414213562373095,0,1034.5260009765625
49035,10,101,45,54,2,30.23268742899526,-4.594373968650702,0.482842712474619,0,1034.5260009765625
49035,10,101,45,55,2,20.2553300959773,-4.5671946768375244,0.3414213562373095,0,1034.5260009765625
49035,10,101,45,56,2,35.812368006226365,-4.462270487617802,0.4242640687119285,0,1034.5260009765625
49035,10,101,45,57,2,26.053573849494455,-4.390785238702369,0.4242640687119285,0,1034.5260009765625
49035,10,101,45,58,2,41.845382245206494,-4.366960746785175,0.382842712474619,0,1034.5260009765625
49035,10,101,45,59,2,32.36199968118656,-4.280720526589096,0.4242640687119285,0,1034.5260009765625
49035,10,101,45,60,2,23.31441681627046,-4.125503401113196,0.482842712474619,0,1034.5260009765625
49035,10,101,45,61,2,19.14924373289015,-3.994497434238343,0.37888543819998316,0,1034.5260009765625
49035,10,101,45,62,2,38.933396158043756,-4.207149339688247,0.4242640687119285,0,1034.5260009765625
49035,10,101,45,63,2,30.200535500498205,-4.064945355901468,0.4242640687119285,0,1034.5260009765625
49035,10,101,45,64,2,45.65434973179701,-4.1550219721041,0.3414213562373095,0,1034.5260009765625
49035,10,101,45,65,2,37.15619272141469,-4.026961053246824,0.382842712474619,0,1034.5260009765625
49035,10,101,45,66,2,29.61157992523509,-3.82876428973618,0.3414213562373095,0,1034.5260009765625
49035,10,102,44,1,2,30.410053839170583,2.2663294803292464,0.613407053921902,0,1035.2259521484375
49035,10,102,44,2,2,27.65324855037573,2.4543784459127655,0.682842712474619,0,1035.2259521484375
49035,10,102,44,3,2,26.91505086672943,2.2728644623910226,0.8513997106635237,0,1035.2259521484375
49035,10,102,44,4,2,27.094976857868105,2.0875675745130833,0.682842712474619,0,1035.2259521484375
49035,10,102,44,5,2,24.702285487677656,2.3798567832173783,0.848528137423857,0,1035.2259521484375
49035,10,102,44,6,2,24.39099661933693,2.176202224371095,0.848528137423857,0,1035.2259521484375
49035,10,102,44,7,2,24.06103464176021,2.645957459019381,0.613407053921902,0,1035.2259521484375
49035,10,102,44,8,2,22.82511453357524,2.5061152234141586,0.8513997106635237,0,1035.2259521484375
49035,10,102,44,9,2,21.924955216387627,2.2858133922816135,0.848528137423857,0,1035.2259521484375
49035,10,102,44,10,2,22.145461589462936,2.0586335146317136,0.8513997106635237,0,1035.2259521484375
49035,10,102,44,11,2,22.95591284286515,1.9074776660555657,0.613407053921902,0,1035.2259521484375
49035,10,102,44,12,2,19.786020479032675,2.4210770220338684,0.848528137423857,0,1035.2259521484375
49035,10,102,44,13,2,19.395989641327297,2.165931420068332,0.848528137423857,0,1035.2259521484375
49035,10,102,44,14,2,18.090592902190846,2.5852472544535514,0.682842712474619,0,1035.2259521484375
49035,10,102,44,15,2,16.940701264191315,2.306387272277132,0.8513997106635237,0,1035.2259521484375
49035,10,102,44,16,2,17.22513184542715,2.0131111289130756,0.682842712474619,0,1035.2259521484375
49035,10,102,44,17,2,13.458675565595314,2.3298489917732246,0.613407053921902,0,1035.2259521484375
49035,10,102,44,18,2,48.51335610299539,2.9234908399372586,0.37888543819998316,0,1035.2259521484375
49035,10,102,44,19,2,52.34877078708209,3.132262893363067,0.3414213562373095,0,1035.2259521484375
49035,10,102,44,20,2,44.831121093031015,2.996036181493043,0.482842712474619,0,1035.2259521484375
49035,10,102,44,21,2,38.461214671374606,2.810124648749901,0.3414213562373095,0,1035.2259521484375
49035,10,102,44,22,2,45.34749506610266,3.152603500442857,0.4242640687119285,0,1035.2259521484375
49035,10,102,44,23,2,37.76017643377419,2.9950218716797616,0.4242640687119285,0,1035.2259521484375
49035,10,102,44,24,2,51.41248283551986,3.347430721589479,0.37888543819998316,0,1035.2259521484375
49035,10,102,44,25,2,46.93571347153892,3.3020963157517764,0.482842712474619,0,1035.2259521484375
49035,10,102,44,26,2,38.371823186056076,3.180354827911282,0.4242640687119285,0,1035.2259521484375
49035,10,102,44,27,2,30.689288524850188,2.993540160728074,0.482842712474619,0,1035.2259521484375
49035,10,102,44,28,2,27.414416607531095,2.86318869665753,0.4538461538461539,0,1035.2259521484375
49035,10,102,44,29,2,40.23633563005142,3.354162116426439,0.4242640687119285,0,1035.2259521484375
49035,10,102,44,30,2,31.438802783720888,3.22038904460479,0.4242640687119285,0,1035.2259521484375
49035,10,102,44,31,2,43.19176536385542,3.5084081975679853,0.3414213562373095,0,1035.2259521484375
49035,10,102,44,32,2,33.6892298930369,3.426730910445162,0.482842712474619,0,1035.2259521484375
49035,10,102,44,33,2,24.58454446040117,3.2828988948161735,0.3414213562373095,0,1035.2259521484375
49035,10,102,44,34,2,32.268373198347966,3.5722551165018572,0.4308640753373011,0,1035.2259521484375
49035,10,102,44,35,,,,,0,1035.2259521484375
49035,10,102,44,36,,,,,0,1035.2259521484375
49035,10,102,44,37,2,6.791218285308494,3.5076415914834733,0.3428253815499883,0,1035.2259521484375
49035,10,102,44,38,,,,,0,1035.2259521484375
49035,10,102,44,39,,,,,0,1035.2259521484375
49035,10,102,44,40,,,,,0,1035.2259521484375
49035,10,102,44,41,2,15.350376890228477,-2.291099062081975,0.36665443472916565,0,1035.2259521484375
49035,10,102,44,42,,,,,0,1035.2259521484375
49035,10,102,44,43,,,,,0,1035.2259521484375
49035,10,102,44,44,2,3.481688046114132,-1.379946183652425,0.482842712474619,1,1035.2259521484375
49035,10,102,44,45,,,,,0,1035.2259521484375
49035,10,102,44,46,,,,,0,1035.2259521484375
49035,10,102,44,47,,,,,0,1035.2259521484375
49035,10,102,44,48,2,14.10568091915004,-1.8822041250643016,0.5276927682076162,0,1035.2259521484375
49035,10,102,44,49,2,10.425355723554418,-1.6021907667555302,0.6857142857142857,0,1035.2259521484375
49035,10,102,44,50,2,8.270782897188408,-1.1113792071603785,0.5638463841038082,0,1035.2259521484375
49035,10,102,44,51,2,13.335540132294156,-1.4370949852228765,0.613407053921902,0,1035.2259521484375
49035,10,102,44,52,2,36.57613701828087,3.735657723862853,0.4308640753373011,0,1035.2259521484375
49035,10,102,44,53,2,46.63327011611426,-2.429199502082972,0.3414213562373095,0,1035.2259521484375
49035,10,102,44,54,2,36.66193526345856,-2.4109003457755245,0.482842712474619,0,1035.2259521484375
49035,10,102,44,55,2,26.712040595985496,-2.3789504442602816,0.3414213562373095,0,1035.2259521484375
49035,10,102,44,56,2,42.31623078174876,-2.303046792665122,0.4242640687119285,0,1035.2259521484375
49035,10,102,44,57,2,32.55916158493292,-2.2440164212269025,0.4242640687119285,0,1035.2259521484375
49035,10,102,44,58,2,48.34489919201834,-2.2213245280701193,0.382842712474619,0,1035.2259521484375
49035,10,102,44,59,2,38.81578149961645,-2.1513070091180744,0.4242640687119285,0,1035.2259521484375
49035,10,102,44,60,2,29.59899506681802,-2.0367886352996702,0.482842712474619,0,1035.2259521484375
49035,10,102,44,61,2,25.215438063521578,-1.948724553053183,0.37888543819998316,0,1035.2259521484375
49035,10,102,44,62,2,45.31258968253924,-2.0847372997428133,0.4242640687119285,0,1035.2259521484375
49035,10,102,44,63,2,36.36848084918742,-1.9745086375102463,0.4242640687119285,0,1035.2259521484375
49035,10,102,44,64,2,51.95956768536817,-2.0350234311429425,0.3414213562373095,0,1035.2259521484375
49035,10,102,44,65,2,43.2346191100362,-1.9318855769253134,0.382842712474619,0,1035.2259521484375
49035,10,102,44,66,2,35.19471416462219,-1.779296812364285,0.3414213562373095,0,1035.2259521484375
49035,10,103,49,1,2,33.699575075110864,3.602320229681853,0.613407053921902,0,1035.491943359375
49035,10,103,49,2,2,30.970642562888006,3.7715045932525895,0.682842712474619,0,1035.491943359375
49035,10,103,49,3,2,30.207662960469428,3.609773479927253,0.8513997106635237,0,1035.491943359375
49035,10,103,49,4,2,30.26260237171389,3.444223878289482,0.682842712474619,0,1035.491943359375
49035,10,103,49,5,2,28.021293725796713,3.7053090827714765,0.848528137423857,0,1035.491943359375
49035,10,103,49,6,2,27.631777048219696,3.5259257527424746,0.848528137423857,0,1035.491943359375
49035,10,103,49,7,2,27.300317984573535,3.939402577813121,0.613407053921902,0,1035.491943359375
49035,10,103,49,8,2,26.132028290996317,3.8158014969169103,0.8513997106635237,0,1035.491943359375
49035,10,103,49,9,2,25.22310653699457,3.6239995237286964,0.848528137423857,0,1035.491943359375
49035,10,103,49,10,2,25.28887708364539,3.4257190111814957,0.8513997106635237,0,1035.491943359375
49035,10,103,49,11,2,25.91530136221316,3.291107156945168,0.613407053921902,0,1035.491943359375
49035,10,103,49,12,2,23.106170256246187,3.7413634866868746,0.848528137423857,0,1035.491943359375
49035,10,103,49,13,2,22.632218289106845,3.5232695547084205,0.848528137423857,0,1035.491943359375
49035,10,103,49,14,2,21.36785212520654,3.8800287437790204,0.682842712474619,0,1035.491943359375
49035,10,103,49,15,2,20.24616766748315,3.6452259266466047,0.8513997106635237,0,1035.491943359375
49035,10,103,49,16,2,20.328047274516717,3.3981686856344044,0.682842712474619,0,1035.491943359375
49035,10,103,49,17,2,16.770475440789486,3.6675735415747557,0.613407053921902,0,1035.491943359375
49035,10,103,49,18,2,51.431170443573556,4.21366113317695,0.37888543819998316,0,1035.491943359375
49035,10,103,49,19,2,54.88372339308698,4.414147697058226,0.3414213562373095,0,1035.491943359375
49035,10,103,49,20,2,47.63263057022125,4.279362228829134,0.482842712474619,0,1035.491943359375
49035,10,103,49,21,2,41.53928136823588,4.100869547485349,0.3414213562373095,0,1035.491943359375
49035,10,103,49,22,2,47.84608130356436,4.427548855193101,0.4242640687119285,0,1035.491943359375
49035,10,103,49,23,2,40.56959326463089,4.271698253922843,0.4242640687119285,0,1035.491943359375
49035,10,103,49,24,2,53.44441314487661,4.619223512579638,0.37888543819998316,0,1035.491943359375
49035,10,103,49,25,2,49.08795674272261,4.571311149267061,0.482842712474619,0,1035.491943359375
49035,10,103,49,26,2,40.81999385994196,4.445567555639034,0.4242640687119285,0,1035.491943359375
49035,10,103,49,27,2,33.50994330457741,4.260804205870769,0.482842712474619,0,1035.491943359375
49035,10,103,49,28,2,30.434166672526764,4.13728671824292,0.4538461538461539,0,1035.491943359375
49035,10,103,49,29,2,42.26880527994392,4.612380305988008,0.4242640687119285,0,1035.491943359375
49035,10,103,49,30,2,33.812664806904934,4.4710660185431,0.4242640687119285,0,1035.491943359375
49035,10,103,49,31,2,44.79990960774285,4.7642530464489665,0.3414213562373095,0,1035.491943359375
49035,10,103,49,32,2,35.54822502477758,4.669106503024733,0.482842712474619,0,1035.491943359375
49035,10,103,49,33,2,26.83879103019575,4.5098529859242396,0.3414213562373095,0,1035.491943359375
49035,10,103,49,34,2,33.72504268722999,4.803671510090428,0.4308640753373011,0,1035.491943359375
49035,10,103,49,35,,,,,0,1035.491943359375
49035,10,103,49,36,,,,,0,1035.491943359375
49035,10,103,49,37,2,8.814290100426621,4.487578616615372,0.29084674441267033,0,1035.491943359375
49035,10,103,49,38,,,,,0,1035.491943359375
49035,10,103,49,39,,,,,0,1035.491943359375
49035,10,103,49,40,,,,,0,1035.491943359375
49035,10,103,49,41,2,15.668317411259942,5.100462445841176,0.36665443472916565,0,1035.491943359375
49035,10,103,49,42,,,,,0,1035.491943359375
49035,10,103,49,43,,,,,0,1035.491943359375
49035,10,103,49,44,,,,,0,1035.491943359375
49035,10,103,49,45,,,,,0,1035.491943359375
49035,10,103,49,46,,,,,0,1035.491943359375
49035,10,103,49,47,,,,,0,1035.491943359375
49035,10,103,49,48,2,13.106254723827691,-0.7937132512390368,0.5276927682076162,0,1035.491943359375
49035,10,103,49,49,2,8.665801385965533,-0.5776324701730957,0.6857142857142857,1,1035.491943359375
49035,10,103,49,50,2,5.33088308220586,-0.022422811577901047,0.4638463841038081,0,1035.491943359375
49035,10,103,49,51,2,11.019875450806392,-0.3118085219385207,0.613407053921902,0,1035.491943359375
49035,10,103,49,52,2,37.520108013218724,4.971595101533863,0.4308640753373011,0,1035.491943359375
49035,10,103,49,53,2,47.16795846352234,5.105994042188972,0.3414213562373095,0,1035.491943359375
49035,10,103,49,54,2,37.16800649976888,5.105253771003928,0.482842712474619,0,1035.491943359375
49035,10,103,49,55,2,27.16808989820879,5.103968546791909,0.3414213562373095,0,1035.491943359375
49035,10,103,49,56,2,42.448094282723424,-1.059453055710591,0.4242640687119285,0,1035.491943359375
49035,10,103,49,57,2,32.534368132565135,-1.024180406318157,0.4242640687119285,0,1035.491943359375
49035,10,103,49,58,2,48.18942528504664,-0.9681586998207867,0.382842712474619,0,1035.491943359375
49035,10,103,49,59,2,38.45601527529061,-0.9148723026486871,0.4242640687119285,0,1035.491943359375
49035,10,103,49,60,2,28.90518141101484,-0.8259605409115587,0.482842712474619,0,1035.491943359375
49035,10,103,49,61,2,24.265854882505675,-0.7555424036112839,0.37888543819998316,0,1035.491943359375
49035,10,103,49,62,2,44.712918848152825,-0.8354113718563327,0.4242640687119285,0,1035.491943359375
49035,10,103,49,63,2,35.43853148018119,-0.7414286138906456,0.4242640687119285,0,1035.491943359375
49035,10,103,49,64,2,51.18227342537273,-0.7757354639192784,0.3414213562373095,0,1035.491943359375
49035,10,103,49,65,2,42.145812538612994,-0.6834900533245134,0.382842712474619,0,1035.491943359375
49035,10,103,49,66,2,33.65878661048555,-0.5429564227405808,0.3414213562373095,0,1035.491943359375
49035,10,104,48,1,2,37.747105063267036,3.70891953350295,0.613407053921902,0,1036.009033203125
49035,10,104,48,2,2,34.236144889076165,3.84790420104955,0.682842712474619,0,1036.009033203125
49035,10,104,48,3,2,34.25654845625273,3.7017744516679585,0.8513997106635237,0,1036.009033203125
49035,10,104,48,4,2,34.99869436715271,3.5588506756443667,0.682842712474619,0,1036.009033203125
49035,10,104,48,5,2,31.65499827130957,3.7744943794457146,0.848528137423857,0,1036.009033203125
49035,10,104,48,6,2,32.06924400147885,3.617944608172918,0.848528137423857,0,1036.009033203125
49035,10,104,48,7,2,29.73782897739493,3.9772712797817187,0.613407053921902,0,1036.009033203125
49035,10,104,48,8,2,29.250072119186857,3.8596891133125664,0.8513997106635237,0,1036.009033203125
49035,10,104,48,9,2,29.273951121217095,3.6886124992051075,0.848528137423857,0,1036.009033203125
49035,10,104,48,10,2,30.139039624997725,3.5226294751700644,0.8513997106635237,0,1036.009033203125
49035,10,104,48,11,2,31.210414226761326,3.413936116797546,0.613407053921902,0,1036.009033203125
49035,10,104,48,12,2,26.655056137033892,3.7736662494702617,0.848528137423857,0,1036.009033203125
49035,10,104,48,13,2,27.145708923109808,3.5884199316801144,0.848528137423857,0,1036.009033203125
49035,10,104,48,14,2,24.269730552469028,3.8763139048098907,0.682842712474619,0,1036.009033203125
49035,10,104,48,15,2,24.298504405811155,3.6700559694094532,0.8513997106635237,0,1036.009033203125
49035,10,104,48,16,2,25.334064254063133,3.4725803864860865,0.682842712474619,0,1036.009033203125
49035,10,104,48,17,2,20.822691656879893,3.651794383425008,0.613407053921902,0,1036.009033203125
49035,10,104,48,18,2,51.94439273197162,4.333648711227961,0.37888543819998316,0,1036.009033203125
49035,10,104,48,19,2,54.11910982144451,4.540859482104635,0.3414213562373095,0,1036.009033203125
49035,10,104,48,20,2,47.76686129949426,4.38881134205514,0.482842712474619,0,1036.009033203125
49035,10,104,48,21,2,42.83069026929957,4.196240948826974,0.3414213562373095,0,1036.009033203125
49035,10,104,48,22,2,47.05027784452674,4.537335880150909,0.4242640687119285,0,1036.009033203125
49035,10,104,48,23,2,40.823077245434526,4.358564427222604,0.4242640687119285,0,1036.009033203125
49035,10,104,48,24,2,51.42360116541265,4.746905075511005,0.37888543819998316,0,1036.009033203125
49035,10,104,48,25,2,47.38970618276932,4.687051339325619,0.482842712474619,0,1036.009033203125
49035,10,104,48,26,2,39.982236588624644,4.532566398857389,0.4242640687119285,0,1036.009033203125
49035,10,104,48,27,2,33.931905828707976,4.315978648836421,0.482842712474619,0,1036.009033203125
49035,10,104,48,28,2,31.666571150632674,4.179893596672165,0.4538461538461539,0,1036.009033203125
49035,10,104,48,29,2,40.381119963056946,4.708492543212332,0.4242640687119285,0,1036.009033203125
49035,10,104,48,30,2,32.91549543923571,4.525748749459847,0.4242640687119285,0,1036.009033203125
49035,10,104,48,31,2,41.98440729976829,4.87594768327282,0.3414213562373095,0,1036.009033203125
49035,10,104,48,32,2,33.398883916268645,4.738917849451959,0.482842712474619,0,1036.009033203125
49035,10,104,48,33,2,25.8511206215889,4.51520422356136,0.3414213562373095,0,1036.009033203125
49035,10,104,48,34,2,30.804846192834734,4.872278332767044,0.4308640753373011,0,1036.009033203125
49035,10,104,48,35,,,,,0,1036.009033203125
49035,10,104,48,36,,,,,0,1036.009033203125
49035,10,104,48,37,2,9.454053491751456,4.031232983832955,0.28028946351266193,0,1036.009033203125
49035,10,104,48,38,,,,,0,1036.009033203125
49035,10,104,48,39,,,,,0,1036.009033203125
49035,10,104,48,40,,,,,0,1036.009033203125
49035,10,104,48,41,2,11.627832453991418,4.984324016947571,0.3522069311556173,0,1036.009033203125
49035,10,104,48,42,,,,,0,1036.009033203125
49035,10,104,48,43,,,,,0,1036.009033203125
49035,10,104,48,44,,,,,0,1036.009033203125
49035,10,104,48,45,,,,,0,1036.009033203125
49035,10,104,48,46,,,,,0,1036.009033203125
49035,10,104,48,47,,,,,0,1036.009033203125
49035,10,104,48,48,2,7.4086325579526,-0.8191327866566422,0.42769276820761626,1,1036.009033203125
49035,10,104,48,49,,,,,0,1036.009033203125
49035,10,104,48,50,2,2.771791283323133,1.898207035759714,0.3532891032037997,0,1036.009033203125
49035,10,104,48,51,2,4.944947231953257,0.13973070009510957,0.41088180128838653,0,1036.009033203125
49035,10,104,48,52,2,33.63025655278659,5.074010365156554,0.4308640753373011,0,1036.009033203125
49035,10,104,48,53,2,42.56350863566714,5.251938270686754,0.3414213562373095,0,1036.009033203125
49035,10,104,48,54,2,32.625867925896806,5.222015354257088,0.482842712474619,0,1036.009033203125
49035,10,104,48,55,2,22.742960415425532,5.16599359733395,0.3414213562373095,0,1036.009033203125
49035,10,104,48,56,2,37.369812211999445,-0.9108577520768533,0.4242640687119285,0,1036.009033203125
49035,10,104,48,57,2,27.37330552380647,-0.9025940833702291,0.4242640687119285,0,1036.009033203125
49035,10,104,48,58,2,42.76164720403254,-0.7963553325061268,0.382842712474619,0,1036.009033203125
49035,10,104,48,59,2,32.88393927347657,-0.7547743779379426,0.4242640687119285,0,1036.009033203125
49035,10,104,48,60,2,23.111651881275073,-0.6777865896581092,0.482842712474619,0,1036.009033203125
49035,10,104,48,61,2,18.317913307771192,-0.6086964372670813,0.37888543819998316,0,1036.009033203125
49035,10,104,48,62,2,38.902558643150144,-0.6509548361221054,0.4242640687119285,0,1036.009033203125
49035,10,104,48,63,2,29.431344847344075,-0.5560899925996843,0.4242640687119285,0,1036.009033203125
49035,10,104,48,64,2,45.22681368199375,-0.5755327876448408,0.3414213562373095,0,1036.009033203125
49035,10,104,48,65,2,36.03137058682791,-0.47814360726612914,0.382842712474619,0,1036.009033203125
49035,10,104,48,66,2,27.405376423338513,-0.3169804183091136,0.3414213562373095,0,1036.009033203125
49035,10,105,41,1,2,38.95262454608016,-1.7625773247236671,0.613407053921902,0,1036.4429931640625
49035,10,105,41,2,2,34.82299472364057,-1.640480955940061,0.682842712474619,0,1036.4429931640625
49035,10,105,41,3,2,35.52305732518081,-1.7813585239954872,0.8513997106635237,0,1036.4429931640625
49035,10,105,41,4,2,36.89355285051123,-1.9142813715078255,0.682842712474619,0,1036.4429931640625
49035,10,105,41,5,2,32.6124498244781,-1.722381831308042,0.848528137423857,0,1036.4429931640625
49035,10,105,41,6,2,33.73156568793516,-1.869440668081918,0.848528137423857,0,1036.4429931640625
49035,10,105,41,7,2,29.75791520312457,-1.534652324693086,0.613407053921902,0,1036.4429931640625
49035,10,105,41,8,2,29.837160812988234,-1.6521492620815137,0.8513997106635237,0,1036.4429931640625
49035,10,105,41,9,2,30.651310014182165,-1.8154598769492485,0.848528137423857,0,1036.4429931640625
49035,10,105,41,10,2,32.229636141149456,-1.966550655148111,0.8513997106635237,0,1036.4429931640625
49035,10,105,41,11,2,33.733841968187605,-2.0624313605676416,0.613407053921902,0,1036.4429931640625
49035,10,105,41,12,2,27.680084671321424,-1.7496621627377928,0.848528137423857,0,1036.4429931640625
49035,10,105,41,13,2,28.990235039007644,-1.9202079778547028,0.848528137423857,0,1036.4429931640625
49035,10,105,41,14,2,24.85701851062477,-1.668496123610888,0.682842712474619,0,1036.4429931640625
49035,10,105,41,15,2,25.828627711183685,-1.862368828098706,0.8513997106635237,0,1036.4429931640625
49035,10,105,41,16,2,27.683291886051215,-2.0362346531067512,0.682842712474619,0,1036.4429931640625
49035,10,105,41,17,2,22.498858907578427,-1.9071018126799948,0.613407053921902,0,1036.4429931640625
49035,10,105,41,18,2,50.111648873100734,-1.1034701631989439,0.37888543819998316,0,1036.4429931640625
49035,10,105,41,19,2,51.383842559968144,-0.8841324357258329,0.3414213562373095,0,1036.4429931640625
49035,10,105,41,20,2,45.7033101278054,-1.0541648348636423,0.482842712474619,0,1036.4429931640625
49035,10,105,41,21,2,41.68076099412206,-1.264314787079968,0.3414213562373095,0,1036.4429931640625
49035,10,105,41,22,2,44.35269011334486,-0.8998485434829351,0.4242640687119285,0,1036.4429931640625
49035,10,105,41,23,2,38.93140635401148,-1.1024137563178353,0.4242640687119285,0,1036.4429931640625
49035,10,105,41,24,2,47.91954761615612,-0.6694972308454763,0.37888543819998316,0,1036.4429931640625
49035,10,105,41,25,2,44.108158927146775,-0.7399042560665565,0.482842712474619,0,1036.4429931640625
49035,10,105,41,26,2,37.336616937708804,-0.9214783481942317,0.4242640687119285,0,1036.4429931640625
49035,10,105,41,27,2,32.28802014314242,-1.170736179935724,0.482842712474619,0,1036.4429931640625
49035,10,105,41,28,2,30.6881554507493,-1.321369201584818,0.4538461538461539,0,1036.4429931640625
49035,10,105,41,29,2,37.04580310919501,-0.7312235537970015,0.4242640687119285,0,1036.4429931640625
49035,10,105,41,30,2,30.346083905769607,-0.9530944557209433,0.4242640687119285,0,1036.4429931640625
49035,10,105,41,31,2,38.088844714132264,-0.544770775945278,0.3414213562373095,0,1036.4429931640625
49035,10,105,41,32,2,29.987553619260904,-0.7184550767311357,0.482842712474619,0,1036.4429931640625
49035,10,105,41,33,2,23.403987961003878,-1.0035449459678487,0.3414213562373095,0,1036.4429931640625
49035,10,105,41,34,2,26.960500290711774,-0.5783814542540862,0.4308640753373011,0,1036.4429931640625
49035,10,105,41,35,,,,,0,1036.4429931640625
49035,10,105,41,36,,,,,0,1036.4429931640625
49035,10,105,41,37,2,10.035785012135728,-1.8148125712639787,0.27059196669556035,0,1036.4429931640625
49035,10,105,41,38,,,,,0,1036.4429931640625
49035,10,105,41,39,,,,,0,1036.4429931640625
49035,10,105,41,40,,,,,0,1036.4429931640625
49035,10,105,41,41,2,7.704732073088484,-0.6623973879276273,0.2722049086818729,1,1036.4429931640625
49035,10,105,41,42,,,,,0,1036.4429931640625
49035,10,105,41,43,,,,,0,1036.4429931640625
49035,10,105,41,44,,,,,0,1036.4429931640625
49035,10,105,41,45,,,,,0,1036.4429931640625
49035,10,105,41,46,,,,,0,1036.4429931640625
49035,10,105,41,47,,,,,0,1036.4429931640625
49035,10,105,41,48,,,,,0,1036.4429931640625
49035,10,105,41,49,,,,,0,1036.4429931640625
49035,10,105,41,50,2,7.429268384574295,-3.1768012922108997,0.3227519743685185,0,1036.4429931640625
49035,10,105,41,51,2,4.475268843862585,-4.139821522597514,0.3211094912586525,0,1036.4429931640625
49035,10,105,41,52,2,29.244437754511683,-0.3394863460912103,0.4308640753373011,0,1036.4429931640625
49035,10,105,41,53,2,37.87293311884047,-0.12544394303657747,0.3414213562373095,0,1036.4429931640625
49035,10,105,41,54,2,27.979498627297275,-0.17017560031713597,0.482842712474619,0,1036.4429931640625
49035,10,105,41,55,2,18.202901522716008,-0.2633479416067068,0.3414213562373095,0,1036.4429931640625
49035,10,105,41,56,2,32.57638572780855,-6.2751573080927745,0.4242640687119285,0,1036.4429931640625
49035,10,105,41,57,2,22.576850699283444,-6.271601484528659,0.4242640687119285,0,1036.4429931640625
49035,10,105,41,58,2,37.941922338476836,-6.1440639598216205,0.382842712474619,0,1036.4429931640625
49035,10,105,41,59,2,28.072811600368315,-6.094646229402294,0.4242640687119285,0,1036.4429931640625
49035,10,105,41,60,2,18.34600860025255,-5.992307009471716,0.482842712474619,0,1036.4429931640625
49035,10,105,41,61,2,13.631678978244896,-5.8869181865186215,0.37888543819998316,0,1036.4429931640625
49035,10,105,41,62,2,34.153349979201344,-5.978016396255718,0.4242640687119285,0,1036.4429931640625
49035,10,105,41,63,2,24.798076441784332,-5.8565576660537655,0.4242640687119285,0,1036.4429931640625
49035,10,105,41,64,2,40.55637901062977,-5.897381674444736,0.3414213562373095,0,1036.4429931640625
49035,10,105,41,65,2,31.516871019576445,-5.777698572096135,0.382842712474619,0,1036.4429931640625
49035,10,105,41,66,2,23.276736009917375,-5.568134848152715,0.3414213562373095,0,1036.4429931640625
49035,10,106,37,1,2,38.32671873743058,-0.7402781067978812,0.613407053921902,0,1036.9930419921875
49035,10,106,37,2,2,33.52211892157838,-0.6352261763087002,0.682842712474619,0,1036.9930419921875
49035,10,106,37,3,2,35.054661842961615,-0.7741758364529576,0.8513997106635237,0,1036.9930419921875
49035,10,106,37,4,2,37.20115827304756,-0.8993077415029591,0.682842712474619,0,1036.9930419921875
49035,10,106,37,5,2,31.835909526015023,-0.7303860452386128,0.848528137423857,0,1036.9930419921875
49035,10,106,37,6,2,33.81748061699097,-0.870406872667135,0.848528137423857,0,1036.9930419921875
49035,10,106,37,7,2,27.917792746212527,-0.5562001799604026,0.613407053921902,0,1036.9930419921875
49035,10,106,37,8,2,28.69182729929969,-0.676876789423182,0.8513997106635237,0,1036.9930419921875
49035,10,106,37,9,2,30.468308349903257,-0.835117112615124,0.848528137423857,0,1036.9930419921875
49035,10,106,37,10,2,32.9152650549366,-0.9729139684285274,0.8513997106635237,0,1036.9930419921875
49035,10,106,37,11,2,34.95328991080943,-1.0568275319209068,0.613407053921902,0,1036.9930419921875
49035,10,106,37,12,2,27.166406316055305,-0.7911824452811449,0.848528137423857,0,1036.9930419921875
49035,10,106,37,13,2,29.463714838101378,-0.9483151651150017,0.848528137423857,0,1036.9930419921875
49035,10,106,37,14,2,23.9313486990022,-0.7352356302163205,0.682842712474619,0,1036.9930419921875
49035,10,106,37,15,2,26.034713566413213,-0.9172134204052591,0.8513997106635237,0,1036.9930419921875
49035,10,106,37,16,2,28.86006185747227,-1.0678506632559475,0.682842712474619,0,1036.9930419921875
49035,10,106,37,17,2,23.069422581232,-0.9930995213234363,0.613407053921902,0,1036.9930419921875
49035,10,106,37,18,2,45.81780400425061,-0.014059349113846764,0.37888543819998316,0,1036.9930419921875
49035,10,106,37,19,2,46.244631479647744,0.22925195860790692,0.3414213562373095,0,1036.9930419921875
49035,10,106,37,20,2,41.21601218643452,0.030941194241959735,0.482842712474619,0,1036.9930419921875
49035,10,106,37,21,2,38.196248250531234,-0.20990704014674844,0.3414213562373095,0,1036.9930419921875
49035,10,106,37,22,2,39.28296446808424,0.20018069470533817,0.4242640687119285,0,1036.9930419921875
49035,10,106,37,23,2,34.689263717534566,-0.0410243583442611,0.4242640687119285,0,1036.9930419921875
49035,10,106,37,24,2,42.21902502802821,0.46586148862597687,0.37888543819998316,0,1036.9930419921875
49035,10,106,37,25,2,38.56867815014171,0.3811609455406839,0.482842712474619,0,1036.9930419921875
49035,10,106,37,26,2,32.368760466120875,0.1586410383918051,0.4242640687119285,0,1036.9930419921875
49035,10,106,37,27,2,28.42411606324815,-0.145476832814611,0.482842712474619,0,1036.9930419921875
49035,10,106,37,28,2,27.622947596318305,-0.3218394185023101,0.4538461538461539,0,1036.9930419921875
49035,10,106,37,29,2,31.498068051256087,0.3788526689588001,0.4242640687119285,0,1036.9930419921875
49035,10,106,37,30,2,25.54059534986315,0.09472542400811346,0.4242640687119285,0,1036.9930419921875
49035,10,106,37,31,2,32.19502955131443,0.6002723581138425,0.3414213562373095,0,1036.9930419921875
49035,10,106,37,32,2,24.42772293264153,0.3752081501946174,0.482842712474619,0,1036.9930419921875
49035,10,106,37,33,2,18.891992153761667,-0.014930030959068086,0.3414213562373095,0,1036.9930419921875
49035,10,106,37,34,2,21.123497448441068,0.5405962657135452,0.4308640753373011,0,1036.9930419921875
49035,10,106,37,35,,,,,0,1036.9930419921875
49035,10,106,37,36,,,,,0,1036.9930419921875
49035,10,106,37,37,2,11.007948986728675,-1.2088117574003046,0.3691879413828816,1,1036.9930419921875
49035,10,106,37,38,2,15.042333623024277,-1.438849210834225,0.3869565217391305,0,1036.9930419921875
49035,10,106,37,39,,,,,0,1036.9930419921875
49035,10,106,37,40,,,,,0,1036.9930419921875
49035,10,106,37,41,,,,,0,1036.9930419921875
49035,10,106,37,42,,,,,0,1036.9930419921875
49035,10,106,37,43,,,,,0,1036.9930419921875
49035,10,106,37,44,,,,,0,1036.9930419921875
49035,10,106,37,45,,,,,0,1036.9930419921875
49035,10,106,37,46,,,,,0,1036.9930419921875
49035,10,106,37,47,,,,,0,1036.9930419921875
49035,10,106,37,48,,,,,0,1036.9930419921875
49035,10,106,37,49,,,,,0,1036.9930419921875
49035,10,106,37,50,2,13.238156759426808,-2.150806928276251,0.3532891032037997,0,1036.9930419921875
49035,10,106,37,51,2,9.97716804516636,-2.6035683678144235,0.307383329342601,0,1036.9930419921875
49035,10,106,37,52,2,23.250672706456175,0.8460716275723299,0.4308640753373011,0,1036.9930419921875
49035,10,106,37,53,2,32.09187682606379,1.0972623258785728,0.3414213562373095,0,1036.9930419921875
49035,10,106,37,54,2,22.137802015627965,1.061345345857239,0.482842712474619,0,1036.9930419921875
49035,10,106,37,55,2,12.258711104640371,0.9672000815895063,0.3414213562373095,0,1036.9930419921875
49035,10,106,37,56,2,27.10117921662434,-5.015860868513957,0.4242640687119285,0,1036.9930419921875
49035,10,106,37,57,2,17.165885785344223,-4.963197517985532,0.4242640687119285,0,1036.9930419921875
49035,10,106,37,58,2,32.84608883535513,-4.877573117354277,0.382842712474619,0,1036.9930419921875
49035,10,106,37,59,2,23.21765000261509,-4.779741263039968,0.4242640687119285,0,1036.9930419921875
49035,10,106,37,60,2,14.115700177739118,-4.550453666468284,0.482842712474619,0,1036.9930419921875
49035,10,106,37,61,2,10.21517750407549,-4.289199927457744,0.37888543819998316,0,1036.9930419921875
49035,10,106,37,62,2,29.722902087319508,-4.674187082749421,0.4242640687119285,0,1036.9930419921875
49035,10,106,37,63,2,21.062873221768058,-4.474005163560306,0.4242640687119285,0,1036.9930419921875
49035,10,106,37,64,2,36.439573890769246,-4.607007025673818,0.3414213562373095,0,1036.9930419921875
49035,10,106,37,65,2,28.071983635018093,-4.43559182910911,0.382842712474619,0,1036.9930419921875
49035,10,106,37,66,2,21.171442678018312,-4.137610241064667,0.3414213562373095,0,1036.9930419921875
49035,10,107,38,1,2,31.00868148837311,1.3073347605789334,0.613407053921902,0,1037.8089599609375
49035,10,107,38,2,2,26.663517245559902,1.4565288868606987,0.682842712474619,0,1037.8089599609375
49035,10,107,38,3,2,27.634298484929644,1.2755884375893662,0.8513997106635237,0,1037.8089599609375
49035,10,107,38,4,2,29.434091689809275,1.1118417066217987,0.682842712474619,0,1037.8089599609375
49035,10,107,38,5,2,24.590713234990186,1.3446156293007199,0.848528137423857,0,1037.8089599609375
49035,10,107,38,6,2,26.123064105411448,1.1565563063215152,0.848528137423857,0,1037.8089599609375
49035,10,107,38,7,2,21.531465148984125,1.594504405346764,0.613407053921902,0,1037.8089599609375
49035,10,107,38,8,2,21.69681778641417,1.4325761597164177,0.8513997106635237,0,1037.8089599609375
49035,10,107,38,9,2,22.8793182351829,1.2140939178549148,0.848528137423857,0,1037.8089599609375
49035,10,107,38,10,2,25.02347904981814,1.0250363440704935,0.8513997106635237,0,1037.8089599609375
49035,10,107,38,11,2,26.978184044735617,0.913237494948817,0.613407053921902,0,1037.8089599609375
49035,10,107,38,12,2,19.736056535136633,1.2902836002311298,0.848528137423857,0,1037.8089599609375
49035,10,107,38,13,2,21.615347057311478,1.065480616949401,0.848528137423857,0,1037.8089599609375
49035,10,107,38,14,2,16.7499448419822,1.3944412464040508,0.682842712474619,0,1037.8089599609375
49035,10,107,38,15,2,18.255737538082666,1.1209316343573166,0.8513997106635237,0,1037.8089599609375
49035,10,107,38,16,2,20.88021201782384,0.9025172406089825,0.682842712474619,0,1037.8089599609375
49035,10,107,38,17,2,15.162060485506979,1.0225087666966612,0.613407053921902,0,1037.8089599609375
49035,10,107,38,18,2,42.752416859746326,2.1074321423668265,0.37888543819998316,0,1037.8089599609375
49035,10,107,38,19,2,45.079433179691605,2.3571778593220647,0.3414213562373095,0,1037.8089599609375
49035,10,107,38,20,2,38.56913140715136,2.1748874714061963,0.482842712474619,0,1037.8089599609375
49035,10,107,38,21,2,33.80829039158796,1.9307503084683229,0.3414213562373095,0,1037.8089599609375
49035,10,107,38,22,2,38.00888510341737,2.35924899731937,0.4242640687119285,0,1037.8089599609375
49035,10,107,38,23,2,31.6243252656023,2.1367947893904606,0.4242640687119285,0,1037.8089599609375
49035,10,107,38,24,2,43.00071505518881,2.6073400662215933,0.37888543819998316,0,1037.8089599609375
49035,10,107,38,25,2,38.752713403159994,2.5427271944323935,0.482842712474619,0,1037.8089599609375
49035,10,107,38,26,2,30.93857459236423,2.3622667770053685,0.4242640687119285,0,1037.8089599609375
49035,10,107,38,27,2,24.751121176769235,2.0774152611441363,0.482842712474619,0,1037.8089599609375
49035,10,107,38,28,2,22.70086563012585,1.8847302058895736,0.4538461538461539,0,1037.8089599609375
49035,10,107,38,29,2,31.847964567770397,2.5861283893510185,0.4242640687119285,0,1037.8089599609375
49035,10,107,38,30,2,23.86871275979892,2.367072344439527,0.4242640687119285,0,1037.8089599609375
49035,10,107,38,31,2,34.225579562844985,2.78817640635541,0.3414213562373095,0,1037.8089599609375
49035,10,107,38,32,2,25.03623170751663,2.6533370884928744,0.482842712474619,0,1037.8089599609375
49035,10,107,38,33,2,16.799866065308088,2.3759223420825766,0.3414213562373095,0,1037.8089599609375
49035,10,107,38,34,2,23.16509547282396,2.8461691113967738,0.4308640753373011,0,1037.8089599609375
49035,10,107,38,35,2,5.733304244534578,1.0561816178991459,0.35680269384357455,0,1037.8089599609375
49035,10,107,38,36,,,,,0,1037.8089599609375
49035,10,107,38,37,,,,,0,1037.8089599609375
49035,10,107,38,38,2,7.918219718921942,0.1828989111258115,0.35080290584293855,1,1037.8089599609375
49035,10,107,38,39,,,,,0,1037.8089599609375
49035,10,107,38,40,,,,,0,1037.8089599609375
49035,10,107,38,41,,,,,0,1037.8089599609375
49035,10,107,38,42,,,,,0,1037.8089599609375
49035,10,107,38,43,,,,,0,1037.8089599609375
49035,10,107,38,44,,,,,0,1037.8089599609375
49035,10,107,38,45,,,,,0,1037.8089599609375
49035,10,107,38,46,,,,,0,1037.8089599609375
49035,10,107,38,47,,,,,0,1037.8089599609375
49035,10,107,38,48,,,,,0,1037.8089599609375
49035,10,107,38,49,,,,,0,1037.8089599609375
49035,10,107,38,50,2,11.502856333202638,-0.8391914295557359,0.3333092552685269,0,1037.8089599609375
49035,10,107,38,51,2,12.297175613904074,-1.3536470483829541,0.2996450679491929,0,1037.8089599609375
49035,10,107,38,52,2,27.271213716439583,3.075709689375411,0.4308640753373011,0,1037.8089599609375
49035,10,107,38,53,2,37.39124557995469,-3.0585141225678423,0.3414213562373095,0,1037.8089599609375
49035,10,107,38,54,2,27.4504617032266,-3.0245944129110907,0.482842712474619,0,1037.8089599609375
49035,10,107,38,55,2,17.5769863577389,-2.952388659429551,0.3414213562373095,0,1037.8089599609375
49035,10,107,38,56,2,33.3260453252855,-2.8944305107338772,0.4242640687119285,0,1037.8089599609375
49035,10,107,38,57,2,23.791761152189064,-2.787263304836889,0.4242640687119285,0,1037.8089599609375
49035,10,107,38,58,2,39.594478735369876,-2.80432187512764,0.382842712474619,0,1037.8089599609375
49035,10,107,38,59,2,30.38330706202809,-2.692026582097567,0.4242640687119285,0,1037.8089599609375
49035,10,107,38,60,2,21.876195961028397,-2.487789443397248,0.482842712474619,0,1037.8089599609375
49035,10,107,38,61,2,18.201078280564307,-2.317685018758299,0.37888543819998316,0,1037.8089599609375
49035,10,107,38,62,2,37.15161904046928,-2.631091784634831,0.4242640687119285,0,1037.8089599609375
49035,10,107,38,63,2,28.90787780221835,-2.458151738978513,0.4242640687119285,0,1037.8089599609375
49035,10,107,38,64,2,44.015227440407855,-2.5890426889316807,0.3414213562373095,0,1037.8089599609375
49035,10,107,38,65,2,35.955011449458084,-2.4401208604900244,0.382842712474619,0,1037.8089599609375
49035,10,107,38,66,2,29.123623573149185,-2.2139596873109677,0.3414213562373095,0,1037.8089599609375
49035,10,108,17,1,2,30.122310550562748,1.4880012744927518,0.613407053921902,0,1038.2259521484375
49035,10,108,17,2,2,26.637537785229405,1.6651216491326484,0.682842712474619,0,1038.2259521484375
49035,10,108,17,3,2,26.635872766090383,1.4771340722573314,0.8513997106635237,0,1038.2259521484375
49035,10,108,17,4,2,27.55686877646273,1.2954891442038377,0.682842712474619,0,1038.2259521484375
49035,10,108,17,5,2,24.019126622584213,1.571165621031023,0.848528137423857,0,1038.2259521484375
49035,10,108,17,6,2,24.53221845784773,1.365913907970516,0.848528137423857,0,1038.2259521484375
49035,10,108,17,7,2,22.342319939653322,1.8430945244848953,0.613407053921902,0,1038.2259521484375
49035,10,108,17,8,2,21.664883323297918,1.6868602684460552,0.8513997106635237,0,1038.2259521484375
49035,10,108,17,9,2,21.66283610619679,1.455545801150056,0.848528137423857,0,1038.2259521484375
49035,10,108,17,10,2,22.785736040685066,1.235801793931262,0.8513997106635237,0,1038.2259521484375
49035,10,108,17,11,2,24.163560913947595,1.0985770217258202,0.613407053921902,0,1038.2259521484375
49035,10,108,17,12,2,19.019127053162077,1.571262705988519,0.848528137423857,0,1038.2259521484375
49035,10,108,17,13,2,19.663125199625636,1.314156391906041,0.848528137423857,0,1038.2259521484375
49035,10,108,17,14,2,16.708558273073713,1.721521166769813,0.682842712474619,0,1038.2259521484375
49035,10,108,17,15,2,16.705903696493976,1.42112136254564,0.8513997106635237,0,1038.2259521484375
49035,10,108,17,16,2,18.138316268837144,1.145050340039041,0.682842712474619,0,1038.2259521484375
49035,10,108,17,17,2,13.25531378064445,1.3817376453160095,0.613407053921902,1,1038.2259521484375
49035,10,108,17,18,2,45.72072205461319,2.216388854411421,0.37888543819998316,0,1038.2259521484375
49035,10,108,17,19,2,48.99357690395874,2.4427503784251896,0.3414213562373095,0,1038.2259521484375
49035,10,108,17,20,2,41.835310150013,2.2883605416349293,0.482842712474619,0,1038.2259521484375
49035,10,108,17,21,2,36.0557314840712,2.0778522851221006,0.3414213562373095,0,1038.2259521484375
49035,10,108,17,22,2,41.95343402808092,2.4573213010981765,0.4242640687119285,0,1038.2259521484375
49035,10,108,17,23,2,34.78380692581248,2.2745809731643956,0.4242640687119285,0,1038.2259521484375
49035,10,108,17,24,2,47.64532274418407,2.672976102743082,0.37888543819998316,0,1038.2259521484375
49035,10,108,17,25,2,43.24335877506851,2.6207301665088245,0.482842712474619,0,1038.2259521484375
49035,10,108,17,26,2,34.92578811785007,2.4777619586015573,0.4242640687119285,0,1038.2259521484375
49035,10,108,17,27,2,27.74226510500934,2.2538005586727796,0.482842712474619,0,1038.2259521484375
49035,10,108,17,28,2,24.890652299778125,2.0973454836856664,0.4538461538461539,0,1038.2259521484375
49035,10,108,17,29,2,36.46516319795804,2.671452614385238,0.4242640687119285,0,1038.2259521484375
49035,10,108,17,30,2,27.920077445404335,2.508479313368107,0.4242640687119285,0,1038.2259521484375
49035,10,108,17,31,2,39.23780802305948,2.843631215110672,0.3414213562373095,0,1038.2259521484375
49035,10,108,17,32,2,29.823282447747644,2.745034330310511,0.482842712474619,0,1038.2259521484375
49035,10,108,17,33,2,20.95831036753189,2.559682294476304,0.3414213562373095,0,1038.2259521484375
49035,10,108,17,34,2,28.27077866120282,2.9089026347259885,0.4308640753373011,0,1038.2259521484375
49035,10,108,17,35,2,5.61124272471368,2.034333573011941,0.423692325950598,0,1038.2259521484375
49035,10,108,17,36,2,7.66099675438077,2.941976230007096,0.5173997746970819,0,1038.2259521484375
49035,10,108,17,37,,,,,0,1038.2259521484375
49035,10,108,17,38,,,,,0,1038.2259521484375
49035,10,108,17,39,2,5.104007809833578,-2.948212216930059,0.5309697704789792,0,1038.2259521484375
49035,10,108,17,40,,,,,0,1038.2259521484375
49035,10,108,17,41,,,,,0,1038.2259521484375
49035,10,108,17,42,,,,,0,1038.2259521484375
49035,10,108,17,43,,,,,0,1038.2259521484375
49035,10,108,17,44,,,,,0,1038.2259521484375
49035,10,108,17,45,,,,,0,1038.2259521484375
49035,10,108,17,46,,,,,0,1038.2259521484375
49035,10,108,17,47,,,,,0,1038.2259521484375
49035,10,108,17,48,,,,,0,1038.2259521484375
49035,10,108,17,49,,,,,0,1038.2259521484375
49035,10,108,17,50,2,8.839172420508072,-1.2850970973684355,0.3288379663806692,0,1038.2259521484375
49035,10,108,17,51,2,12.240743254984602,-1.777219782864983,0.32195769670411417,0,1038.2259521484375
49035,10,108,17,52,2,32.54434478540745,3.0948970693062816,0.4308640753373011,0,1038.2259521484375
49035,10,108,17,53,2,42.65114922438085,-3.05988909239387,0.3414213562373095,0,1038.2259521484375
49035,10,108,17,54,2,32.6946957114463,-3.0349244410851397,0.482842712474619,0,1038.2259521484375
49035,10,108,17,55,2,22.776429157524394,-2.9881634427159622,0.3414213562373095,0,1038.2259521484375
49035,10,108,17,56,2,38.45569631491311,-2.9192284319174497,0.4242640687119285,0,1038.2259521484375
49035,10,108,17,57,2,28.786510322866235,-2.8425423215529464,0.4242640687119285,0,1038.2259521484375
49035,10,108,17,58,2,44.5952691489308,-2.834494493014706,0.382842712474619,0,1038.2259521484375
49035,10,108,17,59,2,35.1931900794634,-2.7484929686604502,0.4242640687119285,0,1038.2259521484375
49035,10,108,17,60,2,26.237058247313154,-2.6019721446817767,0.482842712474619,0,1038.2259521484375
49035,10,108,17,61,2,22.097387271456647,-2.4854481776265414,0.37888543819998316,0,1038.2259521484375
49035,10,108,17,62,2,41.81456778886992,-2.6837966162738565,0.4242640687119285,0,1038.2259521484375
49035,10,108,17,63,2,33.14031799596467,-2.5500341973722187,0.4242640687119285,0,1038.2259521484375
49035,10,108,17,64,2,48.5629028247978,-2.636927172223625,0.3414213562373095,0,1038.2259521484375
49035,10,108,17,65,2,40.10209630772956,-2.5160621976376967,0.382842712474619,0,1038.2259521484375
49035,10,108,17,66,2,32.52692309115756,-2.3350623835654294,0.3414213562373095,0,1038.2259521484375
49035,10,109,15,1,2,19.624616452364013,-0.27752355474124,0.613407053921902,0,1039.593017578125
49035,10,109,15,2,2,17.125885624074492,0.0273936352687838,0.682842712474619,0,1039.593017578125
49035,10,109,15,3,2,16.128312203487038,-0.2684851428006061,0.8513997106635237,0,1039.593017578125
49035,10,109,15,4,2,16.64178327756423,-0.5732433235909307,0.682842712474619,0,1039.593017578125
49035,10,109,15,5,2,14.006115314649772,-0.08006239296721529,0.848528137423857,0,1039.593017578125
49035,10,109,15,6,2,13.711227601186353,-0.4422155548153679,0.848528137423857,0,1039.593017578125
49035,10,109,15,7,2,14.497983673407749,0.3787871432445411,0.613407053921902,0,1039.593017578125
49035,10,109,15,8,2,12.538743074223387,0.1632641575279461,0.8513997106635237,0,1039.593017578125
49035,10,109,15,9,2,11.137619763919602,-0.24573236421017497,0.848528137423857,0,1039.593017578125
49035,10,109,15,10,2,11.868996171956587,-0.679320614073549,0.8513997106635237,0,1039.593017578125
49035,10,109,15,11,2,13.505614292467685,-0.9242900310283219,0.613407053921902,0,1039.593017578125
49035,10,109,15,12,2,9.224716021632892,0.048670891512480496,0.848528137423857,0,1039.593017578125
49035,10,109,15,13,2,8.770512060537751,-0.5122347848523736,0.848528137423857,0,1039.593017578125
49035,10,109,15,14,2,8.434701971847531,0.4418794069031593,0.682842712474619,0,1039.593017578125
49035,10,109,15,15,2,6.162036471667155,-0.18614987830680518,0.765685424949238,1,1039.593017578125
49035,10,109,15,16,2,7.402512384482971,-0.9196557767643353,0.682842712474619,0,1039.593017578125
49035,10,109,15,17,,,,,0,1039.593017578125
49035,10,109,15,18,2,40.38954368202909,0.5487616654088621,0.37888543819998316,0,1039.593017578125
49035,10,109,15,19,2,45.952000675340614,0.7743595461269899,0.3414213562373095,0,1039.593017578125
49035,10,109,15,20,2,37.3529029436139,0.651074461037024,0.482842712474619,0,1039.593017578125
49035,10,109,15,21,2,29.646118642472825,0.459290634374117,0.3414213562373095,0,1039.593017578125
49035,10,109,15,22,2,39.272598356402085,0.828994856606708,0.4242640687119285,0,1039.593017578125
49035,10,109,15,23,2,30.430083370109436,0.6937995760069322,0.4242640687119285,0,1039.593017578125
49035,10,109,15,24,2,47.14454484759869,1.0137683047264354,0.37888543819998316,0,1039.593017578125
49035,10,109,15,25,2,42.30170924456259,0.9859162937969086,0.482842712474619,0,1039.593017578125
49035,10,109,15,26,2,32.758015771106265,0.9056726882783659,0.4242640687119285,0,1039.593017578125
49035,10,109,15,27,2,23.595351014735556,0.7614671336864491,0.482842712474619,0,1039.593017578125
49035,10,109,15,28,2,19.327883630466367,0.6393832369214034,0.4538461538461539,0,1039.593017578125
49035,10,109,15,29,2,36.33435317448603,1.0827156069591704,0.4242640687119285,0,1039.593017578125
49035,10,109,15,30,2,26.529949356469157,1.0193130327924642,0.4242640687119285,0,1039.593017578125
49035,10,109,15,31,2,40.83237494876485,1.2244829105743853,0.3414213562373095,0,1039.593017578125
49035,10,109,15,32,2,30.83724754586658,1.215686538008701,0.482842712474619,0,1039.593017578125
49035,10,109,15,33,2,20.846794200873898,1.1984565543772274,0.3414213562373095,0,1039.593017578125
49035,10,109,15,34,2,31.06219495910677,-4.905933269937002,0.4308640753373011,0,1039.593017578125
49035,10,109,15,35,2,7.932192139670284,-4.284065411630832,0.47153869179611585,0,1039.593017578125
49035,10,109,15,36,2,14.00321604657773,-4.343531125657471,0.6466890965784271,0,1039.593017578125
49035,10,109,15,37,,,,,0,1039.593017578125
49035,10,109,15,38,,,,,0,1039.593017578125
49035,10,109,15,39,2,14.105508407906383,-4.091406200171974,0.848528137423857,0,1039.593017578125
49035,10,109,15,40,2,11.86557472564162,-3.7441317679373958,0.682842712474619,0,1039.593017578125
49035,10,109,15,41,,,,,0,1039.593017578125
49035,10,109,15,42,2,17.607219516994604,-4.122364968685369,0.765685424949238,0,1039.593017578125
49035,10,109,15,43,2,15.061230867492313,-3.8573365064613814,0.848528137423857,0,1039.593017578125
49035,10,109,15,44,,,,,0,1039.593017578125
49035,10,109,15,45,,,,,0,1039.593017578125
49035,10,109,15,46,2,18.381770505531325,-3.9303198345028165,0.765685424949238,0,1039.593017578125
49035,10,109,15,47,2,16.72471174765918,-3.6604519180369124,0.765685424949238,0,1039.593017578125
49035,10,109,15,48,,,,,0,1039.593017578125
49035,10,109,15,49,,,,,0,1039.593017578125
49035,10,109,15,50,2,18.910084368946492,-3.5040139600440297,0.5881104528157366,0,1039.593017578125
49035,10,109,15,51,2,23.135722991667226,-3.7149499205725265,0.47153869179611585,0,1039.593017578125
49035,10,109,15,52,2,36.90470944237055,-4.788223051924472,0.4308640753373011,0,1039.593017578125
49035,10,109,15,53,2,47.87722533992297,-4.737172025389148,0.3414213562373095,0,1039.593017578125
49035,10,109,15,54,2,38.41720576119895,-4.661569430064301,0.482842712474619,0,1039.593017578125
49035,10,109,15,55,2,29.317822066907237,-4.537909901125984,0.3414213562373095,0,1039.593017578125
49035,10,109,15,56,2,44.977542416705404,-4.598083327416312,0.4242640687119285,0,1039.593017578125
49035,10,109,15,57,2,36.14736939384482,-4.48161784169757,0.4242640687119285,0,1039.593017578125
49035,10,109,15,58,2,51.67278727913533,-4.550897459399465,0.382842712474619,0,1039.593017578125
49035,10,109,15,59,2,43.05496414402531,-4.4432972225305605,0.4242640687119285,0,1039.593017578125
49035,10,109,15,60,2,35.1764541944159,-4.284879875084298,0.482842712474619,0,1039.593017578125
49035,10,109,15,61,2,31.68926357326891,-4.177505505307042,0.37888543819998316,0,1039.593017578125
49035,10,109,15,62,2,50.008274923171875,-4.415601253282071,0.4242640687119285,0,1039.593017578125
49035,10,109,15,63,2,42.24311249233508,-4.27840275548442,0.4242640687119285,0,1039.593017578125
49035,10,109,15,64,2,56.99057101082404,-4.394678783266391,0.3414213562373095,0,1039.593017578125
49035,10,109,15,65,2,49.311035036676245,-4.2737822619512205,0.382842712474619,0,1039.593017578125
49035,10,109,15,66,2,42.605529789416394,-4.111752664904211,0.3414213562373095,0,1039.593017578125
49035,10,110,13,1,2,16.98706039906942,0.046024820159831004,0.613407053921902,0,1039.8590087890625
49035,10,110,13,2,2,14.657497126731995,0.4054618687176035,0.682842712474619,0,1039.8590087890625
49035,10,110,13,3,2,13.491727759855666,0.05796056565245933,0.8513997106635237,0,1039.8590087890625
49035,10,110,13,4,2,14.114220271483767,-0.3035181557120108,0.682842712474619,0,1039.8590087890625
49035,10,110,13,5,2,11.449415297634172,0.2906895612878009,0.848528137423857,0,1039.8590087890625
49035,10,110,13,6,2,11.102864791737433,-0.15540004170746102,0.848528137423857,0,1039.8590087890625
49035,10,110,13,7,2,12.564726667190437,0.8311380729463802,0.613407053921902,0,1039.8590087890625
49035,10,110,13,8,2,10.254340708662786,0.5989976706799229,0.8513997106635237,0,1039.8590087890625
49035,10,110,13,9,2,8.50505727759914,0.09202225371570294,0.848528137423857,0,1039.8590087890625
49035,10,110,13,10,2,9.461527108302626,-0.4621269173369591,0.8513997106635237,0,1039.8590087890625
49035,10,110,13,11,2,11.458605603182168,-0.7390609296609307,0.613407053921902,0,1039.8590087890625
49035,10,110,13,12,2,6.811636514588952,0.502658089712396,0.848528137423857,0,1039.8590087890625
49035,10,110,13,13,2,6.211512531806149,-0.2803120978735745,0.848528137423857,1,1039.8590087890625
49035,10,110,13,14,2,6.742461324955519,1.0303588154913013,0.6466890965784271,0,1039.8590087890625
49035,10,110,13,15,,,,,0,1039.8590087890625
49035,10,110,13,16,2,5.461664267448849,-0.8825709086700065,0.6466890965784271,0,1039.8590087890625
49035,10,110,13,17,,,,,0,1039.8590087890625
49035,10,110,13,18,2,38.70789557302587,0.9193813172161227,0.37888543819998316,0,1039.8590087890625
49035,10,110,13,19,2,44.76875550190837,1.1455515336105506,0.3414213562373095,0,1039.8590087890625
49035,10,110,13,20,2,35.897220798293816,1.0303734435690086,0.482842712474619,0,1039.8590087890625
49035,10,110,13,21,2,27.80250803242874,0.8442458550231433,0.3414213562373095,0,1039.8590087890625
49035,10,110,13,22,2,38.23264634399163,1.210776884215667,0.4242640687119285,0,1039.8590087890625
49035,10,110,13,23,2,29.087870982877785,1.089365652071982,0.4242640687119285,0,1039.8590087890625
49035,10,110,13,24,2,46.55830254597038,1.3878754365572128,0.37888543819998316,0,1039.8590087890625
49035,10,110,13,25,2,41.65165101035031,1.3660375310355506,0.482842712474619,0,1039.8590087890625
49035,10,110,13,26,2,31.925366462106933,1.3023049139933054,0.4242640687119285,0,1039.8590087890625
49035,10,110,13,27,2,22.44098963039796,1.1838168495430392,0.482842712474619,0,1039.8590087890625
49035,10,110,13,28,2,17.910402327070493,1.0782651575410038,0.4538461538461539,0,1039.8590087890625
49035,10,110,13,29,2,35.94932279143936,1.4741469796228328,0.4242640687119285,0,1039.8590087890625
49035,10,110,13,30,2,26.013896305915186,1.4370433128848155,0.4242640687119285,0,1039.8590087890625
49035,10,110,13,31,2,40.81027560047077,-4.674866875821195,0.3414213562373095,0,1039.8590087890625
49035,10,110,13,32,2,30.819597441209165,-4.662694676946593,0.482842712474619,0,1039.8590087890625
49035,10,110,13,33,2,20.83786405296841,-4.638854153690034,0.3414213562373095,0,1039.8590087890625
49035,10,110,13,34,2,31.466758139143735,-4.503319146159498,0.4308640753373011,0,1039.8590087890625
49035,10,110,13,35,2,9.895561218124005,-3.7655568357560356,0.47153869179611585,0,1039.8590087890625
49035,10,110,13,36,2,15.78620070948561,-3.893417847822885,0.6466890965784271,0,1039.8590087890625
49035,10,110,13,37,,,,,0,1039.8590087890625
49035,10,110,13,38,,,,,0,1039.8590087890625
49035,10,110,13,39,2,16.292667721331174,-3.6748013580628154,0.848528137423857,0,1039.8590087890625
49035,10,110,13,40,2,14.40956340086715,-3.3713427574739177,0.682842712474619,0,1039.8590087890625
49035,10,110,13,41,,,,,0,1039.8590087890625
49035,10,110,13,42,2,19.736094197924423,-3.7195162487864044,0.765685424949238,0,1039.8590087890625
49035,10,110,13,43,2,17.512792756018367,-3.478037100480999,0.848528137423857,0,1039.8590087890625
49035,10,110,13,44,,,,,0,1039.8590087890625
49035,10,110,13,45,,,,,0,1039.8590087890625
49035,10,110,13,46,2,20.754765785883706,-3.55203962800838,0.765685424949238,0,1039.8590087890625
49035,10,110,13,47,2,19.311778756831078,-3.3123460263452316,0.765685424949238,0,1039.8590087890625
49035,10,110,13,48,,,,,0,1039.8590087890625
49035,10,110,13,49,,,,,0,1039.8590087890625
49035,10,110,13,50,2,21.545108200942853,-3.1778756885253907,0.5881104528157366,0,1039.8590087890625
49035,10,110,13,51,2,25.689953063578358,-3.3685880633826146,0.47153869179611585,0,1039.8590087890625
49035,10,110,13,52,2,37.593638467307834,-4.4006381785465365,0.4308640753373011,0,1039.8590087890625
49035,10,110,13,53,2,48.67465400707049,-4.365875205316751,0.3414213562373095,0,1039.8590087890625
49035,10,110,13,54,2,39.41561790153529,-4.279604196022714,0.482842712474619,0,1039.8590087890625
49035,10,110,13,55,2,30.626131430718377,-4.1422304996680595,0.3414213562373095,0,1039.8590087890625
49035,10,110,13,56,2,46.11632812771533,-4.226626277766236,0.4242640687119285,0,1039.8590087890625
49035,10,110,13,57,2,37.564407513428385,-4.1020153828873,0.4242640687119285,0,1039.8590087890625
49035,10,110,13,58,2,52.91351911757889,-4.187170910020376,0.382842712474619,0,1039.8590087890625
49035,10,110,13,59,2,44.54446651670882,-4.07436978615096,0.4242640687119285,0,1039.8590087890625
49035,10,110,13,60,2,36.994303468371996,-3.9126667685831986,0.482842712474619,0,1039.8590087890625
49035,10,110,13,61,2,33.70108284663719,-3.8060644607798078,0.37888543819998316,0,1039.8590087890625
49035,10,110,13,62,2,51.54933833408022,-4.054225426441435,0.4242640687119285,0,1039.8590087890625
49035,10,110,13,63,2,44.06476227705398,-3.9149652705598763,0.4242640687119285,0,1039.8590087890625
49035,10,110,13,64,2,58.570120950060804,-4.038905427876591,0.3414213562373095,0,1039.8590087890625
49035,10,110,13,65,2,51.13538950625641,-3.9166281393633477,0.382842712474619,0,1039.8590087890625
49035,10,110,13,66,2,44.71238141508865,-3.7561644830985736,0.3414213562373095,0,1039.8590087890625
49035,10,111,12,1,2,13.73744943165023,0.7094746964475369,0.613407053921902,0,1040.1090087890625
49035,10,111,12,2,2,12.406947617889559,1.16977974865502,0.682842712474619,0,1040.1090087890625
49035,10,111,12,3,2,10.302346843064143,0.7658743657407183,0.8513997106635237,0,1040.1090087890625
49035,10,111,12,4,2,10.408859291801958,0.2783328455356393,0.682842712474619,0,1040.1090087890625
49035,10,111,12,5,2,8.93309750131262,1.1073110360323863,0.848528137423857,0,1040.1090087890625
49035,10,111,12,6,2,7.550247164808318,0.5135559925715496,0.848528137423857,0,1040.1090087890625
49035,10,111,12,7,2,11.902432968259264,1.6756802627137517,0.613407053921902,0,1040.1090087890625
49035,10,111,12,8,2,8.857884141324147,1.5073389041451535,0.8513997106635237,0,1040.1090087890625
49035,10,111,12,9,2,5.537879805743359,0.9669884243018265,0.848528137423857,0,1040.1090087890625
49035,10,111,12,10,2,5.733595209342772,0.04838000379485763,0.7685569981889047,0,1040.1090087890625
49035,10,111,12,11,2,8.010512775210785,-0.34640094320200143,0.613407053921902,0,1040.1090087890625
49035,10,111,12,12,2,5.41571724114398,1.6239408921879288,0.848528137423857,1,1040.1090087890625
49035,10,111,12,13,,,,,0,1040.1090087890625
49035,10,111,12,14,2,7.2795517533147756,2.1071143293429966,0.6466890965784271,0,1040.1090087890625
49035,10,111,12,15,,,,,0,1040.1090087890625
49035,10,111,12,16,2,2.721006485230197,-1.010735954618062,0.5052677403411177,0,1040.1090087890625
49035,10,111,12,17,,,,,0,1040.1090087890625
49035,10,111,12,18,2,37.997931762771394,1.5578224396401004,0.37888543819998316,0,1040.1090087890625
49035,10,111,12,19,2,44.877172125177644,1.7716573431716298,0.3414213562373095,0,1040.1090087890625
49035,10,111,12,20,2,35.61421879693977,1.6773717459967579,0.482842712474619,0,1040.1090087890625
49035,10,111,12,21,2,26.884653300345427,1.519564554680375,0.3414213562373095,0,1040.1090087890625
49035,10,111,12,22,2,38.60953692421894,1.8503226928036012,0.4242640687119285,0,1040.1090087890625
49035,10,111,12,23,2,29.07074722235571,1.760689611816897,0.4242640687119285,0,1040.1090087890625
49035,10,111,12,24,2,47.548018898869124,2.0072279143583867,0.37888543819998316,0,1040.1090087890625
49035,10,111,12,25,2,42.579573770635065,1.9947631846804408,0.482842712474619,0,1040.1090087890625
49035,10,111,12,26,2,32.6715794698149,1.9584755026623932,0.4242640687119285,0,1040.1090087890625
49035,10,111,12,27,2,22.843907450694747,1.890800796258423,0.482842712474619,0,1040.1090087890625
49035,10,111,12,28,2,18.001391860010305,1.829396065416599,0.4538461538461539,0,1040.1090087890625
49035,10,111,12,29,2,37.27942952941687,2.11231269456934,0.4242640687119285,0,1040.1090087890625
49035,10,111,12,30,2,27.279440401192893,2.111850299947152,0.4242640687119285,0,1040.1090087890625
49035,10,111,12,31,2,42.56852859830941,-4.052994076560526,0.3414213562373095,0,1040.1090087890625
49035,10,111,12,32,2,32.6571834301209,-4.017357924460296,0.482842712474619,0,1040.1090087890625
49035,10,111,12,33,2,22.823313347365666,-3.950856801937067,0.3414213562373095,0,1040.1090087890625
49035,10,111,12,34,2,33.77900815383172,-3.870522251836621,0.4308640753373011,0,1040.1090087890625
49035,10,111,12,35,2,13.570568409088137,-3.164993445020974,0.47153869179611585,0,1040.1090087890625
49035,10,111,12,36,2,19.34877668617965,-3.2863502891143677,0.6466890965784271,0,1040.1090087890625
49035,10,111,12,37,,,,,0,1040.1090087890625
49035,10,111,12,38,,,,,0,1040.1090087890625
49035,10,111,12,39,2,20.00607510299188,-3.1095532567537463,0.848528137423857,0,1040.1090087890625
49035,10,111,12,40,2,18.095553108658763,-2.866106444229114,0.682842712474619,0,1040.1090087890625
49035,10,111,12,41,,,,,0,1040.1090087890625
49035,10,111,12,42,2,23.42872001454018,-3.150493337661519,0.765685424949238,0,1040.1090087890625
49035,10,111,12,43,2,21.239371996399843,-2.948637765814372,0.848528137423857,0,1040.1090087890625
49035,10,111,12,44,,,,,0,1040.1090087890625
49035,10,111,12,45,,,,,0,1040.1090087890625
49035,10,111,12,46,2,24.490259355397157,-3.009587675251934,0.765685424949238,0,1040.1090087890625
49035,10,111,12,47,2,22.95601891827841,-2.8085472415265706,0.765685424949238,0,1040.1090087890625
49035,10,111,12,48,,,,,0,1040.1090087890625
49035,10,111,12,49,,,,,0,1040.1090087890625
49035,10,111,12,50,2,25.056869045259,-2.6899098974517703,0.5881104528157366,0,1040.1090087890625
49035,10,111,12,51,2,29.369397655674977,-2.8492821194798283,0.47153869179611585,0,1040.1090087890625
49035,10,111,12,52,2,40.16646801553452,-3.788152104607697,0.4308640753373011,0,1040.1090087890625
49035,10,111,12,53,2,51.317276940106126,-3.770265145965271,0.3414213562373095,0,1040.1090087890625
49035,10,111,12,54,2,42.28326991980426,-3.678180023737962,0.482842712474619,0,1040.1090087890625
49035,10,111,12,55,2,33.79773539269311,-3.538101117120708,0.3414213562373095,0,1040.1090087890625
49035,10,111,12,56,2,49.09377431097911,-3.636434482749139,0.4242640687119285,0,1040.1090087890625
49035,10,111,12,57,2,40.79964066828075,-3.511532485463082,0.4242640687119285,0,1040.1090087890625
49035,10,111,12,58,2,55.96894171845382,-3.6049006038954285,0.382842712474619,0,1040.1090087890625
49035,10,111,12,59,2,47.82190334613583,-3.4927564302091465,0.4242640687119285,0,1040.1090087890625
49035,10,111,12,60,2,40.51353406221967,-3.3375325941779197,0.482842712474619,0,1040.1090087890625
49035,10,111,12,61,2,37.33031534145368,-3.238344269760711,0.37888543819998316,0,1040.1090087890625
49035,10,111,12,62,2,54.85670606802312,-3.4787921175758445,0.4242640687119285,0,1040.1090087890625
49035,10,111,12,63,2,47.57804328886342,-3.3444678002665533,0.4242640687119285,0,1040.1090087890625
49035,10,111,12,64,2,61.89977351832407,-3.46800385097698,0.3414213562373095,0,1040.1090087890625
49035,10,111,12,65,2,54.644249140996436,-3.3496095800192993,0.382842712474619,0,1040.1090087890625
49035,10,111,12,66,2,48.37774247261613,-3.1978953219630384,0.3414213562373095,0,1040.1090087890625
49035,10,112,8,1,2,10.91690207535331,-1.1994841368096913,0.613407053921902,0,1040.426025390625
49035,10,112,8,2,2,8.953877358648876,-0.6063113713626853,0.682842712474619,0,1040.426025390625
49035,10,112,8,3,2,7.416907705534456,-1.1987864686653147,0.8513997106635237,0,1040.426025390625
49035,10,112,8,4,2,8.935833484969814,-1.7926214539309155,0.682842712474619,0,1040.426025390625
49035,10,112,8,5,2,5.52329332113821,-0.727971874270477,0.848528137423857,0,1040.426025390625
49035,10,112,8,6,2,5.508663110957264,-1.6687367558028001,0.848528137423857,0,1040.426025390625
49035,10,112,8,7,2,8.852457184260173,0.0933037502636549,0.613407053921902,0,1040.426025390625
49035,10,112,8,8,2,5.568035408494053,-0.07916656556534729,0.7685569981889047,1,1040.426025390625
49035,10,112,8,9,2,2.4169440351267837,-1.1942846799777007,0.765685424949238,0,1040.426025390625
49035,10,112,8,10,2,5.53897270508046,-2.3202289458831986,0.7685569981889047,0,1040.426025390625
49035,10,112,8,11,2,8.821407979382334,-2.4942298522906396,0.613407053921902,0,1040.426025390625
49035,10,112,8,12,,,,,0,1040.426025390625
49035,10,112,8,13,,,,,0,1040.426025390625
49035,10,112,8,14,2,5.642173062461137,-5.437807951036926,0.5052677403411177,0,1040.426025390625
49035,10,112,8,15,,,,,0,1040.426025390625
49035,10,112,8,16,2,5.613494204516907,-3.249935182982233,0.5052677403411177,0,1040.426025390625
49035,10,112,8,17,,,,,0,1040.426025390625
49035,10,112,8,18,2,34.70326673163826,-0.15593771456008598,0.37888543819998316,0,1040.426025390625
49035,10,112,8,19,2,41.898336722194195,0.06895709696258034,0.3414213562373095,0,1040.426025390625
49035,10,112,8,20,2,32.48303896503142,-0.022404512809510724,0.482842712474619,0,1040.426025390625
49035,10,112,8,21,2,23.55472395765088,-0.18541034336146422,0.3414213562373095,0,1040.426025390625
49035,10,112,8,22,2,35.79302053196372,0.16110531567019892,0.4242640687119285,0,1040.426025390625
49035,10,112,8,23,2,26.092480125870736,0.0816055764696193,0.4242640687119285,0,1040.426025390625
49035,10,112,8,24,2,45.08097400279537,0.3161958346979534,0.37888543819998316,0,1040.426025390625
49035,10,112,8,25,2,40.08906106657281,0.3095091479833161,0.482842712474619,0,1040.426025390625
49035,10,112,8,26,2,30.113286395157644,0.28948740473503065,0.4242640687119285,0,1040.426025390625
49035,10,112,8,27,2,20.161528162174843,0.249668429276237,0.482842712474619,0,1040.426025390625
49035,10,112,8,28,2,15.209399001698284,0.21024958455610765,0.4538461538461539,0,1040.426025390625
49035,10,112,8,29,2,35.11128758554168,-5.8397158160991385,0.4242640687119285,0,1040.426025390625
49035,10,112,8,30,2,25.149149413687862,-5.810458480061275,0.4242640687119285,0,1040.426025390625
49035,10,112,8,31,2,40.728307285135735,-5.7260709960494065,0.3414213562373095,0,1040.426025390625
49035,10,112,8,32,2,30.959202422378773,-5.665894989617047,0.482842712474619,0,1040.426025390625
49035,10,112,8,33,2,21.404425125361495,-5.551210033381761,0.3414213562373095,0,1040.426025390625
49035,10,112,8,34,2,32.546940150901165,-5.516394054337435,0.4308640753373011,0,1040.426025390625
49035,10,112,8,35,2,14.949770685423733,-4.684726103275203,0.47153869179611585,0,1040.426025390625
49035,10,112,8,36,2,20.23582991571204,-4.860356176026727,0.6466890965784271,0,1040.426025390625
49035,10,112,8,37,,,,,0,1040.426025390625
49035,10,112,8,38,,,,,0,1040.426025390625
49035,10,112,8,39,2,21.443499288484407,-4.700669782427582,0.848528137423857,0,1040.426025390625
49035,10,112,8,40,2,20.240115165036062,-4.467192182344371,0.682842712474619,0,1040.426025390625
49035,10,112,8,41,,,,,0,1040.426025390625
49035,10,112,8,42,2,24.704653629106904,-4.760010263815048,0.765685424949238,0,1040.426025390625
49035,10,112,8,43,2,23.13349327474855,-4.561125902998918,0.848528137423857,0,1040.426025390625
49035,10,112,8,44,,,,,0,1040.426025390625
49035,10,112,8,45,2,22.850254514175802,-4.189493454472466,0.47153869179611585,0,1040.426025390625
49035,10,112,8,46,2,26.18501022134133,-4.63369038560381,0.765685424949238,0,1040.426025390625
49035,10,112,8,47,2,25.208993642159562,-4.442532905822016,0.765685424949238,0,1040.426025390625
49035,10,112,8,48,,,,,0,1040.426025390625
49035,10,112,8,49,,,,,0,1040.426025390625
49035,10,112,8,50,2,27.583114577727553,-4.343140370935867,0.6105354806822353,0,1040.426025390625
49035,10,112,8,51,2,31.48525652807863,-4.502554117074372,0.47153869179611585,0,1040.426025390625
49035,10,112,8,52,2,39.18285098846394,-5.447991012394258,0.4308640753373011,0,1040.426025390625
49035,10,112,8,53,2,50.36317811480234,-5.448371274357248,0.3414213562373095,0,1040.426025390625
49035,10,112,8,54,2,41.666856254590265,-5.3405457063350426,0.482842712474619,0,1040.426025390625
49035,10,112,8,55,2,33.70169299097704,-5.179023831335213,0.3414213562373095,0,1040.426025390625
49035,10,112,8,56,2,48.60163997787024,-5.309843218716187,0.4242640687119285,0,1040.426025390625
49035,10,112,8,57,2,40.765139627577604,-5.170168954712537,0.4242640687119285,0,1040.426025390625
49035,10,112,8,58,2,55.57078285336947,-5.286824141701306,0.382842712474619,0,1040.426025390625
49035,10,112,8,59,2,47.830838454429426,-5.163929834109388,0.4242640687119285,0,1040.426025390625
49035,10,112,8,60,2,41.07878171965556,-4.997328725591039,0.482842712474619,0,1040.426025390625
49035,10,112,8,61,2,38.24009555074097,-4.893430615134637,0.37888543819998316,0,1040.426025390625
49035,10,112,8,62,2,54.897919866344225,-5.159296910258684,0.4242640687119285,0,1040.426025390625
49035,10,112,8,63,2,48.09842831079759,-5.016478784458483,0.4242640687119285,0,1040.426025390625
49035,10,112,8,64,2,61.96591082239798,-5.155720809965414,0.3414213562373095,0,1040.426025390625
49035,10,112,8,65,2,55.13121896318602,-5.030747282674021,0.382842712474619,0,1040.426025390625
49035,10,112,8,66,2,49.38753389960006,-4.873707761882374,0.3414213562373095,0,1040.426025390625
49035,10,113,9,1,2,11.216948406376163,-1.8042207989857328,0.613407053921902,0,1040.7259521484375
49035,10,113,9,2,2,7.6510744964821,-1.262962315287834,0.6466890965784271,0,1040.7259521484375
49035,10,113,9,3,2,7.883409191120591,-1.9177003141159932,0.8513997106635237,0,1040.7259521484375
49035,10,113,9,4,2,10.759058508929598,-2.365566105525296,0.682842712474619,0,1040.7259521484375
49035,10,113,9,5,2,4.859391931470309,-1.6206590646227792,0.848528137423857,0,1040.7259521484375
49035,10,113,9,6,2,7.226540629344343,-2.382124568811868,0.848528137423857,0,1040.7259521484375
49035,10,113,9,7,2,6.107601799878971,-0.3697616219223465,0.4815389220537701,0,1040.7259521484375
49035,10,113,9,8,,,,,0,1040.7259521484375
49035,10,113,9,9,2,3.6997890394668,-2.4302933267464173,0.765685424949238,1,1040.7259521484375
49035,10,113,9,10,2,8.203513787425754,-2.827094288232951,0.7685569981889047,0,1040.7259521484375
49035,10,113,9,11,2,11.600606799958031,-2.9134816510015575,0.613407053921902,0,1040.7259521484375
49035,10,113,9,12,,,,,0,1040.7259521484375
49035,10,113,9,13,,,,,0,1040.7259521484375
49035,10,113,9,14,2,3.4087443251946823,-5.3662838563460085,0.43175884674785275,0,1040.7259521484375
49035,10,113,9,15,,,,,0,1040.7259521484375
49035,10,113,9,16,2,8.296863077235788,-3.442720832559295,0.5052677403411177,0,1040.7259521484375
49035,10,113,9,17,,,,,0,1040.7259521484375
49035,10,113,9,18,2,32.20888614043121,-0.544232284122113,0.37888543819998316,0,1040.7259521484375
49035,10,113,9,19,2,39.13737658327809,-0.2964547335022334,0.3414213562373095,0,1040.7259521484375
49035,10,113,9,20,2,29.815308901119504,-0.402455205546671,0.482842712474619,0,1040.7259521484375
49035,10,113,9,21,2,21.12276127586134,-0.5997687614571885,0.3414213562373095,0,1040.7259521484375
49035,10,113,9,22,2,32.967919919327095,-0.20022967879829023,0.4242640687119285,0,1040.7259521484375
49035,10,113,9,23,2,23.325997145996045,-0.29590063360338625,0.4242640687119285,0,1040.7259521484375
49035,10,113,9,24,2,42.20433204330127,-0.03113629214064284,0.37888543819998316,0,1040.7259521484375
49035,10,113,9,25,2,37.21310041833591,-0.038604968463646916,0.482842712474619,0,1040.7259521484375
49035,10,113,9,26,2,27.240287109224894,-0.0617497838878549,0.4242640687119285,0,1040.7259521484375
49035,10,113,9,27,2,17.298891318256658,-0.11155468626655285,0.482842712474619,0,1040.7259521484375
49035,10,113,9,28,2,12.363690402334624,-0.16642583461734217,0.44328887294614544,0,1040.7259521484375
49035,10,113,9,29,2,32.24847811495904,-6.176314358830725,0.4242640687119285,0,1040.7259521484375
49035,10,113,9,30,2,22.29759493261199,-6.139396439741379,0.4242640687119285,0,1040.7259521484375
49035,10,113,9,31,2,37.91959176558973,-6.05546156693854,0.3414213562373095,0,1040.7259521484375
49035,10,113,9,32,2,28.197763009090494,-5.983816970479084,0.482842712474619,0,1040.7259521484375
49035,10,113,9,33,2,18.770515117190676,-5.838697823154762,0.3414213562373095,0,1040.7259521484375
49035,10,113,9,34,2,29.944183695314624,-5.822408849807465,0.4308640753373011,0,1040.7259521484375
49035,10,113,9,35,2,14.314755475974756,-4.837904225830987,0.47153869179611585,0,1040.7259521484375
49035,10,113,9,36,2,19.042878819557806,-5.072194115146788,0.6466890965784271,0,1040.7259521484375
49035,10,113,9,37,,,,,0,1040.7259521484375
49035,10,113,9,38,,,,,0,1040.7259521484375
49035,10,113,9,39,2,20.681053714191723,-4.91415114132638,0.848528137423857,0,1040.7259521484375
49035,10,113,9,40,2,20.15726127858666,-4.670004439367357,0.765685424949238,0,1040.7259521484375
49035,10,113,9,41,,,,,0,1040.7259521484375
49035,10,113,9,42,2,23.752295303786482,-4.993194332164997,0.765685424949238,0,1040.7259521484375
49035,10,113,9,43,2,22.754795796099845,-4.782055293128995,0.848528137423857,0,1040.7259521484375
49035,10,113,9,44,2,22.833964422459122,-4.562288155304565,0.8513997106635237,0,1040.7259521484375
49035,10,113,9,45,2,23.530116253705103,-4.41417378438805,0.6034068236642477,0,1040.7259521484375
49035,10,113,9,46,2,25.57823843018118,-4.87028819035174,0.765685424949238,0,1040.7259521484375
49035,10,113,9,47,2,25.15661902392933,-4.67356319374587,0.848528137423857,0,1040.7259521484375
49035,10,113,9,48,,,,,0,1040.7259521484375
49035,10,113,9,49,,,,,0,1040.7259521484375
49035,10,113,9,50,2,27.801622789111484,-4.584823333842806,0.6466890965784271,0,1040.7259521484375
49035,10,113,9,51,2,31.22737963882748,-4.756464433143048,0.47153869179611585,0,1040.7259521484375
49035,10,113,9,52,2,36.66858650284647,-5.756400513802865,0.4308640753373011,0,1040.7259521484375
49035,10,113,9,53,2,47.84252434321162,-5.765432579816972,0.3414213562373095,0,1040.7259521484375
49035,10,113,9,54,2,39.32080282215317,-5.644716729534939,0.482842712474619,0,1040.7259521484375
49035,10,113,9,55,2,31.67560470814251,-5.461813090641046,0.3414213562373095,0,1040.7259521484375
49035,10,113,9,56,2,46.30395915595811,-5.618666097901324,0.4242640687119285,0,1040.7259521484375
49035,10,113,9,57,2,38.74629056522041,-5.463910968357423,0.4242640687119285,0,1040.7259521484375
49035,10,113,9,58,2,53.310296683235826,-5.599452569206113,0.382842712474619,0,1040.7259521484375
49035,10,113,9,59,2,45.81709431535872,-5.465361333571917,0.4242640687119285,0,1040.7259521484375
49035,10,113,9,60,2,39.45154661797593,-5.283710986163313,0.482842712474619,0,1040.7259521484375
49035,10,113,9,61,2,36.87863514386418,-5.171254714601863,0.37888543819998316,0,1040.7259521484375
49035,10,113,9,62,2,52.88796867379636,-5.466423886441843,0.4242640687119285,0,1040.7259521484375
49035,10,113,9,63,2,46.41503667442606,-5.312426339368908,0.4242640687119285,0,1040.7259521484375
49035,10,113,9,64,2,59.95888866030168,-5.467235827462309,0.3414213562373095,0,1040.7259521484375
49035,10,113,9,65,2,53.40680413979388,-5.333637014107293,0.382842712474619,0,1040.7259521484375
49035,10,113,9,66,2,48.057310863948224,-5.166672683065273,0.3414213562373095,0,1040.7259521484375
49035,10,114,10,1,2,10.283529017188284,-0.3316999416809321,0.613407053921902,0,1040.843017578125
49035,10,114,10,2,2,6.700386474607927,0.27266942675934924,0.6466890965784271,0,1040.843017578125
49035,10,114,10,3,2,6.996354865166803,-0.47351216157209297,0.8513997106635237,0,1040.843017578125
49035,10,114,10,4,2,10.149028716560888,-0.9382292987987587,0.682842712474619,0,1040.843017578125
49035,10,114,10,5,2,3.8857730034342843,-0.14978634609385488,0.765685424949238,0,1040.843017578125
49035,10,114,10,6,2,6.644774964169446,-0.9953799184907834,0.848528137423857,0,1040.843017578125
49035,10,114,10,7,2,5.758630091083308,1.2862880048315044,0.4815389220537701,0,1040.843017578125
49035,10,114,10,8,,,,,0,1040.843017578125
49035,10,114,10,9,,,,,0,1040.843017578125
49035,10,114,10,10,2,8.022286908953264,-1.4451398331321583,0.7685569981889047,1,1040.843017578125
49035,10,114,10,11,2,11.486720549953628,-1.4969916688745044,0.613407053921902,0,1040.843017578125
49035,10,114,10,12,,,,,0,1040.843017578125
49035,10,114,10,13,,,,,0,1040.843017578125
49035,10,114,10,14,2,4.195686550384758,-3.709576459839209,0.39033749051054323,0,1040.843017578125
49035,10,114,10,15,,,,,0,1040.843017578125
49035,10,114,10,16,2,8.701229258532857,-2.0470979577751303,0.49033749051054326,0,1040.843017578125
49035,10,114,10,17,,,,,0,1040.843017578125
49035,10,114,10,18,2,31.65308136245137,0.9821845881905915,0.37888543819998316,0,1040.843017578125
49035,10,114,10,19,2,38.79644646249812,1.228236521599967,0.3414213562373095,0,1040.843017578125
49035,10,114,10,20,2,29.38148844252026,1.1283724309357077,0.482842712474619,0,1040.843017578125
49035,10,114,10,21,2,20.52752951717328,0.9388124945225118,0.3414213562373095,0,1040.843017578125
49035,10,114,10,22,2,32.71960213645182,1.3297577686419864,0.4242640687119285,0,1040.843017578125
49035,10,114,10,23,2,22.993041750672557,1.2450576524574841,0.4242640687119285,0,1040.843017578125
49035,10,114,10,24,2,42.11673138251851,1.4931189966440854,0.37888543819998316,0,1040.843017578125
49035,10,114,10,25,2,37.11970992394005,1.4887547643105759,0.482842712474619,0,1040.843017578125
49035,10,114,10,26,2,27.128959984081998,1.4752037661877861,0.4242640687119285,0,1040.843017578125
49035,10,114,10,27,2,17.148996320437853,1.4458687623095177,0.482842712474619,0,1040.843017578125
49035,10,114,10,28,2,12.17135478443651,1.4131749580115782,0.44328887294614544,0,1040.843017578125
49035,10,114,10,29,2,32.29986022706094,-4.644869422549853,0.4242640687119285,0,1040.843017578125
49035,10,114,10,30,2,22.391707743451416,-4.5945829678950325,0.4242640687119285,0,1040.843017578125
49035,10,114,10,31,2,38.08649985962774,-4.528939897817773,0.3414213562373095,0,1040.843017578125
49035,10,114,10,32,2,28.437459037999385,-4.449125114959381,0.482842712474619,0,1040.843017578125
49035,10,114,10,33,2,19.151936756327327,-4.2898979423218835,0.3414213562373095,0,1040.843017578125
49035,10,114,10,34,2,30.332216864216804,-4.291414853226366,0.4308640753373011,0,1040.843017578125
49035,10,114,10,35,2,15.27968204371563,-3.324382936561918,0.47153869179611585,0,1040.843017578125
49035,10,114,10,36,2,19.940233028197067,-3.550628371848268,0.6466890965784271,0,1040.843017578125
49035,10,114,10,37,,,,,0,1040.843017578125
49035,10,114,10,38,,,,,0,1040.843017578125
49035,10,114,10,39,2,21.629076405244657,-3.400923528499496,0.848528137423857,0,1040.843017578125
49035,10,114,10,40,2,21.139317600957355,-3.16768683164986,0.765685424949238,0,1040.843017578125
49035,10,114,10,41,,,,,0,1040.843017578125
49035,10,114,10,42,2,24.677260718701874,-3.4784762957843314,0.765685424949238,0,1040.843017578125
49035,10,114,10,43,2,23.728063533904763,-3.2752557137070615,0.848528137423857,0,1040.843017578125
49035,10,114,10,44,2,23.813332432888416,-3.064553418586704,0.8513997106635237,0,1040.843017578125
49035,10,114,10,45,2,24.488006519568295,-2.9222139141451815,0.6034068236642477,0,1040.843017578125
49035,10,114,10,46,2,26.536225230878195,-3.360886808496334,0.765685424949238,0,1040.843017578125
49035,10,114,10,47,2,26.138574023732257,-3.1713550967043744,0.848528137423857,0,1040.843017578125
49035,10,114,10,48,,,,,0,1040.843017578125
49035,10,114,10,49,,,,,0,1040.843017578125
49035,10,114,10,50,2,28.78244438749497,-3.08574960135051,0.6466890965784271,0,1040.843017578125
49035,10,114,10,51,2,32.20362269653829,-3.251953542032913,0.47153869179611585,0,1040.843017578125
49035,10,114,10,52,2,37.11258386002825,-4.231598134876348,0.4308640753373011,0,1040.843017578125
49035,10,114,10,53,2,48.27619060310316,-4.246044061549922,0.3414213562373095,0,1040.843017578125
49035,10,114,10,54,2,39.858476941895496,-4.122901555106762,0.482842712474619,0,1040.843017578125
49035,10,114,10,55,2,32.35437820617302,-3.938581900309929,0.3414213562373095,0,1040.843017578125
49035,10,114,10,56,2,46.861484024701625,-4.100255156919388,0.4242640687119285,0,1040.843017578125
49035,10,114,10,57,2,39.422154811448785,-3.9446220608451914,0.4242640687119285,0,1040.843017578125
49035,10,114,10,58,2,53.88227153588754,-4.083503524609595,0.382842712474619,0,1040.843017578125
49035,10,114,10,59,2,46.49093235080993,-3.9488255692652334,0.4242640687119285,0,1040.843017578125
49035,10,114,10,60,2,40.24319067653625,-3.768064891488599,0.482842712474619,0,1040.843017578125
49035,10,114,10,61,2,37.73020273359644,-3.657076527239525,0.37888543819998316,0,1040.843017578125
49035,10,114,10,62,2,53.56031452220325,-3.951919485675776,0.4242640687119285,0,1040.843017578125
49035,10,114,10,63,2,47.189139605398665,-3.7984554516840756,0.4242640687119285,0,1040.843017578125
49035,10,114,10,64,2,60.63008982829472,-3.954291887966422,0.3414213562373095,0,1040.843017578125
49035,10,114,10,65,2,54.1674754586879,-3.821032260646405,0.382842712474619,0,1040.843017578125
49035,10,114,10,66,2,48.9103568025017,-3.6555760122546013,0.3414213562373095,0,1040.843017578125
49035,10,115,11,1,2,8.993271638656399,1.786906008519131,0.613407053921902,0,1041.258056640625
49035,10,115,11,2,2,8.713482589913491,2.490035025069101,0.6466890965784271,0,1041.258056640625
49035,10,115,11,3,2,5.6249780359379296,1.9207296083053382,0.8513997106635237,0,1041.258056640625
49035,10,115,11,4,2,6.111953612785582,1.0442510042822997,0.6466890965784271,0,1041.258056640625
49035,10,115,11,5,2,5.230887172963201,2.580350154019209,0.765685424949238,0,1041.258056640625
49035,10,115,11,6,2,2.8421435003056312,1.3683138529364538,0.765685424949238,0,1041.258056640625
49035,10,115,11,7,2,10.432308660393286,3.1143585407193575,0.4815389220537701,0,1041.258056640625
49035,10,115,11,8,,,,,0,1041.258056640625
49035,10,115,11,9,,,,,0,1041.258056640625
49035,10,115,11,10,,,,,0,1041.258056640625
49035,10,115,11,11,2,6.577697225466978,0.04320173586689252,0.4815389220537701,1,1041.258056640625
49035,10,115,11,12,,,,,0,1041.258056640625
49035,10,115,11,13,,,,,0,1041.258056640625
49035,10,115,11,14,2,8.381120916129895,-2.5439639911712555,0.39033749051054323,0,1041.258056640625
49035,10,115,11,15,,,,,0,1041.258056640625
49035,10,115,11,16,2,5.628000171544703,-0.9934957172200222,0.39033749051054323,0,1041.258056640625
49035,10,115,11,17,,,,,0,1041.258056640625
49035,10,115,11,18,2,35.39814083505472,2.6951314302843934,0.37888543819998316,0,1041.258056640625
49035,10,115,11,19,2,43.17124483891197,2.9010641380518583,0.3414213562373095,0,1041.258056640625
49035,10,115,11,20,2,33.543815809496095,2.8299879519355913,0.482842712474619,0,1041.258056640625
49035,10,115,11,21,2,24.220214226581845,2.703064563657261,0.3414213562373095,0,1041.258056640625
49035,10,115,11,22,2,37.30457323820196,2.999467696769299,0.4242640687119285,0,1041.258056640625
49035,10,115,11,23,2,27.441982118726248,2.947827863478155,0.4242640687119285,0,1041.258056640625
49035,10,115,11,24,2,46.92929991857208,3.1355392650427114,0.37888543819998316,0,1041.258056640625
49035,10,115,11,25,2,41.92940245111237,3.134817414533354,0.482842712474619,0,1041.258056640625
49035,10,115,11,26,2,31.929703851233334,3.132695505624522,0.4242640687119285,0,1041.258056640625
49035,10,115,11,27,2,21.930280120134853,3.1286385328265416,0.482842712474619,0,1041.258056640625
49035,10,115,11,28,2,16.930823524201077,3.1248130278121033,0.44328887294614544,0,1041.258056640625
49035,10,115,11,29,2,37.2283439525644,-3.014575859730016,0.4242640687119285,0,1041.258056640625
49035,10,115,11,30,2,27.33826606737442,-2.9682229161634917,0.4242640687119285,0,1041.258056640625
49035,10,115,11,31,2,43.039437715581414,-2.913885359836679,0.3414213562373095,0,1041.258056640625
49035,10,115,11,32,2,33.37400780537946,-2.8461928330953286,0.482842712474619,0,1041.258056640625
49035,10,115,11,33,2,23.984486550969702,-2.724513344043704,0.3414213562373095,0,1041.258056640625
49035,10,115,11,34,2,35.15655844186916,-2.7097087018531325,0.4308640753373011,0,1041.258056640625
49035,10,115,11,35,2,17.634039756158092,-1.9745810080208617,0.47153869179611585,0,1041.258056640625
49035,10,115,11,36,2,23.04355012145108,-2.114895633402163,0.6466890965784271,0,1041.258056640625
49035,10,115,11,37,,,,,0,1041.258056640625
49035,10,115,11,38,,,,,0,1041.258056640625
49035,10,115,11,39,2,24.133847682691908,-1.9721587909007932,0.848528137423857,0,1041.258056640625
49035,10,115,11,40,2,22.65299545383418,-1.7675536629606727,0.765685424949238,0,1041.258056640625
49035,10,115,11,41,,,,,0,1041.258056640625
49035,10,115,11,42,2,27.443840960821433,-2.020444910211677,0.765685424949238,0,1041.258056640625
49035,10,115,11,43,2,25.66865804328148,-1.8441044897805199,0.848528137423857,0,1041.258056640625
49035,10,115,11,44,2,24.79103880040079,-1.6486627783320429,0.8513997106635237,0,1041.258056640625
49035,10,115,11,45,2,24.765833806779423,-1.507296888400394,0.6034068236642477,0,1041.258056640625
49035,10,115,11,46,2,28.802809037564472,-1.9042881558025417,0.848528137423857,0,1041.258056640625
49035,10,115,11,47,2,27.573853693571095,-1.7320977501263797,0.848528137423857,0,1041.258056640625
49035,10,115,11,48,,,,,0,1041.258056640625
49035,10,115,11,49,2,30.512935129645445,-1.7998599151354744,0.8513997106635237,0,1041.258056640625
49035,10,115,11,50,2,29.778428589937544,-1.6356013099358764,0.682842712474619,0,1041.258056640625
49035,10,115,11,51,2,33.93082158398281,-1.776435709833432,0.6034068236642477,0,1041.258056640625
49035,10,115,11,52,2,41.86200194567306,-2.65119791538018,0.4308640753373011,0,1041.258056640625
49035,10,115,11,53,2,53.03918563913336,-2.6568354062434123,0.3414213562373095,0,1041.258056640625
49035,10,115,11,54,2,44.436318607447305,-2.551774508965466,0.482842712474619,0,1041.258056640625
49035,10,115,11,55,2,36.55157465147958,-2.3990097656397555,0.3414213562373095,0,1041.258056640625
49035,10,115,11,56,2,51.39095267462495,-2.5250319904299796,0.4242640687119285,0,1041.258056640625
49035,10,115,11,57,2,43.61721236995388,-2.3920707697840076,0.4242640687119285,0,1041.258056640625
49035,10,115,11,58,2,58.37356955188294,-2.5046755258243865,0.382842712474619,0,1041.258056640625
49035,10,115,11,59,2,50.68436465369406,-2.3870666575707133,0.4242640687119285,0,1041.258056640625
49035,10,115,11,60,2,43.93558942894415,-2.230530997973443,0.482842712474619,0,1041.258056640625
49035,10,115,11,61,2,41.06155887845477,-2.1341660336828947,0.37888543819998316,0,1041.258056640625
49035,10,115,11,62,2,57.752475494749184,-2.383287338469418,0.4242640687119285,0,1041.258056640625
49035,10,115,11,63,2,50.958606965769015,-2.2479232115126986,0.4242640687119285,0,1041.258056640625
49035,10,115,11,64,2,64.82123133044125,-2.380332254057538,0.3414213562373095,0,1041.258056640625
49035,10,115,11,65,2,57.993303314388776,-2.261099228323046,0.382842712474619,0,1041.258056640625
49035,10,115,11,66,2,52.19822245474278,-2.112840320078748,0.3414213562373095,0,1041.258056640625
49035,10,116,4,1,2,10.642434167841422,2.1707131815388983,0.613407053921902,0,1041.5589599609375
49035,10,116,4,2,2,12.210947888348516,2.694070585880172,0.6466890965784271,0,1041.5589599609375
49035,10,116,4,3,2,8.001427882257087,2.420251888736014,0.8513997106635237,0,1041.5589599609375
49035,10,116,4,4,2,5.379446809659815,1.7593736787586998,0.6466890965784271,1,1041.5589599609375
49035,10,116,4,5,2,8.952354466003802,2.825359693337282,0.765685424949238,0,1041.5589599609375
49035,10,116,4,6,2,4.478867078623373,2.4708045558166107,0.765685424949238,0,1041.5589599609375
49035,10,116,4,7,2,14.511220932054501,3.122014859183977,0.4815389220537701,0,1041.5589599609375
49035,10,116,4,8,,,,,0,1041.5589599609375
49035,10,116,4,9,,,,,0,1041.5589599609375
49035,10,116,4,10,,,,,0,1041.5589599609375
49035,10,116,4,11,,,,,0,1041.5589599609375
49035,10,116,4,12,,,,,0,1041.5589599609375
49035,10,116,4,13,,,,,0,1041.5589599609375
49035,10,116,4,14,2,11.976045144288141,-2.7368530150454653,0.39033749051054323,0,1041.5589599609375
49035,10,116,4,15,,,,,0,1041.5589599609375
49035,10,116,4,16,2,4.822536360052006,-1.7814609581459053,0.3264911064067352,0,1041.5589599609375
49035,10,116,4,17,,,,,0,1041.5589599609375
49035,10,116,4,18,2,39.11790945655083,2.7401809600049147,0.37888543819998316,0,1041.5589599609375
49035,10,116,4,19,2,47.143810252120524,2.9216816901010696,0.3414213562373095,0,1041.5589599609375
49035,10,116,4,20,2,37.448231530126236,2.8633968843262254,0.482842712474619,0,1041.5589599609375
49035,10,116,4,21,2,27.96786091891793,2.7650466890382366,0.3414213562373095,0,1041.5589599609375
49035,10,116,4,22,2,41.34747452256274,3.0134452958551368,0.4242640687119285,0,1041.5589599609375
49035,10,116,4,23,2,31.45544228015195,2.9728061930096565,0.4242640687119285,0,1041.5589599609375
49035,10,116,4,24,2,51.009231068807644,3.13602344554146,0.37888543819998316,0,1041.5589599609375
49035,10,116,4,25,2,46.009317035291986,3.1354182225172913,0.482842712474619,0,1041.5589599609375
49035,10,116,4,26,2,36.00956058743296,3.13370356819621,0.4242640687119285,0,1041.5589599609375
49035,10,116,4,27,2,26.00999141380099,3.130670496969412,0.482842712474619,0,1041.5589599609375
49035,10,116,4,28,2,21.010360614920423,3.128071314603518,0.44328887294614544,0,1041.5589599609375
49035,10,116,4,29,2,41.27871192709433,-3.0270968338693183,0.4242640687119285,0,1041.5589599609375
49035,10,116,4,30,2,31.36500052616029,-2.9906641542542096,0.4242640687119285,0,1041.5589599609375
49035,10,116,4,31,2,47.023139655068476,-2.933473520914273,0.3414213562373095,0,1041.5589599609375
49035,10,116,4,32,2,37.29620440026129,-2.878045408055153,0.482842712474619,0,1041.5589599609375
49035,10,116,4,33,2,27.763970579008788,-2.784078041985062,0.3414213562373095,0,1041.5589599609375
49035,10,116,4,34,2,38.899435306301065,-2.753626195940943,0.4308640753373011,0,1041.5589599609375
49035,10,116,4,35,2,19.59953641311451,-2.1671972635363432,0.47153869179611585,0,1041.5589599609375
49035,10,116,4,36,2,25.39660746879642,-2.252784506549042,0.6466890965784271,0,1041.5589599609375
49035,10,116,4,37,,,,,0,1041.5589599609375
49035,10,116,4,38,,,,,0,1041.5589599609375
49035,10,116,4,39,2,26.000482170089487,-2.117115558766158,0.848528137423857,0,1041.5589599609375
49035,10,116,4,40,2,23.789507622061862,-1.936552074362193,0.765685424949238,0,1041.5589599609375
49035,10,116,4,41,,,,,0,1041.5589599609375
49035,10,116,4,42,2,29.447357698224103,-2.1455512186569776,0.765685424949238,0,1041.5589599609375
49035,10,116,4,43,2,27.05665306777903,-1.989817266535794,0.848528137423857,0,1041.5589599609375
49035,10,116,4,44,2,25.43576370100089,-1.8092703941815953,0.8513997106635237,0,1041.5589599609375
49035,10,116,4,45,2,24.842886203685214,-1.6719408591978993,0.6034068236642477,0,1041.5589599609375
49035,10,116,4,46,2,30.383947695455465,-2.0315143064096106,0.848528137423857,0,1041.5589599609375
49035,10,116,4,47,2,28.514906231358566,-1.8737971750816136,0.848528137423857,0,1041.5589599609375
49035,10,116,4,48,2,33.75360839806895,-2.064934894322819,0.682842712474619,0,1041.5589599609375
49035,10,116,4,49,2,31.689456917296464,-1.925577247242922,0.8513997106635237,0,1041.5589599609375
49035,10,116,4,50,2,30.31727691492405,-1.770302523088109,0.682842712474619,0,1041.5589599609375
49035,10,116,4,51,2,34.99261526167073,-1.8908244272814871,0.613407053921902,0,1041.5589599609375
49035,10,116,4,52,2,45.50175460143417,-2.6934412553881515,0.4308640753373011,0,1041.5589599609375
49035,10,116,4,53,2,56.6810168984835,-2.6903847428364274,0.3414213562373095,0,1041.5589599609375
49035,10,116,4,54,2,47.88077773274123,-2.5991878331546308,0.482842712474619,0,1041.5589599609375
49035,10,116,4,55,2,39.65350017259718,-2.4686403951949734,0.3414213562373095,0,1041.5589599609375
49035,10,116,4,56,2,54.770543916892066,-2.5681193625404446,0.4242640687119285,0,1041.5589599609375
49035,10,116,4,57,2,46.6866542022257,-2.451644610993751,0.4242640687119285,0,1041.5589599609375
49035,10,116,4,58,2,61.70134589789948,-2.5440115040804074,0.382842712474619,0,1041.5589599609375
49035,10,116,4,59,2,53.72976163410957,-2.4391017011235396,0.4242640687119285,0,1041.5589599609375
49035,10,116,4,60,2,46.54802342639512,-2.2998446763537737,0.482842712474619,0,1041.5589599609375
49035,10,116,4,61,2,43.3778063614013,-2.213771815281758,0.37888543819998316,0,1041.5589599609375
49035,10,116,4,62,2,60.77936236847395,-2.429467177531079,0.4242640687119285,0,1041.5589599609375
49035,10,116,4,63,2,53.609347035421564,-2.3072733470044935,0.4242640687119285,0,1041.5589599609375
49035,10,116,4,64,2,67.83343198289691,-2.4218358715972763,0.3414213562373095,0,1041.5589599609375
49035,10,116,4,65,2,60.672940378922604,-2.312972570164711,0.382842712474619,0,1041.5589599609375
49035,10,116,4,66,2,54.41541044474711,-2.177115571161482,0.3414213562373095,0,1041.5589599609375
49035,10,117,1,1,2,9.05352600103535,0.32452783385577266,0.6034068236642477,1,1041.9090576171875
49035,10,117,1,2,2,11.871323172718586,0.8528668182599524,0.6466890965784271,0,1041.9090576171875
49035,10,117,1,3,2,7.102803483105218,0.6889236159483536,0.8513997106635237,0,1041.9090576171875
49035,10,117,1,4,,,,,0,1041.9090576171875
49035,10,117,1,5,2,9.051368329930812,1.0589608832857222,0.765685424949238,0,1041.9090576171875
49035,10,117,1,6,2,4.05570858082294,1.0245818193544776,0.6366888663207728,0,1041.9090576171875
49035,10,117,1,7,2,15.21478450569041,-5.048069941967003,0.4815389220537701,0,1041.9090576171875
49035,10,117,1,8,,,,,0,1041.9090576171875
49035,10,117,1,9,,,,,0,1041.9090576171875
49035,10,117,1,10,,,,,0,1041.9090576171875
49035,10,117,1,11,,,,,0,1041.9090576171875
49035,10,117,1,12,,,,,0,1041.9090576171875
49035,10,117,1,13,,,,,0,1041.9090576171875
49035,10,117,1,14,2,13.633822870565302,-4.6358601599447145,0.39033749051054323,0,1041.9090576171875
49035,10,117,1,15,,,,,0,1041.9090576171875
49035,10,117,1,16,2,7.4110817673887635,-3.8359488038294676,0.32077201056494153,0,1041.9090576171875
49035,10,117,1,17,,,,,0,1041.9090576171875
49035,10,117,1,18,2,38.70875849770785,0.7511308978966245,0.37888543819998316,0,1041.9090576171875
49035,10,117,1,19,2,47.188996425377695,0.9218140014547616,0.3414213562373095,0,1041.9090576171875
49035,10,117,1,20,2,37.36100093053292,0.8778279775187934,0.482842712474619,0,1041.9090576171875
49035,10,117,1,21,2,27.656597719680818,0.8027305728096006,0.3414213562373095,0,1041.9090576171875
49035,10,117,1,22,2,41.6389156100421,1.0206964161867011,0.4242640687119285,0,1041.9090576171875
49035,10,117,1,23,2,31.667685423427773,0.9998216821968073,0.4242640687119285,0,1041.9090576171875
49035,10,117,1,24,2,51.59682831706467,-5.152764617384207,0.37888543819998316,0,1041.9090576171875
49035,10,117,1,25,2,46.60208359965392,-5.148090817484475,0.482842712474619,0,1041.9090576171875
49035,10,117,1,26,2,36.616897775837124,-5.134918792477261,0.4242640687119285,0,1041.9090576171875
49035,10,117,1,27,2,26.64282660723292,-5.111877679564111,0.482842712474619,0,1041.9090576171875
49035,10,117,1,28,2,21.66475739701612,-5.0924065929706,0.44328887294614544,0,1041.9090576171875
49035,10,117,1,29,2,42.1752546569079,-5.023636967723404,0.4242640687119285,0,1041.9090576171875
49035,10,117,1,30,2,32.36966345626726,-4.970523462295592,0.4242640687119285,0,1041.9090576171875
49035,10,117,1,31,2,48.132182664241995,-4.9390523308109735,0.3414213562373095,0,1041.9090576171875
49035,10,117,1,32,2,38.545427937966004,-4.872989077839586,0.482842712474619,0,1041.9090576171875
49035,10,117,1,33,2,29.23684356796921,-4.764094128662916,0.3414213562373095,0,1041.9090576171875
49035,10,117,1,34,2,40.41319612476031,-4.755408136586301,0.4308640753373011,0,1041.9090576171875
49035,10,117,1,35,2,22.018784255494158,-4.17761794541245,0.47153869179611585,0,1041.9090576171875
49035,10,117,1,36,2,27.727041690553637,-4.265066548639956,0.6466890965784271,0,1041.9090576171875
49035,10,117,1,37,,,,,0,1041.9090576171875
49035,10,117,1,38,,,,,0,1041.9090576171875
49035,10,117,1,39,2,28.45677064746892,-4.141832160779346,0.848528137423857,0,1041.9090576171875
49035,10,117,1,40,2,26.349749507939066,-3.9760518999666696,0.765685424949238,0,1041.9090576171875
49035,10,117,1,41,,,,,0,1041.9090576171875
49035,10,117,1,42,2,31.87891539885119,-4.171323133999071,0.765685424949238,0,1041.9090576171875
49035,10,117,1,43,2,29.593694437423625,-4.026406801571163,0.848528137423857,0,1041.9090576171875
49035,10,117,1,44,2,28.023351939125416,-3.861380689532493,0.8513997106635237,0,1041.9090576171875
49035,10,117,1,45,2,27.417572947254552,-3.736938011141098,0.6034068236642477,0,1041.9090576171875
49035,10,117,1,46,2,32.89778414696134,-4.066732858640437,0.848528137423857,0,1041.9090576171875
49035,10,117,1,47,2,31.093177792379908,-3.92080667903068,0.848528137423857,0,1041.9090576171875
49035,10,117,1,48,2,36.24557425541115,-4.099655199233897,0.682842712474619,0,1041.9090576171875
49035,10,117,1,49,2,34.25292916748887,-3.969415398551965,0.8513997106635237,0,1041.9090576171875
49035,10,117,1,50,2,32.90569342836428,-3.8258692025561274,0.682842712474619,0,1041.9090576171875
49035,10,117,1,51,2,37.56656280285965,-3.938000082991193,0.613407053921902,0,1041.9090576171875
49035,10,117,1,52,2,47.12941038955684,-4.70472041193528,0.4308640753373011,0,1041.9090576171875
49035,10,117,1,53,2,58.306215130702036,-4.710083426285498,0.3414213562373095,0,1041.9090576171875
49035,10,117,1,54,2,49.68558875332645,-4.615888822588653,0.482842712474619,0,1041.9090576171875
49035,10,117,1,55,2,41.685737808771634,-4.483950269024964,0.3414213562373095,0,1041.9090576171875
49035,10,117,1,56,2,56.62696029643129,-4.590472924625056,0.4242640687119285,0,1041.9090576171875
49035,10,117,1,57,2,48.74069797726104,-4.473367765005115,0.4242640687119285,0,1041.9090576171875
49035,10,117,1,58,2,63.59691450898016,-4.570617387873867,0.382842712474619,0,1041.9090576171875
49035,10,117,1,59,2,55.79973603843932,-4.465462067225379,0.4242640687119285,0,1041.9090576171875
49035,10,117,1,60,2,48.812432318585365,-4.328279413206841,0.482842712474619,0,1041.9090576171875
49035,10,117,1,61,2,45.74030008980006,-4.244768307487378,0.37888543819998316,0,1041.9090576171875
49035,10,117,1,62,2,62.861478224811336,-4.459332277759844,0.4242640687119285,0,1041.9090576171875
49035,10,117,1,63,2,55.862406424225966,-4.338731108739216,0.4242640687119285,0,1041.9090576171875
49035,10,117,1,64,2,69.92510527169306,-4.454440760545458,0.3414213562373095,0,1041.9090576171875
49035,10,117,1,65,2,62.91711495415479,-4.346839697051919,0.382842712474619,0,1041.9090576171875
49035,10,117,1,66,2,56.812026552934206,-4.21427011420743,0.3414213562373095,0,1041.9090576171875
49035,10,118,3,1,,,,,0,1042.4090576171875
49035,10,118,3,2,2,7.8666608082881355,-5.350806331299456,0.6466890965784271,0,1042.4090576171875
49035,10,118,3,3,2,3.03673357437054,-5.085487206873056,0.765685424949238,1,1042.4090576171875
49035,10,118,3,4,,,,,0,1042.4090576171875
49035,10,118,3,5,2,6.466617882910617,-4.891601392701496,0.765685424949238,0,1042.4090576171875
49035,10,118,3,6,2,3.7622526991992613,-4.010778461763504,0.6093338188813542,0,1042.4090576171875
49035,10,118,3,7,2,12.885121804434469,-5.00406720132458,0.4815389220537701,0,1042.4090576171875
49035,10,118,3,8,,,,,0,1042.4090576171875
49035,10,118,3,9,,,,,0,1042.4090576171875
49035,10,118,3,10,,,,,0,1042.4090576171875
49035,10,118,3,11,,,,,0,1042.4090576171875
49035,10,118,3,12,,,,,0,1042.4090576171875
49035,10,118,3,13,,,,,0,1042.4090576171875
49035,10,118,3,14,2,13.672627161531265,-4.544040021727964,0.39033749051054323,0,1042.4090576171875
49035,10,118,3,15,,,,,0,1042.4090576171875
49035,10,118,3,16,2,11.472381206896324,-3.743990220002171,0.32077201056494153,0,1042.4090576171875
49035,10,118,3,17,,,,,0,1042.4090576171875
49035,10,118,3,18,2,33.91372846505979,0.5115678125252074,0.37888543819998316,0,1042.4090576171875
49035,10,118,3,19,2,42.930110318475705,0.6850443696433843,0.3414213562373095,0,1042.4090576171875
49035,10,118,3,20,2,32.979829729921285,0.6585749167248722,0.482842712474619,0,1042.4090576171875
49035,10,118,3,21,2,23.07258039476091,0.6093102244674942,0.3414213562373095,0,1042.4090576171875
49035,10,118,3,22,2,37.787034298795405,-5.477583298278025,0.4242640687119285,0,1042.4090576171875
49035,10,118,3,23,2,27.794509496597446,-5.465654496273477,0.4242640687119285,0,1042.4090576171875
49035,10,118,3,24,2,48.17378285595836,-5.380579726632108,0.37888543819998316,0,1042.4090576171875
49035,10,118,3,25,2,43.220952710254785,-5.365563628400496,0.482842712474619,0,1042.4090576171875
49035,10,118,3,26,2,33.35754113000816,-5.322180213255541,0.4242640687119285,0,1042.4090576171875
49035,10,118,3,27,2,23.609327548625593,-5.24270063568178,0.482842712474619,0,1042.4090576171875
49035,10,118,3,28,2,18.8344828924859,-5.172333964592282,0.44328887294614544,0,1042.4090576171875
49035,10,118,3,29,2,39.40705954932347,-5.221160308102078,0.4242640687119285,0,1042.4090576171875
49035,10,118,3,30,2,29.959825423090027,-5.125703308622018,0.4242640687119285,0,1042.4090576171875
49035,10,118,3,31,2,45.75048780513347,-5.147563586212935,0.3414213562373095,0,1042.4090576171875
49035,10,118,3,32,2,36.57570138036688,-5.050283148842897,0.482842712474619,0,1042.4090576171875
49035,10,118,3,33,2,27.972428005517813,-4.89075048422176,0.3414213562373095,0,1042.4090576171875
49035,10,118,3,34,2,39.05521888401811,-4.935340323635945,0.4308640753373011,0,1042.4090576171875
49035,10,118,3,35,2,24.04174644046614,-4.268879580119838,0.47153869179611585,0,1042.4090576171875
49035,10,118,3,36,2,29.192257651774188,-4.392560481276188,0.6466890965784271,0,1042.4090576171875
49035,10,118,3,37,,,,,0,1042.4090576171875
49035,10,118,3,38,,,,,0,1042.4090576171875
49035,10,118,3,39,2,30.530651833501548,-4.282891406448121,0.848528137423857,0,1042.4090576171875
49035,10,118,3,40,2,29.23111526964964,-4.121096281374817,0.765685424949238,0,1042.4090576171875
49035,10,118,3,41,2,35.23251223586,-4.419839619323653,0.613407053921902,0,1042.4090576171875
49035,10,118,3,42,2,33.759681536121775,-4.3277460395616485,0.8513997106635237,0,1042.4090576171875
49035,10,118,3,43,2,32.203314983855535,-4.183512212707303,0.848528137423857,0,1042.4090576171875
49035,10,118,3,44,2,31.375004294477268,-4.0282300548639745,0.8513997106635237,0,1042.4090576171875
49035,10,118,3,45,2,31.26143108446579,-3.9164745371520597,0.6034068236642477,0,1042.4090576171875
49035,10,118,3,46,2,35.279581800118955,-4.2352167806802825,0.848528137423857,0,1042.4090576171875
49035,10,118,3,47,2,34.16118104691841,-4.094724200867325,0.848528137423857,0,1042.4090576171875
49035,10,118,3,48,2,38.43493577506218,-4.2785325097253075,0.682842712474619,0,1042.4090576171875
49035,10,118,3,49,2,37.07535146916624,-4.1509830656754225,0.8513997106635237,0,1042.4090576171875
49035,10,118,3,50,2,36.35820519623129,-4.016104896048066,0.682842712474619,0,1042.4090576171875
49035,10,118,3,51,2,40.504338286054775,-4.13288146926504,0.613407053921902,0,1042.4090576171875
49035,10,118,3,52,2,45.994574834020426,-4.903287681940633,0.4308640753373011,0,1042.4090576171875
49035,10,118,3,53,2,57.08199635364019,-4.931361433149326,0.3414213562373095,0,1042.4090576171875
49035,10,118,3,54,2,49.02070077809066,-4.81943887774742,0.482842712474619,0,1042.4090576171875
49035,10,118,3,55,2,41.80554869671254,-4.6663394083338705,0.3414213562373095,0,1042.4090576171875
49035,10,118,3,56,2,56.06442630455464,-4.807588730136685,0.4242640687119285,0,1042.4090576171875
49035,10,118,3,57,2,48.86608940683655,-4.674872978628506,0.4242640687119285,0,1042.4090576171875
49035,10,118,3,58,2,63.114266920741294,-4.798384834180483,0.382842712474619,0,1042.4090576171875
49035,10,118,3,59,2,55.9292900545026,-4.681251544804121,0.4242640687119285,0,1042.4090576171875
49035,10,118,3,60,2,49.726856758282935,-4.532374128588922,0.482842712474619,0,1042.4090576171875
49035,10,118,3,61,2,47.117912534277686,-4.444226803071526,0.37888543819998316,0,1042.4090576171875
49035,10,118,3,62,2,62.994255913411855,-4.6861995315489935,0.4242640687119285,0,1042.4090576171875
49035,10,118,3,63,2,56.68289931842345,-4.55630009727296,0.4242640687119285,0,1042.4090576171875
49035,10,118,3,64,2,70.06045296861964,-4.690149505671762,0.3414213562373095,0,1042.4090576171875
49035,10,118,3,65,2,63.664290361444145,-4.574987479860393,0.382842712474619,0,1042.4090576171875
49035,10,118,3,66,2,58.2907939925712,-4.4364356481991285,0.3414213562373095,0,1042.4090576171875
49035,10,119,5,1,,,,,0,1042.708984375
49035,10,119,5,2,2,4.4381764051348815,0.0628895506956133,0.5731802029851623,0,1042.708984375
49035,10,119,5,3,,,,,0,1042.708984375
49035,10,119,5,4,,,,,0,1042.708984375
49035,10,119,5,5,2,4.557242322500958,0.8703440234545368,0.6366888663207728,1,1042.708984375
49035,10,119,5,6,2,5.48743635255326,1.8972703418150463,0.45298221281347034,0,1042.708984375
49035,10,119,5,7,2,10.159013492235966,0.38092105497409623,0.4815389220537701,0,1042.708984375
49035,10,119,5,8,,,,,0,1042.708984375
49035,10,119,5,9,,,,,0,1042.708984375
49035,10,119,5,10,,,,,0,1042.708984375
49035,10,119,5,11,,,,,0,1042.708984375
49035,10,119,5,12,,,,,0,1042.708984375
49035,10,119,5,13,,,,,0,1042.708984375
49035,10,119,5,14,2,12.46172542868882,0.8887057841687667,0.39033749051054323,0,1042.708984375
49035,10,119,5,15,,,,,0,1042.708984375
49035,10,119,5,16,2,13.190208525064635,1.6877003371571753,0.32077201056494153,0,1042.708984375
49035,10,119,5,17,,,,,0,1042.708984375
49035,10,119,5,18,2,30.20567361042486,5.65781438510041,0.37888543819998316,0,1042.708984375
49035,10,119,5,19,2,39.19814170867448,5.851186552848073,0.3414213562373095,0,1042.708984375
49035,10,119,5,20,2,29.243483268721317,5.823091013567941,0.482842712474619,0,1042.708984375
49035,10,119,5,21,2,19.33567464462106,5.766111148818981,0.3414213562373095,0,1042.708984375
49035,10,119,5,22,2,34.112115281511365,-0.29755527666333625,0.4242640687119285,0,1042.708984375
49035,10,119,5,23,2,24.131378105151384,-0.27593163671165977,0.4242640687119285,0,1042.708984375
49035,10,119,5,24,2,44.58416763979036,-0.19709468631507088,0.37888543819998316,0,1042.708984375
49035,10,119,5,25,2,39.64960913136798,-0.1779169320588272,0.482842712474619,0,1042.708984375
49035,10,119,5,26,2,29.845912694118056,-0.12059315504831236,0.4242640687119285,0,1042.708984375
49035,10,119,5,27,2,20.235254009267475,-0.008095463396347924,0.482842712474619,0,1042.708984375
49035,10,119,5,28,2,15.614384552613803,0.09940093291849772,0.44328887294614544,0,1042.708984375
49035,10,119,5,29,2,36.04488312973223,-0.01682856161929136,0.4242640687119285,0,1042.708984375
49035,10,119,5,30,2,26.794040384210685,0.1054473872563042,0.4242640687119285,0,1042.708984375
49035,10,119,5,31,2,42.51692245597266,0.05594539919421315,0.3414213562373095,0,1042.708984375
49035,10,119,5,32,2,33.56152105316222,0.17381204012490947,0.482842712474619,0,1042.708984375
49035,10,119,5,33,2,25.39808448833315,0.3719608175966522,0.3414213562373095,0,1042.708984375
49035,10,119,5,34,2,36.32043902309439,0.2933185499514406,0.4308640753373011,0,1042.708984375
49035,10,119,5,35,2,23.63221043714496,1.0481419415316349,0.47153869179611585,0,1042.708984375
49035,10,119,5,36,2,28.272723370911773,0.8946249012277028,0.6466890965784271,0,1042.708984375
49035,10,119,5,37,,,,,0,1042.708984375
49035,10,119,5,38,,,,,0,1042.708984375
49035,10,119,5,39,2,30.00696476805008,1.000451781063158,0.848528137423857,0,1042.708984375
49035,10,119,5,40,2,29.321688810986448,1.1676195566327188,0.765685424949238,0,1042.708984375
49035,10,119,5,41,2,34.17389401488273,0.8445089066629672,0.613407053921902,0,1042.708984375
49035,10,119,5,42,2,33.04762445678309,0.9431572783211959,0.8513997106635237,0,1042.708984375
49035,10,119,5,43,2,32.038866746092886,1.0938000930843585,0.848528137423857,0,1042.708984375
49035,10,119,5,44,2,31.793591846647743,1.2504328196580414,0.8513997106635237,0,1042.708984375
49035,10,119,5,45,2,32.08773804130413,1.3596788147927024,0.6034068236642477,0,1042.708984375
49035,10,119,5,46,2,34.90295875738138,1.0318015655153594,0.848528137423857,0,1042.708984375
49035,10,119,5,47,2,34.31559456219278,1.1753997171259272,0.848528137423857,0,1042.708984375
49035,10,119,5,48,2,37.880655718519904,0.9793737518763175,0.682842712474619,0,1042.708984375
49035,10,119,5,49,2,37.00388598245276,1.1109474344686276,0.8513997106635237,0,1042.708984375
49035,10,119,5,50,2,36.79172567221729,1.2464389765324142,0.682842712474619,0,1042.708984375
49035,10,119,5,51,2,40.48452290199664,1.1204462226403806,0.613407053921902,0,1042.708984375
49035,10,119,5,52,2,43.33162108808595,0.3164674010849997,0.4308640753373011,0,1042.708984375
49035,10,119,5,53,2,54.329927123780166,0.2750528840727937,0.3414213562373095,0,1042.708984375
49035,10,119,5,54,2,46.58785229595718,0.40094191417974434,0.482842712474619,0,1042.708984375
49035,10,119,5,55,2,39.863705068954395,0.5729085787459169,0.3414213562373095,0,1042.708984375
49035,10,119,5,56,2,53.6552241337324,0.4055140932033887,0.4242640687119285,0,1042.708984375
49035,10,119,5,57,2,46.878247376749464,0.5522669838775913,0.4242640687119285,0,1042.708984375
49035,10,119,5,58,2,60.723456523259586,0.40902192539725224,0.382842712474619,0,1042.708984375
49035,10,119,5,59,2,53.907561365794095,0.5370033743350437,0.4242640687119285,0,1042.708984375
49035,10,119,5,60,2,48.21526908233028,0.6984470047826021,0.482842712474619,0,1042.708984375
49035,10,119,5,61,2,45.924456151584884,0.7929302320623799,0.37888543819998316,0,1042.708984375
49035,10,119,5,62,2,60.94653614191699,0.525263249917221,0.4242640687119285,0,1042.708984375
49035,10,119,5,63,2,55.07419784229864,0.66508596571289,0.4242640687119285,0,1042.708984375
49035,10,119,5,64,2,67.99217133603788,0.5159551771571254,0.3414213562373095,0,1042.708984375
49035,10,119,5,65,2,61.980822544265976,0.6391361062831571,0.382842712474619,0,1042.708984375
49035,10,119,5,66,2,57.099118763238785,0.7859732397826371,0.3414213562373095,0,1042.708984375
49035,10,120,2,1,,,,,0,1042.843017578125
49035,10,120,2,2,2,3.3360462446697636,-0.45774189262862297,0.39033749051054323,1,1042.843017578125
49035,10,120,2,3,,,,,0,1042.843017578125
49035,10,120,2,4,,,,,0,1042.843017578125
49035,10,120,2,5,,,,,0,1042.843017578125
49035,10,120,2,6,2,5.527622545233065,1.7127822207084933,0.34726311697167667,0,1042.843017578125
49035,10,120,2,7,2,8.965751640493355,-0.023323285307979003,0.4815389220537701,0,1042.843017578125
49035,10,120,2,8,,,,,0,1042.843017578125
49035,10,120,2,9,,,,,0,1042.843017578125
49035,10,120,2,10,,,,,0,1042.843017578125
49035,10,120,2,11,,,,,0,1042.843017578125
49035,10,120,2,12,,,,,0,1042.843017578125
49035,10,120,2,13,,,,,0,1042.843017578125
49035,10,120,2,14,2,11.42072774807274,0.5361464553048598,0.3638463841038081,0,1042.843017578125
49035,10,120,2,15,,,,,0,1042.843017578125
49035,10,120,2,16,2,12.906030566647864,1.3750726781005107,0.2972017845253899,0,1042.843017578125
49035,10,120,2,17,,,,,0,1042.843017578125
49035,10,120,2,18,2,29.605639328824264,5.2218062276515305,0.37888543819998316,0,1042.843017578125
49035,10,120,2,19,2,38.405900409328865,5.426673929908541,0.3414213562373095,0,1042.843017578125
49035,10,120,2,20,2,28.480621287867606,5.3897783687541985,0.482842712474619,0,1042.843017578125
49035,10,120,2,21,2,18.63540693504137,5.313683765583568,0.3414213562373095,0,1042.843017578125
49035,10,120,2,22,2,33.20739972463403,-0.7221905174082455,0.4242640687119285,0,1042.843017578125
49035,10,120,2,23,2,23.213444362336116,-0.7096691976420937,0.4242640687119285,0,1042.843017578125
49035,10,120,2,24,2,43.60333361859487,-0.6140239292049001,0.37888543819998316,0,1042.843017578125
49035,10,120,2,25,2,38.65639667636277,-0.5963278948042405,0.482842712474619,0,1042.843017578125
49035,10,120,2,26,2,28.817522563398143,-0.5427538909383789,0.4242640687119285,0,1042.843017578125
49035,10,120,2,27,2,19.146336709240526,-0.4344281387572688,0.482842712474619,0,1042.843017578125
49035,10,120,2,28,2,14.479244135293683,-0.32663175767296204,0.44328887294614544,0,1042.843017578125
49035,10,120,2,29,2,34.95762025968941,-0.4322034798925629,0.4242640687119285,0,1042.843017578125
49035,10,120,2,30,2,25.654781560408924,-0.30963069888941064,0.4242640687119285,0,1042.843017578125
49035,10,120,2,31,2,41.395903441637,-0.3553253968881105,0.3414213562373095,0,1042.843017578125
49035,10,120,2,32,2,32.39989852516493,-0.23600791656268116,0.482842712474619,0,1042.843017578125
49035,10,120,2,33,2,24.20508267146871,-0.031000171269659926,0.3414213562373095,0,1042.843017578125
49035,10,120,2,34,2,35.13410498810943,-0.11185390962256792,0.4308640753373011,0,1042.843017578125
49035,10,120,2,35,2,22.69102053031056,0.6783346806593651,0.6034068236642477,0,1042.843017578125
49035,10,120,2,36,2,27.22723723724661,0.513873193463301,0.682842712474619,0,1042.843017578125
49035,10,120,2,37,2,26.16082469875775,0.6971641235638955,0.8513997106635237,0,1042.843017578125
49035,10,120,2,38,,,,,0,1042.843017578125
49035,10,120,2,39,2,29.028977809827836,0.6221294148557706,0.848528137423857,0,1042.843017578125
49035,10,120,2,40,2,28.473634366362543,0.7951824767796469,0.848528137423857,0,1042.843017578125
49035,10,120,2,41,2,33.09951578959642,0.4584621800060482,0.613407053921902,0,1042.843017578125
49035,10,120,2,42,2,32.03083446380722,0.5608648314764131,0.8513997106635237,0,1042.843017578125
49035,10,120,2,43,2,31.12941788395095,0.7167717319906037,0.848528137423857,0,1042.843017578125
49035,10,120,2,44,2,31.0178490411484,0.8778140170231923,0.8513997106635237,0,1042.843017578125
49035,10,120,2,45,2,31.41660978020302,0.9892614863393667,0.6034068236642477,0,1042.843017578125
49035,10,120,2,46,2,33.94603749420525,0.6510215073029542,0.848528137423857,0,1042.843017578125
49035,10,120,2,47,2,33.472373129251146,0.7988200062192334,0.848528137423857,0,1042.843017578125
49035,10,120,2,48,2,36.88666785333601,0.5955450596011993,0.682842712474619,0,1042.843017578125
49035,10,120,2,49,2,36.1066831302483,0.7309778442014649,0.8513997106635237,0,1042.843017578125
49035,10,120,2,50,2,36.010538291088935,0.8697267329732421,0.682842712474619,0,1042.843017578125
49035,10,120,2,51,2,39.59417763864171,0.7387959720743758,0.613407053921902,0,1042.843017578125
49035,10,120,2,52,2,42.142507529146656,-0.08744250501926665,0.4308640753373011,0,1042.843017578125
49035,10,120,2,53,2,53.14612165555492,-0.12928379963482195,0.3414213562373095,0,1042.843017578125
49035,10,120,2,54,2,45.39430415502252,-0.0005772864092628005,0.482842712474619,0,1042.843017578125
49035,10,120,2,55,2,38.688182335311964,0.17666623551435912,0.3414213562373095,0,1042.843017578125
49035,10,120,2,56,2,52.46168561195285,0.004100905755535678,0.4242640687119285,0,1042.843017578125
49035,10,120,2,57,2,45.69858925545767,0.1546852758818611,0.4242640687119285,0,1042.843017578125
49035,10,120,2,58,2,59.529942590061914,0.007668235818183433,0.382842712474619,0,1042.843017578125
49035,10,120,2,59,2,52.725199548865795,0.13855690141983068,0.4242640687119285,0,1042.843017578125
49035,10,120,2,60,2,47.0752511428178,0.30436120608422756,0.482842712474619,0,1042.843017578125
49035,10,120,2,61,2,44.823493521870795,0.40158465934031984,0.37888543819998316,0,1042.843017578125
49035,10,120,2,62,2,59.76229810671946,0.12622419814628794,0.4242640687119285,0,1042.843017578125
49035,10,120,2,63,2,53.92276771168237,0.26934848607263406,0.4242640687119285,0,1042.843017578125
49035,10,120,2,64,2,66.80657065382934,0.11649105336433285,0.3414213562373095,0,1042.843017578125
49035,10,120,2,65,2,60.821464017374176,0.2422511848400175,0.382842712474619,0,1042.843017578125
49035,10,120,2,66,2,55.994491585408575,0.3924636352334576,0.3414213562373095,0,1042.843017578125
49035,10,121,6,1,,,,,0,1043.5589599609375
49035,10,121,6,2,,,,,0,1043.5589599609375
49035,10,121,6,3,,,,,0,1043.5589599609375
49035,10,121,6,4,,,,,0,1043.5589599609375
49035,10,121,6,5,,,,,0,1043.5589599609375
49035,10,121,6,6,2,8.98904849321693,-2.0077373632601314,0.30942045200052876,1,1043.5589599609375
49035,10,121,6,7,2,3.4546037491865635,-4.167733517235158,0.40634097938554925,0,1043.5589599609375
49035,10,121,6,8,,,,,0,1043.5589599609375
49035,10,121,6,9,,,,,0,1043.5589599609375
49035,10,121,6,10,,,,,0,1043.5589599609375
49035,10,121,6,11,,,,,0,1043.5589599609375
49035,10,121,6,12,,,,,0,1043.5589599609375
49035,10,121,6,13,,,,,0,1043.5589599609375
49035,10,121,6,14,2,7.945057011989099,-3.3566992498553656,0.35812728826201445,0,1043.5589599609375
49035,10,121,6,15,,,,,0,1043.5589599609375
49035,10,121,6,16,2,13.88528744877416,-2.5707240412344685,0.295953977571454,0,1043.5589599609375
49035,10,121,6,17,,,,,0,1043.5589599609375
49035,10,121,6,18,2,26.49000474163497,0.689428636706348,0.37888543819998316,0,1043.5589599609375
49035,10,121,6,19,2,34.279668487988815,0.9563649797572591,0.3414213562373095,0,1043.5589599609375
49035,10,121,6,20,2,24.592131836376886,0.8709151953593124,0.482842712474619,0,1043.5589599609375
49035,10,121,6,21,2,15.311767529226325,0.6786625820149963,0.3414213562373095,0,1043.5589599609375
49035,10,121,6,22,2,28.60047039819408,1.0910074644525243,0.4242640687119285,0,1043.5589599609375
49035,10,121,6,23,2,18.645755109657106,1.0498401381076072,0.4242640687119285,0,1043.5589599609375
49035,10,121,6,24,2,38.61815929627597,-5.042659434490689,0.37888543819998316,0,1043.5589599609375
49035,10,121,6,25,2,33.63332968556949,-5.03186027176956,0.482842712474619,0,1043.5589599609375
49035,10,121,6,26,2,23.682866007929412,-4.99663464167403,0.4242640687119285,0,1043.5589599609375
49035,10,121,6,27,2,13.804181212982773,-4.910720914151595,0.482842712474619,0,1043.5589599609375
49035,10,121,6,28,2,8.966273320980717,-4.79715332318515,0.44328887294614544,0,1043.5589599609375
49035,10,121,6,29,2,29.565048640071147,-4.848194380070785,0.4242640687119285,0,1043.5589599609375
49035,10,121,6,30,2,20.094013479170876,-4.716429551833803,0.4242640687119285,0,1043.5589599609375
49035,10,121,6,31,2,35.87904764385486,-4.750416365708276,0.3414213562373095,0,1043.5589599609375
49035,10,121,6,32,2,26.77654452018287,-4.616729929058968,0.482842712474619,0,1043.5589599609375
49035,10,121,6,33,2,18.61882415870195,-4.356967243775339,0.3414213562373095,0,1043.5589599609375
49035,10,121,6,34,2,29.496371530871958,-4.467302527852954,0.4308640753373011,0,1043.5589599609375
49035,10,121,6,35,2,19.362202977174977,-3.467855736500309,0.613407053921902,0,1043.5589599609375
49035,10,121,6,36,2,23.07472824879609,-3.6975444405451405,0.682842712474619,0,1043.5589599609375
49035,10,121,6,37,2,22.853483805788834,-3.4795929467070144,0.8513997106635237,0,1043.5589599609375
49035,10,121,6,38,2,23.70907759418566,-3.267563141028136,0.682842712474619,0,1043.5589599609375
49035,10,121,6,39,2,25.32565303070327,-3.5847016674312266,0.848528137423857,0,1043.5589599609375
49035,10,121,6,40,2,25.616934628039196,-3.3884174898844144,0.848528137423857,0,1043.5589599609375
49035,10,121,6,41,2,28.676796090004927,-3.7917396743353136,0.613407053921902,0,1043.5589599609375
49035,10,121,6,42,2,28.02669585951378,-3.670356225230877,0.8513997106635237,0,1043.5589599609375
49035,10,121,6,43,2,27.844825715154887,-3.49125236747577,0.848528137423857,0,1043.5589599609375
49035,10,121,6,44,2,28.55123390351133,-3.315473619734928,0.8513997106635237,0,1043.5589599609375
49035,10,121,6,45,2,29.543358039108888,-3.1998414960167683,0.613407053921902,0,1043.5589599609375
49035,10,121,6,46,2,30.322290455660966,-3.5780855618527614,0.848528137423857,0,1043.5589599609375
49035,10,121,6,47,2,30.56599314243089,-3.4138597491241294,0.848528137423857,0,1043.5589599609375
49035,10,121,6,48,2,32.99315501505707,-3.6513425483248607,0.682842712474619,0,1043.5589599609375
49035,10,121,6,49,2,32.83880199022567,-3.4993664049634585,0.8513997106635237,0,1043.5589599609375
49035,10,121,6,50,2,33.439879701621436,-3.3494359744487925,0.682842712474619,0,1043.5589599609375
49035,10,121,6,51,2,36.33557119525408,-3.5037189589631605,0.613407053921902,0,1043.5589599609375
49035,10,121,6,52,2,36.513694584737216,-4.440787060412793,0.4308640753373011,0,1043.5589599609375
49035,10,121,6,53,2,47.503949442778314,-4.490083307304403,0.3414213562373095,0,1043.5589599609375
49035,10,121,6,54,2,39.828413090071344,-4.342587368823944,0.482842712474619,0,1043.5589599609375
49035,10,121,6,55,2,33.406283329408176,-4.132055030248823,0.3414213562373095,0,1043.5589599609375
49035,10,121,6,56,2,46.89900263346333,-4.340684504635998,0.4242640687119285,0,1043.5589599609375
49035,10,121,6,57,2,40.36327197620293,-4.166507164913114,0.4242640687119285,0,1043.5589599609375
49035,10,121,6,58,2,53.96971749744328,-4.339280234915533,0.382842712474619,0,1043.5589599609375
49035,10,121,6,59,2,47.35406723149727,-4.1908092670350126,0.4242640687119285,0,1043.5589599609375
49035,10,121,6,60,2,42.09613949017762,-4.000003681003223,0.482842712474619,0,1043.5589599609375
49035,10,121,6,61,2,40.148768328333006,-3.887926465648566,0.37888543819998316,0,1043.5589599609375
49035,10,121,6,62,2,54.36562923488882,-4.208851346838035,0.4242640687119285,0,1043.5589599609375
49035,10,121,6,63,2,48.83952209754643,-4.046931269297703,0.4242640687119285,0,1043.5589599609375
49035,10,121,6,64,2,61.39084297226771,-4.222767869958416,0.3414213562373095,0,1043.5589599609375
49035,10,121,6,65,2,55.66428727161573,-4.082414698063079,0.382842712474619,0,1043.5589599609375
49035,10,121,6,66,2,51.26587709254849,-3.9140995630597466,0.3414213562373095,0,1043.5589599609375
49035,10,122,13,1,,,,,0,1044.3919677734375
49035,10,122,13,2,,,,,0,1044.3919677734375
49035,10,122,13,3,,,,,0,1044.3919677734375
49035,10,122,13,4,,,,,0,1044.3919677734375
49035,10,122,13,5,,,,,0,1044.3919677734375
49035,10,122,13,6,,,,,0,1044.3919677734375
49035,10,122,13,7,2,11.072179299561492,-2.4461552061130063,0.40634097938554925,0,1044.3919677734375
49035,10,122,13,8,,,,,0,1044.3919677734375
49035,10,122,13,9,,,,,0,1044.3919677734375
49035,10,122,13,10,,,,,0,1044.3919677734375
49035,10,122,13,11,,,,,0,1044.3919677734375
49035,10,122,13,12,,,,,0,1044.3919677734375
49035,10,122,13,13,2,7.819595380971242,-1.207667008516688,0.4979822603169414,1,1044.3919677734375
49035,10,122,13,14,2,11.987878220741951,-1.9162168414816538,0.39033749051054323,0,1044.3919677734375
49035,10,122,13,15,,,,,0,1044.3919677734375
49035,10,122,13,16,2,10.882712052748364,-1.015979048405777,0.45230558363933776,0,1044.3919677734375
49035,10,122,13,17,,,,,0,1044.3919677734375
49035,10,122,13,18,2,32.757416380631575,3.042823202785544,0.37888543819998316,0,1044.3919677734375
49035,10,122,13,19,2,41.53958029704179,3.2306687328676245,0.3414213562373095,0,1044.3919677734375
49035,10,122,13,20,2,31.626901976672922,3.194286407460255,0.482842712474619,0,1044.3919677734375
49035,10,122,13,21,2,21.794153482752495,3.1249014601722003,0.3414213562373095,0,1044.3919677734375
49035,10,122,13,22,2,36.264465122985584,-2.9311193331786543,0.4242640687119285,0,1044.3919677734375
49035,10,122,13,23,2,26.264722120059314,-2.9287963324234108,0.4242640687119285,0,1044.3919677734375
49035,10,122,13,24,2,46.55748955835731,-2.824837735013402,0.37888543819998316,0,1044.3919677734375
49035,10,122,13,25,2,41.59281106958747,-2.8113558487566035,0.482842712474619,0,1044.3919677734375
49035,10,122,13,26,2,31.696784222663553,-2.7717412331518516,0.4242640687119285,0,1044.3919677734375
49035,10,122,13,27,2,21.895440791310605,-2.696437420732927,0.482842712474619,0,1044.3919677734375
49035,10,122,13,28,2,17.08134731628732,-2.6265783476518907,0.44328887294614544,0,1044.3919677734375
49035,10,122,13,29,2,37.6767386071599,-2.662489339896486,0.4242640687119285,0,1044.3919677734375
49035,10,122,13,30,2,28.182633472760287,-2.5660792338584697,0.4242640687119285,0,1044.3919677734375
49035,10,122,13,31,2,43.98166815943221,-2.5838289428180077,0.3414213562373095,0,1044.3919677734375
49035,10,122,13,32,2,34.772278203679846,-2.484135776238807,0.482842712474619,0,1044.3919677734375
49035,10,122,13,33,2,26.150249116629922,-2.315949318885359,0.3414213562373095,0,1044.3919677734375
49035,10,122,13,34,2,37.233371216989156,-2.3631018872550946,0.4308640753373011,0,1044.3919677734375
49035,10,122,13,35,2,22.60637533669998,-1.6471788421591418,0.613407053921902,0,1044.3919677734375
49035,10,122,13,36,2,27.622181804946454,-1.786446410733862,0.682842712474619,0,1044.3919677734375
49035,10,122,13,37,2,25.987439780774146,-1.6098528240238097,0.8513997106635237,0,1044.3919677734375
49035,10,122,13,38,2,25.252903299486384,-1.4164905892826922,0.682842712474619,0,1044.3919677734375
49035,10,122,13,39,2,29.073566643369414,-1.6726216194672465,0.848528137423857,0,1044.3919677734375
49035,10,122,13,40,2,27.975603229605085,-1.5013718483916796,0.848528137423857,0,1044.3919677734375
49035,10,122,13,41,2,33.63471509152158,-1.820848514680441,0.613407053921902,0,1044.3919677734375
49035,10,122,13,42,2,32.252093395212704,-1.723186530452853,0.8513997106635237,0,1044.3919677734375
49035,10,122,13,43,2,30.863564717436166,-1.5707949997425636,0.848528137423857,0,1044.3919677734375
49035,10,122,13,44,2,30.247673063579917,-1.408217901547592,0.8513997106635237,0,1044.3919677734375
49035,10,122,13,45,2,30.303880854552464,-1.2925643448281268,0.613407053921902,0,1044.3919677734375
49035,10,122,13,46,2,33.874546167800546,-1.6281140817848923,0.848528137423857,0,1044.3919677734375
49035,10,122,13,47,2,32.93701529841917,-1.480946856207951,0.848528137423857,0,1044.3919677734375
49035,10,122,13,48,2,36.9785090164751,-1.6759466499509983,0.682842712474619,0,1044.3919677734375
49035,10,122,13,49,2,35.773904284762914,-1.5424254114064384,0.8513997106635237,0,1044.3919677734375
49035,10,122,13,50,2,35.243926093289126,-1.4022904057480199,0.682842712474619,0,1044.3919677734375
49035,10,122,13,51,2,39.22462298443394,-1.5268012112574318,0.613407053921902,0,1044.3919677734375
49035,10,122,13,52,2,44.172100178690584,-2.329525049428769,0.4308640753373011,0,1044.3919677734375
49035,10,122,13,53,2,55.2599569083852,-2.358572620435308,0.3414213562373095,0,1044.3919677734375
49035,10,122,13,54,2,47.20579450559311,-2.242459033887533,0.482842712474619,0,1044.3919677734375
49035,10,122,13,55,2,40.03887151621509,-2.0818745471703024,0.3414213562373095,0,1044.3919677734375
49035,10,122,13,56,2,54.251613219502005,-2.2306615082467456,0.4242640687119285,0,1044.3919677734375
49035,10,122,13,57,2,47.09524110041417,-2.0923684429559364,0.4242640687119285,0,1044.3919677734375
49035,10,122,13,58,2,61.303246561112935,-2.221577057687911,0.382842712474619,0,1044.3919677734375
49035,10,122,13,59,2,54.15544512161543,-2.1001268548336625,0.4242640687119285,0,1044.3919677734375
49035,10,122,13,60,2,48.036823726262284,-1.9448935553303317,0.482842712474619,0,1044.3919677734375
49035,10,122,13,61,2,45.4961375547622,-1.8527443333744504,0.37888543819998316,0,1044.3919677734375
49035,10,122,13,62,2,61.218156933498584,-2.1060953909676883,0.4242640687119285,0,1044.3919677734375
49035,10,122,13,63,2,54.976239737928196,-1.9713223860668687,0.4242640687119285,0,1044.3919677734375
49035,10,122,13,64,2,68.2825983713905,-2.1108290716831686,0.3414213562373095,0,1044.3919677734375
49035,10,122,13,65,2,61.945439200447325,-1.9918161976069502,0.382842712474619,0,1044.3919677734375
49035,10,122,13,66,2,56.674170793440034,-1.8482720290286652,0.3414213562373095,0,1044.3919677734375
49035,10,123,17,1,,,,,0,1045.1259765625
49035,10,123,17,2,,,,,0,1045.1259765625
49035,10,123,17,3,,,,,0,1045.1259765625
49035,10,123,17,4,,,,,0,1045.1259765625
49035,10,123,17,5,,,,,0,1045.1259765625
49035,10,123,17,6,,,,,0,1045.1259765625
49035,10,123,17,7,2,11.856882686645694,4.434655552840417,0.4190965632626408,0,1045.1259765625
49035,10,123,17,8,,,,,0,1045.1259765625
49035,10,123,17,9,,,,,0,1045.1259765625
49035,10,123,17,10,,,,,0,1045.1259765625
49035,10,123,17,11,,,,,0,1045.1259765625
49035,10,123,17,12,,,,,0,1045.1259765625
49035,10,123,17,13,,,,,0,1045.1259765625
49035,10,123,17,14,2,8.093777242327493,-1.352971120398284,0.5276927682076162,0,1045.1259765625
49035,10,123,17,15,2,3.388810674510489,-1.028451666926093,0.6857142857142857,0,1045.1259765625
49035,10,123,17,16,2,2.731088707262005,0.875715129082052,0.4638463841038081,0,1045.1259765625
49035,10,123,17,17,2,5.998156058149698,-0.5051079571490571,0.613407053921902,1,1045.1259765625
49035,10,123,17,18,2,37.62539569237633,4.205947907570181,0.37888543819998316,0,1045.1259765625
49035,10,123,17,19,2,44.902249198847876,4.412823523003523,0.3414213562373095,0,1045.1259765625
49035,10,123,17,20,2,35.470573699814196,4.329530099859368,0.482842712474619,0,1045.1259765625
49035,10,123,17,21,2,26.459614775587085,4.187870338712969,0.3414213562373095,0,1045.1259765625
49035,10,123,17,22,2,38.79017902047827,4.498046099743563,0.4242640687119285,0,1045.1259765625
49035,10,123,17,23,2,29.096865877947543,4.424878323220918,0.4242640687119285,0,1045.1259765625
49035,10,123,17,24,2,48.01270217919729,4.644628384496385,0.37888543819998316,0,1045.1259765625
49035,10,123,17,25,2,43.02550846053483,4.636759860087889,0.482842712474619,0,1045.1259765625
49035,10,123,17,26,2,33.062728165807336,4.6139052360480886,0.4242640687119285,0,1045.1259765625
49035,10,123,17,27,2,23.132090464214112,4.571386703711438,0.482842712474619,0,1045.1259765625
49035,10,123,17,28,2,18.195285570274603,4.532758436467893,0.44328887294614544,0,1045.1259765625
49035,10,123,17,29,2,37.94285681933915,-1.524681194539291,0.4242640687119285,0,1045.1259765625
49035,10,123,17,30,2,27.95728883656974,-1.508191441658464,0.4242640687119285,0,1045.1259765625
49035,10,123,17,31,2,43.43013669630425,-1.4147621837426456,0.3414213562373095,0,1045.1259765625
49035,10,123,17,32,2,33.58759278272542,-1.3684780511330445,0.482842712474619,0,1045.1259765625
49035,10,123,17,33,2,23.876264456918392,-1.2842191327006365,0.3414213562373095,0,1045.1259765625
49035,10,123,17,34,2,34.93733799997144,-1.2278203656345124,0.4308640753373011,0,1045.1259765625
49035,10,123,17,35,2,15.426891601886473,-0.5378096684242326,0.613407053921902,0,1045.1259765625
49035,10,123,17,36,2,21.14256406085457,-0.6563922166851635,0.682842712474619,0,1045.1259765625
49035,10,123,17,37,2,18.519795431013733,-0.44084808199165515,0.8513997106635237,0,1045.1259765625
49035,10,123,17,38,2,16.998753793906626,-0.17158972363653446,0.682842712474619,0,1045.1259765625
49035,10,123,17,39,2,21.880151227310975,-0.4954547627761601,0.848528137423857,0,1045.1259765625
49035,10,123,17,40,2,19.992894374483548,-0.2736235667592719,0.848528137423857,0,1045.1259765625
49035,10,123,17,41,2,27.240903935734558,-0.6461641485958847,0.613407053921902,0,1045.1259765625
49035,10,123,17,42,2,25.288321665413047,-0.5354365139338157,0.8513997106635237,0,1045.1259765625
49035,10,123,17,43,2,23.1403115880633,-0.34851710863824725,0.848528137423857,0,1045.1259765625
49035,10,123,17,44,2,21.941942214214187,-0.13267064040163445,0.8513997106635237,0,1045.1259765625
49035,10,123,17,45,2,21.757325055010668,0.02746458457811718,0.613407053921902,0,1045.1259765625
49035,10,123,17,46,2,26.386212598932374,-0.40524149922681807,0.848528137423857,0,1045.1259765625
49035,10,123,17,47,2,24.84365156444027,-0.2192122118501112,0.848528137423857,0,1045.1259765625
49035,10,123,17,48,2,29.69832335737926,-0.44943063743534717,0.682842712474619,0,1045.1259765625
49035,10,123,17,49,2,27.892027857054718,-0.28725979906868604,0.8513997106635237,0,1045.1259765625
49035,10,123,17,50,2,26.906133607747773,-0.10808607717530494,0.682842712474619,0,1045.1259765625
49035,10,123,17,51,2,31.26434160971502,-0.25553659294092945,0.613407053921902,0,1045.1259765625
49035,10,123,17,52,2,41.438315317723166,-1.1546988216091774,0.4308640753373011,0,1045.1259765625
49035,10,123,17,53,2,52.60870230749466,-1.1445971649580886,0.3414213562373095,0,1045.1259765625
49035,10,123,17,54,2,43.69925827696747,-1.0498513611885762,0.482842712474619,0,1045.1259765625
49035,10,123,17,55,2,35.37760293512868,-0.9087009062665325,0.3414213562373095,0,1045.1259765625
49035,10,123,17,56,2,50.558298664056245,-1.0132864772108707,0.4242640687119285,0,1045.1259765625
49035,10,123,17,57,2,42.40390523622119,-0.8881901673530059,0.4242640687119285,0,1045.1259765625
49035,10,123,17,58,2,57.468756325943865,-0.9854851432621978,0.382842712474619,0,1045.1259765625
49035,10,123,17,59,2,49.44297289938408,-0.8735147564004451,0.4242640687119285,0,1045.1259765625
49035,10,123,17,60,2,42.26768487399972,-0.7210029151454105,0.482842712474619,0,1045.1259765625
49035,10,123,17,61,2,39.147566876461205,-0.6249176206038825,0.37888543819998316,0,1045.1259765625
49035,10,123,17,62,2,56.490034156265395,-0.8624989198314226,0.4242640687119285,0,1045.1259765625
49035,10,123,17,63,2,49.326195621135696,-0.7302279320299792,0.4242640687119285,0,1045.1259765625
49035,10,123,17,64,2,63.54242951621249,-0.8539274603067524,0.3414213562373095,0,1045.1259765625
49035,10,123,17,65,2,56.38785298538461,-0.7371428554216979,0.382842712474619,0,1045.1259765625
49035,10,123,17,66,2,50.21493383227607,-0.5891587222755077,0.3414213562373095,0,1045.1259765625
49035,10,124,14,1,,,,,0,1045.3929443359375
49035,10,124,14,2,,,,,0,1045.3929443359375
49035,10,124,14,3,,,,,0,1045.3929443359375
49035,10,124,14,4,,,,,0,1045.3929443359375
49035,10,124,14,5,,,,,0,1045.3929443359375
49035,10,124,14,6,,,,,0,1045.3929443359375
49035,10,124,14,7,2,12.129720924938173,4.960032640762809,0.4190965632626408,0,1045.3929443359375
49035,10,124,14,8,,,,,0,1045.3929443359375
49035,10,124,14,9,,,,,0,1045.3929443359375
49035,10,124,14,10,,,,,0,1045.3929443359375
49035,10,124,14,11,,,,,0,1045.3929443359375
49035,10,124,14,12,,,,,0,1045.3929443359375
49035,10,124,14,13,,,,,0,1045.3929443359375
49035,10,124,14,14,2,6.874646187990114,5.301595146562807,0.4638463841038081,1,1045.3929443359375
49035,10,124,14,15,2,2.3130844816871714,4.7823314668435675,0.5014040253126788,0,1045.3929443359375
49035,10,124,14,16,2,3.666055022609046,2.8366760892359655,0.3694628711647188,0,1045.3929443359375
49035,10,124,14,17,,,,,0,1045.3929443359375
49035,10,124,14,18,2,38.33981115103158,4.935443389479168,0.37888543819998316,0,1045.3929443359375
49035,10,124,14,19,2,44.866243776859875,5.1547564224426505,0.3414213562373095,0,1045.3929443359375
49035,10,124,14,20,2,35.76533279396918,5.0512585912290575,0.482842712474619,0,1045.3929443359375
49035,10,124,14,21,2,27.3008833022325,4.880647363348539,0.3414213562373095,0,1045.3929443359375
49035,10,124,14,22,2,38.474502479182156,5.227560664306129,0.4242640687119285,0,1045.3929443359375
49035,10,124,14,23,2,29.094098031032754,5.123941301380627,0.4242640687119285,0,1045.3929443359375
49035,10,124,14,24,2,47.15215851441422,5.3932636685179824,0.37888543819998316,0,1045.3929443359375
49035,10,124,14,25,2,42.206819972343574,5.376735937776472,0.482842712474619,0,1045.3929443359375
49035,10,124,14,26,2,32.36656996650356,5.328563754102005,0.4242640687119285,0,1045.3929443359375
49035,10,124,14,27,2,22.666584449698647,5.238777764940211,0.482842712474619,0,1045.3929443359375
49035,10,124,14,28,2,17.940558804694337,5.157806619212986,0.44328887294614544,0,1045.3929443359375
49035,10,124,14,29,2,36.724966474508825,5.490243497101416,0.4242640687119285,0,1045.3929443359375
49035,10,124,14,30,2,26.7376581205712,5.474170442488962,0.4242640687119285,0,1045.3929443359375
49035,10,124,14,31,2,41.83122606033707,-0.6680634160732701,0.3414213562373095,0,1045.3929443359375
49035,10,124,14,32,2,31.875236045083238,-0.6423980675493115,0.482842712474619,0,1045.3929443359375
49035,10,124,14,33,2,21.959277587127577,-0.5934928535651065,0.3414213562373095,0,1045.3929443359375
49035,10,124,14,34,2,32.79098326821529,-0.4902114814164906,0.4308640753373011,0,1045.3929443359375
49035,10,124,14,35,2,11.96711974425052,0.2275190851522848,0.613407053921902,0,1045.3929443359375
49035,10,124,14,36,2,17.79957563821331,0.10425351012778883,0.682842712474619,0,1045.3929443359375
49035,10,124,14,37,2,14.997149479479482,0.35837805769346476,0.8513997106635237,0,1045.3929443359375
49035,10,124,14,38,2,13.527900506701943,0.6955097472455516,0.682842712474619,0,1045.3929443359375
49035,10,124,14,39,2,18.384195606239206,0.29730914882084125,0.848528137423857,0,1045.3929443359375
49035,10,124,14,40,2,16.464150378863767,0.563453453745236,0.848528137423857,0,1045.3929443359375
49035,10,124,14,41,2,23.87739692555526,0.1312655666225897,0.613407053921902,0,1045.3929443359375
49035,10,124,14,42,2,21.81840515865168,0.2553464545912245,0.8513997106635237,0,1045.3929443359375
49035,10,124,14,43,2,19.59929598930669,0.4724441656062379,0.848528137423857,0,1045.3929443359375
49035,10,124,14,44,2,18.4992433057633,0.7293023925424935,0.8513997106635237,0,1045.3929443359375
49035,10,124,14,45,2,18.510394988016618,0.9187244248881627,0.613407053921902,0,1045.3929443359375
49035,10,124,14,46,2,22.851620486413356,0.4069173309118994,0.848528137423857,0,1045.3929443359375
49035,10,124,14,47,2,21.33743561125473,0.6231388591950873,0.848528137423857,0,1045.3929443359375
49035,10,124,14,48,2,26.177484876008997,0.3578722980260931,0.682842712474619,0,1045.3929443359375
49035,10,124,14,49,2,24.35878309856744,0.5425773658076398,0.8513997106635237,0,1045.3929443359375
49035,10,124,14,50,2,23.482757794867915,0.7487671168147916,0.682842712474619,0,1045.3929443359375
49035,10,124,14,51,2,27.740815625710717,0.5772409793831836,0.613407053921902,0,1045.3929443359375
49035,10,124,14,52,2,39.06887373413267,-0.3992692003867795,0.4308640753373011,0,1045.3929443359375
49035,10,124,14,53,2,50.193780554979654,-0.3741584911830884,0.3414213562373095,0,1045.3929443359375
49035,10,124,14,54,2,41.05599597647344,-0.28464562243435587,0.482842712474619,0,1045.3929443359375
49035,10,124,14,55,2,32.4310654286743,-0.1458456373514352,0.3414213562373095,0,1045.3929443359375
49035,10,124,14,56,2,47.81969381726978,-0.2381015765419896,0.4242640687119285,0,1045.3929443359375
49035,10,124,14,57,2,39.40688158172605,-0.11348786796963095,0.4242640687119285,0,1045.3929443359375
49035,10,124,14,58,2,54.661242466071485,-0.20314790138411665,0.382842712474619,0,1045.3929443359375
49035,10,124,14,59,2,46.41153549661341,-0.09087919536066869,0.4242640687119285,0,1045.3929443359375
49035,10,124,14,60,2,38.98986825281866,0.06683678404783633,0.482842712474619,0,1045.3929443359375
49035,10,124,14,61,2,35.75331349653528,0.1689562362468151,0.37888543819998316,0,1045.3929443359375
49035,10,124,14,62,2,53.433687298469614,-0.07420614307858475,0.4242640687119285,0,1045.3929443359375
49035,10,124,14,63,2,46.05798668558346,0.062017865693353436,0.4242640687119285,0,1045.3929443359375
49035,10,124,14,64,2,60.467241126645256,-0.06140901174246638,0.3414213562373095,0,1045.3929443359375
49035,10,124,14,65,2,53.126890071663425,0.0584812638710277,0.382842712474619,0,1045.3929443359375
49035,10,124,14,66,2,46.78296322279468,0.21369158519045772,0.3414213562373095,0,1045.3929443359375
49035,10,125,8,1,,,,,0,1045.8929443359375
49035,10,125,8,2,,,,,0,1045.8929443359375
49035,10,125,8,3,,,,,0,1045.8929443359375
49035,10,125,8,4,,,,,0,1045.8929443359375
49035,10,125,8,5,,,,,0,1045.8929443359375
49035,10,125,8,6,,,,,0,1045.8929443359375
49035,10,125,8,7,2,8.195160290564091,-0.9535305703738968,0.5934065934065934,0,1045.8929443359375
49035,10,125,8,8,2,6.825248201539888,-1.387576694006894,0.7685569981889047,1,1045.8929443359375
49035,10,125,8,9,2,7.725853622131472,-2.0785312583516093,0.682842712474619,0,1045.8929443359375
49035,10,125,8,10,,,,,0,1045.8929443359375
49035,10,125,8,11,,,,,0,1045.8929443359375
49035,10,125,8,12,2,4.41955311651348,-1.863798887056543,0.848528137423857,0,1045.8929443359375
49035,10,125,8,13,,,,,0,1045.8929443359375
49035,10,125,8,14,,,,,0,1045.8929443359375
49035,10,125,8,15,2,4.181015006759073,-2.709370556702269,0.682842712474619,0,1045.8929443359375
49035,10,125,8,16,2,8.976953139274098,-2.9406660155356232,0.4679124626440447,0,1045.8929443359375
49035,10,125,8,17,,,,,0,1045.8929443359375
49035,10,125,8,18,2,34.02475261091994,-0.684351707789641,0.37888543819998316,0,1045.8929443359375
49035,10,125,8,19,2,39.86560246847511,-0.42477353283829355,0.3414213562373095,0,1045.8929443359375
49035,10,125,8,20,2,31.07210746844259,-0.5601725818317362,0.482842712474619,0,1045.8929443359375
49035,10,125,8,21,2,23.274137253320536,-0.7934970362529752,0.3414213562373095,0,1045.8929443359375
49035,10,125,8,22,2,33.3191106371195,-0.3514226504733804,0.4242640687119285,0,1045.8929443359375
49035,10,125,8,23,2,24.215134441182993,-0.49720877126739316,0.4242640687119285,0,1045.8929443359375
49035,10,125,8,24,2,41.734225805551915,-0.1536994281637929,0.37888543819998316,0,1045.8929443359375
49035,10,125,8,25,2,36.8082926086877,-0.1755763954590268,0.482842712474619,0,1045.8929443359375
49035,10,125,8,26,2,27.038121368222512,-0.24315807177820936,0.4242640687119285,0,1045.8929443359375
49035,10,125,8,27,2,17.529107492359326,-0.3854402491241111,0.482842712474619,0,1045.8929443359375
49035,10,125,8,28,2,13.052754906787548,-0.5328418948340441,0.4538461538461539,0,1045.8929443359375
49035,10,125,8,29,2,31.236953728571148,-0.04707349106612568,0.4242640687119285,0,1045.8929443359375
49035,10,125,8,30,2,21.25927751822371,-0.07298901607614994,0.4242640687119285,0,1045.8929443359375
49035,10,125,8,31,2,36.3377840457981,-6.18477723927092,0.3414213562373095,0,1045.8929443359375
49035,10,125,8,32,2,26.39401734702423,-6.150580115847096,0.482842712474619,0,1045.8929443359375
49035,10,125,8,33,2,16.5182854458619,-6.075295068538862,0.3414213562373095,0,1045.8929443359375
49035,10,125,8,34,2,27.467002457697465,-5.968957016301568,0.4308640753373011,0,1045.8929443359375
49035,10,125,8,35,2,9.851286798682393,-4.825389227503936,0.613407053921902,0,1045.8929443359375
49035,10,125,8,36,2,14.650853252258562,-5.140512968996237,0.682842712474619,0,1045.8929443359375
49035,10,125,8,37,2,13.332377964834098,-4.793685383217204,0.8513997106635237,0,1045.8929443359375
49035,10,125,8,38,2,13.815104175328258,-4.424903657449958,0.682842712474619,0,1045.8929443359375
49035,10,125,8,39,2,16.20481217898794,-4.934041166477678,0.848528137423857,0,1045.8929443359375
49035,10,125,8,40,2,15.833532105448056,-4.621485290021311,0.848528137423857,0,1045.8929443359375
49035,10,125,8,41,2,20.688552692026885,-5.191770555756431,0.613407053921902,0,1045.8929443359375
49035,10,125,8,42,2,19.29869356498926,-5.030838094782212,0.8513997106635237,0,1045.8929443359375
49035,10,125,8,43,2,18.317870359114796,-4.7693296028005285,0.848528137423857,0,1045.8929443359375
49035,10,125,8,44,2,18.672149733528673,-4.498829598897246,0.8513997106635237,0,1045.8929443359375
49035,10,125,8,45,2,19.686862027654378,-4.323896551730176,0.613407053921902,0,1045.8929443359375
49035,10,125,8,46,2,21.1042178261223,-4.880073028343176,0.848528137423857,0,1045.8929443359375
49035,10,125,8,47,2,20.820490177476536,-4.641362722337098,0.848528137423857,0,1045.8929443359375
49035,10,125,8,48,2,24.087997957727836,-4.964215787386163,0.682842712474619,0,1045.8929443359375
49035,10,125,8,49,2,23.309578434400716,-4.7553997555295915,0.8513997106635237,0,1045.8929443359375
49035,10,125,8,50,2,23.589006930505946,-4.542099036546283,0.682842712474619,0,1045.8929443359375
49035,10,125,8,51,2,26.805613169572876,-4.7487365563090735,0.613407053921902,0,1045.8929443359375
49035,10,125,8,52,2,33.89872409294077,-5.872629492449816,0.4308640753373011,0,1045.8929443359375
49035,10,125,8,53,2,45.06335501346419,-5.857470706165721,0.3414213562373095,0,1045.8929443359375
49035,10,125,8,54,2,36.15128721671561,-5.745029476194603,0.482842712474619,0,1045.8929443359375
49035,10,125,8,55,2,27.984373671415664,-5.563348340863627,0.3414213562373095,0,1045.8929443359375
49035,10,125,8,56,2,43.030254920737214,-5.703521286135167,0.4242640687119285,0,1045.8929443359375
49035,10,125,8,57,2,35.0401546928604,-5.548507996214755,0.4242640687119285,0,1045.8929443359375
49035,10,125,8,58,2,49.962887323110074,-5.673491613884942,0.382842712474619,0,1045.8929443359375
49035,10,125,8,59,2,42.10106544991172,-5.538643893335174,0.4242640687119285,0,1045.8929443359375
49035,10,125,8,60,2,35.33708129392844,-5.3473971212033415,0.482842712474619,0,1045.8929443359375
49035,10,125,8,61,2,32.5854893403749,-5.224290947957208,0.37888543819998316,0,1045.8929443359375
49035,10,125,8,62,2,49.164895841808864,-5.531613736414668,0.4242640687119285,0,1045.8929443359375
49035,10,125,8,63,2,42.348513379950795,-5.371087328801379,0.4242640687119285,0,1045.8929443359375
49035,10,125,8,64,2,56.23054556247946,-5.5263501199521095,0.3414213562373095,0,1045.8929443359375
49035,10,125,8,65,2,49.37695673702497,-5.388040673921379,0.382842712474619,0,1045.8929443359375
49035,10,125,8,66,2,43.75263945142044,-5.209912149973665,0.3414213562373095,0,1045.8929443359375
49035,10,126,9,1,,,,,0,1046.342041015625
49035,10,126,9,2,,,,,0,1046.342041015625
49035,10,126,9,3,,,,,0,1046.342041015625
49035,10,126,9,4,,,,,0,1046.342041015625
49035,10,126,9,5,,,,,0,1046.342041015625
49035,10,126,9,6,,,,,0,1046.342041015625
49035,10,126,9,7,2,3.5475779401405365,0.6072961475503083,0.42533936651583715,0,1046.342041015625
49035,10,126,9,8,,,,,0,1046.342041015625
49035,10,126,9,9,2,7.015279322008357,-1.1750320220850812,0.682842712474619,1,1046.342041015625
49035,10,126,9,10,2,11.758423250296257,-1.349432622846306,0.5414213562373096,0,1046.342041015625
49035,10,126,9,11,,,,,0,1046.342041015625
49035,10,126,9,12,2,3.9214420426841134,-1.502748288340934,0.7195315787953919,0,1046.342041015625
49035,10,126,9,13,,,,,0,1046.342041015625
49035,10,126,9,14,,,,,0,1046.342041015625
49035,10,126,9,15,2,6.751862320113809,-1.9174570729557678,0.682842712474619,0,1046.342041015625
49035,10,126,9,16,2,11.603189999180493,-1.7806209282429717,0.5414213562373096,0,1046.342041015625
49035,10,126,9,17,,,,,0,1046.342041015625
49035,10,126,9,18,2,29.594178503381652,0.8982413725169471,0.37888543819998316,0,1046.342041015625
49035,10,126,9,19,2,35.97354799542814,1.1805810129746694,0.3414213562373095,0,1046.342041015625
49035,10,126,9,20,2,26.873572559561026,1.0471331736000864,0.482842712474619,0,1046.342041015625
49035,10,126,9,21,2,18.715812802243203,0.788521499555122,0.3414213562373095,0,1046.342041015625
49035,10,126,9,22,2,29.65663550658868,1.2779020572076285,0.4242640687119285,0,1046.342041015625
49035,10,126,9,23,2,20.18932332460094,1.1462033647254457,0.4242640687119285,0,1046.342041015625
49035,10,126,9,24,2,38.70137960925956,1.4721980627747553,0.37888543819998316,0,1046.342041015625
49035,10,126,9,25,2,33.71710481383776,1.4612289820981155,0.482842712474619,0,1046.342041015625
49035,10,126,9,26,2,23.768380335267707,1.425500811785691,0.4242640687119285,0,1046.342041015625
49035,10,126,9,27,2,13.89347510511894,1.3387041132180961,0.482842712474619,0,1046.342041015625
49035,10,126,9,28,2,9.059526690940832,1.2247415207401722,0.44328887294614544,0,1046.342041015625
49035,10,126,9,29,2,28.675129140399797,-4.662346072712907,0.4242640687119285,0,1046.342041015625
49035,10,126,9,30,2,18.717793084475126,-4.622514222139148,0.4242640687119285,0,1046.342041015625
49035,10,126,9,31,2,34.34516208544183,-4.527613995722211,0.3414213562373095,0,1046.342041015625
49035,10,126,9,32,2,24.651225231413747,-4.443212787759977,0.482842712474619,0,1046.342041015625
49035,10,126,9,33,2,15.354987858819978,-4.253517397719609,0.3414213562373095,0,1046.342041015625
49035,10,126,9,34,2,26.534061246516043,-4.261854352008459,0.4308640753373011,0,1046.342041015625
49035,10,126,9,35,2,13.70949755890436,-3.063518303575715,0.613407053921902,0,1046.342041015625
49035,10,126,9,36,2,17.51043690280392,-3.372953307216041,0.682842712474619,0,1046.342041015625
49035,10,126,9,37,2,17.194818228012384,-3.084374956384949,0.8513997106635237,0,1046.342041015625
49035,10,126,9,38,2,18.295030671242298,-2.8085042269547067,0.682842712474619,0,1046.342041015625
49035,10,126,9,39,2,19.667875778098647,-3.2218774703835344,0.848528137423857,0,1046.342041015625
49035,10,126,9,40,2,20.021780914544763,-2.9698783437593876,0.848528137423857,0,1046.342041015625
49035,10,126,9,41,2,23.246643628574326,-3.476326099819337,0.613407053921902,0,1046.342041015625
49035,10,126,9,42,2,22.427414058492165,-3.3271614440952773,0.8513997106635237,0,1046.342041015625
49035,10,126,9,43,2,22.181868152127347,-3.1027895885835965,0.848528137423857,0,1046.342041015625
49035,10,126,9,44,2,23.045208788068532,-2.884531466009448,0.8513997106635237,0,1046.342041015625
49035,10,126,9,45,2,24.252094949566477,-2.745451432767428,0.613407053921902,0,1046.342041015625
49035,10,126,9,46,2,24.66168766420283,-3.2105858331584987,0.848528137423857,0,1046.342041015625
49035,10,126,9,47,2,24.944843391250295,-3.008978445342583,0.848528137423857,0,1046.342041015625
49035,10,126,9,48,2,27.374484509758837,-3.2978761468416415,0.682842712474619,0,1046.342041015625
49035,10,126,9,49,2,27.173677990701517,-3.1144415086203674,0.8513997106635237,0,1046.342041015625
49035,10,126,9,50,2,27.882882722373697,-2.9343884686203703,0.682842712474619,0,1046.342041015625
49035,10,126,9,51,2,30.6695325383208,-3.120340519404628,0.613407053921902,0,1046.342041015625
49035,10,126,9,52,2,33.33741942158285,-4.197043508496086,0.4308640753373011,0,1046.342041015625
49035,10,126,9,53,2,44.493418477117324,-4.216188997397368,0.3414213562373095,0,1046.342041015625
49035,10,126,9,54,2,36.16292347853675,-4.078167708400627,0.482842712474619,0,1046.342041015625
49035,10,126,9,55,2,28.911066760829204,-3.864815179607783,0.3414213562373095,0,1046.342041015625
49035,10,126,9,56,2,43.18662017304861,-4.057490729326362,0.4242640687119285,0,1046.342041015625
49035,10,126,9,57,2,35.960769022725145,-3.8818502893892317,0.4242640687119285,0,1046.342041015625
49035,10,126,9,58,2,50.22361286713486,-4.042603023921048,0.382842712474619,0,1046.342041015625
49035,10,126,9,59,2,43.01748523754559,-3.8932988929487,0.4242640687119285,0,1046.342041015625
49035,10,126,9,60,2,37.129459771144965,-3.6907073530627823,0.482842712474619,0,1046.342041015625
49035,10,126,9,61,2,34.89474396330172,-3.566364417729851,0.37888543819998316,0,1046.342041015625
49035,10,126,9,62,2,50.07825040493246,-3.9015199515676415,0.4242640687119285,0,1046.342041015625
49035,10,126,9,63,2,43.99913533643289,-3.7321658981179793,0.4242640687119285,0,1046.342041015625
49035,10,126,9,64,2,57.141563603700796,-3.9077089236489186,0.3414213562373095,0,1046.342041015625
49035,10,126,9,65,2,50.923973114932835,-3.7623899099741767,0.382842712474619,0,1046.342041015625
49035,10,126,9,66,2,46.058047988869674,-3.58175413248531,0.3414213562373095,0,1046.342041015625
49035,10,127,12,1,,,,,0,1046.8929443359375
49035,10,127,12,2,,,,,0,1046.8929443359375
49035,10,127,12,3,,,,,0,1046.8929443359375
49035,10,127,12,4,,,,,0,1046.8929443359375
49035,10,127,12,5,,,,,0,1046.8929443359375
49035,10,127,12,6,,,,,0,1046.8929443359375
49035,10,127,12,7,2,5.815216051557157,-2.7011679486713085,0.4090963330049865,0,1046.8929443359375
49035,10,127,12,8,,,,,0,1046.8929443359375
49035,10,127,12,9,,,,,0,1046.8929443359375
49035,10,127,12,10,2,7.7409620546969,0.25641137600193187,0.6271356419515952,0,1046.8929443359375
49035,10,127,12,11,2,11.233461285147866,0.2809712296336529,0.5509646951307726,0,1046.8929443359375
49035,10,127,12,12,2,3.117683019899122,-1.165864045939057,0.563179972727508,1,1046.8929443359375
49035,10,127,12,13,,,,,0,1046.8929443359375
49035,10,127,12,14,,,,,0,1046.8929443359375
49035,10,127,12,15,2,6.233377750961987,-0.7844911417142424,0.6242640687119285,0,1046.8929443359375
49035,10,127,12,16,2,9.540639215107298,-0.29330275902122166,0.5638463841038082,0,1046.8929443359375
49035,10,127,12,17,,,,,0,1046.8929443359375
49035,10,127,12,18,2,30.845372345036015,2.9915561336882504,0.37888543819998316,0,1046.8929443359375
49035,10,127,12,19,2,38.447375740239906,3.2301822720346065,0.3414213562373095,0,1046.8929443359375
49035,10,127,12,20,2,28.85373976115572,3.145437932544295,0.482842712474619,0,1046.8929443359375
49035,10,127,12,21,2,19.669161016622162,2.979221777570056,0.3414213562373095,0,1046.8929443359375
49035,10,127,12,22,2,32.58022103759318,3.3417528782845904,0.4242640687119285,0,1046.8929443359375
49035,10,127,12,23,2,22.71141562632633,3.2823908827805295,0.4242640687119285,0,1046.8929443359375
49035,10,127,12,24,2,42.287521907362986,-2.7918523910103974,0.37888543819998316,0,1046.8929443359375
49035,10,127,12,25,2,37.28811214733671,-2.7899177061026674,0.482842712474619,0,1046.8929443359375
49035,10,127,12,26,2,27.289941451122065,-2.7839218361787528,0.4242640687119285,0,1046.8929443359375
49035,10,127,12,27,2,17.293886240489176,-2.7709935934723866,0.482842712474619,0,1046.8929443359375
49035,10,127,12,28,2,12.298264094807696,-2.756649566775871,0.44328887294614544,0,1046.8929443359375
49035,10,127,12,29,2,32.766956054226355,-2.634220269571474,0.4242640687119285,0,1046.8929443359375
49035,10,127,12,30,2,22.97849007121468,-2.559641015876298,0.4242640687119285,0,1046.8929443359375
49035,10,127,12,31,2,38.76346106468734,-2.529027885719997,0.3414213562373095,0,1046.8929443359375
49035,10,127,12,32,2,29.273597500253402,-2.4353888510635295,0.482842712474619,0,1046.8929443359375
49035,10,127,12,33,2,20.280066752852484,-2.2557026272575427,0.3414213562373095,0,1046.8929443359375
49035,10,127,12,34,2,31.433180139900387,-2.286588669656396,0.4308640753373011,0,1046.8929443359375
49035,10,127,12,35,2,17.26178428989542,-1.3681378451387962,0.613407053921902,0,1046.8929443359375
49035,10,127,12,36,2,21.859124195507814,-1.5751636989625237,0.682842712474619,0,1046.8929443359375
49035,10,127,12,37,2,20.736202859764138,-1.3458114824710778,0.8513997106635237,0,1046.8929443359375
49035,10,127,12,38,2,20.788432059391727,-1.104417864203566,0.682842712474619,0,1046.8929443359375
49035,10,127,12,39,2,23.599922910218496,-1.4395738012969979,0.848528137423857,0,1046.8929443359375
49035,10,127,12,40,2,23.11114795536801,-1.226100358583622,0.848528137423857,0,1046.8929443359375
49035,10,127,12,41,2,27.787667314522146,-1.634004079581577,0.613407053921902,0,1046.8929443359375
49035,10,127,12,42,2,26.625600719894024,-1.512554365886257,0.8513997106635237,0,1046.8929443359375
49035,10,127,12,43,2,25.71169796302602,-1.3243987559698722,0.848528137423857,0,1046.8929443359375
49035,10,127,12,44,2,25.7538387544174,-1.1297938744302083,0.8513997106635237,0,1046.8929443359375
49035,10,127,12,45,2,26.353906152621672,-0.9973403615480358,0.613407053921902,0,1046.8929443359375
49035,10,127,12,46,2,28.514166031445523,-1.404026920192158,0.848528137423857,0,1046.8929443359375
49035,10,127,12,47,2,28.110966950916097,-1.2277694960169463,0.848528137423857,0,1046.8929443359375
49035,10,127,12,48,2,31.464645505643425,-1.4690731102174135,0.682842712474619,0,1046.8929443359375
49035,10,127,12,49,2,30.695157846840637,-1.3099339274885418,0.8513997106635237,0,1046.8929443359375
49035,10,127,12,50,2,30.73046556251821,-1.1469591449305931,0.682842712474619,0,1046.8929443359375
49035,10,127,12,51,2,34.186453858405265,-1.302318801642743,0.613407053921902,0,1046.8929443359375
49035,10,127,12,52,2,38.30113990942513,-2.2380908347518313,0.4308640753373011,0,1046.8929443359375
49035,10,127,12,53,2,49.434209051714724,-2.261693966161671,0.3414213562373095,0,1046.8929443359375
49035,10,127,12,54,2,41.20774953163476,-2.135640138905668,0.482842712474619,0,1046.8929443359375
49035,10,127,12,55,2,33.94725641867477,-1.9515270857790825,0.3414213562373095,0,1046.8929443359375
49035,10,127,12,56,2,48.23910370348806,-2.1188546987017682,0.4242640687119285,0,1046.8929443359375
49035,10,127,12,57,2,41.004252499090704,-1.9634779933836315,0.4242640687119285,0,1046.8929443359375
49035,10,127,12,58,2,55.28059000019633,-2.106342607522339,0.382842712474619,0,1046.8929443359375
49035,10,127,12,59,2,48.06538492161606,-1.9719184892911539,0.4242640687119285,0,1046.8929443359375
49035,10,127,12,60,2,42.00736631302214,-1.7946248016949333,0.482842712474619,0,1046.8929443359375
49035,10,127,12,61,2,39.58266821480182,-1.6873379446869015,0.37888543819998316,0,1046.8929443359375
49035,10,127,12,62,2,55.12906431563162,-1.9781963826975106,0.4242640687119285,0,1046.8929443359375
49035,10,127,12,63,2,48.923934114197706,-1.8270536876033026,0.4242640687119285,0,1046.8929443359375
49035,10,127,12,64,2,62.194422876741754,-1.9830480808215425,0.3414213562373095,0,1046.8929443359375
49035,10,127,12,65,2,55.87918963142082,-1.851430351710854,0.382842712474619,0,1046.8929443359375
49035,10,127,12,66,2,50.76240174339271,-1.6899355789366384,0.3414213562373095,0,1046.8929443359375
49035,10,128,15,1,,,,,0,1047.092041015625
49035,10,128,15,2,,,,,0,1047.092041015625
49035,10,128,15,3,,,,,0,1047.092041015625
49035,10,128,15,4,2,8.442187005836928,1.6806897839007422,0.4638463841038081,0,1047.092041015625
49035,10,128,15,5,,,,,0,1047.092041015625
49035,10,128,15,6,,,,,0,1047.092041015625
49035,10,128,15,7,2,7.551678712863634,3.919212629314314,0.34220670089796307,0,1047.092041015625
49035,10,128,15,8,,,,,0,1047.092041015625
49035,10,128,15,9,,,,,0,1047.092041015625
49035,10,128,15,10,2,6.078126748764078,1.0555026147708833,0.6857142857142857,0,1047.092041015625
49035,10,128,15,11,2,9.551785333684197,0.9992451688974866,0.613407053921902,0,1047.092041015625
49035,10,128,15,12,,,,,0,1047.092041015625
49035,10,128,15,13,,,,,0,1047.092041015625
49035,10,128,15,14,,,,,0,1047.092041015625
49035,10,128,15,15,2,4.189908179670607,-0.4268486096325771,0.4428253815499883,1,1047.092041015625
49035,10,128,15,16,2,7.253738905320545,0.3061896642876756,0.5638463841038082,0,1047.092041015625
49035,10,128,15,17,,,,,0,1047.092041015625
49035,10,128,15,18,2,33.08314573780812,3.540562219009678,0.37888543819998316,0,1047.092041015625
49035,10,128,15,19,2,40.49746708297434,3.769685077406721,0.3414213562373095,0,1047.092041015625
49035,10,128,15,20,2,30.98657185365252,3.682452931172031,0.482842712474619,0,1047.092041015625
49035,10,128,15,21,2,21.915529433407517,3.5207582911537045,0.3414213562373095,0,1047.092041015625
49035,10,128,15,22,2,34.507670756247805,3.870254189213192,0.4242640687119285,0,1047.092041015625
49035,10,128,15,23,2,24.71643453507363,3.8006394820317775,0.4242640687119285,0,1047.092041015625
49035,10,128,15,24,2,44.00374585474672,4.021839122983382,0.37888543819998316,0,1047.092041015625
49035,10,128,15,25,2,39.00501309833941,4.019122072998309,0.482842712474619,0,1047.092041015625
49035,10,128,15,26,2,29.00885799038993,4.0108789643617415,0.4242640687119285,0,1047.092041015625
49035,10,128,15,27,2,19.016746225671472,3.9939710120175054,0.482842712474619,0,1047.092041015625
49035,10,128,15,28,2,14.024907649039278,3.976484907071015,0.44328887294614544,0,1047.092041015625
49035,10,128,15,29,2,34.23631913168586,-2.1210666250602506,0.4242640687119285,0,1047.092041015625
49035,10,128,15,30,2,24.33615299901814,-2.072230526648994,0.4242640687119285,0,1047.092041015625
49035,10,128,15,31,2,40.03420104693821,-2.0116773107999526,0.3414213562373095,0,1047.092041015625
49035,10,128,15,32,2,30.378611695922658,-1.9370526186256978,0.482842712474619,0,1047.092041015625
49035,10,128,15,33,2,21.047157615141984,-1.7947595834166368,0.3414213562373095,0,1047.092041015625
49035,10,128,15,34,2,32.22628045406681,-1.7884255033913736,0.4308640753373011,0,1047.092041015625
49035,10,128,15,35,2,16.071467595287473,-0.920490411825171,0.613407053921902,0,1047.092041015625
49035,10,128,15,36,2,21.08202659723796,-1.1100968204232542,0.682842712474619,0,1047.092041015625
49035,10,128,15,37,2,19.481099635265434,-0.8758286045941107,0.8513997106635237,0,1047.092041015625
49035,10,128,15,38,2,19.093837763834415,-0.6166336904178685,0.682842712474619,0,1047.092041015625
49035,10,128,15,39,2,22.523745156815146,-0.9618158262615538,0.848528137423857,0,1047.092041015625
49035,10,128,15,40,2,21.618984560835504,-0.7385071531291759,0.848528137423857,0,1047.092041015625
49035,10,128,15,41,2,27.117005190330755,-1.1481801765026005,0.613407053921902,0,1047.092041015625
49035,10,128,15,42,2,25.692896854562125,-1.026979625960469,0.8513997106635237,0,1047.092041015625
49035,10,128,15,43,2,24.396441263669146,-0.8337994370562801,0.848528137423857,0,1047.092041015625
49035,10,128,15,44,2,24.088332110882,-0.6275716676547677,0.8513997106635237,0,1047.092041015625
49035,10,128,15,45,2,24.48552066366758,-0.4842647828730614,0.613407053921902,0,1047.092041015625
49035,10,128,15,46,2,27.349446049630934,-0.9090825076896617,0.848528137423857,0,1047.092041015625
49035,10,128,15,47,2,26.609276517300568,-0.7255226953189836,0.848528137423857,0,1047.092041015625
49035,10,128,15,48,2,30.426929718781814,-0.9694244037331817,0.682842712474619,0,1047.092041015625
49035,10,128,15,49,2,29.34040643317979,-0.8058979973660759,0.8513997106635237,0,1047.092041015625
49035,10,128,15,50,2,29.08471844829632,-0.6347522629740804,0.682842712474619,0,1047.092041015625
49035,10,128,15,51,2,32.8112880270943,-0.7913773237012788,0.613407053921902,0,1047.092041015625
49035,10,128,15,52,2,38.976208867515545,-1.7289722609508225,0.4308640753373011,0,1047.092041015625
49035,10,128,15,53,2,50.146736343572115,-1.739565187540879,0.3414213562373095,0,1047.092041015625
49035,10,128,15,54,2,41.65114597483144,-1.624080687260058,0.482842712474619,0,1047.092041015625
49035,10,128,15,55,2,33.9844193141754,-1.4532224840637444,0.3414213562373095,0,1047.092041015625
49035,10,128,15,56,2,48.635683060863315,-1.5995770913723293,0.4242640687119285,0,1047.092041015625
49035,10,128,15,57,2,41.05548029072035,-1.4534856994922225,0.4242640687119285,0,1047.092041015625
49035,10,128,15,58,2,55.642082748372886,-1.5812356151176816,0.382842712474619,0,1047.092041015625
49035,10,128,15,59,2,48.12654327584474,-1.453671568304539,0.4242640687119285,0,1047.092041015625
49035,10,128,15,60,2,41.66877683334053,-1.2829636017552746,0.482842712474619,0,1047.092041015625
49035,10,128,15,61,2,39.004465902499255,-1.1779655978811112,0.37888543819998316,0,1047.092041015625
49035,10,128,15,62,2,55.197607497624254,-1.453809815842558,0.4242640687119285,0,1047.092041015625
49035,10,128,15,63,2,48.65078281555977,-1.3078116539217968,0.4242640687119285,0,1047.092041015625
49035,10,128,15,64,2,62.268672534765145,-1.4539166653359206,0.3414213562373095,0,1047.092041015625
49035,10,128,15,65,2,55.65528163927297,-1.3264144007192153,0.382842712474619,0,1047.092041015625
49035,10,128,15,66,2,50.17602185757432,-1.1679495080648135,0.3414213562373095,0,1047.092041015625
49035,10,129,16,1,2,14.308137815469612,2.6245767498477965,0.34843944249725717,0,1047.54296875
49035,10,129,16,2,,,,,0,1047.54296875
49035,10,129,16,3,,,,,0,1047.54296875
49035,10,129,16,4,2,12.766265474146447,2.1840871485548234,0.5276927682076162,0,1047.54296875
49035,10,129,16,5,,,,,0,1047.54296875
49035,10,129,16,6,,,,,0,1047.54296875
49035,10,129,16,7,2,8.610206901973202,3.618621832919834,0.3239917086660546,0,1047.54296875
49035,10,129,16,8,,,,,0,1047.54296875
49035,10,129,16,9,,,,,0,1047.54296875
49035,10,129,16,10,2,9.017974433969925,1.8744427378911221,0.6857142857142857,0,1047.54296875
49035,10,129,16,11,2,11.945186072152723,1.6893123093915787,0.613407053921902,0,1047.54296875
49035,10,129,16,12,,,,,0,1047.54296875
49035,10,129,16,13,,,,,0,1047.54296875
49035,10,129,16,14,,,,,0,1047.54296875
49035,10,129,16,15,,,,,0,1047.54296875
49035,10,129,16,16,2,7.047708253545031,1.289715701991145,0.4638463841038081,1,1047.54296875
49035,10,129,16,17,,,,,0,1047.54296875
49035,10,129,16,18,2,34.78719308336788,3.70067311592846,0.37888543819998316,0,1047.54296875
49035,10,129,16,19,2,41.08735254022262,3.945589066518751,0.3414213562373095,0,1047.54296875
49035,10,129,16,20,2,32.07015951558193,3.826421055860499,0.482842712474619,0,1047.54296875
49035,10,129,16,21,2,23.849941801715197,3.6201509972055375,0.3414213562373095,0,1047.54296875
49035,10,129,16,22,2,34.665244320429295,4.024017948215716,0.4242640687119285,0,1047.54296875
49035,10,129,16,23,2,25.337793044884307,3.902291259599292,0.4242640687119285,0,1047.54296875
49035,10,129,16,24,2,43.35551752591676,4.205711430305148,0.37888543819998316,0,1047.54296875
49035,10,129,16,25,2,38.40394766472896,4.188697730287405,0.482842712474619,0,1047.54296875
49035,10,129,16,26,2,28.551493635632674,4.1370065108041985,0.4242640687119285,0,1047.54296875
49035,10,129,16,27,2,18.855035969626393,4.031573460647602,0.482842712474619,0,1047.54296875
49035,10,129,16,28,2,14.16596900007448,3.925320290527818,0.44328887294614544,0,1047.54296875
49035,10,129,16,29,2,32.99048076742378,4.316588713577679,0.4242640687119285,0,1047.54296875
49035,10,129,16,30,2,22.99339935407748,4.307817189046296,0.4242640687119285,0,1047.54296875
49035,10,129,16,31,2,38.23030020423518,-1.8328002908666732,0.3414213562373095,0,1047.54296875
49035,10,129,16,32,2,28.317493644323047,-1.7927499782953258,0.482842712474619,0,1047.54296875
49035,10,129,16,33,2,18.49878479486175,-1.709907864957127,0.3414213562373095,0,1047.54296875
49035,10,129,16,34,2,29.499606353841873,-1.6244604442491886,0.4308640753373011,0,1047.54296875
49035,10,129,16,35,2,11.237978249136422,-0.6443609823107113,0.613407053921902,0,1047.54296875
49035,10,129,16,36,2,16.40799466563917,-0.8837990238254787,0.682842712474619,0,1047.54296875
49035,10,129,16,37,2,14.641877790871272,-0.5808512226196629,0.8513997106635237,0,1047.54296875
49035,10,129,16,38,2,14.475734231394808,-0.23589270683880326,0.682842712474619,0,1047.54296875
49035,10,129,16,39,2,17.70527044308847,-0.6905345635464057,0.848528137423857,0,1047.54296875
49035,10,129,16,40,2,16.841582400655472,-0.4043591503884618,0.848528137423857,0,1047.54296875
49035,10,129,16,41,2,22.487885856086578,-0.9115882047850445,0.613407053921902,0,1047.54296875
49035,10,129,16,42,2,20.91814087539796,-0.7672299204895985,0.8513997106635237,0,1047.54296875
49035,10,129,16,43,2,19.563509756129164,-0.5287451438602149,0.848528137423857,0,1047.54296875
49035,10,129,16,44,2,19.43947556579979,-0.2717252631849476,0.8513997106635237,0,1047.54296875
49035,10,129,16,45,2,20.10613880584592,-0.09771102734331638,0.613407053921902,0,1047.54296875
49035,10,129,16,46,2,22.51272818203635,-0.6216912642125487,0.848528137423857,0,1047.54296875
49035,10,129,16,47,2,21.839991449023504,-0.39778291966582624,0.848528137423857,0,1047.54296875
49035,10,129,16,48,2,25.610836503682314,-0.6926479429923516,0.682842712474619,0,1047.54296875
49035,10,129,16,49,2,24.516876691648807,-0.4976356072966588,0.8513997106635237,0,1047.54296875
49035,10,129,16,50,2,24.41801668868048,-0.29296493100178145,0.682842712474619,0,1047.54296875
49035,10,129,16,51,2,27.99410067904055,-0.48241897527423494,0.613407053921902,0,1047.54296875
49035,10,129,16,52,2,35.96402101367161,-1.5364559150956905,0.4308640753373011,0,1047.54296875
49035,10,129,16,53,2,47.132075528421545,-1.5237288618881442,0.3414213562373095,0,1047.54296875
49035,10,129,16,54,2,38.23293261322188,-1.4162263568123459,0.482842712474619,0,1047.54296875
49035,10,129,16,55,2,30.034675440189076,-1.247046335092859,0.3414213562373095,0,1047.54296875
49035,10,129,16,56,2,45.110322196226335,-1.3766464223439887,0.4242640687119285,0,1047.54296875
49035,10,129,16,57,2,37.08457578613624,-1.230664467992443,0.4242640687119285,0,1047.54296875
49035,10,129,16,58,2,52.039650278297756,-1.3475709949644936,0.382842712474619,0,1047.54296875
49035,10,129,16,59,2,44.1412482115976,-1.2195181533199069,0.4242640687119285,0,1047.54296875
49035,10,129,16,60,2,37.26626337947233,-1.0402309262538498,0.482842712474619,0,1047.54296875
49035,10,129,16,61,2,34.408380993056994,-0.9255946148250924,0.37888543819998316,0,1047.54296875
49035,10,129,16,62,2,51.20189279819696,-1.2114451650119635,0.4242640687119285,0,1047.54296875
49035,10,129,16,63,2,44.293999804808614,-1.0594693176685128,0.4242640687119285,0,1047.54296875
49035,10,129,16,64,2,58.26506550719942,-1.2053291480051778,0.3414213562373095,0,1047.54296875
49035,10,129,16,65,2,51.33363859253083,-1.0734352484305738,0.382842712474619,0,1047.54296875
49035,10,129,16,66,2,45.55729407832409,-0.904436147031594,0.3414213562373095,0,1047.54296875
49035,10,130,10,1,2,15.536808515585014,1.7454892481339916,0.6034068236642477,0,1047.958984375
49035,10,130,10,2,,,,,0,1047.958984375
49035,10,130,10,3,2,12.130572778115232,1.804113863101181,0.7685569981889047,0,1047.958984375
49035,10,130,10,4,2,11.85749944752479,1.384769401502506,0.5638463841038082,0,1047.958984375
49035,10,130,10,5,2,10.810208248105633,2.0915068820820633,0.5905350201669267,0,1047.958984375
49035,10,130,10,6,,,,,0,1047.958984375
49035,10,130,10,7,2,13.450121217061263,2.589222650568241,0.4090963330049865,0,1047.958984375
49035,10,130,10,8,,,,,0,1047.958984375
49035,10,130,10,9,,,,,0,1047.958984375
49035,10,130,10,10,2,6.961997073790865,1.2727906579166213,0.6271356419515952,1,1047.958984375
49035,10,130,10,11,2,8.581028569554052,0.8685791329399107,0.5509646951307726,0,1047.958984375
49035,10,130,10,12,,,,,0,1047.958984375
49035,10,130,10,13,,,,,0,1047.958984375
49035,10,130,10,14,,,,,0,1047.958984375
49035,10,130,10,15,,,,,0,1047.958984375
49035,10,130,10,16,,,,,0,1047.958984375
49035,10,130,10,17,,,,,0,1047.958984375
49035,10,130,10,18,2,39.632254444743666,2.5319850478161503,0.37888543819998316,0,1047.958984375
49035,10,130,10,19,2,46.27835031669264,2.7423009416465853,0.3414213562373095,0,1047.958984375
49035,10,130,10,20,2,37.12929709111561,2.644880676638879,0.482842712474619,0,1047.958984375
49035,10,130,10,21,2,28.556675172823024,2.486592886213288,0.3414213562373095,0,1047.958984375
49035,10,130,10,22,2,39.91245814736105,2.8139398342016,0.4242640687119285,0,1047.958984375
49035,10,130,10,23,2,30.494316024640533,2.717553217012928,0.4242640687119285,0,1047.958984375
49035,10,130,10,24,2,48.62072018210414,2.973280931966748,0.37888543819998316,0,1047.958984375
49035,10,130,10,25,2,43.67406470949743,2.9574733480871664,0.482842712474619,0,1047.958984375
49035,10,130,10,26,2,33.827842418563584,2.9120191447211368,0.4242640687119285,0,1047.958984375
49035,10,130,10,27,2,24.108544484082206,2.829611257703398,0.482842712474619,0,1047.958984375
49035,10,130,10,28,2,19.356430827088733,2.7576213980363726,0.44328887294614544,0,1047.958984375
49035,10,130,10,29,2,38.193488130566074,3.066926000267393,0.4242640687119285,0,1047.958984375
49035,10,130,10,30,2,28.207118428253036,3.051024057648304,0.4242640687119285,0,1047.958984375
49035,10,130,10,31,2,43.28004330478671,-3.0953729644750143,0.3414213562373095,0,1047.958984375
49035,10,130,10,32,2,33.31758008784572,-3.072576661257102,0.482842712474619,0,1047.958984375
49035,10,130,10,33,2,23.387178909732025,-3.0303812193827353,0.3414213562373095,0,1047.958984375
49035,10,130,10,34,2,34.174994557679675,-2.9264652447379187,0.4308640753373011,0,1047.958984375
49035,10,130,10,35,2,12.739249277887767,-2.2952905471300817,0.613407053921902,0,1047.958984375
49035,10,130,10,36,2,18.697522617086438,-2.3810064261852,0.682842712474619,0,1047.958984375
49035,10,130,10,37,2,15.589959885752089,-2.1510749213456446,0.8513997106635237,0,1047.958984375
49035,10,130,10,38,2,13.65636651757193,-1.8337327090737185,0.682842712474619,0,1047.958984375
49035,10,130,10,39,2,19.04617168046167,-2.1942961792843034,0.848528137423857,0,1047.958984375
49035,10,130,10,40,2,16.769202512478653,-1.9445662381008402,0.848528137423857,0,1047.958984375
49035,10,130,10,41,2,24.73462783362326,-2.339325056645339,0.613407053921902,0,1047.958984375
49035,10,130,10,42,2,22.52701627210938,-2.2242028621053294,0.8513997106635237,0,1047.958984375
49035,10,130,10,43,2,20.022885889570993,-2.020075968753703,0.848528137423857,0,1047.958984375
49035,10,130,10,44,2,18.557086424589436,-1.7714435870263971,0.8513997106635237,0,1047.958984375
49035,10,130,10,45,2,18.290164149774924,-1.5817340533647644,0.613407053921902,0,1047.958984375
49035,10,130,10,46,2,23.35863364559327,-2.074259541496768,0.848528137423857,0,1047.958984375
49035,10,130,10,47,2,21.542406156507734,-1.8662152833553982,0.848528137423857,0,1047.958984375
49035,10,130,10,48,2,26.745758023120278,-2.1148146837572335,0.682842712474619,0,1047.958984375
49035,10,130,10,49,2,24.673570261601846,-1.937447009009687,0.8513997106635237,0,1047.958984375
49035,10,130,10,50,2,23.49967162913353,-1.735261012085574,0.682842712474619,0,1047.958984375
49035,10,130,10,51,2,28.000775820133956,-1.8961216869559794,0.613407053921902,0,1047.958984375
49035,10,130,10,52,2,40.40234975718562,-2.8362900770119155,0.4308640753373011,0,1047.958984375
49035,10,130,10,53,2,51.51038712302188,-2.808462253434152,0.3414213562373095,0,1047.958984375
49035,10,130,10,54,2,42.31097937899073,-2.7244575956935755,0.482842712474619,0,1047.958984375
49035,10,130,10,55,2,33.572577655806825,-2.5953625580996516,0.3414213562373095,0,1047.958984375
49035,10,130,10,56,2,49.03711440219439,-2.676559826402677,0.4242640687119285,0,1047.958984375
49035,10,130,10,57,2,40.515892972260914,-2.559080621599851,0.4242640687119285,0,1047.958984375
49035,10,130,10,58,2,55.84852909234425,-2.640278275840253,0.382842712474619,0,1047.958984375
49035,10,130,10,59,2,47.49691775498935,-2.5334380234176774,0.4242640687119285,0,1047.958984375
49035,10,130,10,60,2,39.91060248442791,-2.3836569694779075,0.482842712474619,0,1047.958984375
49035,10,130,10,61,2,36.55551515015106,-2.286561954798505,0.37888543819998316,0,1047.958984375
49035,10,130,10,62,2,54.50116337390188,-2.5143763785472544,0.4242640687119285,0,1047.958984375
49035,10,130,10,63,2,46.981653903992616,-2.384008585708486,0.4242640687119285,0,1047.958984375
49035,10,130,10,64,2,61.52069913446421,-2.4996602384077162,0.3414213562373095,0,1047.958984375
49035,10,130,10,65,2,54.0527096123688,-2.3842682066520946,0.382842712474619,0,1047.958984375
49035,10,130,10,66,2,47.52467160207282,-2.2346670678171643,0.3414213562373095,0,1047.958984375
49035,10,131,11,1,2,12.200740917336141,-0.4423846931179891,0.6034068236642477,0,1048.4930419921875
49035,10,131,11,2,,,,,0,1048.4930419921875
49035,10,131,11,3,2,8.96411603109574,-0.314930035447305,0.7685569981889047,0,1048.4930419921875
49035,10,131,11,4,2,8.101590926568521,-0.901215436778787,0.5276927682076162,0,1048.4930419921875
49035,10,131,11,5,2,8.516729103348688,0.08919807930394219,0.5905350201669267,0,1048.4930419921875
49035,10,131,11,6,,,,,0,1048.4930419921875
49035,10,131,11,7,2,12.836186875195787,0.5580279973427813,0.4090963330049865,0,1048.4930419921875
49035,10,131,11,8,,,,,0,1048.4930419921875
49035,10,131,11,9,,,,,0,1048.4930419921875
49035,10,131,11,10,,,,,0,1048.4930419921875
49035,10,131,11,11,2,5.451701678511198,-1.7541158303606137,0.3538988508520741,1,1048.4930419921875
49035,10,131,11,12,,,,,0,1048.4930419921875
49035,10,131,11,13,,,,,0,1048.4930419921875
49035,10,131,11,14,,,,,0,1048.4930419921875
49035,10,131,11,15,,,,,0,1048.4930419921875
49035,10,131,11,16,,,,,0,1048.4930419921875
49035,10,131,11,17,,,,,0,1048.4930419921875
49035,10,131,11,18,2,38.46290405098598,0.30874767725743046,0.37888543819998316,0,1048.4930419921875
49035,10,131,11,19,2,45.86363685442534,0.5086079572264981,0.3414213562373095,0,1048.4930419921875
49035,10,131,11,20,2,36.38727777891088,0.43041416143011624,0.482842712474619,0,1048.4930419921875
49035,10,131,11,21,2,27.287264113586783,0.2987420514592958,0.3414213562373095,0,1048.4930419921875
49035,10,131,11,22,2,39.79186576376357,0.5934655559229309,0.4242640687119285,0,1048.4930419921875
49035,10,131,11,23,2,30.065817461136806,0.5262445270557601,0.4242640687119285,0,1048.4930419921875
49035,10,131,11,24,2,49.065983924105986,0.7349000457852521,0.37888543819998316,0,1048.4930419921875
49035,10,131,11,25,2,44.07665116320813,0.7278806360228764,0.482842712474619,0,1048.4930419921875
49035,10,131,11,26,2,34.107359563709366,0.7076835384292401,0.4242640687119285,0,1048.4930419921875
49035,10,131,11,27,2,24.1634595009319,0.6708361090293886,0.482842712474619,0,1048.4930419921875
49035,10,131,11,28,2,19.213359268375896,0.6381320893958029,0.44328887294614544,0,1048.4930419921875
49035,10,131,11,29,2,39.02141172753639,-5.436017758979316,0.4242640687119285,0,1048.4930419921875
49035,10,131,11,30,2,29.038446443550214,-5.418685120666102,0.4242640687119285,0,1048.4930419921875
49035,10,131,11,31,2,44.519986186112774,-5.3293009157213245,0.3414213562373095,0,1048.4930419921875
49035,10,131,11,32,2,34.67837897965664,-5.284179151557161,0.482842712474619,0,1048.4930419921875
49035,10,131,11,33,2,24.962987948194648,-5.203647487499778,0.3414213562373095,0,1048.4930419921875
49035,10,131,11,34,2,36.017064910691424,-5.147761250147762,0.4308640753373011,0,1048.4930419921875
49035,10,131,11,35,2,16.179389983271573,-4.503369757798882,0.613407053921902,0,1048.4930419921875
49035,10,131,11,36,2,21.97702341526864,-4.604555213744019,0.682842712474619,0,1048.4930419921875
49035,10,131,11,37,2,19.190361057514675,-4.4020595380617085,0.8513997106635237,0,1048.4930419921875
49035,10,131,11,38,2,17.42269660070695,-4.145570107276443,0.682842712474619,0,1048.4930419921875
49035,10,131,11,39,2,22.593124084965645,-4.448158016804989,0.848528137423857,0,1048.4930419921875
49035,10,131,11,40,2,20.51169557206728,-4.236581713870706,0.848528137423857,0,1048.4930419921875
49035,10,131,11,41,2,28.06567787875035,-4.587553501878791,0.613407053921902,0,1048.4930419921875
49035,10,131,11,42,2,26.031299512693053,-4.482136472247133,0.8513997106635237,0,1048.4930419921875
49035,10,131,11,43,2,23.725702384587972,-4.303372461590672,0.848528137423857,0,1048.4930419921875
49035,10,131,11,44,2,22.320155755830942,-4.09447830242106,0.8513997106635237,0,1048.4930419921875
49035,10,131,11,45,2,21.968969763971863,-3.9370561565698647,0.613407053921902,0,1048.4930419921875
49035,10,131,11,46,2,27.020145300181536,-4.354059068238553,0.848528137423857,0,1048.4930419921875
49035,10,131,11,47,2,25.305506344774688,-4.174198037001167,0.848528137423857,0,1048.4930419921875
49035,10,131,11,48,2,30.36885823411544,-4.393651422307185,0.682842712474619,0,1048.4930419921875
49035,10,131,11,49,2,28.417388158771928,-4.236787668283856,0.8513997106635237,0,1048.4930419921875
49035,10,131,11,50,2,27.254877528413527,-4.061826241658037,0.682842712474619,0,1048.4930419921875
49035,10,131,11,51,2,31.757601405857123,-4.201985107728507,0.613407053921902,0,1048.4930419921875
49035,10,131,11,52,2,42.503971127210185,-5.075818232612656,0.4308640753373011,0,1048.4930419921875
49035,10,131,11,53,2,53.67183394539416,-5.064762390317146,0.3414213562373095,0,1048.4930419921875
49035,10,131,11,54,2,44.735070780171846,-4.973156698165501,0.482842712474619,0,1048.4930419921875
49035,10,131,11,55,2,36.35639361036796,-4.837697187313962,0.3414213562373095,0,1048.4930419921875
49035,10,131,11,56,2,51.58086035060624,-4.936294057206077,0.4242640687119285,0,1048.4930419921875
49035,10,131,11,57,2,43.37217948355561,-4.815473733750371,0.4242640687119285,0,1048.4930419921875
49035,10,131,11,58,2,58.48028515072836,-4.908098266536389,0.382842712474619,0,1048.4930419921875
49035,10,131,11,59,2,50.40341803841799,-4.799444409757423,0.4242640687119285,0,1048.4930419921875
49035,10,131,11,60,2,43.140066627214885,-4.651909218467726,0.482842712474619,0,1048.4930419921875
49035,10,131,11,61,2,39.954295738043605,-4.559053266220012,0.37888543819998316,0,1048.4930419921875
49035,10,131,11,62,2,57.444435298445384,-4.787342037907788,0.4242640687119285,0,1048.4930419921875
49035,10,131,11,63,2,50.20382401174533,-4.658816523920358,0.4242640687119285,0,1048.4930419921875
49035,10,131,11,64,2,64.49202852724541,-4.777883580390015,0.3414213562373095,0,1048.4930419921875
49035,10,131,11,65,2,57.26938573272857,-4.664019663235717,0.382842712474619,0,1048.4930419921875
49035,10,131,11,66,2,50.99356175880514,-4.519826736218855,0.3414213562373095,0,1048.4930419921875
49035,10,132,4,1,2,12.918877795244184,2.1533041179858574,0.613407053921902,0,1048.8089599609375
49035,10,132,4,2,2,14.307674502702453,2.594002253625207,0.6466890965784271,0,1048.8089599609375
49035,10,132,4,3,2,10.259037070136465,2.3512329224247064,0.7685569981889047,0,1048.8089599609375
49035,10,132,4,4,2,7.4690115502378545,1.8726796674190824,0.49033749051054326,1,1048.8089599609375
49035,10,132,4,5,2,10.94044305759866,2.680178822971583,0.7195315787953919,0,1048.8089599609375
49035,10,132,4,6,,,,,0,1048.8089599609375
49035,10,132,4,7,2,16.078306584801666,2.9815167115527696,0.47153869179611585,0,1048.8089599609375
49035,10,132,4,8,,,,,0,1048.8089599609375
49035,10,132,4,9,,,,,0,1048.8089599609375
49035,10,132,4,10,,,,,0,1048.8089599609375
49035,10,132,4,11,,,,,0,1048.8089599609375
49035,10,132,4,12,,,,,0,1048.8089599609375
49035,10,132,4,13,,,,,0,1048.8089599609375
49035,10,132,4,14,,,,,0,1048.8089599609375
49035,10,132,4,15,,,,,0,1048.8089599609375
49035,10,132,4,16,,,,,0,1048.8089599609375
49035,10,132,4,17,,,,,0,1048.8089599609375
49035,10,132,4,18,2,41.14802176771949,2.682383670871314,0.37888543819998316,0,1048.8089599609375
49035,10,132,4,19,2,48.954185815370415,2.8609559939398914,0.3414213562373095,0,1048.8089599609375
49035,10,132,4,20,2,39.33940635937607,2.7983077875506286,0.482842712474619,0,1048.8089599609375
49035,10,132,4,21,2,29.977749691569972,2.695890131285119,0.3414213562373095,0,1048.8089599609375
49035,10,132,4,22,2,43.02882519995599,2.945057189130544,0.4242640687119285,0,1048.8089599609375
49035,10,132,4,23,2,33.20476444654701,2.8956441106451085,0.4242640687119285,0,1048.8089599609375
49035,10,132,4,24,2,52.48649742112217,3.070607102299801,0.37888543819998316,0,1048.8089599609375
49035,10,132,4,25,2,47.49074334508375,3.0664807536912115,0.482842712474619,0,1048.8089599609375
49035,10,132,4,26,2,37.50263040549184,3.0549305352539817,0.4242640687119285,0,1048.8089599609375
49035,10,132,4,27,2,27.52315154907276,3.0349999477909946,0.482842712474619,0,1048.8089599609375
49035,10,132,4,28,2,22.540234318311303,3.018419946776714,0.44328887294614544,0,1048.8089599609375
49035,10,132,4,29,2,42.548069200742475,-3.1041533944494866,0.4242640687119285,0,1048.8089599609375
49035,10,132,4,30,2,32.57936120573077,-3.082921505933466,0.4242640687119285,0,1048.8089599609375
49035,10,132,4,31,2,48.10643510063305,-3.0075046660036073,0.3414213562373095,0,1048.8089599609375
49035,10,132,4,32,2,38.27931140908525,-2.964357960530002,0.482842712474619,0,1048.8089599609375
49035,10,132,4,33,2,28.57240392084693,-2.8916717948447745,0.3414213562373095,0,1048.8089599609375
49035,10,132,4,34,2,39.61987984920103,-2.840589636212374,0.4308640753373011,0,1048.8089599609375
49035,10,132,4,35,2,19.06580966322458,-2.3138547853550255,0.613407053921902,0,1048.8089599609375
49035,10,132,4,36,2,25.026331019570893,-2.3739415800360315,0.682842712474619,0,1048.8089599609375
49035,10,132,4,37,2,21.837022146627245,-2.209033198151679,0.8513997106635237,0,1048.8089599609375
49035,10,132,4,38,2,19.426626782934832,-1.995942739567172,0.682842712474619,0,1048.8089599609375
49035,10,132,4,39,2,25.32392127855426,-2.233885478627441,0.848528137423857,0,1048.8089599609375
49035,10,132,4,40,2,22.7340995171035,-2.0553959818472824,0.848528137423857,0,1048.8089599609375
49035,10,132,4,41,2,31.06637470418348,-2.3425134536824097,0.613407053921902,0,1048.8089599609375
49035,10,132,4,42,2,28.822672353765842,-2.252713573099266,0.8513997106635237,0,1048.8089599609375
49035,10,132,4,43,2,26.10143163781807,-2.0996338707407625,0.848528137423857,0,1048.8089599609375
49035,10,132,4,44,2,24.1210079697106,-1.9164059339213928,0.8513997106635237,0,1048.8089599609375
49035,10,132,4,45,2,23.279815931975257,-1.7729121301780661,0.613407053921902,0,1048.8089599609375
49035,10,132,4,46,2,29.508137627336204,-2.1337117649309545,0.848528137423857,0,1048.8089599609375
49035,10,132,4,47,2,27.317914967379316,-1.975234482583887,0.848528137423857,0,1048.8089599609375
49035,10,132,4,48,2,32.94200417284806,-2.1607112676812386,0.682842712474619,0,1048.8089599609375
49035,10,132,4,49,2,30.589441493023234,-2.0216130374914356,0.8513997106635237,0,1048.8089599609375
49035,10,132,4,50,2,28.91802591440577,-1.8630054330998225,0.682842712474619,0,1048.8089599609375
49035,10,132,4,51,2,33.816628586733366,-1.9794889611088151,0.613407053921902,0,1048.8089599609375
49035,10,132,4,52,2,46.082814417582775,-2.773436232709205,0.4308640753373011,0,1048.8089599609375
49035,10,132,4,53,2,57.24489844601413,-2.761001650816823,0.3414213562373095,0,1048.8089599609375
49035,10,132,4,54,2,48.24992209275344,-2.677841366469859,0.482842712474619,0,1048.8089599609375
49035,10,132,4,55,2,39.738288410789416,-2.557895640932611,0.3414213562373095,0,1048.8089599609375
49035,10,132,4,56,2,55.06310822444575,-2.6411285891551053,0.4242640687119285,0,1048.8089599609375
49035,10,132,4,57,2,46.72282601897417,-2.5323008630210113,0.4242640687119285,0,1048.8089599609375
49035,10,132,4,58,2,61.93413269528583,-2.6125299456095568,0.382842712474619,0,1048.8089599609375
49035,10,132,4,59,2,53.730004434948434,-2.5133721030959815,0.4242640687119285,0,1048.8089599609375
49035,10,132,4,60,2,46.23840352393109,-2.380380769150064,0.482842712474619,0,1048.8089599609375
49035,10,132,4,61,2,42.878062600507455,-2.2972053543228155,0.37888543819998316,0,1048.8089599609375
49035,10,132,4,62,2,60.75198994238648,-2.4988148255425697,0.4242640687119285,0,1048.8089599609375
49035,10,132,4,63,2,53.309294366199715,-2.381388399519382,0.4242640687119285,0,1048.8089599609375
49035,10,132,4,64,2,67.78418095204866,-2.487275963405272,0.3414213562373095,0,1048.8089599609375
49035,10,132,4,65,2,60.38022665742802,-2.3821600298847856,0.382842712474619,0,1048.8089599609375
49035,10,132,4,66,2,53.82237782804366,-2.2496325358644165,0.3414213562373095,0,1048.8089599609375
49035,10,133,3,1,2,8.924212040225445,0.06733277110744273,0.6034068236642477,0,1049.31005859375
49035,10,133,3,2,2,11.887940954124417,0.5913032376464877,0.6466890965784271,0,1049.31005859375
49035,10,133,3,3,2,7.0748035972241246,0.4435115555729561,0.7685569981889047,1,1049.31005859375
49035,10,133,3,4,,,,,0,1049.31005859375
49035,10,133,3,5,2,9.127058501589868,-5.479460807893988,0.7195315787953919,0,1049.31005859375
49035,10,133,3,6,,,,,0,1049.31005859375
49035,10,133,3,7,2,15.335995363073422,-5.3167163547830985,0.47153869179611585,0,1049.31005859375
49035,10,133,3,8,,,,,0,1049.31005859375
49035,10,133,3,9,,,,,0,1049.31005859375
49035,10,133,3,10,,,,,0,1049.31005859375
49035,10,133,3,11,,,,,0,1049.31005859375
49035,10,133,3,12,,,,,0,1049.31005859375
49035,10,133,3,13,,,,,0,1049.31005859375
49035,10,133,3,14,,,,,0,1049.31005859375
49035,10,133,3,15,,,,,0,1049.31005859375
49035,10,133,3,16,,,,,0,1049.31005859375
49035,10,133,3,17,,,,,0,1049.31005859375
49035,10,133,3,18,2,38.69384699983095,0.47287995061719723,0.37888543819998316,0,1049.31005859375
49035,10,133,3,19,2,47.222714785790075,0.6421969551876123,0.3414213562373095,0,1049.31005859375
49035,10,133,3,20,2,37.38240499701926,0.599829072539519,0.482842712474619,0,1049.31005859375
49035,10,133,3,21,2,27.656890913156964,0.5274465504078036,0.3414213562373095,0,1049.31005859375
49035,10,133,3,22,2,41.70065833131975,0.7417665020977742,0.4242640687119285,0,1049.31005859375
49035,10,133,3,23,2,31.72387613275782,0.7230417929752315,0.4242640687119285,0,1049.31005859375
49035,10,133,3,24,2,51.688643833623814,-5.433153568475873,0.37888543819998316,0,1049.31005859375
49035,10,133,3,25,2,46.69524180438264,-5.427926857515926,0.482842712474619,0,1049.31005859375
49035,10,133,3,26,2,36.71382598954865,-5.413209234533495,0.4242640687119285,0,1049.31005859375
49035,10,133,3,27,2,26.746297508476793,-5.387512451994862,0.482842712474619,0,1049.31005859375
49035,10,133,3,28,2,21.773702859699785,-5.365848769567605,0.44328887294614544,0,1049.31005859375
49035,10,133,3,29,2,42.30136783480121,-5.30319025643931,0.4242640687119285,0,1049.31005859375
49035,10,133,3,30,2,32.50946219666282,-5.248457657056024,0.4242640687119285,0,1049.31005859375
49035,10,133,3,31,2,48.27946170577559,-5.219598346711637,0.3414213562373095,0,1049.31005859375
49035,10,133,3,32,2,38.70873072344978,-5.152538276967196,0.482842712474619,0,1049.31005859375
49035,10,133,3,33,2,29.424908595297953,-5.042367949942001,0.3414213562373095,0,1049.31005859375
49035,10,133,3,34,2,40.60290927920546,-5.035751600274262,0.4308640753373011,0,1049.31005859375
49035,10,133,3,35,2,22.29492976671101,-4.4598086713173135,0.613407053921902,0,1049.31005859375
49035,10,133,3,36,2,27.995454504122996,-4.547110131489297,0.682842712474619,0,1049.31005859375
49035,10,133,3,37,2,25.347094087941667,-4.387734675970456,0.8513997106635237,0,1049.31005859375
49035,10,133,3,38,2,23.47775296985455,-4.197346846598184,0.682842712474619,0,1049.31005859375
49035,10,133,3,39,2,28.735440307312427,-4.42514253178775,0.848528137423857,0,1049.31005859375
49035,10,133,3,40,2,26.635600903033193,-4.2609387602446,0.848528137423857,0,1049.31005859375
49035,10,133,3,41,2,34.097141911601355,-4.54260072767687,0.613407053921902,0,1049.31005859375
49035,10,133,3,42,2,32.155495340723085,-4.454627279972643,0.8513997106635237,0,1049.31005859375
49035,10,133,3,43,2,29.878179101441425,-4.3108952833095,0.848528137423857,0,1049.31005859375
49035,10,133,3,44,2,28.309632498998603,-4.147472386664614,0.8513997106635237,0,1049.31005859375
49035,10,133,3,45,2,27.70010986071609,-4.024318789817937,0.613407053921902,0,1049.31005859375
49035,10,133,3,46,2,33.18065607202425,-4.350991690039629,0.848528137423857,0,1049.31005859375
49035,10,133,3,47,2,31.37970113274673,-4.206312160548111,0.848528137423857,0,1049.31005859375
49035,10,133,3,48,2,36.526788639601314,-4.383786835687591,0.682842712474619,0,1049.31005859375
49035,10,133,3,49,2,34.53890551440006,-4.2545307314130785,0.8513997106635237,0,1049.31005859375
49035,10,133,3,50,2,33.191349775855784,-4.112201221329608,0.682842712474619,0,1049.31005859375
49035,10,133,3,51,2,37.85296923007554,-4.2233993462059845,0.613407053921902,0,1049.31005859375
49035,10,133,3,52,2,47.32966240994843,-4.986025719050785,0.4308640753373011,0,1049.31005859375
49035,10,133,3,53,2,58.50528129949839,-4.992199482800109,0.3414213562373095,0,1049.31005859375
49035,10,133,3,54,2,49.90317977398364,-4.897789378367651,0.482842712474619,0,1049.31005859375
49035,10,133,3,55,2,41.92596764745715,-4.765858729803726,0.3414213562373095,0,1049.31005859375
49035,10,133,3,56,2,56.84916932954101,-4.872929193898184,0.4242640687119285,0,1049.31005859375
49035,10,133,3,57,2,48.98252203674205,-4.755866575210408,0.4242640687119285,0,1049.31005859375
49035,10,133,3,58,2,63.82263513333748,-4.853491692084569,0.382842712474619,0,1049.31005859375
49035,10,133,3,59,2,56.042735184716115,-4.748391428269702,0.4242640687119285,0,1049.31005859375
49035,10,133,3,60,2,49.07389915836433,-4.611528822116411,0.482842712474619,0,1049.31005859375
49035,10,133,3,61,2,46.01062143044645,-4.528340879556695,0.37888543819998316,0,1049.31005859375
49035,10,133,3,62,2,63.10537908045965,-4.742589225675001,0.4242640687119285,0,1049.31005859375
49035,10,133,3,63,2,56.12261826135349,-4.622232871864847,0.4242640687119285,0,1049.31005859375
49035,10,133,3,64,2,70.16971975712039,-4.737955166369487,0.3414213562373095,0,1049.31005859375
49035,10,133,3,65,2,63.176332454598096,-4.630547464671368,0.382842712474619,0,1049.31005859375
49035,10,133,3,66,2,57.08509782802337,-4.498389907711545,0.3414213562373095,0,1049.31005859375
49035,10,134,5,1,2,4.027148863299286,-0.8190872481995637,0.47153869179611585,0,1049.7099609375
49035,10,134,5,2,2,7.222733891061862,-6.096242326964609,0.6105354806822353,0,1049.7099609375
49035,10,134,5,3,,,,,0,1049.7099609375
49035,10,134,5,4,,,,,0,1049.7099609375
49035,10,134,5,5,2,5.409772136714876,-5.605756599140479,0.6366888663207728,1,1049.7099609375
49035,10,134,5,6,2,2.655568120361396,-4.439835882728998,0.48033726025288903,0,1049.7099609375
49035,10,134,5,7,2,11.890184673968035,-5.668637840447495,0.47153869179611585,0,1049.7099609375
49035,10,134,5,8,,,,,0,1049.7099609375
49035,10,134,5,9,,,,,0,1049.7099609375
49035,10,134,5,10,,,,,0,1049.7099609375
49035,10,134,5,11,,,,,0,1049.7099609375
49035,10,134,5,12,,,,,0,1049.7099609375
49035,10,134,5,13,,,,,0,1049.7099609375
49035,10,134,5,14,,,,,0,1049.7099609375
49035,10,134,5,15,,,,,0,1049.7099609375
49035,10,134,5,16,,,,,0,1049.7099609375
49035,10,134,5,17,,,,,0,1049.7099609375
49035,10,134,5,18,2,33.69595915846071,-0.12950132289916017,0.37888543819998316,0,1049.7099609375
49035,10,134,5,19,2,42.50004636017129,0.05285063651871358,0.3414213562373095,0,1049.7099609375
49035,10,134,5,20,2,32.58568329125715,0.01775703615700408,0.482842712474619,0,1049.7099609375
49035,10,134,5,21,2,22.746418849997497,-0.04784641945107726,0.3414213562373095,0,1049.7099609375
49035,10,134,5,22,2,37.22162597250253,-6.111966996641105,0.4242640687119285,0,1049.7099609375
49035,10,134,5,23,2,27.22172395309087,-6.11057631248348,0.4242640687119285,0,1049.7099609375
49035,10,134,5,24,2,47.50037596740611,-6.00731146506846,0.37888543819998316,0,1049.7099609375
49035,10,134,5,25,2,42.53318850633743,-5.994588255912265,0.482842712474619,0,1049.7099609375
49035,10,134,5,26,2,32.628897306789895,-5.957536485142089,0.4242640687119285,0,1049.7099609375
49035,10,134,5,27,2,22.80828258327328,-5.888402601039168,0.482842712474619,0,1049.7099609375
49035,10,134,5,28,2,17.97231654153549,-5.825654827487866,0.44328887294614544,0,1049.7099609375
49035,10,134,5,29,2,38.57807180168289,-5.849759986251632,0.4242640687119285,0,1049.7099609375
49035,10,134,5,30,2,29.048931802687804,-5.759144857477789,0.4242640687119285,0,1049.7099609375
49035,10,134,5,31,2,44.8541002408315,-5.771430114791471,0.3414213562373095,0,1049.7099609375
49035,10,134,5,32,2,35.601448332279496,-5.676471358072826,0.482842712474619,0,1049.7099609375
49035,10,134,5,33,2,26.889327591023413,-5.5176416024564725,0.3414213562373095,0,1049.7099609375
49035,10,134,5,34,2,37.99831858524045,-5.557096247855492,0.4308640753373011,0,1049.7099609375
49035,10,134,5,35,2,22.813964588466074,-4.867028057014168,0.613407053921902,0,1049.7099609375
49035,10,134,5,36,2,27.954014687298585,-4.997433950182836,0.682842712474619,0,1049.7099609375
49035,10,134,5,37,2,26.157472060740275,-4.824661771434054,0.8513997106635237,0,1049.7099609375
49035,10,134,5,38,2,25.238854016755816,-4.633083863715409,0.682842712474619,0,1049.7099609375
49035,10,134,5,39,2,29.300591919751177,-4.883146509923593,0.848528137423857,0,1049.7099609375
49035,10,134,5,40,2,28.041239172306405,-4.714134206591501,0.848528137423857,0,1049.7099609375
49035,10,134,5,41,2,33.99463992834276,-5.025730647672066,0.613407053921902,0,1049.7099609375
49035,10,134,5,42,2,32.52439129464482,-4.930172897573698,0.8513997106635237,0,1049.7099609375
49035,10,134,5,43,2,30.993909668802207,-4.780110459464347,0.848528137423857,0,1049.7099609375
49035,10,134,5,44,2,30.22265448349258,-4.618522504511359,0.8513997106635237,0,1049.7099609375
49035,10,134,5,45,2,30.168018318379254,-4.502559677589813,0.613407053921902,0,1049.7099609375
49035,10,134,5,46,2,34.05780055724754,-4.834418813270476,0.848528137423857,0,1049.7099609375
49035,10,134,5,47,2,32.980603182294196,-4.688605522465198,0.848528137423857,0,1049.7099609375
49035,10,134,5,48,2,37.20544477676125,-4.879653450570646,0.682842712474619,0,1049.7099609375
49035,10,134,5,49,2,35.87522165098543,-4.747632079791987,0.8513997106635237,0,1049.7099609375
49035,10,134,5,50,2,35.21104849302328,-4.608085277560587,0.682842712474619,0,1049.7099609375
49035,10,134,5,51,2,39.309895610036385,-4.729708953532073,0.613407053921902,0,1049.7099609375
49035,10,134,5,52,2,44.916532588615844,-5.521698697015296,0.4308640753373011,0,1049.7099609375
49035,10,134,5,53,2,56.02081021185115,-5.547653731079956,0.3414213562373095,0,1049.7099609375
49035,10,134,5,54,2,47.89471778530125,-5.435080009634598,0.482842712474619,0,1049.7099609375
49035,10,134,5,55,2,40.613751447940125,-5.279501707706229,0.3414213562373095,0,1049.7099609375
49035,10,134,5,56,2,54.93201867956804,-5.42162355048416,0.4242640687119285,0,1049.7099609375
49035,10,134,5,57,2,47.677033162245095,-5.2870406027633265,0.4242640687119285,0,1049.7099609375
49035,10,134,5,58,2,61.97700670967558,-5.411224766926747,0.382842712474619,0,1049.7099609375
49035,10,134,5,59,2,54.74232526695023,-5.292633743073509,0.4242640687119285,0,1049.7099609375
49035,10,134,5,60,2,48.500463818132545,-5.140863501335428,0.482842712474619,0,1049.7099609375
49035,10,134,5,61,2,45.881166049313606,-5.050546926133124,0.37888543819998316,0,1049.7099609375
49035,10,134,5,62,2,61.80893835127196,-5.296948066860066,0.4242640687119285,0,1049.7099609375
49035,10,134,5,63,2,55.46095631210071,-5.1648808961447035,0.4242640687119285,0,1049.7099609375
49035,10,134,5,64,2,68.8764658253463,-5.300377044281445,0.3414213562373095,0,1049.7099609375
49035,10,134,5,65,2,62.44629980656583,-5.18353388842141,0.382842712474619,0,1049.7099609375
49035,10,134,5,66,2,57.05359913688978,-5.042330015691842,0.3414213562373095,0,1049.7099609375
49035,10,135,2,1,2,3.6122613082236756,4.408618414481733,0.4008815710307323,0,1049.9930419921875
49035,10,135,2,2,2,4.610199250572969,6.068030882718026,0.4541838746143514,1,1049.9930419921875
49035,10,135,2,3,,,,,0,1049.9930419921875
49035,10,135,2,4,,,,,0,1049.9930419921875
49035,10,135,2,5,,,,,0,1049.9930419921875
49035,10,135,2,6,2,3.762856808090632,2.251452674333232,0.3689857016884763,0,1049.9930419921875
49035,10,135,2,7,2,9.479363533295768,0.34894183224966735,0.40634097938554925,0,1049.9930419921875
49035,10,135,2,8,,,,,0,1049.9930419921875
49035,10,135,2,9,,,,,0,1049.9930419921875
49035,10,135,2,10,,,,,0,1049.9930419921875
49035,10,135,2,11,,,,,0,1049.9930419921875
49035,10,135,2,12,,,,,0,1049.9930419921875
49035,10,135,2,13,,,,,0,1049.9930419921875
49035,10,135,2,14,,,,,0,1049.9930419921875
49035,10,135,2,15,,,,,0,1049.9930419921875
49035,10,135,2,16,,,,,0,1049.9930419921875
49035,10,135,2,17,,,,,0,1049.9930419921875
49035,10,135,2,18,2,31.281629171445847,5.7593241151520775,0.37888543819998316,0,1049.9930419921875
49035,10,135,2,19,2,39.935142607266634,5.959954911085249,0.3414213562373095,0,1049.9930419921875
49035,10,135,2,20,2,30.043795064341367,5.917509625009403,0.482842712474619,0,1049.9930419921875
49035,10,135,2,21,2,20.259408398903524,5.8337691864926535,0.3414213562373095,0,1049.9930419921875
49035,10,135,2,22,2,34.609419479582776,6.085154859924485,0.4242640687119285,0,1049.9930419921875
49035,10,135,2,23,2,24.6094681681491,6.084085608809907,0.4242640687119285,0,1049.9930419921875
49035,10,135,2,24,2,44.87858295620078,-0.0857973132103691,0.37888543819998316,0,1049.9930419921875
49035,10,135,2,25,2,39.912331572576726,-0.0720940441323239,0.482842712474619,0,1049.9930419921875
49035,10,135,2,26,2,30.01346728328343,-0.031103358617809107,0.4242640687119285,0,1049.9930419921875
49035,10,135,2,27,2,20.214406376892317,0.049896575527558884,0.482842712474619,0,1049.9930419921875
49035,10,135,2,28,2,15.411983278373185,0.12876217393461786,0.44328887294614544,0,1049.9930419921875
49035,10,135,2,29,2,35.9998682387909,0.08344968322177015,0.4242640687119285,0,1049.9930419921875
49035,10,135,2,30,2,26.529314352537003,0.18738953192407548,0.4242640687119285,0,1049.9930419921875
49035,10,135,2,31,2,42.322249562799556,0.16459819396660835,0.3414213562373095,0,1049.9930419921875
49035,10,135,2,32,2,33.15097004404708,0.27106205648278303,0.482842712474619,0,1049.9930419921875
49035,10,135,2,33,2,24.63332745827747,0.454660840462362,0.3414213562373095,0,1049.9930419921875
49035,10,135,2,34,2,35.68019216749817,0.39655381473966456,0.4308640753373011,0,1049.9930419921875
49035,10,135,2,35,2,21.89949587542222,1.1633362811386159,0.613407053921902,0,1049.9930419921875
49035,10,135,2,36,2,26.698191417561016,1.0072116297872817,0.682842712474619,0,1049.9930419921875
49035,10,135,2,37,2,25.331806654311862,1.192420937495782,0.8513997106635237,0,1049.9930419921875
49035,10,135,2,38,2,24.911993733423838,1.3910811176748337,0.682842712474619,0,1049.9930419921875
49035,10,135,2,39,2,28.315924420619382,1.121610999387061,0.848528137423857,0,1049.9930419921875
49035,10,135,2,40,2,27.489972338962787,1.2985919767130176,0.848528137423857,0,1049.9930419921875
49035,10,135,2,41,2,32.655747133316716,0.9623094823189544,0.613407053921902,0,1049.9930419921875
49035,10,135,2,42,2,31.414689608796387,1.064528827175997,0.8513997106635237,0,1049.9930419921875
49035,10,135,2,43,2,30.262017887439853,1.222489062134787,0.848528137423857,0,1049.9930419921875
49035,10,135,2,44,2,29.91148157518179,1.3884595089105736,0.8513997106635237,0,1049.9930419921875
49035,10,135,2,45,2,30.16092890486526,1.5047557507869953,0.613407053921902,0,1049.9930419921875
49035,10,135,2,46,2,33.17952492189302,1.159455221853703,0.848528137423857,0,1049.9930419921875
49035,10,135,2,47,2,32.47749801701526,1.3104050125101645,0.848528137423857,0,1049.9930419921875
49035,10,135,2,48,2,36.20734761709715,1.1067822107329623,0.682842712474619,0,1049.9930419921875
49035,10,135,2,49,2,35.21191594997382,1.244118800781764,0.8513997106635237,0,1049.9930419921875
49035,10,135,2,50,2,34.911116113220025,1.3865887734067837,0.682842712474619,0,1049.9930419921875
49035,10,135,2,51,2,38.684512839660066,1.255962472262207,0.613407053921902,0,1049.9930419921875
49035,10,135,2,52,2,42.6410413563644,0.42843811548008937,0.4308640753373011,0,1049.9930419921875
49035,10,135,2,53,2,53.707855099585295,0.39522785180041264,0.3414213562373095,0,1049.9930419921875
49035,10,135,2,54,2,45.74218737886799,0.5172742117945104,0.482842712474619,0,1049.9930419921875
49035,10,135,2,55,2,38.73192111177665,0.6869030293464014,0.3414213562373095,0,1049.9930419921875
49035,10,135,2,56,2,52.79706432226181,0.5270057655499607,0.4242640687119285,0,1049.9930419921875
49035,10,135,2,57,2,45.774927720909304,0.6719566833451656,0.4242640687119285,0,1049.9930419921875
49035,10,135,2,58,2,59.85576242847995,0.534442637364676,0.382842712474619,0,1049.9930419921875
49035,10,135,2,59,2,52.82543234749766,0.660998122261482,0.4242640687119285,0,1049.9930419921875
49035,10,135,2,60,2,46.88646190005674,0.8228348148262818,0.482842712474619,0,1049.9930419921875
49035,10,135,2,61,2,44.466249143684045,0.9186926094661891,0.37888543819998316,0,1049.9930419921875
49035,10,135,2,62,2,59.88078654748644,0.6526210918768349,0.4242640687119285,0,1049.9930419921875
49035,10,135,2,63,2,53.79147334244576,0.7924989312527537,0.4242640687119285,0,1049.9930419921875
49035,10,135,2,64,2,66.93945691736089,0.646010367503465,0.3414213562373095,0,1049.9930419921875
49035,10,135,2,65,2,60.73470918014372,0.769081447107455,0.382842712474619,0,1049.9930419921875
49035,10,135,2,66,2,55.6463737003774,0.9172976555987735,0.3414213562373095,0,1049.9930419921875
49035,10,136,1,1,2,7.983533713561518,-2.0379023844220434,0.3256836283625114,1,1050.5260009765625
49035,10,136,1,2,,,,,0,1050.5260009765625
49035,10,136,1,3,,,,,0,1050.5260009765625
49035,10,136,1,4,,,,,0,1050.5260009765625
49035,10,136,1,5,,,,,0,1050.5260009765625
49035,10,136,1,6,2,8.12153732843227,-2.868631301004262,0.4424945952817411,0,1050.5260009765625
49035,10,136,1,7,2,4.037619222896839,-5.195364665238724,0.33114303671732837,0,1050.5260009765625
49035,10,136,1,8,,,,,0,1050.5260009765625
49035,10,136,1,9,,,,,0,1050.5260009765625
49035,10,136,1,10,,,,,0,1050.5260009765625
49035,10,136,1,11,,,,,0,1050.5260009765625
49035,10,136,1,12,,,,,0,1050.5260009765625
49035,10,136,1,13,2,9.70603748612683,-3.409325408690356,0.4424945952817411,0,1050.5260009765625
49035,10,136,1,14,,,,,0,1050.5260009765625
49035,10,136,1,15,,,,,0,1050.5260009765625
49035,10,136,1,16,,,,,0,1050.5260009765625
49035,10,136,1,17,2,12.640384247027736,-3.9391298428529007,0.34849438328237714,0,1050.5260009765625
49035,10,136,1,18,2,27.255499081328022,-0.15011930247783578,0.37888543819998316,0,1050.5260009765625
49035,10,136,1,19,2,35.12562041722506,0.10724079984645529,0.3414213562373095,0,1050.5260009765625
49035,10,136,1,20,2,25.41869440544209,0.02679070075612966,0.482842712474619,0,1050.5260009765625
49035,10,136,1,21,2,16.075162234314416,-0.14972538143611924,0.3414213562373095,0,1050.5260009765625
49035,10,136,1,22,2,29.46535953609078,0.23907173097686485,0.4242640687119285,0,1050.5260009765625
49035,10,136,1,23,2,19.506620111474238,0.20121760363810504,0.4242640687119285,0,1050.5260009765625
49035,10,136,1,24,2,39.486129110281254,-5.898623695402925,0.37888543819998316,0,1050.5260009765625
49035,10,136,1,25,2,34.500794192379665,-5.888255845871434,0.482842712474619,0,1050.5260009765625
49035,10,136,1,26,2,24.548026712695545,-5.854896353842315,0.4242640687119285,0,1050.5260009765625
49035,10,136,1,27,2,14.659687277342902,-5.7763202923661865,0.482842712474619,0,1050.5260009765625
49035,10,136,1,28,2,9.800859087887504,-5.677858517096876,0.44328887294614544,0,1050.5260009765625
49035,10,136,1,29,2,30.40892965563005,-5.70997717333138,0.4242640687119285,0,1050.5260009765625
49035,10,136,1,30,2,20.904636289190304,-5.586572613306991,0.4242640687119285,0,1050.5260009765625
49035,10,136,1,31,2,36.6987791365721,-5.6132279760276385,0.3414213562373095,0,1050.5260009765625
49035,10,136,1,32,2,27.551791333725923,-5.486047673134121,0.482842712474619,0,1050.5260009765625
49035,10,136,1,33,2,19.271793411082694,-5.242101522455774,0.3414213562373095,0,1050.5260009765625
49035,10,136,1,34,2,30.20511547407418,-5.339010300678531,0.4308640753373011,0,1050.5260009765625
49035,10,136,1,35,2,19.334564341855184,-4.367611260079065,0.613407053921902,0,1050.5260009765625
49035,10,136,1,36,2,23.242169155904676,-4.589228532760846,0.682842712474619,0,1050.5260009765625
49035,10,136,1,37,2,22.83306450879567,-4.3724873879141555,0.8513997106635237,0,1050.5260009765625
49035,10,136,1,38,2,23.505302436981363,-4.158210636474015,0.682842712474619,0,1050.5260009765625
49035,10,136,1,39,2,25.394832712970285,-4.473721477055784,0.848528137423857,0,1050.5260009765625
49035,10,136,1,40,2,25.515641013129247,-4.277038160884932,0.848528137423857,0,1050.5260009765625
49035,10,136,1,41,2,28.920424214089092,-4.675566382166942,0.613407053921902,0,1050.5260009765625
49035,10,136,1,42,2,28.168177473465818,-4.5557334258979605,0.8513997106635237,0,1050.5260009765625
49035,10,136,1,43,2,27.831576131577688,-4.3773265882980095,0.848528137423857,0,1050.5260009765625
49035,10,136,1,44,2,28.38568367608824,-4.200301318093883,0.8513997106635237,0,1050.5260009765625
49035,10,136,1,45,2,29.27972546341135,-4.082856932512593,0.613407053921902,0,1050.5260009765625
49035,10,136,1,46,2,30.383306660479306,-4.46150622675165,0.848528137423857,0,1050.5260009765625
49035,10,136,1,47,2,30.48435223874478,-4.297063473886983,0.848528137423857,0,1050.5260009765625
49035,10,136,1,48,2,33.11637083500617,-4.532227678150031,0.682842712474619,0,1050.5260009765625
49035,10,136,1,49,2,32.83054104142643,-4.380692160365087,0.8513997106635237,0,1050.5260009765625
49035,10,136,1,50,2,33.30157402982512,-4.23000584692524,0.682842712474619,0,1050.5260009765625
49035,10,136,1,51,2,36.32998598466935,-4.38249695969775,0.613407053921902,0,1050.5260009765625
49035,10,136,1,52,2,37.20814948524043,-5.309820653645065,0.4308640753373011,0,1050.5260009765625
49035,10,136,1,53,2,48.22233266484216,-5.355160067781762,0.3414213562373095,0,1050.5260009765625
49035,10,136,1,54,2,40.46843440536066,-5.212089687628374,0.482842712474619,0,1050.5260009765625
49035,10,136,1,55,2,33.911576176923035,-5.0079211577307134,0.3414213562373095,0,1050.5260009765625
49035,10,136,1,56,2,47.537265072097085,-5.208034646859669,0.4242640687119285,0,1050.5260009765625
49035,10,136,1,57,2,40.89122627309062,-5.038357478185672,0.4242640687119285,0,1050.5260009765625
49035,10,136,1,58,2,54.60667503015235,-5.205029502368883,0.382842712474619,0,1050.5260009765625
49035,10,136,1,59,2,47.89770112887402,-5.059904735882318,0.4242640687119285,0,1050.5260009765625
49035,10,136,1,60,2,42.50283036473236,-4.873019554398329,0.482842712474619,0,1050.5260009765625
49035,10,136,1,61,2,40.46777726542876,-4.762840703113615,0.37888543819998316,0,1050.5260009765625
49035,10,136,1,62,2,54.920735253133515,-5.07594719050716,0.4242640687119285,0,1050.5260009765625
49035,10,136,1,63,2,49.28070592358695,-4.917051944959169,0.4242640687119285,0,1050.5260009765625
49035,10,136,1,64,2,61.95469754634127,-5.088349533946914,0.3414213562373095,0,1050.5260009765625
49035,10,136,1,65,2,56.13096617412621,-4.950389035653114,0.382842712474619,0,1050.5260009765625
49035,10,136,1,66,2,51.604129478397134,-4.784522337431513,0.3414213562373095,0,1050.5260009765625
49035,10,137,7,1,,,,,0,1051.29296875
49035,10,137,7,2,,,,,0,1051.29296875
49035,10,137,7,3,,,,,0,1051.29296875
49035,10,137,7,4,,,,,0,1051.29296875
49035,10,137,7,5,,,,,0,1051.29296875
49035,10,137,7,6,2,3.9003642583214155,-2.2563382059851524,0.3829293455937936,0,1051.29296875
49035,10,137,7,7,2,11.794431818063371,-3.5284758514984778,0.40634097938554925,1,1051.29296875
49035,10,137,7,8,,,,,0,1051.29296875
49035,10,137,7,9,,,,,0,1051.29296875
49035,10,137,7,10,,,,,0,1051.29296875
49035,10,137,7,11,,,,,0,1051.29296875
49035,10,137,7,12,,,,,0,1051.29296875
49035,10,137,7,13,2,8.825499575519975,-2.4033918745878777,0.48033726025288903,0,1051.29296875
49035,10,137,7,14,2,13.00371022937489,-3.0405990468408692,0.4541838746143514,0,1051.29296875
49035,10,137,7,15,,,,,0,1051.29296875
49035,10,137,7,16,,,,,0,1051.29296875
49035,10,137,7,17,2,14.842762878647664,-2.6185813839339485,0.423692325950598,0,1051.29296875
49035,10,137,7,18,2,32.679542963657454,1.9239493416261721,0.37888543819998316,0,1051.29296875
49035,10,137,7,19,2,41.658781924258165,2.104733767797103,0.3414213562373095,0,1051.29296875
49035,10,137,7,20,2,31.71165605457157,2.076477585385041,0.482842712474619,0,1051.29296875
49035,10,137,7,21,2,21.812935337409144,2.0224943256926666,0.3414213562373095,0,1051.29296875
49035,10,137,7,22,2,36.513260905841925,-4.054013354583203,0.4242640687119285,0,1051.29296875
49035,10,137,7,23,2,26.521561799574158,-4.040922574604728,0.4242640687119285,0,1051.29296875
49035,10,137,7,24,2,46.911830118611334,-3.9547323163000088,0.37888543819998316,0,1051.29296875
49035,10,137,7,25,2,41.96197462265954,-3.938811860511248,0.482842712474619,0,1051.29296875
49035,10,137,7,26,2,32.10891359954849,-3.8922767588073603,0.4242640687119285,0,1051.29296875
49035,10,137,7,27,2,22.386543968505205,-3.8049706484544816,0.482842712474619,0,1051.29296875
49035,10,137,7,28,2,17.642133091241835,-3.7255389072343315,0.44328887294614544,0,1051.29296875
49035,10,137,7,29,2,38.1912480130973,-3.789248580734415,0.4242640687119285,0,1051.29296875
49035,10,137,7,30,2,28.787956563612767,-3.6865836223125203,0.4242640687119285,0,1051.29296875
49035,10,137,7,31,2,44.56636082352414,-3.7150827133901068,0.3414213562373095,0,1051.29296875
49035,10,137,7,32,2,35.44482381622307,-3.611916913624152,0.482842712474619,0,1051.29296875
49035,10,137,7,33,2,26.953859717555126,-3.4408080102365926,0.3414213562373095,0,1051.29296875
49035,10,137,7,34,2,38.000159694046104,-3.494747076991422,0.4308640753373011,0,1051.29296875
49035,10,137,7,35,2,23.674937443895118,-2.79568113418305,0.613407053921902,0,1051.29296875
49035,10,137,7,36,2,28.671218578986352,-2.9303250169731467,0.682842712474619,0,1051.29296875
49035,10,137,7,37,2,27.05783221101213,-2.7602075094447445,0.8513997106635237,0,1051.29296875
49035,10,137,7,38,2,26.30995615949519,-2.574652229181634,0.682842712474619,0,1051.29296875
49035,10,137,7,39,2,30.140020406207505,-2.820869595334441,0.848528137423857,0,1051.29296875
49035,10,137,7,40,2,29.043215029364056,-2.6558025725654475,0.848528137423857,0,1051.29296875
49035,10,137,7,41,2,34.675699269160134,-2.9650138825587717,0.613407053921902,0,1051.29296875
49035,10,137,7,42,2,33.312390730986635,-2.870131796629344,0.8513997106635237,0,1051.29296875
49035,10,137,7,43,2,31.934352746990154,-2.722636805015027,0.848528137423857,0,1051.29296875
49035,10,137,7,44,2,31.30320102680349,-2.5655987136149694,0.8513997106635237,0,1051.29296875
49035,10,137,7,45,2,31.33211851971013,-2.4537862489735907,0.613407053921902,0,1051.29296875
49035,10,137,7,46,2,34.944204548057996,-2.7781720115158564,0.848528137423857,0,1051.29296875
49035,10,137,7,47,2,34.00271960669897,-2.6355933291842883,0.848528137423857,0,1051.29296875
49035,10,137,7,48,2,38.044605105373826,-2.8247807576805815,0.682842712474619,0,1051.29296875
49035,10,137,7,49,2,36.84398847545023,-2.6950482714740316,0.8513997106635237,0,1051.29296875
49035,10,137,7,50,2,36.298305689582584,-2.559036532580581,0.682842712474619,0,1051.29296875
49035,10,137,7,51,2,40.29395870060484,-2.6797442101565747,0.613407053921902,0,1051.29296875
49035,10,137,7,52,2,44.96222001889636,-3.46482408420609,0.4308640753373011,0,1051.29296875
49035,10,137,7,53,2,56.02769683046957,-3.4966739419268293,0.3414213562373095,0,1051.29296875
49035,10,137,7,54,2,48.05494595187427,-3.3802786025819818,0.482842712474619,0,1051.29296875
49035,10,137,7,55,2,40.98112795846527,-3.22083204887269,0.3414213562373095,0,1051.29296875
49035,10,137,7,56,2,55.1077755193602,-3.370415919790396,0.4242640687119285,0,1051.29296875
49035,10,137,7,57,2,48.031676433399056,-3.232965118846401,0.4242640687119285,0,1051.29296875
49035,10,137,7,58,2,62.16474897356889,-3.362791862682846,0.382842712474619,0,1051.29296875
49035,10,137,7,59,2,55.087485268955426,-3.241991151575202,0.4242640687119285,0,1051.29296875
49035,10,137,7,60,2,49.03882188193277,-3.0886281299623666,0.482842712474619,0,1051.29296875
49035,10,137,7,61,2,46.528416701228956,-2.9980725392049523,0.37888543819998316,0,1051.29296875
49035,10,137,7,62,2,62.14676279189464,-3.248967108063526,0.4242640687119285,0,1051.29296875
49035,10,137,7,63,2,55.967804529234186,-3.115550490398222,0.4242640687119285,0,1051.29296875
49035,10,137,7,64,2,69.2084475896307,-3.254519707081811,0.3414213562373095,0,1051.29296875
49035,10,137,7,65,2,62.928405637495736,-3.1365295407946405,0.382842712474619,0,1051.29296875
49035,10,137,7,66,2,57.707532042080544,-2.9948792145616525,0.3414213562373095,0,1051.29296875
49035,10,138,8,1,,,,,0,1052.79296875
49035,10,138,8,2,,,,,0,1052.79296875
49035,10,138,8,3,,,,,0,1052.79296875
49035,10,138,8,4,,,,,0,1052.79296875
49035,10,138,8,5,,,,,0,1052.79296875
49035,10,138,8,6,2,9.591393356724026,1.8260672979079466,0.6242640687119285,0,1052.79296875
49035,10,138,8,7,,,,,0,1052.79296875
49035,10,138,8,8,2,1.7822953798279741,1.5269622791070432,0.682842712474619,1,1052.79296875
49035,10,138,8,9,2,6.781033154135471,1.5592786230051943,0.848528137423857,0,1052.79296875
49035,10,138,8,10,,,,,0,1052.79296875
49035,10,138,8,11,,,,,0,1052.79296875
49035,10,138,8,12,2,4.996998574300293,1.0287036800801563,0.848528137423857,0,1052.79296875
49035,10,138,8,13,2,9.632021001227493,1.2998334335750585,0.765685424949238,0,1052.79296875
49035,10,138,8,14,2,5.381224662252437,0.3372445679068099,0.682842712474619,0,1052.79296875
49035,10,138,8,15,2,8.471328861646334,0.9279881276953638,0.8513997106635237,0,1052.79296875
49035,10,138,8,16,,,,,0,1052.79296875
49035,10,138,8,17,2,10.934354764385349,0.6688923111370885,0.6034068236642477,0,1052.79296875
49035,10,138,8,18,2,27.60080436516808,4.141199861536322,0.37888543819998316,0,1052.79296875
49035,10,138,8,19,2,34.66949287220542,4.422145722892209,0.3414213562373095,0,1052.79296875
49035,10,138,8,20,2,25.250453533530028,4.308562974061742,0.482842712474619,0,1052.79296875
49035,10,138,8,21,2,16.528674214286387,4.068532739324608,0.3414213562373095,0,1052.79296875
49035,10,138,8,22,2,28.645428463842332,4.539710634631723,0.4242640687119285,0,1052.79296875
49035,10,138,8,23,2,18.872526050059253,4.448541210595902,0.4242640687119285,0,1052.79296875
49035,10,138,8,24,2,38.21949641594888,-1.5687528603406982,0.37888543819998316,0,1052.79296875
49035,10,138,8,25,2,33.219508426604655,-1.5684452903071495,0.482842712474619,0,1052.79296875
49035,10,138,8,26,2,23.21954796584797,-1.5674327664082868,0.4242640687119285,0,1052.79296875
49035,10,138,8,27,2,13.219647324016295,-1.564888403770592,0.482842712474619,0,1052.79296875
49035,10,138,8,28,2,8.21978766075496,-1.5612946969640675,0.3894427190999916,0,1052.79296875
49035,10,138,8,29,2,28.672679957870418,-1.3927512643097324,0.4242640687119285,0,1052.79296875
49035,10,138,8,30,2,18.913863793511908,-1.2989757556493418,0.4242640687119285,0,1052.79296875
49035,10,138,8,31,2,34.71451777275055,-1.2762416834973798,0.3414213562373095,0,1052.79296875
49035,10,138,8,32,2,25.31223838042914,-1.1612957098528245,0.482842712474619,0,1052.79296875
49035,10,138,8,33,2,16.622908273245287,-0.9194246612282564,0.3414213562373095,0,1052.79296875
49035,10,138,8,34,2,27.68556327533084,-0.9948608553435356,0.4308640753373011,0,1052.79296875
49035,10,138,8,35,2,16.673448460603243,0.10699558031311551,0.613407053921902,0,1052.79296875
49035,10,138,8,36,2,20.334570346656914,-0.15899132375358227,0.682842712474619,0,1052.79296875
49035,10,138,8,37,2,20.15689919108758,0.08845146597718712,0.8513997106635237,0,1052.79296875
49035,10,138,8,38,2,21.192131058867,0.3256847338584947,0.682842712474619,0,1052.79296875
49035,10,138,8,39,2,22.589558851685037,-0.03185269310085048,0.848528137423857,0,1052.79296875
49035,10,138,8,40,2,22.98029597133749,0.18736626039211868,0.848528137423857,0,1052.79296875
49035,10,138,8,41,2,25.962697655602867,-0.2617904558055919,0.613407053921902,0,1052.79296875
49035,10,138,8,42,2,25.283903045768398,-0.1276772876999659,0.8513997106635237,0,1052.79296875
49035,10,138,8,43,2,25.141232806772717,0.07088257414968013,0.848528137423857,0,1052.79296875
49035,10,138,8,44,2,25.978595436645012,0.26406474152922477,0.8513997106635237,0,1052.79296875
49035,10,138,8,45,2,27.10353306365137,0.3890481512295003,0.613407053921902,0,1052.79296875
49035,10,138,8,46,2,27.58748214604623,-0.026080603464288643,0.848528137423857,0,1052.79296875
49035,10,138,8,47,2,27.908332178310975,0.15398796843343754,0.848528137423857,0,1052.79296875
49035,10,138,8,48,2,30.24990504567732,-0.10662927384016574,0.682842712474619,0,1052.79296875
49035,10,138,8,49,2,30.130758189747276,0.0591296566209778,0.8513997106635237,0,1052.79296875
49035,10,138,8,50,2,30.832911359544866,0.22172612901608235,0.682842712474619,0,1052.79296875
49035,10,138,8,51,2,33.62527755305965,0.05297849467855498,0.613407053921902,0,1052.79296875
49035,10,138,8,52,2,34.633301634416796,-0.9523942131909466,0.4308640753373011,0,1052.79296875
49035,10,138,8,53,2,45.71252472257596,-0.9901020094817521,0.3414213562373095,0,1052.79296875
49035,10,138,8,54,2,37.75243812186406,-0.8442693208208194,0.482842712474619,0,1052.79296875
49035,10,138,8,55,2,30.997713654046027,-0.6282953101712141,0.3414213562373095,0,1052.79296875
49035,10,138,8,56,2,44.81318725970431,-0.8349852789817347,0.4242640687119285,0,1052.79296875
49035,10,138,8,57,2,37.99780809476227,-0.6574148121522856,0.4242640687119285,0,1052.79296875
49035,10,138,8,58,2,51.87674739805372,-0.8282290179577418,0.382842712474619,0,1052.79296875
49035,10,138,8,59,2,45.02009093987406,-0.6774629921211588,0.4242640687119285,0,1052.79296875
49035,10,138,8,60,2,39.52746204688061,-0.4790435469591863,0.482842712474619,0,1052.79296875
49035,10,138,8,61,2,37.48634537647162,-0.3603974559257086,0.37888543819998316,0,1052.79296875
49035,10,138,8,62,2,52.05558333610987,-0.6920966395424921,0.4242640687119285,0,1052.79296875
49035,10,138,8,63,2,46.31841344536465,-0.5251004370602605,0.4242640687119285,0,1052.79296875
49035,10,138,8,64,2,59.099567889205666,-0.7032438998693027,0.3414213562373095,0,1052.79296875
49035,10,138,8,65,2,53.18242747678866,-0.559326474893985,0.382842712474619,0,1052.79296875
49035,10,138,8,66,2,48.62080069226485,-0.38409985771129973,0.3414213562373095,0,1052.79296875
49035,10,139,14,1,,,,,0,1052.8089599609375
49035,10,139,14,2,,,,,0,1052.8089599609375
49035,10,139,14,3,,,,,0,1052.8089599609375
49035,10,139,14,4,,,,,0,1052.8089599609375
49035,10,139,14,5,,,,,0,1052.8089599609375
49035,10,139,14,6,2,9.591393356724026,1.8260672979079466,0.6242640687119285,0,1052.8089599609375
49035,10,139,14,7,,,,,0,1052.8089599609375
49035,10,139,14,8,,,,,0,1052.8089599609375
49035,10,139,14,9,2,6.781033154135471,1.5592786230051943,0.848528137423857,0,1052.8089599609375
49035,10,139,14,10,,,,,0,1052.8089599609375
49035,10,139,14,11,,,,,0,1052.8089599609375
49035,10,139,14,12,2,4.996998574300293,1.0287036800801563,0.848528137423857,0,1052.8089599609375
49035,10,139,14,13,2,9.632021001227493,1.2998334335750585,0.765685424949238,0,1052.8089599609375
49035,10,139,14,14,2,5.381224662252437,0.3372445679068099,0.6466890965784271,1,1052.8089599609375
49035,10,139,14,15,2,8.471328861646334,0.9279881276953638,0.8513997106635237,0,1052.8089599609375
49035,10,139,14,16,,,,,0,1052.8089599609375
49035,10,139,14,17,2,10.934354764385349,0.6688923111370885,0.6034068236642477,0,1052.8089599609375
49035,10,139,14,18,2,27.60080436516808,4.141199861536322,0.37888543819998316,0,1052.8089599609375
49035,10,139,14,19,2,34.66949287220542,4.422145722892209,0.3414213562373095,0,1052.8089599609375
49035,10,139,14,20,2,25.250453533530028,4.308562974061742,0.482842712474619,0,1052.8089599609375
49035,10,139,14,21,2,16.528674214286387,4.068532739324608,0.3414213562373095,0,1052.8089599609375
49035,10,139,14,22,2,28.645428463842332,4.539710634631723,0.4242640687119285,0,1052.8089599609375
49035,10,139,14,23,2,18.872526050059253,4.448541210595902,0.4242640687119285,0,1052.8089599609375
49035,10,139,14,24,2,38.21949641594888,-1.5687528603406982,0.37888543819998316,0,1052.8089599609375
49035,10,139,14,25,2,33.219508426604655,-1.5684452903071495,0.482842712474619,0,1052.8089599609375
49035,10,139,14,26,2,23.21954796584797,-1.5674327664082868,0.4242640687119285,0,1052.8089599609375
49035,10,139,14,27,2,13.219647324016295,-1.564888403770592,0.482842712474619,0,1052.8089599609375
49035,10,139,14,28,2,8.21978766075496,-1.5612946969640675,0.37888543819998316,0,1052.8089599609375
49035,10,139,14,29,2,28.672679957870418,-1.3927512643097324,0.4242640687119285,0,1052.8089599609375
49035,10,139,14,30,2,18.913863793511908,-1.2989757556493418,0.4242640687119285,0,1052.8089599609375
49035,10,139,14,31,2,34.71451777275055,-1.2762416834973798,0.3414213562373095,0,1052.8089599609375
49035,10,139,14,32,2,25.31223838042914,-1.1612957098528245,0.482842712474619,0,1052.8089599609375
49035,10,139,14,33,2,16.622908273245287,-0.9194246612282564,0.3414213562373095,0,1052.8089599609375
49035,10,139,14,34,2,27.68556327533084,-0.9948608553435356,0.4308640753373011,0,1052.8089599609375
49035,10,139,14,35,2,16.673448460603243,0.10699558031311551,0.613407053921902,0,1052.8089599609375
49035,10,139,14,36,2,20.334570346656914,-0.15899132375358227,0.682842712474619,0,1052.8089599609375
49035,10,139,14,37,2,20.15689919108758,0.08845146597718712,0.8513997106635237,0,1052.8089599609375
49035,10,139,14,38,2,21.192131058867,0.3256847338584947,0.682842712474619,0,1052.8089599609375
49035,10,139,14,39,2,22.589558851685037,-0.03185269310085048,0.848528137423857,0,1052.8089599609375
49035,10,139,14,40,2,22.98029597133749,0.18736626039211868,0.848528137423857,0,1052.8089599609375
49035,10,139,14,41,2,25.962697655602867,-0.2617904558055919,0.613407053921902,0,1052.8089599609375
49035,10,139,14,42,2,25.283903045768398,-0.1276772876999659,0.8513997106635237,0,1052.8089599609375
49035,10,139,14,43,2,25.141232806772717,0.07088257414968013,0.848528137423857,0,1052.8089599609375
49035,10,139,14,44,2,25.978595436645012,0.26406474152922477,0.8513997106635237,0,1052.8089599609375
49035,10,139,14,45,2,27.10353306365137,0.3890481512295003,0.613407053921902,0,1052.8089599609375
49035,10,139,14,46,2,27.58748214604623,-0.026080603464288643,0.848528137423857,0,1052.8089599609375
49035,10,139,14,47,2,27.908332178310975,0.15398796843343754,0.848528137423857,0,1052.8089599609375
49035,10,139,14,48,2,30.24990504567732,-0.10662927384016574,0.682842712474619,0,1052.8089599609375
49035,10,139,14,49,2,30.130758189747276,0.0591296566209778,0.8513997106635237,0,1052.8089599609375
49035,10,139,14,50,2,30.832911359544866,0.22172612901608235,0.682842712474619,0,1052.8089599609375
49035,10,139,14,51,2,33.62527755305965,0.05297849467855498,0.613407053921902,0,1052.8089599609375
49035,10,139,14,52,2,34.633301634416796,-0.9523942131909466,0.4308640753373011,0,1052.8089599609375
49035,10,139,14,53,2,45.71252472257596,-0.9901020094817521,0.3414213562373095,0,1052.8089599609375
49035,10,139,14,54,2,37.75243812186406,-0.8442693208208194,0.482842712474619,0,1052.8089599609375
49035,10,139,14,55,2,30.997713654046027,-0.6282953101712141,0.3414213562373095,0,1052.8089599609375
49035,10,139,14,56,2,44.81318725970431,-0.8349852789817347,0.4242640687119285,0,1052.8089599609375
49035,10,139,14,57,2,37.99780809476227,-0.6574148121522856,0.4242640687119285,0,1052.8089599609375
49035,10,139,14,58,2,51.87674739805372,-0.8282290179577418,0.382842712474619,0,1052.8089599609375
49035,10,139,14,59,2,45.02009093987406,-0.6774629921211588,0.4242640687119285,0,1052.8089599609375
49035,10,139,14,60,2,39.52746204688061,-0.4790435469591863,0.482842712474619,0,1052.8089599609375
49035,10,139,14,61,2,37.48634537647162,-0.3603974559257086,0.37888543819998316,0,1052.8089599609375
49035,10,139,14,62,2,52.05558333610987,-0.6920966395424921,0.4242640687119285,0,1052.8089599609375
49035,10,139,14,63,2,46.31841344536465,-0.5251004370602605,0.4242640687119285,0,1052.8089599609375
49035,10,139,14,64,2,59.099567889205666,-0.7032438998693027,0.3414213562373095,0,1052.8089599609375
49035,10,139,14,65,2,53.18242747678866,-0.559326474893985,0.382842712474619,0,1052.8089599609375
49035,10,139,14,66,2,48.62080069226485,-0.38409985771129973,0.3414213562373095,0,1052.8089599609375
49035,10,140,12,1,,,,,0,1052.9429931640625
49035,10,140,12,2,,,,,0,1052.9429931640625
49035,10,140,12,3,,,,,0,1052.9429931640625
49035,10,140,12,4,,,,,0,1052.9429931640625
49035,10,140,12,5,,,,,0,1052.9429931640625
49035,10,140,12,6,2,9.790273361237423,1.591603048457324,0.6242640687119285,0,1052.9429931640625
49035,10,140,12,7,,,,,0,1052.9429931640625
49035,10,140,12,8,,,,,0,1052.9429931640625
49035,10,140,12,9,2,6.442480992906094,1.4483424267136764,0.848528137423857,0,1052.9429931640625
49035,10,140,12,10,,,,,0,1052.9429931640625
49035,10,140,12,11,,,,,0,1052.9429931640625
49035,10,140,12,12,2,3.4873586279815645,1.035941703438101,0.765685424949238,1,1052.9429931640625
49035,10,140,12,13,2,8.48620931234931,1.0556476159394692,0.765685424949238,0,1052.9429931640625
49035,10,140,12,14,,,,,0,1052.9429931640625
49035,10,140,12,15,2,6.53236996420176,0.6572596140595379,0.8513997106635237,0,1052.9429931640625
49035,10,140,12,16,,,,,0,1052.9429931640625
49035,10,140,12,17,2,8.557935764708661,0.27315078868608034,0.5934065934065934,0,1052.9429931640625
49035,10,140,12,18,2,29.64594750671884,3.58441899429589,0.37888543819998316,0,1052.9429931640625
49035,10,140,12,19,2,36.198623495800014,3.8618385496638683,0.3414213562373095,0,1052.9429931640625
49035,10,140,12,20,2,27.019409682233587,3.7348869597601877,0.482842712474619,0,1052.9429931640625
49035,10,140,12,21,2,18.701782165399948,3.487300966770041,0.3414213562373095,0,1052.9429931640625
49035,10,140,12,22,2,29.939283847293016,3.9618019742938584,0.4242640687119285,0,1052.9429931640625
49035,10,140,12,23,2,20.397766394251942,3.840604275892798,0.4242640687119285,0,1052.9429931640625
49035,10,140,12,24,2,39.087323478441654,4.149970748034672,0.37888543819998316,0,1052.9429931640625
49035,10,140,12,25,2,34.09799019005641,4.141029407859986,0.482842712474619,0,1052.9429931640625
49035,10,140,12,26,2,24.13257324834789,4.112061317389623,0.4242640687119285,0,1052.9429931640625
49035,10,140,12,27,2,14.215809796581043,4.042532270194837,0.482842712474619,0,1052.9429931640625
49035,10,140,12,28,2,9.324340537829807,3.9525082123484925,0.37888543819998316,0,1052.9429931640625
49035,10,140,12,29,2,29.132341294500833,-1.9822612500327939,0.4242640687119285,0,1052.9429931640625
49035,10,140,12,30,2,19.19378716889848,-1.9354484283550817,0.4242640687119285,0,1052.9429931640625
49035,10,140,12,31,2,34.85692939734768,-1.851912633310135,0.3414213562373095,0,1052.9429931640625
49035,10,140,12,32,2,25.193524636250764,-1.7650704381305742,0.482842712474619,0,1052.9429931640625
49035,10,140,12,33,2,15.950606263809147,-1.5743786566433378,0.3414213562373095,0,1052.9429931640625
49035,10,140,12,34,2,27.12710783704417,-1.5884614476112828,0.4308640753373011,0,1052.9429931640625
49035,10,140,12,35,2,14.150980880081471,-0.43171314778522674,0.613407053921902,0,1052.9429931640625
49035,10,140,12,36,2,18.06827575556835,-0.7254650071821298,0.682842712474619,0,1052.9429931640625
49035,10,140,12,37,2,17.644168075375664,-0.4455268514298878,0.8513997106635237,0,1052.9429931640625
49035,10,140,12,38,2,18.605664335490747,-0.1738824191468058,0.682842712474619,0,1052.9429931640625
49035,10,140,12,39,2,20.173566266981823,-0.5765536202973089,0.848528137423857,0,1052.9429931640625
49035,10,140,12,40,2,20.416337923857785,-0.3298479495146671,0.848528137423857,0,1052.9429931640625
49035,10,140,12,41,2,23.832352590114038,-0.8221887288860121,0.613407053921902,0,1052.9429931640625
49035,10,140,12,42,2,22.970173808321697,-0.6770812147892724,0.8513997106635237,0,1052.9429931640625
49035,10,140,12,43,2,22.638086559542852,-0.457862333450028,0.848528137423857,0,1052.9429931640625
49035,10,140,12,44,2,23.395235441649255,-0.24268962046922304,0.8513997106635237,0,1052.9429931640625
49035,10,140,12,45,2,24.525189014056426,-0.1042872483257562,0.613407053921902,0,1052.9429931640625
49035,10,140,12,46,2,25.1622549055834,-0.5616342811503654,0.848528137423857,0,1052.9429931640625
49035,10,140,12,47,2,25.357309601501548,-0.36351651725917855,0.848528137423857,0,1052.9429931640625
49035,10,140,12,48,2,27.906902027809483,-0.645762312716462,0.682842712474619,0,1052.9429931640625
49035,10,140,12,49,2,27.63420451329482,-0.4657382992074699,0.8513997106635237,0,1052.9429931640625
49035,10,140,12,50,2,28.257801354235795,-0.2879737897649637,0.682842712474619,0,1052.9429931640625
49035,10,140,12,51,2,31.132228739463514,-0.46974722517360123,0.613407053921902,0,1052.9429931640625
49035,10,140,12,52,2,33.943956712720244,-1.5265303285333394,0.4308640753373011,0,1052.9429931640625
49035,10,140,12,53,2,45.09601242609574,-1.546844381078475,0.3414213562373095,0,1052.9429931640625
49035,10,140,12,54,2,36.78802105740773,-1.4100910796365733,0.482842712474619,0,1052.9429931640625
49035,10,140,12,55,2,29.54770126263578,-1.2004954552160645,0.3414213562373095,0,1052.9429931640625
49035,10,140,12,56,2,43.81404696022358,-1.3902429120156201,0.4242640687119285,0,1052.9429931640625
49035,10,140,12,57,2,36.59752543025785,-1.2171511550302565,0.4242640687119285,0,1052.9429931640625
49035,10,140,12,58,2,50.85256069014695,-1.3758846978971695,0.382842712474619,0,1052.9429931640625
49035,10,140,12,59,2,43.65422185002011,-1.2284244131799351,0.4242640687119285,0,1052.9429931640625
49035,10,140,12,60,2,37.75445989438156,-1.0292098985723914,0.482842712474619,0,1052.9429931640625
49035,10,140,12,61,2,35.50004676348065,-0.9072296751635252,0.37888543819998316,0,1052.9429931640625
49035,10,140,12,62,2,50.71492189724022,-1.2365594777382327,0.4242640687119285,0,1052.9429931640625
49035,10,140,12,63,2,44.62859464097955,-1.069584708975004,0.4242640687119285,0,1052.9429931640625
49035,10,140,12,64,2,57.77815781725459,-1.2427058874785826,0.3414213562373095,0,1052.9429931640625
49035,10,140,12,65,2,51.55602464641034,-1.0991474430673027,0.382842712474619,0,1052.9429931640625
49035,10,140,12,66,2,46.66617440852597,-0.9210756536004219,0.3414213562373095,0,1052.9429931640625
49035,10,141,9,1,,,,,0,1053.04296875
49035,10,141,9,2,,,,,0,1053.04296875
49035,10,141,9,3,,,,,0,1053.04296875
49035,10,141,9,4,,,,,0,1053.04296875
49035,10,141,9,5,,,,,0,1053.04296875
49035,10,141,9,6,2,9.401480925911553,1.2976570492714679,0.6093338188813542,0,1053.04296875
49035,10,141,9,7,,,,,0,1053.04296875
49035,10,141,9,8,,,,,0,1053.04296875
49035,10,141,9,9,2,5.925720294274734,1.21089692999676,0.765685424949238,1,1053.04296875
49035,10,141,9,10,,,,,0,1053.04296875
49035,10,141,9,11,,,,,0,1053.04296875
49035,10,141,9,12,,,,,0,1053.04296875
49035,10,141,9,13,2,7.567624806275423,0.7389506192901606,0.848528137423857,0,1053.04296875
49035,10,141,9,14,,,,,0,1053.04296875
49035,10,141,9,15,2,5.384724933945633,0.2997495672229104,0.7685569981889047,0,1053.04296875
49035,10,141,9,16,2,10.218792952747933,0.47216978302794543,0.6466890965784271,0,1053.04296875
49035,10,141,9,17,2,7.3798396825438735,-0.16047997287234061,0.6034068236642477,0,1053.04296875
49035,10,141,9,18,2,30.836667384785606,3.1718190872704852,0.37888543819998316,0,1053.04296875
49035,10,141,9,19,2,37.33529460730726,3.4407538125489627,0.3414213562373095,0,1053.04296875
49035,10,141,9,20,2,28.19186331210083,3.3158569220843974,0.482842712474619,0,1053.04296875
49035,10,141,9,21,2,19.890653347789428,3.0798461899652834,0.3414213562373095,0,1053.04296875
49035,10,141,9,22,2,31.03600798781277,3.535157099595794,0.4242640687119285,0,1053.04296875
49035,10,141,9,23,2,21.54276503639512,3.4135312139563703,0.4242640687119285,0,1053.04296875
49035,10,141,9,24,2,40.07814815874237,3.7218748691988117,0.37888543819998316,0,1053.04296875
49035,10,141,9,25,2,35.095390390063756,3.710812571221927,0.482842712474619,0,1053.04296875
49035,10,141,9,26,2,25.150414712778186,3.6755495924395736,0.4242640687119285,0,1053.04296875
49035,10,141,9,27,2,15.277443955664816,3.594471357080619,0.482842712474619,0,1053.04296875
49035,10,141,9,28,2,10.432102406291573,3.496688215469908,0.37888543819998316,0,1053.04296875
49035,10,141,9,29,2,30.01659532718744,-2.4206428933042794,0.4242640687119285,0,1053.04296875
49035,10,141,9,30,2,20.0462696936333,-2.3892592308201657,0.4242640687119285,0,1053.04296875
49035,10,141,9,31,2,35.62932261280773,-2.2890346605441976,0.3414213562373095,0,1053.04296875
49035,10,141,9,32,2,25.89026001107911,-2.214293380963004,0.482842712474619,0,1053.04296875
49035,10,141,9,33,2,16.467012389472238,-2.0520165048745325,0.3414213562373095,0,1053.04296875
49035,10,141,9,34,2,27.643926368183635,-2.0390449241695596,0.4308640753373011,0,1053.04296875
49035,10,141,9,35,2,13.388178722903891,-0.9095899883843125,0.613407053921902,0,1053.04296875
49035,10,141,9,36,2,17.600614587148225,-1.1983000819623402,0.682842712474619,0,1053.04296875
49035,10,141,9,37,2,16.888164513712255,-0.9102532445514034,0.8513997106635237,0,1053.04296875
49035,10,141,9,38,2,17.62494162938093,-0.6226153360554928,0.682842712474619,0,1053.04296875
49035,10,141,9,39,2,19.54319365016656,-1.0388533262655546,0.848528137423857,0,1053.04296875
49035,10,141,9,40,2,19.554152624053685,-0.7823797358343686,0.848528137423857,0,1053.04296875
49035,10,141,9,41,2,23.465140287153595,-1.2815014777111506,0.613407053921902,0,1053.04296875
49035,10,141,9,42,2,22.44243158513826,-1.135510148400678,0.8513997106635237,0,1053.04296875
49035,10,141,9,43,2,21.888152097664303,-0.9108328008800973,0.848528137423857,0,1053.04296875
49035,10,141,9,44,2,22.461515288318402,-0.6863496171710787,0.8513997106635237,0,1053.04296875
49035,10,141,9,45,2,23.496161299352153,-0.5406771685524286,0.613407053921902,0,1053.04296875
49035,10,141,9,46,2,24.51157929747055,-1.0132035811846385,0.848528137423857,0,1053.04296875
49035,10,141,9,47,2,24.520317829364732,-0.808899886859399,0.848528137423857,0,1053.04296875
49035,10,141,9,48,2,27.341247906082994,-1.0951054111450347,0.682842712474619,0,1053.04296875
49035,10,141,9,49,2,26.88814429927738,-0.911196814185859,0.8513997106635237,0,1053.04296875
49035,10,141,9,50,2,27.356914494431525,-0.7273947394814689,0.682842712474619,0,1053.04296875
49035,10,141,9,51,2,30.388140367330085,-0.9113803497646137,0.613407053921902,0,1053.04296875
49035,10,141,9,52,2,34.389523111857194,-1.9702541026324027,0.4308640753373011,0,1053.04296875
49035,10,141,9,53,2,45.55944981971892,-1.9824421297004107,0.3414213562373095,0,1053.04296875
49035,10,141,9,54,2,37.10148786058635,-1.852586824673284,0.482842712474619,0,1053.04296875
49035,10,141,9,55,2,29.620555954657338,-1.652076034606333,0.3414213562373095,0,1053.04296875
49035,10,141,9,56,2,44.1018484451688,-1.827927116046856,0.4242640687119285,0,1053.04296875
49035,10,141,9,57,2,36.685555330053106,-1.6609610867745146,0.4242640687119285,0,1053.04296875
49035,10,141,9,58,2,51.12167515929069,-1.8100312238253293,0.382842712474619,0,1053.04296875
49035,10,141,9,59,2,43.75251540981146,-1.6669762451432613,0.4242640687119285,0,1053.04296875
49035,10,141,9,60,2,37.61834045089628,-1.472000188129956,0.482842712474619,0,1053.04296875
49035,10,141,9,61,2,35.2216979300603,-1.3513737248762472,0.37888543819998316,0,1053.04296875
49035,10,141,9,62,2,50.82061825181971,-1.6713183565823901,0.4242640687119285,0,1053.04296875
49035,10,141,9,63,2,44.53753667515684,-1.5076134095668903,0.4242640687119285,0,1053.04296875
49035,10,141,9,64,2,57.88944527553008,-1.674600095434427,0.3414213562373095,0,1053.04296875
49035,10,141,9,65,2,51.498007805179626,-1.5336256425366455,0.382842712474619,0,1053.04296875
49035,10,141,9,66,2,46.39937221015056,-1.3574125738784684,0.3414213562373095,0,1053.04296875
49035,10,142,10,1,,,,,0,1053.3599853515625
49035,10,142,10,2,,,,,0,1053.3599853515625
49035,10,142,10,3,,,,,0,1053.3599853515625
49035,10,142,10,4,,,,,0,1053.3599853515625
49035,10,142,10,5,,,,,0,1053.3599853515625
49035,10,142,10,6,2,6.439430697657173,0.10067615664790053,0.6093338188813542,0,1053.3599853515625
49035,10,142,10,7,,,,,0,1053.3599853515625
49035,10,142,10,8,,,,,0,1053.3599853515625
49035,10,142,10,9,,,,,0,1053.3599853515625
49035,10,142,10,10,2,7.211062289047048,-0.4112248478082086,0.765685424949238,1,1053.3599853515625
49035,10,142,10,11,,,,,0,1053.3599853515625
49035,10,142,10,12,,,,,0,1053.3599853515625
49035,10,142,10,13,2,4.359847190765297,-0.7862688170087142,0.848528137423857,0,1053.3599853515625
49035,10,142,10,14,,,,,0,1053.3599853515625
49035,10,142,10,15,2,3.319204078861627,-1.7066393532902606,0.7685569981889047,0,1053.3599853515625
49035,10,142,10,16,2,7.385216256374011,-1.1101003363252668,0.682842712474619,0,1053.3599853515625
49035,10,142,10,17,2,6.522769012387133,-2.0107697097812802,0.6034068236642477,0,1053.3599853515625
49035,10,142,10,18,2,33.01065427754921,1.8639618512585117,0.37888543819998316,0,1053.3599853515625
49035,10,142,10,19,2,40.06490594992348,2.103041697216125,0.3414213562373095,0,1053.3599853515625
49035,10,142,10,20,2,30.696014328390785,2.0033035436977036,0.482842712474619,0,1053.3599853515625
49035,10,142,10,21,2,21.892781973091747,1.8200562716547755,0.3414213562373095,0,1053.3599853515625
49035,10,142,10,22,2,33.9302666071074,2.1984546164487657,0.4242640687119285,0,1053.3599853515625
49035,10,142,10,23,2,24.25513551604992,2.1102973640136806,0.4242640687119285,0,1053.3599853515625
49035,10,142,10,24,2,43.205976264560014,2.361659357320093,0.37888543819998316,0,1053.3599853515625
49035,10,142,10,25,2,38.21361914828276,2.3548582059662246,0.482842712474619,0,1053.3599853515625
49035,10,142,10,26,2,28.237019943375067,2.3340437334642283,0.4242640687119285,0,1053.3599853515625
49035,10,142,10,27,2,18.286002902633477,2.29053559904719,0.482842712474619,0,1053.3599853515625
49035,10,142,10,28,2,13.337998560181331,2.244479709038923,0.37888543819998316,0,1053.3599853515625
49035,10,142,10,29,2,33.26179477513468,-3.7866249687322817,0.4242640687119285,0,1053.3599853515625
49035,10,142,10,30,2,23.310847229042004,-3.751095958736279,0.4242640687119285,0,1053.3599853515625
49035,10,142,10,31,2,38.927685367149586,-3.668987212477095,0.3414213562373095,0,1053.3599853515625
49035,10,142,10,32,2,29.196117805563645,-3.6007076365540307,0.482842712474619,0,1053.3599853515625
49035,10,142,10,33,2,19.734789124510783,-3.4657183937714766,0.3414213562373095,0,1053.3599853515625
49035,10,142,10,34,2,30.902350958029796,-3.4440788946608425,0.4308640753373011,0,1053.3599853515625
49035,10,142,10,35,2,14.597582397770863,-2.516056720134964,0.613407053921902,0,1053.3599853515625
49035,10,142,10,36,2,19.534444151171968,-2.7289655220160878,0.682842712474619,0,1053.3599853515625
49035,10,142,10,37,2,18.031051320750436,-2.4741900625998228,0.8513997106635237,0,1053.3599853515625
49035,10,142,10,38,2,17.850577446340925,-2.194765846785263,0.682842712474619,0,1053.3599853515625
49035,10,142,10,39,2,21.0268319040659,-2.5706548729965144,0.848528137423857,0,1053.3599853515625
49035,10,142,10,40,2,20.264549424009477,-2.3306884973578073,0.848528137423857,0,1053.3599853515625
49035,10,142,10,41,2,25.56207142832434,-2.771838860563814,0.613407053921902,0,1053.3599853515625
49035,10,142,10,42,2,24.16891615509788,-2.6425721875926724,0.8513997106635237,0,1053.3599853515625
49035,10,142,10,43,2,22.970868759113802,-2.436184125774229,0.848528137423857,0,1053.3599853515625
49035,10,142,10,44,2,22.829479078259972,-2.217495929526751,0.8513997106635237,0,1053.3599853515625
49035,10,142,10,45,2,23.375246039135188,-2.067699026017215,0.613407053921902,0,1053.3599853515625
49035,10,142,10,46,2,25.877976345509285,-2.5187363208160987,0.848528137423857,0,1053.3599853515625
49035,10,142,10,47,2,25.262501126670283,-2.3243637076148858,0.848528137423857,0,1053.3599853515625
49035,10,142,10,48,2,28.925395553545084,-2.5842669328991166,0.682842712474619,0,1053.3599853515625
49035,10,142,10,49,2,27.93211075742979,-2.4116535503823133,0.8513997106635237,0,1053.3599853515625
49035,10,142,10,50,2,27.815950726185942,-2.2320819688494904,0.682842712474619,0,1053.3599853515625
49035,10,142,10,51,2,31.412293950572142,-2.3990975477712313,0.613407053921902,0,1053.3599853515625
49035,10,142,10,52,2,37.602832221973124,-3.377794744701272,0.4308640753373011,0,1053.3599853515625
49035,10,142,10,53,2,48.77977433381786,-3.38423017261605,0.3414213562373095,0,1053.3599853515625
49035,10,142,10,54,2,40.205907413348534,-3.267948553640787,0.482842712474619,0,1053.3599853515625
49035,10,142,10,55,2,32.458644423378395,-3.0926950362109764,0.3414213562373095,0,1053.3599853515625
49035,10,142,10,56,2,47.17555179657542,-3.240547083059396,0.4242640687119285,0,1053.3599853515625
49035,10,142,10,57,2,39.52949903785689,-3.0911621166638694,0.4242640687119285,0,1053.3599853515625
49035,10,142,10,58,2,54.17149050646461,-3.2202109422669576,0.382842712474619,0,1053.3599853515625
49035,10,142,10,59,2,46.600418351818945,-3.0900943906168417,0.4242640687119285,0,1053.3599853515625
49035,10,142,10,60,2,40.10794930480867,-2.9139393311698623,0.482842712474619,0,1053.3599853515625
49035,10,142,10,61,2,37.445585866339194,-2.804677021409625,0.37888543819998316,0,1053.3599853515625
49035,10,142,10,62,2,53.671376793828934,-3.0893079999072945,0.4242640687119285,0,1053.3599853515625
49035,10,142,10,63,2,47.09209375062567,-2.9393730255958888,0.4242640687119285,0,1053.3599853515625
49035,10,142,10,64,2,60.74236069931572,-3.08870469549046,0.3414213562373095,0,1053.3599853515625
49035,10,142,10,65,2,54.09882614436595,-2.958228218288947,0.382842712474619,0,1053.3599853515625
49035,10,142,10,66,2,48.61822289091706,-2.794951886699498,0.3414213562373095,0,1053.3599853515625
49035,10,143,13,1,,,,,0,1053.79296875
49035,10,143,13,2,,,,,0,1053.79296875
49035,10,143,13,3,,,,,0,1053.79296875
49035,10,143,13,4,,,,,0,1053.79296875
49035,10,143,13,5,,,,,0,1053.79296875
49035,10,143,13,6,2,2.9129439441713125,1.9373645535838884,0.45298221281347034,0,1053.79296875
49035,10,143,13,7,,,,,0,1053.79296875
49035,10,143,13,8,,,,,0,1053.79296875
49035,10,143,13,9,,,,,0,1053.79296875
49035,10,143,13,10,,,,,0,1053.79296875
49035,10,143,13,11,,,,,0,1053.79296875
49035,10,143,13,12,,,,,0,1053.79296875
49035,10,143,13,13,2,2.11793455512546,-1.428765119391743,0.765685424949238,1,1053.79296875
49035,10,143,13,14,,,,,0,1053.79296875
49035,10,143,13,15,2,5.3721040915655,-1.8414491743928274,0.7685569981889047,0,1053.79296875
49035,10,143,13,16,2,5.110009349001656,-0.8481189793981116,0.6466890965784271,0,1053.79296875
49035,10,143,13,17,2,8.562113373528284,-1.6287115644980972,0.6034068236642477,0,1053.79296875
49035,10,143,13,18,2,36.21245263554178,2.9744499170025476,0.37888543819998316,0,1053.79296875
49035,10,143,13,19,2,44.02086714146744,3.1752012637713456,0.3414213562373095,0,1053.79296875
49035,10,143,13,20,2,34.38520219860961,3.106440014107309,0.482842712474619,0,1053.79296875
49035,10,143,13,21,2,25.036923065580687,2.9853408567231456,0.3414213562373095,0,1053.79296875
49035,10,143,13,22,2,38.158745281008756,3.271717083930958,0.4242640687119285,0,1053.79296875
49035,10,143,13,23,2,28.294791530835614,3.221682401743891,0.4242640687119285,0,1053.79296875
49035,10,143,13,24,2,47.77640483990271,3.4053351559057408,0.37888543819998316,0,1053.79296875
49035,10,143,13,25,2,42.776600526485836,3.4043566432974526,0.482842712474619,0,1053.79296875
49035,10,143,13,26,2,32.77717100292652,3.4015040560224534,0.4242640687119285,0,1053.79296875
49035,10,143,13,27,2,22.77824236651341,3.3961469963108284,0.482842712474619,0,1053.79296875
49035,10,143,13,28,2,17.77922997443635,3.3912089552300513,0.37888543819998316,0,1053.79296875
49035,10,143,13,29,2,38.05378627859162,-2.7482996167792937,0.4242640687119285,0,1053.79296875
49035,10,143,13,30,2,28.153082184536512,-2.705348806264965,0.4242640687119285,0,1053.79296875
49035,10,143,13,31,2,43.83877691403318,-2.6487043287591208,0.3414213562373095,0,1053.79296875
49035,10,143,13,32,2,34.15177517598328,-2.584539150943151,0.482842712474619,0,1053.79296875
49035,10,143,13,33,2,24.71536230815658,-2.470557858030344,0.3414213562373095,0,1053.79296875
49035,10,143,13,34,2,35.879578481760596,-2.4504011965441226,0.4308640753373011,0,1053.79296875
49035,10,143,13,35,2,17.8789747809414,-1.74855756937945,0.613407053921902,0,1053.79296875
49035,10,143,13,36,2,23.395626281247658,-1.8763011834958532,0.682842712474619,0,1053.79296875
49035,10,143,13,37,2,21.085730299614376,-1.6763138694999622,0.8513997106635237,0,1053.79296875
49035,10,143,13,38,2,19.79547209450548,-1.43931531442143,0.682842712474619,0,1053.79296875
49035,10,143,13,39,2,24.371743430844173,-1.7338733844968834,0.848528137423857,0,1053.79296875
49035,10,143,13,40,2,22.720796003555105,-1.5329741585657028,0.848528137423857,0,1053.79296875
49035,10,143,13,41,2,29.49625142668688,-1.8831503932055937,0.613407053921902,0,1053.79296875
49035,10,143,13,42,2,27.719230390646064,-1.7776481147434449,0.8513997106635237,0,1053.79296875
49035,10,143,13,43,2,25.799388105650603,-1.6047938519111313,0.848528137423857,0,1053.79296875
49035,10,143,13,44,2,24.756031988229765,-1.4110012659234685,0.8513997106635237,0,1053.79296875
49035,10,143,13,45,2,24.610729469596063,-1.269208333051289,0.613407053921902,0,1053.79296875
49035,10,143,13,46,2,28.982447829967818,-1.6610782382309714,0.848528137423857,0,1053.79296875
49035,10,143,13,47,2,27.60860328580705,-1.490917927693897,0.848528137423857,0,1053.79296875
49035,10,143,13,48,2,32.239046788136065,-1.7061114189190159,0.682842712474619,0,1053.79296875
49035,10,143,13,49,2,30.604065595667123,-1.5555397459980238,0.8513997106635237,0,1053.79296875
49035,10,143,13,50,2,29.729808680181,-1.3921498743516376,0.682842712474619,0,1053.79296875
49035,10,143,13,51,2,34.000869312922475,-1.5293860082145658,0.613407053921902,0,1053.79296875
49035,10,143,13,52,2,42.556924973621605,-2.390851965661076,0.4308640753373011,0,1053.79296875
49035,10,143,13,53,2,53.73627156042583,-2.39396837513038,0.3414213562373095,0,1053.79296875
49035,10,143,13,54,2,45.07873409456358,-2.292239108858542,0.482842712474619,0,1053.79296875
49035,10,143,13,55,2,37.10252894239027,-2.1446212055514424,0.3414213562373095,0,1053.79296875
49035,10,143,13,56,2,52.01768909467249,-2.264143089692496,0.4242640687119285,0,1053.79296875
49035,10,143,13,57,2,44.16271464824766,-2.1349335457055396,0.4242640687119285,0,1053.79296875
49035,10,143,13,58,2,58.988030056373724,-2.242673248327563,0.382842712474619,0,1053.79296875
49035,10,143,13,59,2,51.22590239599678,-2.1279169000215257,0.4242640687119285,0,1053.79296875
49035,10,143,13,60,2,44.36889070775523,-1.9750898225948197,0.482842712474619,0,1053.79296875
49035,10,143,13,61,2,41.42283374918956,-1.8808202214254834,0.37888543819998316,0,1053.79296875
49035,10,143,13,62,2,58.29100091322699,-2.1226009330100064,0.4242640687119285,0,1053.79296875
49035,10,143,13,63,2,51.40375641739005,-1.9900533901782491,0.4242640687119285,0,1053.79296875
49035,10,143,13,64,2,65.35739054343793,-2.118434384891577,0.3414213562373095,0,1053.79296875
49035,10,143,13,65,2,58.447359948931904,-2.001412438670201,0.382842712474619,0,1053.79296875
49035,10,143,13,66,2,52.54140530431736,-1.855662837528065,0.3414213562373095,0,1053.79296875
49035,10,144,15,1,,,,,0,1053.843017578125
49035,10,144,15,2,,,,,0,1053.843017578125
49035,10,144,15,3,,,,,0,1053.843017578125
49035,10,144,15,4,,,,,0,1053.843017578125
49035,10,144,15,5,,,,,0,1053.843017578125
49035,10,144,15,6,2,2.9129439441713125,1.9373645535838884,0.4068283666596242,0,1053.843017578125
49035,10,144,15,7,,,,,0,1053.843017578125
49035,10,144,15,8,,,,,0,1053.843017578125
49035,10,144,15,9,,,,,0,1053.843017578125
49035,10,144,15,10,,,,,0,1053.843017578125
49035,10,144,15,11,2,5.739222631364185,0.3418594231577734,0.4190965632626408,0,1053.843017578125
49035,10,144,15,12,,,,,0,1053.843017578125
49035,10,144,15,13,,,,,0,1053.843017578125
49035,10,144,15,14,,,,,0,1053.843017578125
49035,10,144,15,15,2,5.3721040915655,-1.8414491743928274,0.6122053921210209,1,1053.843017578125
49035,10,144,15,16,2,5.110009349001656,-0.8481189793981116,0.5276927682076162,0,1053.843017578125
49035,10,144,15,17,2,8.562113373528284,-1.6287115644980972,0.5555604578187299,0,1053.843017578125
49035,10,144,15,18,2,36.21245263554178,2.9744499170025476,0.37888543819998316,0,1053.843017578125
49035,10,144,15,19,2,44.02086714146744,3.1752012637713456,0.3414213562373095,0,1053.843017578125
49035,10,144,15,20,2,34.38520219860961,3.106440014107309,0.482842712474619,0,1053.843017578125
49035,10,144,15,21,2,25.036923065580687,2.9853408567231456,0.3414213562373095,0,1053.843017578125
49035,10,144,15,22,2,38.158745281008756,3.271717083930958,0.4242640687119285,0,1053.843017578125
49035,10,144,15,23,2,28.294791530835614,3.221682401743891,0.4242640687119285,0,1053.843017578125
49035,10,144,15,24,2,47.77640483990271,3.4053351559057408,0.37888543819998316,0,1053.843017578125
49035,10,144,15,25,2,42.776600526485836,3.4043566432974526,0.482842712474619,0,1053.843017578125
49035,10,144,15,26,2,32.77717100292652,3.4015040560224534,0.4242640687119285,0,1053.843017578125
49035,10,144,15,27,2,22.77824236651341,3.3961469963108284,0.482842712474619,0,1053.843017578125
49035,10,144,15,28,2,17.77922997443635,3.3912089552300513,0.37888543819998316,0,1053.843017578125
49035,10,144,15,29,2,38.05378627859162,-2.7482996167792937,0.4242640687119285,0,1053.843017578125
49035,10,144,15,30,2,28.153082184536512,-2.705348806264965,0.4242640687119285,0,1053.843017578125
49035,10,144,15,31,2,43.83877691403318,-2.6487043287591208,0.3414213562373095,0,1053.843017578125
49035,10,144,15,32,2,34.15177517598328,-2.584539150943151,0.482842712474619,0,1053.843017578125
49035,10,144,15,33,2,24.71536230815658,-2.470557858030344,0.3414213562373095,0,1053.843017578125
49035,10,144,15,34,2,35.879578481760596,-2.4504011965441226,0.4308640753373011,0,1053.843017578125
49035,10,144,15,35,2,17.8789747809414,-1.74855756937945,0.613407053921902,0,1053.843017578125
49035,10,144,15,36,2,23.395626281247658,-1.8763011834958532,0.682842712474619,0,1053.843017578125
49035,10,144,15,37,2,21.085730299614376,-1.6763138694999622,0.8513997106635237,0,1053.843017578125
49035,10,144,15,38,2,19.79547209450548,-1.43931531442143,0.682842712474619,0,1053.843017578125
49035,10,144,15,39,2,24.371743430844173,-1.7338733844968834,0.848528137423857,0,1053.843017578125
49035,10,144,15,40,2,22.720796003555105,-1.5329741585657028,0.848528137423857,0,1053.843017578125
49035,10,144,15,41,2,29.49625142668688,-1.8831503932055937,0.613407053921902,0,1053.843017578125
49035,10,144,15,42,2,27.719230390646064,-1.7776481147434449,0.8513997106635237,0,1053.843017578125
49035,10,144,15,43,2,25.799388105650603,-1.6047938519111313,0.848528137423857,0,1053.843017578125
49035,10,144,15,44,2,24.756031988229765,-1.4110012659234685,0.8513997106635237,0,1053.843017578125
49035,10,144,15,45,2,24.610729469596063,-1.269208333051289,0.613407053921902,0,1053.843017578125
49035,10,144,15,46,2,28.982447829967818,-1.6610782382309714,0.848528137423857,0,1053.843017578125
49035,10,144,15,47,2,27.60860328580705,-1.490917927693897,0.848528137423857,0,1053.843017578125
49035,10,144,15,48,2,32.239046788136065,-1.7061114189190159,0.682842712474619,0,1053.843017578125
49035,10,144,15,49,2,30.604065595667123,-1.5555397459980238,0.8513997106635237,0,1053.843017578125
49035,10,144,15,50,2,29.729808680181,-1.3921498743516376,0.682842712474619,0,1053.843017578125
49035,10,144,15,51,2,34.000869312922475,-1.5293860082145658,0.613407053921902,0,1053.843017578125
49035,10,144,15,52,2,42.556924973621605,-2.390851965661076,0.4308640753373011,0,1053.843017578125
49035,10,144,15,53,2,53.73627156042583,-2.39396837513038,0.3414213562373095,0,1053.843017578125
49035,10,144,15,54,2,45.07873409456358,-2.292239108858542,0.482842712474619,0,1053.843017578125
49035,10,144,15,55,2,37.10252894239027,-2.1446212055514424,0.3414213562373095,0,1053.843017578125
49035,10,144,15,56,2,52.01768909467249,-2.264143089692496,0.4242640687119285,0,1053.843017578125
49035,10,144,15,57,2,44.16271464824766,-2.1349335457055396,0.4242640687119285,0,1053.843017578125
49035,10,144,15,58,2,58.988030056373724,-2.242673248327563,0.382842712474619,0,1053.843017578125
49035,10,144,15,59,2,51.22590239599678,-2.1279169000215257,0.4242640687119285,0,1053.843017578125
49035,10,144,15,60,2,44.36889070775523,-1.9750898225948197,0.482842712474619,0,1053.843017578125
49035,10,144,15,61,2,41.42283374918956,-1.8808202214254834,0.37888543819998316,0,1053.843017578125
49035,10,144,15,62,2,58.29100091322699,-2.1226009330100064,0.4242640687119285,0,1053.843017578125
49035,10,144,15,63,2,51.40375641739005,-1.9900533901782491,0.4242640687119285,0,1053.843017578125
49035,10,144,15,64,2,65.35739054343793,-2.118434384891577,0.3414213562373095,0,1053.843017578125
49035,10,144,15,65,2,58.447359948931904,-2.001412438670201,0.382842712474619,0,1053.843017578125
49035,10,144,15,66,2,52.54140530431736,-1.855662837528065,0.3414213562373095,0,1053.843017578125
49035,10,145,17,1,,,,,0,1054.1099853515625
49035,10,145,17,2,,,,,0,1054.1099853515625
49035,10,145,17,3,,,,,0,1054.1099853515625
49035,10,145,17,4,,,,,0,1054.1099853515625
49035,10,145,17,5,,,,,0,1054.1099853515625
49035,10,145,17,6,2,5.40122011435223,3.54449148828773,0.3689857016884763,0,1054.1099853515625
49035,10,145,17,7,,,,,0,1054.1099853515625
49035,10,145,17,8,,,,,0,1054.1099853515625
49035,10,145,17,9,,,,,0,1054.1099853515625
49035,10,145,17,10,,,,,0,1054.1099853515625
49035,10,145,17,11,2,6.446274494183395,2.395001428042172,0.4008815710307323,0,1054.1099853515625
49035,10,145,17,12,,,,,0,1054.1099853515625
49035,10,145,17,13,,,,,0,1054.1099853515625
49035,10,145,17,14,,,,,0,1054.1099853515625
49035,10,145,17,15,,,,,0,1054.1099853515625
49035,10,145,17,16,2,3.087309335445435,1.1792237172602382,0.4541838746143514,0,1054.1099853515625
49035,10,145,17,17,2,6.238463095682532,-0.09655731489684705,0.35849461354003137,1,1054.1099853515625
49035,10,145,17,18,2,37.31247439044431,4.570469616020787,0.37888543819998316,0,1054.1099853515625
49035,10,145,17,19,2,44.643902513006296,4.777656320356675,0.3414213562373095,0,1054.1099853515625
49035,10,145,17,20,2,35.1889505856848,4.695475500263729,0.482842712474619,0,1054.1099853515625
49035,10,145,17,21,2,26.142808859277604,4.554830545377605,0.3414213562373095,0,1054.1099853515625
49035,10,145,17,22,2,38.55789978254122,4.864454505101001,0.4242640687119285,0,1054.1099853515625
49035,10,145,17,23,2,28.842604725846957,4.793395913627358,0.4242640687119285,0,1054.1099853515625
49035,10,145,17,24,2,47.82853669195556,5.010108928583241,0.37888543819998316,0,1054.1099853515625
49035,10,145,17,25,2,42.838779487273186,5.003042084232383,0.482842712474619,0,1054.1099853515625
49035,10,145,17,26,2,32.868605685215414,4.9824742605744206,0.4242640687119285,0,1054.1099853515625
49035,10,145,17,27,2,22.92442914057255,4.944032501875398,0.482842712474619,0,1054.1099853515625
49035,10,145,17,28,2,17.975582251671582,4.908888274343017,0.37888543819998316,0,1054.1099853515625
49035,10,145,17,29,2,37.799399889533966,-1.1567978192423447,0.4242640687119285,0,1054.1099853515625
49035,10,145,17,30,2,27.820475260855222,-1.1367873997703475,0.4242640687119285,0,1054.1099853515625
49035,10,145,17,31,2,43.32717420196736,-1.0477838844846983,0.3414213562373095,0,1054.1099853515625
49035,10,145,17,32,2,33.50266013406373,-0.9988233693282993,0.482842712474619,0,1054.1099853515625
49035,10,145,17,33,2,23.824618523484066,-0.9097019852007895,0.3414213562373095,0,1054.1099853515625
49035,10,145,17,34,2,34.906585829077976,-0.8583800386323976,0.4308640753373011,0,1054.1099853515625
49035,10,145,17,35,2,15.65224306690389,-0.15901149842298423,0.613407053921902,0,1054.1099853515625
49035,10,145,17,36,2,21.327907911675382,-0.2819221638572582,0.682842712474619,0,1054.1099853515625
49035,10,145,17,37,2,18.77423132259704,-0.06668385717631797,0.8513997106635237,0,1054.1099853515625
49035,10,145,17,38,2,17.322351676947974,0.1994130671714145,0.682842712474619,0,1054.1099853515625
49035,10,145,17,39,2,22.117786008408405,-0.12308634007561903,0.848528137423857,0,1054.1099853515625
49035,10,145,17,40,2,20.292574104317694,0.09708133811247754,0.848528137423857,0,1054.1099853515625
49035,10,145,17,41,2,27.429121020683006,-0.2753590657112257,0.613407053921902,0,1054.1099853515625
49035,10,145,17,42,2,25.513156489801677,-0.16458084035660292,0.8513997106635237,0,1054.1099853515625
49035,10,145,17,43,2,23.420359944684623,0.02145389257428687,0.848528137423857,0,1054.1099853515625
49035,10,145,17,44,2,22.27342285783814,0.23493881388247773,0.8513997106635237,0,1054.1099853515625
49035,10,145,17,45,2,22.117184267214064,0.39263696917188917,0.613407053921902,0,1054.1099853515625
49035,10,145,17,46,2,26.65028998149834,-0.03610871040300889,0.848528137423857,0,1054.1099853515625
49035,10,145,17,47,2,25.15611380884236,0.14843565190445007,0.848528137423857,0,1054.1099853515625
49035,10,145,17,48,2,29.949334754837434,-0.08111296361230647,0.682842712474619,0,1054.1099853515625
49035,10,145,17,49,2,28.18784770291609,0.08011481383899555,0.8513997106635237,0,1054.1099853515625
49035,10,145,17,50,2,27.242372583684237,0.2575254059800227,0.682842712474619,0,1054.1099853515625
49035,10,145,17,51,2,31.567923701943638,0.11056657995059638,0.613407053921902,0,1054.1099853515625
49035,10,145,17,52,2,41.43572283141098,-0.7869804429187486,0.4308640753373011,0,1054.1099853515625
49035,10,145,17,53,2,52.60966083348912,-0.7788780136497575,0.3414213562373095,0,1054.1099853515625
49035,10,145,17,54,2,43.73740532708493,-0.6826668384956469,0.482842712474619,0,1054.1099853515625
49035,10,145,17,55,2,35.47033741701189,-0.5396997886459958,0.3414213562373095,0,1054.1099853515625
49035,10,145,17,56,2,50.610374599131774,-0.647339477024484,0.4242640687119285,0,1054.1099853515625
49035,10,145,17,57,2,42.504049557605676,-0.5210050266774395,0.4242640687119285,0,1054.1099853515625
49035,10,145,17,58,2,57.53137760720812,-0.6204847150570543,0.382842712474619,0,1054.1099853515625
49035,10,145,17,59,2,49.548396756243534,-0.5076223397242297,0.4242640687119285,0,1054.1099853515625
49035,10,145,17,60,2,42.42909182206334,-0.35431235564798547,0.482842712474619,0,1054.1099853515625
49035,10,145,17,61,2,39.34234282183206,-0.2580007006713987,0.37888543819998316,0,1054.1099853515625
49035,10,145,17,62,2,56.59940824277981,-0.4975725705987317,0.4242640687119285,0,1054.1099853515625
49035,10,145,17,63,2,49.4841108353359,-0.3647036440751097,0.4242640687119285,0,1054.1099853515625
49035,10,145,17,64,2,63.65486945828713,-0.4897499696146217,0.3414213562373095,0,1054.1099853515625
49035,10,145,17,65,2,56.54313943780035,-0.3725010438720706,0.382842712474619,0,1054.1099853515625
49035,10,145,17,66,2,50.421333076521194,-0.22427581813579645,0.3414213562373095,0,1054.1099853515625
49035,10,146,35,1,,,,,0,1054.509033203125
49035,10,146,35,2,,,,,0,1054.509033203125
49035,10,146,35,3,,,,,0,1054.509033203125
49035,10,146,35,4,2,12.845492705885123,3.3384193981237384,0.5466890965784271,0,1054.509033203125
49035,10,146,35,5,,,,,0,1054.509033203125
49035,10,146,35,6,2,9.519102390522036,3.446808212701303,0.563179972727508,0,1054.509033203125
49035,10,146,35,7,,,,,0,1054.509033203125
49035,10,146,35,8,,,,,0,1054.509033203125
49035,10,146,35,9,,,,,0,1054.509033203125
49035,10,146,35,10,,,,,0,1054.509033203125
49035,10,146,35,11,2,11.454906558559705,2.843472897444691,0.4815389220537701,0,1054.509033203125
49035,10,146,35,12,,,,,0,1054.509033203125
49035,10,146,35,13,,,,,0,1054.509033203125
49035,10,146,35,14,,,,,0,1054.509033203125
49035,10,146,35,15,,,,,0,1054.509033203125
49035,10,146,35,16,2,6.1894749646005245,2.4748547891198283,0.39033749051054323,0,1054.509033203125
49035,10,146,35,17,,,,,0,1054.509033203125
49035,10,146,35,18,2,35.96715638878004,4.764076346195477,0.37888543819998316,0,1054.509033203125
49035,10,146,35,19,2,42.24229385120917,5.002030136544004,0.3414213562373095,0,1054.509033203125
49035,10,146,35,20,2,33.245868877729684,4.885452774736101,0.482842712474619,0,1054.509033203125
49035,10,146,35,21,2,25.023273268269403,4.687817537806024,0.3414213562373095,0,1054.509033203125
49035,10,146,35,22,2,35.798059337955515,5.0768965198828315,0.4242640687119285,0,1054.509033203125
49035,10,146,35,23,2,26.502404796302446,4.957137068559563,0.4242640687119285,0,1054.509033203125
49035,10,146,35,24,2,44.41031528238374,5.25594249805768,0.37888543819998316,0,1054.509033203125
49035,10,146,35,25,2,39.46788957231401,5.23787065268319,0.482842712474619,0,1054.509033203125
49035,10,146,35,26,2,29.6410309354392,5.183694035928443,0.4242640687119285,0,1054.509033203125
49035,10,146,35,27,2,19.986673623666213,5.076558407840237,0.482842712474619,0,1054.509033203125
49035,10,146,35,28,2,15.326621491724792,4.972973472349965,0.37888543819998316,0,1054.509033203125
49035,10,146,35,29,2,33.9824067694484,5.359783621201742,0.4242640687119285,0,1054.509033203125
49035,10,146,35,30,2,23.993340273241316,5.343411371365939,0.4242640687119285,0,1054.509033203125
49035,10,146,35,31,2,39.12821520045147,-0.7903031617948217,0.3414213562373095,0,1054.509033203125
49035,10,146,35,32,2,29.18721693474958,-0.7582047814710222,0.482842712474619,0,1054.509033203125
49035,10,146,35,33,2,19.307253559722664,-0.6931192069231913,0.3414213562373095,0,1054.509033203125
49035,10,146,35,34,2,30.22490845538439,-0.5933419679048804,0.4308640753373011,0,1054.509033203125
49035,10,146,35,35,2,10.907866327410908,0.3155321184318045,0.613407053921902,1,1054.509033203125
49035,10,146,35,36,2,16.33858516283412,0.10652129654622122,0.682842712474619,0,1054.509033203125
49035,10,146,35,37,2,14.226298497319279,0.4048812474978647,0.8513997106635237,0,1054.509033203125
49035,10,146,35,38,2,13.704954313914158,0.7629230457097032,0.682842712474619,0,1054.509033203125
49035,10,146,35,39,2,17.406728480651473,0.3067060460203699,0.848528137423857,0,1054.509033203125
49035,10,146,35,40,2,16.230600734746965,0.5968465313095834,0.848528137423857,0,1054.509033203125
49035,10,146,35,41,2,22.439787904418033,0.09821016244698866,0.613407053921902,0,1054.509033203125
49035,10,146,35,42,2,20.702676731848413,0.23930009066418423,0.8513997106635237,0,1054.509033203125
49035,10,146,35,43,2,19.07980680392396,0.47782116628035354,0.848528137423857,0,1054.509033203125
49035,10,146,35,44,2,18.69431013668888,0.7425508057736838,0.8513997106635237,0,1054.509033203125
49035,10,146,35,45,2,19.21025700387323,0.9254794205533288,0.613407053921902,0,1054.509033203125
49035,10,146,35,46,2,22.127938339107818,0.390612857639725,0.848528137423857,0,1054.509033203125
49035,10,146,35,47,2,21.215179917950334,0.6179929100629353,0.848528137423857,0,1054.509033203125
49035,10,146,35,48,2,25.303206962826906,0.3248897117423304,0.682842712474619,0,1054.509033203125
49035,10,146,35,49,2,23.9935509338509,0.5210439506568179,0.8513997106635237,0,1054.509033203125
49035,10,146,35,50,2,23.688155061695774,0.730764840672057,0.682842712474619,0,1054.509033203125
49035,10,146,35,51,2,27.4517122878239,0.5420677921899435,0.613407053921902,0,1054.509033203125
49035,10,146,35,52,2,36.602709545400536,-0.5015073202799036,0.4308640753373011,0,1054.509033203125
49035,10,146,35,53,2,47.754930605979304,-0.4825529815553611,0.3414213562373095,0,1054.509033203125
49035,10,146,35,54,2,38.74802968932988,-0.3815107828386557,0.482842712474619,0,1054.509033203125
49035,10,146,35,55,2,30.369165487851014,-0.22222132622714907,0.3414213562373095,0,1054.509033203125
49035,10,146,35,56,2,45.58095062341042,-0.33820862089588966,0.4242640687119285,0,1054.509033203125
49035,10,146,35,57,2,37.39651678107294,-0.19892508747036386,0.4242640687119285,0,1054.509033203125
49035,10,146,35,58,2,52.47700748577769,-0.3062396696262435,0.382842712474619,0,1054.509033203125
49035,10,146,35,59,2,44.43773984222936,-0.18300498838561285,0.4242640687119285,0,1054.509033203125
49035,10,146,35,60,2,37.35758463697767,-0.009462613793290053,0.482842712474619,0,1054.509033203125
49035,10,146,35,61,2,34.36607824178655,0.1024094544243872,0.37888543819998316,0,1054.509033203125
49035,10,146,35,62,2,51.48714380516992,-0.17144201700091433,0.4242640687119285,0,1054.509033203125
49035,10,146,35,63,2,44.40498153177793,-0.023656446506607143,0.4242640687119285,0,1054.509033203125
49035,10,146,35,64,2,58.541773394242476,-0.1626649091050889,0.3414213562373095,0,1054.509033203125
49035,10,146,35,65,2,51.45887328504315,-0.03396057584034562,0.382842712474619,0,1054.509033203125
49035,10,146,35,66,2,45.485074995974436,0.13199266749868555,0.3414213562373095,0,1054.509033203125
49035,10,147,37,1,,,,,0,1055.3260498046875
49035,10,147,37,2,,,,,0,1055.3260498046875
49035,10,147,37,3,2,20.467768830116007,3.6501820124560265,0.765685424949238,0,1055.3260498046875
49035,10,147,37,4,2,21.551794810963294,3.417254557055733,0.6466890965784271,0,1055.3260498046875
49035,10,147,37,5,2,17.869882568374166,3.7756578284814095,0.6093338188813542,0,1055.3260498046875
49035,10,147,37,6,2,18.435916079714584,3.501095539931912,0.765685424949238,0,1055.3260498046875
49035,10,147,37,7,,,,,0,1055.3260498046875
49035,10,147,37,8,,,,,0,1055.3260498046875
49035,10,147,37,9,,,,,0,1055.3260498046875
49035,10,147,37,10,,,,,0,1055.3260498046875
49035,10,147,37,11,2,18.640591503411212,3.1488190136528944,0.4815389220537701,0,1055.3260498046875
49035,10,147,37,12,,,,,0,1055.3260498046875
49035,10,147,37,13,,,,,0,1055.3260498046875
49035,10,147,37,14,,,,,0,1055.3260498046875
49035,10,147,37,15,,,,,0,1055.3260498046875
49035,10,147,37,16,2,12.537664274222449,3.1530980428369544,0.39033749051054323,0,1055.3260498046875
49035,10,147,37,17,,,,,0,1055.3260498046875
49035,10,147,37,18,2,41.26638587105786,4.494684613849671,0.37888543819998316,0,1055.3260498046875
49035,10,147,37,19,2,45.64176364271079,4.7323143344291045,0.3414213562373095,0,1055.3260498046875
49035,10,147,37,20,2,37.73951756181666,4.584523681268966,0.482842712474619,0,1055.3260498046875
49035,10,147,37,21,2,31.070432619779535,4.36648857289596,0.3414213562373095,0,1055.3260498046875
49035,10,147,37,22,2,38.73083358317372,4.767905709884573,0.4242640687119285,0,1055.3260498046875
49035,10,147,37,23,2,30.678625579205615,4.595668479958723,0.4242640687119285,0,1055.3260498046875
49035,10,147,37,24,2,45.61067260637065,4.977972646453511,0.37888543819998316,0,1055.3260498046875
49035,10,147,37,25,2,40.93755921273673,4.936818069618262,0.482842712474619,0,1055.3260498046875
49035,10,147,37,26,2,31.89019209220788,4.818855954814907,0.4242640687119285,0,1055.3260498046875
49035,10,147,37,27,2,23.6238216438304,4.613473086161438,0.482842712474619,0,1055.3260498046875
49035,10,147,37,28,2,20.090675641956533,4.450897971744847,0.37888543819998316,0,1055.3260498046875
49035,10,147,37,29,2,34.53680118260443,5.016758158177996,0.4242640687119285,0,1055.3260498046875
49035,10,147,37,30,2,25.17719669280793,4.89728069828553,0.4242640687119285,0,1055.3260498046875
49035,10,147,37,31,2,38.322277074510794,5.181110083231577,0.3414213562373095,0,1055.3260498046875
49035,10,147,37,32,2,28.455184370465208,5.131897173699898,0.482842712474619,0,1055.3260498046875
49035,10,147,37,33,2,18.72960530653968,5.031073515387272,0.3414213562373095,0,1055.3260498046875
49035,10,147,37,34,2,27.94734514219181,5.308513929620942,0.4308640753373011,0,1055.3260498046875
49035,10,147,37,35,,,,,0,1055.3260498046875
49035,10,147,37,36,2,9.198471514311526,-0.4334572601674216,0.682842712474619,0,1055.3260498046875
49035,10,147,37,37,2,5.492010277703101,0.04320001645268201,0.765685424949238,1,1055.3260498046875
49035,10,147,37,38,2,5.070747043700011,1.026437962780161,0.682842712474619,0,1055.3260498046875
49035,10,147,37,39,2,8.975818570738323,-0.042648283315399826,0.848528137423857,0,1055.3260498046875
49035,10,147,37,40,2,7.149518704472829,0.5468840137694864,0.848528137423857,0,1055.3260498046875
49035,10,147,37,41,2,14.96105785215966,-0.26185447500270964,0.613407053921902,0,1055.3260498046875
49035,10,147,37,42,2,12.48873336808923,-0.08036327572859836,0.8513997106635237,0,1055.3260498046875
49035,10,147,37,43,2,10.075651831520444,0.31254587592532745,0.848528137423857,0,1055.3260498046875
49035,10,147,37,44,2,9.85236309322881,0.8192873259626436,0.8513997106635237,0,1055.3260498046875
49035,10,147,37,45,2,11.122242022379044,1.1321285526827674,0.613407053921902,0,1055.3260498046875
49035,10,147,37,46,2,13.301199267526057,0.18741027934523302,0.848528137423857,0,1055.3260498046875
49035,10,147,37,47,2,12.143813266236913,0.5725121201718282,0.848528137423857,0,1055.3260498046875
49035,10,147,37,48,2,16.653079117053704,0.11182467927676676,0.682842712474619,0,1055.3260498046875
49035,10,147,37,49,2,14.929010106823764,0.410594795584462,0.8513997106635237,0,1055.3260498046875
49035,10,147,37,50,2,14.779230069947554,0.7486625606743988,0.682842712474619,0,1055.3260498046875
49035,10,147,37,51,2,18.37321286077597,0.44818157232565103,0.613407053921902,0,1055.3260498046875
49035,10,147,37,52,2,33.26951133914685,-0.8218429104038658,0.4308640753373011,0,1055.3260498046875
49035,10,147,37,53,2,44.012684197895204,-0.740917456308098,0.3414213562373095,0,1055.3260498046875
49035,10,147,37,54,2,34.32516522444205,-0.6770931959261239,0.482842712474619,0,1055.3260498046875
49035,10,147,37,55,2,24.886091799775183,-0.5640518350572412,0.3414213562373095,0,1055.3260498046875
49035,10,147,37,56,2,40.66968467955063,-0.5935094533127043,0.4242640687119285,0,1055.3260498046875
49035,10,147,37,57,2,31.54558367371995,-0.479182300020474,0.4242640687119285,0,1055.3260498046875
49035,10,147,37,58,2,47.22107089195356,-0.5327855396024734,0.382842712474619,0,1055.3260498046875
49035,10,147,37,59,2,38.35270699135193,-0.4241509402625758,0.4242640687119285,0,1055.3260498046875
49035,10,147,37,60,2,30.199846538452597,-0.2537989285651272,0.482842712474619,0,1055.3260498046875
49035,10,147,37,61,2,26.60039529098925,-0.13127815085173067,0.37888543819998316,0,1055.3260498046875
49035,10,147,37,62,2,45.240871099187785,-0.38578859477881444,0.4242640687119285,0,1055.3260498046875
49035,10,147,37,63,2,37.253684585486525,-0.23909107200513846,0.4242640687119285,0,1055.3260498046875
49035,10,147,37,64,2,52.17799059049853,-0.3575940662319983,0.3414213562373095,0,1055.3260498046875
49035,10,147,37,65,2,44.31301501188725,-0.22906768645105524,0.382842712474619,0,1055.3260498046875
49035,10,147,37,66,2,37.47991324463461,-0.04967004615735915,0.3414213562373095,0,1055.3260498046875
49035,10,148,40,1,,,,,0,1055.510009765625
49035,10,148,40,2,,,,,0,1055.510009765625
49035,10,148,40,3,2,22.7817359005821,3.747019174969309,0.765685424949238,0,1055.510009765625
49035,10,148,40,4,2,24.182367347215976,3.542166614831161,0.6466890965784271,0,1055.510009765625
49035,10,148,40,5,2,19.976207105125862,3.8479161821111183,0.6093338188813542,0,1055.510009765625
49035,10,148,40,6,2,20.972082638085976,3.6079526292459008,0.765685424949238,0,1055.510009765625
49035,10,148,40,7,,,,,0,1055.510009765625
49035,10,148,40,8,,,,,0,1055.510009765625
49035,10,148,40,9,,,,,0,1055.510009765625
49035,10,148,40,10,,,,,0,1055.510009765625
49035,10,148,40,11,2,21.481261360167405,3.3014548523586846,0.4815389220537701,0,1055.510009765625
49035,10,148,40,12,,,,,0,1055.510009765625
49035,10,148,40,13,,,,,0,1055.510009765625
49035,10,148,40,14,,,,,0,1055.510009765625
49035,10,148,40,15,,,,,0,1055.510009765625
49035,10,148,40,16,2,15.378918327092721,3.2955780474507614,0.39033749051054323,0,1055.510009765625
49035,10,148,40,17,,,,,0,1055.510009765625
49035,10,148,40,18,2,41.504299211253084,4.601561699818756,0.37888543819998316,0,1055.510009765625
49035,10,148,40,19,2,45.18750017949009,4.845924053248405,0.3414213562373095,0,1055.510009765625
49035,10,148,40,20,2,37.72888776806267,4.68442639937425,0.482842712474619,0,1055.510009765625
49035,10,148,40,21,2,31.702172984808488,4.453175335724039,0.3414213562373095,0,1055.510009765625
49035,10,148,40,22,2,38.19098966433167,4.870577414031935,0.4242640687119285,0,1055.510009765625
49035,10,148,40,23,2,30.66122129473548,4.677978782512071,0.4242640687119285,0,1055.510009765625
49035,10,148,40,24,2,44.47308186977018,5.095461747235994,0.37888543819998316,0,1055.510009765625
49035,10,148,40,25,2,39.920350835972215,5.046399670353987,0.482842712474619,0,1055.510009765625
49035,10,148,40,26,2,31.228083684574045,4.906255147655353,0.4242640687119285,0,1055.510009765625
49035,10,148,40,27,2,23.595593028241783,4.667669059140214,0.482842712474619,0,1055.510009765625
49035,10,148,40,28,2,20.555568837330636,4.487174748409627,0.37888543819998316,0,1055.510009765625
49035,10,148,40,29,2,33.32080326067754,5.1160265646765986,0.4242640687119285,0,1055.510009765625
49035,10,148,40,30,2,24.327653599976127,4.962281588976815,0.4242640687119285,0,1055.510009765625
49035,10,148,40,31,2,36.67913097747544,5.294258112688662,0.3414213562373095,0,1055.510009765625
49035,10,148,40,32,2,26.96140665852675,5.219219251764889,0.482842712474619,0,1055.510009765625
49035,10,148,40,33,2,17.563491929286247,5.062010348973581,0.3414213562373095,0,1055.510009765625
49035,10,148,40,34,2,26.034199972426578,5.404936458255957,0.4308640753373011,0,1055.510009765625
49035,10,148,40,35,,,,,0,1055.510009765625
49035,10,148,40,36,2,6.462142592781926,-0.37365383087458826,0.6466890965784271,0,1055.510009765625
49035,10,148,40,37,,,,,0,1055.510009765625
49035,10,148,40,38,2,4.828880474095276,1.791008575755273,0.6466890965784271,0,1055.510009765625
49035,10,148,40,39,2,6.130256636086463,0.19315246446784196,0.848528137423857,0,1055.510009765625
49035,10,148,40,40,2,5.3253587950586265,1.0862203412624203,0.848528137423857,1,1055.510009765625
49035,10,148,40,41,2,12.096521242779406,-0.10752354948472398,0.613407053921902,0,1055.510009765625
49035,10,148,40,42,2,9.624001563138473,0.12257610816842535,0.8513997106635237,0,1055.510009765625
49035,10,148,40,43,2,7.642042001920554,0.6644459555566746,0.848528137423857,0,1055.510009765625
49035,10,148,40,44,2,8.612793149202185,1.2786284372164765,0.8513997106635237,0,1055.510009765625
49035,10,148,40,45,2,10.722676239690461,1.5702495464292863,0.613407053921902,0,1055.510009765625
49035,10,148,40,46,2,10.650923228628004,0.4583030109586643,0.848528137423857,0,1055.510009765625
49035,10,148,40,47,2,10.208896389617916,0.9405842126280664,0.848528137423857,0,1055.510009765625
49035,10,148,40,48,2,13.909835559241426,0.3456104457526439,0.682842712474619,0,1055.510009765625
49035,10,148,40,49,2,12.61994156709782,0.7122679820345059,0.8513997106635237,0,1055.510009765625
49035,10,148,40,50,2,13.23035619432786,1.0987245698666546,0.682842712474619,0,1055.510009765625
49035,10,148,40,51,2,16.112616441641475,0.7281396311480381,0.613407053921902,0,1055.510009765625
49035,10,148,40,52,2,31.030022357876497,-0.7019571816212093,0.4308640753373011,0,1055.510009765625
49035,10,148,40,53,2,41.61929368675673,-0.602098384840247,0.3414213562373095,0,1055.510009765625
49035,10,148,40,54,2,31.839039035877963,-0.5448177488517354,0.482842712474619,0,1055.510009765625
49035,10,148,40,55,2,22.25495914334181,-0.437549447141635,0.3414213562373095,0,1055.510009765625
49035,10,148,40,56,2,38.06319910430783,-0.44839009575478794,0.4242640687119285,0,1055.510009765625
49035,10,148,40,57,2,28.816070616894187,-0.3333861505871001,0.4242640687119285,0,1055.510009765625
49035,10,148,40,58,2,44.54087836336638,-0.37951329492784813,0.382842712474619,0,1055.510009765625
49035,10,148,40,59,2,35.57314499905584,-0.26829223967755444,0.4242640687119285,0,1055.510009765625
49035,10,148,40,60,2,27.33143693382227,-0.08641236275260367,0.482842712474619,0,1055.510009765625
49035,10,148,40,61,2,23.723128898594517,0.049621853560741336,0.37888543819998316,0,1055.510009765625
49035,10,148,40,62,2,42.43266859920398,-0.22410372731294137,0.4242640687119285,0,1055.510009765625
49035,10,148,40,63,2,34.38153813012913,-0.06866183337538656,0.4242640687119285,0,1055.510009765625
49035,10,148,40,64,2,49.351941033518536,-0.19225739135604858,0.3414213562373095,0,1055.510009765625
49035,10,148,40,65,2,41.438784773682045,-0.05695461072502228,0.382842712474619,0,1055.510009765625
49035,10,148,40,66,2,34.622704736389316,0.13652582952924597,0.3414213562373095,0,1055.510009765625
49035,10,149,45,1,,,,,0,1055.8919677734375
49035,10,149,45,2,2,26.172184533365368,2.819775493449309,0.6093338188813542,0,1055.8919677734375
49035,10,149,45,3,2,26.63128497079694,2.6309062967372263,0.765685424949238,0,1055.8919677734375
49035,10,149,45,4,2,27.990488297688923,2.4544399396911656,0.6466890965784271,0,1055.8919677734375
49035,10,149,45,5,2,23.795880257900016,2.714827423411214,0.765685424949238,0,1055.8919677734375
49035,10,149,45,6,2,24.808990571879004,2.512968079937084,0.765685424949238,0,1055.8919677734375
49035,10,149,45,7,,,,,0,1055.8919677734375
49035,10,149,45,8,,,,,0,1055.8919677734375
49035,10,149,45,9,,,,,0,1055.8919677734375
49035,10,149,45,10,,,,,0,1055.8919677734375
49035,10,149,45,11,2,25.069227238956802,2.251797052552667,0.4815389220537701,0,1055.8919677734375
49035,10,149,45,12,,,,,0,1055.8919677734375
49035,10,149,45,13,,,,,0,1055.8919677734375
49035,10,149,45,14,,,,,0,1055.8919677734375
49035,10,149,45,15,,,,,0,1055.8919677734375
49035,10,149,45,16,2,18.97434950789288,2.2664740996683648,0.39033749051054323,0,1055.8919677734375
49035,10,149,45,17,,,,,0,1055.8919677734375
49035,10,149,45,18,2,44.013796239447316,3.4230516897982457,0.37888543819998316,0,1055.8919677734375
49035,10,149,45,19,2,46.925572128268854,3.6611356625164726,0.3414213562373095,0,1055.8919677734375
49035,10,149,45,20,2,40.00616841763148,3.494316727500871,0.482842712474619,0,1055.8919677734375
49035,10,149,45,21,2,34.6262574263293,3.267346742767716,0.3414213562373095,0,1055.8919677734375
49035,10,149,45,22,2,39.86891856528009,3.671568730142423,0.4242640687119285,0,1055.8919677734375
49035,10,149,45,23,2,32.9850702509403,3.471215796745433,0.4242640687119285,0,1055.8919677734375
49035,10,149,45,24,2,45.32467018879135,3.9016448466062323,0.37888543819998316,0,1055.8919677734375
49035,10,149,45,25,2,40.97032857654399,3.844606774927705,0.482842712474619,0,1055.8919677734375
49035,10,149,45,26,2,32.81847064633738,3.686486760609485,0.4242640687119285,0,1055.8919677734375
49035,10,149,45,27,2,25.99107938233885,3.435653890226289,0.482842712474619,0,1055.8919677734375
49035,10,149,45,28,2,23.447351735458426,3.2610620513218547,0.37888543819998316,0,1055.8919677734375
49035,10,149,45,29,2,34.148047845660955,3.894316851314543,0.4242640687119285,0,1055.8919677734375
49035,10,149,45,30,2,25.779320463582454,3.709559380145943,0.4242640687119285,0,1055.8919677734375
49035,10,149,45,31,2,36.81204052717794,4.0793230194682835,0.3414213562373095,0,1055.8919677734375
49035,10,149,45,32,2,27.451967500875462,3.9685435927066046,0.482842712474619,0,1055.8919677734375
49035,10,149,45,33,2,18.764186941182764,3.7499206553419766,0.3414213562373095,0,1055.8919677734375
49035,10,149,45,34,2,25.824209024119785,4.1463365605286295,0.4308640753373011,0,1055.8919677734375
49035,10,149,45,35,,,,,0,1055.8919677734375
49035,10,149,45,36,2,5.209357691961587,4.160738987615506,0.6466890965784271,0,1055.8919677734375
49035,10,149,45,37,,,,,0,1055.8919677734375
49035,10,149,45,38,2,5.061778290021265,1.479758075329708,0.5052677403411177,0,1055.8919677734375
49035,10,149,45,39,2,2.8979443684421775,-1.4195064676712459,0.848528137423857,0,1055.8919677734375
49035,10,149,45,40,,,,,0,1055.8919677734375
49035,10,149,45,41,2,9.39133603125884,-1.4756831073798518,0.613407053921902,0,1055.8919677734375
49035,10,149,45,42,2,6.357409819659771,-1.249355262210555,0.8513997106635237,0,1055.8919677734375
49035,10,149,45,43,2,3.828675431839595,-0.3445097588444157,0.848528137423857,0,1055.8919677734375
49035,10,149,45,44,2,6.237054714337347,0.5852952459149021,0.7685569981889047,0,1055.8919677734375
49035,10,149,45,45,2,9.253124805854705,0.8195798921729378,0.613407053921902,1,1055.8919677734375
49035,10,149,45,46,2,6.832081206696307,-0.7112832977951979,0.848528137423857,0,1055.8919677734375
49035,10,149,45,47,2,6.776387648456844,0.041137502281914706,0.848528137423857,0,1055.8919677734375
49035,10,149,45,48,2,10.18311895577252,-0.8465245868858586,0.682842712474619,0,1055.8919677734375
49035,10,149,45,49,2,8.828250541000704,-0.33329809336956284,0.8513997106635237,0,1055.8919677734375
49035,10,149,45,50,2,10.108417460806853,0.1840983501845419,0.682842712474619,0,1055.8919677734375
49035,10,149,45,51,2,12.328158177574387,-0.3308607885010306,0.613407053921902,0,1055.8919677734375
49035,10,149,45,52,2,30.098620031929556,4.348724982459494,0.4308640753373011,0,1055.8919677734375
49035,10,149,45,53,2,40.25819156375814,-1.8002810854141411,0.3414213562373095,0,1055.8919677734375
49035,10,149,45,54,2,30.318413215054285,-1.7689140169048536,0.482842712474619,0,1055.8919677734375
49035,10,149,45,55,2,20.437474691686095,-1.7070972375492168,0.3414213562373095,0,1055.8919677734375
49035,10,149,45,56,2,36.169646611265364,-1.6489487674672842,0.4242640687119285,0,1055.8919677734375
49035,10,149,45,57,2,26.58434742246556,-1.5570096390821107,0.4242640687119285,0,1055.8919677734375
49035,10,149,45,58,2,42.394345048471514,-1.5632561425783922,0.382842712474619,0,1055.8919677734375
49035,10,149,45,59,2,33.10233653359522,-1.4645610114244172,0.4242640687119285,0,1055.8919677734375
49035,10,149,45,60,2,24.377220429694685,-1.2923491929866557,0.482842712474619,0,1055.8919677734375
49035,10,149,45,61,2,20.457051884990406,-1.153257547632744,0.37888543819998316,0,1055.8919677734375
49035,10,149,45,62,2,39.80956970488923,-1.4028737270564005,0.4242640687119285,0,1055.8919677734375
49035,10,149,45,63,2,31.357391983118834,-1.2514703590264609,0.4242640687119285,0,1055.8919677734375
49035,10,149,45,64,2,46.62444633658909,-1.3590908897690297,0.3414213562373095,0,1055.8919677734375
49035,10,149,45,65,2,38.370863791267546,-1.2255041260781288,0.382842712474619,0,1055.8919677734375
49035,10,149,45,66,2,31.1577820132072,-1.0248555211958932,0.3414213562373095,0,1055.8919677734375
49035,10,150,44,1,2,31.512051309792028,1.9688048066357167,0.613407053921902,0,1056.5260009765625
49035,10,150,44,2,2,28.899853307434142,2.151844685570875,0.6466890965784271,0,1056.5260009765625
49035,10,150,44,3,2,28.024300423509253,1.9786498371526968,0.8513997106635237,0,1056.5260009765625
49035,10,150,44,4,2,28.027153035279724,1.800004901849806,0.6466890965784271,0,1056.5260009765625
49035,10,150,44,5,2,25.898098265385023,2.0835507448852693,0.765685424949238,0,1056.5260009765625
49035,10,150,44,6,2,25.413999818986138,1.889266464031694,0.765685424949238,0,1056.5260009765625
49035,10,150,44,7,,,,,0,1056.5260009765625
49035,10,150,44,8,,,,,0,1056.5260009765625
49035,10,150,44,9,,,,,0,1056.5260009765625
49035,10,150,44,10,,,,,0,1056.5260009765625
49035,10,150,44,11,2,23.690573747735115,1.6331437781243676,0.4815389220537701,0,1056.5260009765625
49035,10,150,44,12,,,,,0,1056.5260009765625
49035,10,150,44,13,,,,,0,1056.5260009765625
49035,10,150,44,14,,,,,0,1056.5260009765625
49035,10,150,44,15,,,,,0,1056.5260009765625
49035,10,150,44,16,2,18.089815131186906,1.7503600652052296,0.39033749051054323,0,1056.5260009765625
49035,10,150,44,17,,,,,0,1056.5260009765625
49035,10,150,44,18,2,49.92676588558726,2.5983135614439603,0.37888543819998316,0,1056.5260009765625
49035,10,150,44,19,2,53.74218285324133,2.8015453281067644,0.3414213562373095,0,1056.5260009765625
49035,10,150,44,20,2,46.24437267282371,2.668718994746574,0.482842712474619,0,1056.5260009765625
49035,10,150,44,21,2,39.86052922346593,2.4891985711133717,0.3414213562373095,0,1056.5260009765625
49035,10,150,44,22,2,46.73587661503612,2.820597445226014,0.4242640687119285,0,1056.5260009765625
49035,10,150,44,23,2,39.173485280833226,2.6675322115451396,0.4242640687119285,0,1056.5260009765625
49035,10,150,44,24,2,52.72364203099846,3.0110915346832616,0.37888543819998316,0,1056.5260009765625
49035,10,150,44,25,2,48.26947609047312,2.9660576271435866,0.482842712474619,0,1056.5260009765625
49035,10,150,44,26,2,39.7525107146773,2.846355658416671,0.4242640687119285,0,1056.5260009765625
49035,10,150,44,27,2,32.102677367975254,2.6658226326875765,0.482842712474619,0,1056.5260009765625
49035,10,150,44,28,2,28.822591611931767,2.541682393928647,0.37888543819998316,0,1056.5260009765625
49035,10,150,44,29,2,41.5447020351983,3.014871744087885,0.4242640687119285,0,1056.5260009765625
49035,10,150,44,30,2,32.806737924779824,2.8830545156412097,0.4242640687119285,0,1056.5260009765625
49035,10,150,44,31,2,44.403405570589804,3.165594136926806,0.3414213562373095,0,1056.5260009765625
49035,10,150,44,32,2,34.956862163787854,3.082300047824666,0.482842712474619,0,1056.5260009765625
49035,10,150,44,33,2,25.928787060135306,2.939336152280786,0.3414213562373095,0,1056.5260009765625
49035,10,150,44,34,2,33.43414817887286,3.2217199648648416,0.4308640753373011,0,1056.5260009765625
49035,10,150,44,35,,,,,0,1056.5260009765625
49035,10,150,44,36,2,12.819590036313436,3.2313795669789607,0.6466890965784271,0,1056.5260009765625
49035,10,150,44,37,,,,,0,1056.5260009765625
49035,10,150,44,38,2,3.8290566424282675,2.595805512345371,0.4679124626440447,0,1056.5260009765625
49035,10,150,44,39,2,9.9925903184046,3.419249905513478,0.848528137423857,0,1056.5260009765625
49035,10,150,44,40,,,,,0,1056.5260009765625
49035,10,150,44,41,2,16.11955383014025,-2.6927210519429963,0.613407053921902,0,1056.5260009765625
49035,10,150,44,42,2,12.657090534870616,-2.6569287803701735,0.8513997106635237,0,1056.5260009765625
49035,10,150,44,43,2,7.769287859501668,-2.5506643414366934,0.848528137423857,0,1056.5260009765625
49035,10,150,44,44,2,3.243721147029856,-2.123966621356627,0.682842712474619,1,1056.5260009765625
49035,10,150,44,45,,,,,0,1056.5260009765625
49035,10,150,44,46,2,10.986897350036452,-2.391903650105072,0.848528137423857,0,1056.5260009765625
49035,10,150,44,47,2,6.772872833305426,-2.0786600475082606,0.848528137423857,0,1056.5260009765625
49035,10,150,44,48,2,14.354859557539251,-2.306233270764316,0.682842712474619,0,1056.5260009765625
49035,10,150,44,49,2,10.306400242207008,-2.064405158195923,0.8513997106635237,0,1056.5260009765625
49035,10,150,44,50,2,7.508780126522106,-1.5888632032849417,0.682842712474619,0,1056.5260009765625
49035,10,150,44,51,2,12.964332702792687,-1.8670869744521883,0.613407053921902,0,1056.5260009765625
49035,10,150,44,52,2,37.59710658441289,3.383108309809388,0.4308640753373011,0,1056.5260009765625
49035,10,150,44,53,2,47.52980843172725,-2.7785909039630945,0.3414213562373095,0,1056.5260009765625
49035,10,150,44,54,2,37.54200947776328,-2.7669001720150814,0.482842712474619,0,1056.5260009765625
49035,10,150,44,55,2,27.56305973037546,-2.7467397384611068,0.3414213562373095,0,1056.5260009765625
49035,10,150,44,56,2,43.0709024133619,-2.657222464984971,0.4242640687119285,0,1056.5260009765625
49035,10,150,44,57,2,33.24789347873217,-2.6077195523945362,0.4242640687119285,0,1056.5260009765625
49035,10,150,44,58,2,48.997987650251716,-2.5732577142020823,0.382842712474619,0,1056.5260009765625
49035,10,150,44,59,2,39.38429356794403,-2.5105868328181034,0.4242640687119285,0,1056.5260009765625
49035,10,150,44,60,2,30.02402980810162,-2.4081986561112827,0.482842712474619,0,1056.5260009765625
49035,10,150,44,61,2,25.526501110682272,-2.3292683942887518,0.37888543819998316,0,1056.5260009765625
49035,10,150,44,62,2,45.791077066595335,-2.4401134295059563,0.4242640687119285,0,1056.5260009765625
49035,10,150,44,63,2,36.703440233725374,-2.3382768466560115,0.4242640687119285,0,1056.5260009765625
49035,10,150,44,64,2,52.369102512757934,-2.387132835967496,0.3414213562373095,0,1056.5260009765625
49035,10,150,44,65,2,43.50681192713994,-2.2900444500481445,0.382842712474619,0,1056.5260009765625
49035,10,150,44,66,2,35.25850918764581,-2.1455643733879395,0.3414213562373095,0,1056.5260009765625
49035,10,151,43,1,2,32.56968751691429,3.210317091845915,0.613407053921902,0,1056.6600341796875
49035,10,151,43,2,2,29.927225759059386,3.386762768120687,0.6466890965784271,0,1056.6600341796875
49035,10,151,43,3,2,29.08118377954959,3.2195270814044976,0.8513997106635237,0,1056.6600341796875
49035,10,151,43,4,2,29.0824974581993,3.0473860302236533,0.6466890965784271,0,1056.6600341796875
49035,10,151,43,5,2,26.940789165820235,3.320104182255955,0.765685424949238,0,1056.6600341796875
49035,10,151,43,6,2,26.474186092558302,3.1334297042774133,0.765685424949238,0,1056.6600341796875
49035,10,151,43,7,,,,,0,1056.6600341796875
49035,10,151,43,8,,,,,0,1056.6600341796875
49035,10,151,43,9,,,,,0,1056.6600341796875
49035,10,151,43,10,,,,,0,1056.6600341796875
49035,10,151,43,11,2,24.715446473354227,2.8881864081836928,0.4815389220537701,0,1056.6600341796875
49035,10,151,43,12,,,,,0,1056.6600341796875
49035,10,151,43,13,,,,,0,1056.6600341796875
49035,10,151,43,14,,,,,0,1056.6600341796875
49035,10,151,43,15,,,,,0,1056.6600341796875
49035,10,151,43,16,2,19.139173404501687,3.002319151720185,0.39033749051054323,0,1056.6600341796875
49035,10,151,43,17,,,,,0,1056.6600341796875
49035,10,151,43,18,2,50.74190082664562,3.8286666092010897,0.37888543819998316,0,1056.6600341796875
49035,10,151,43,19,2,54.40446519201697,4.030056491756636,0.3414213562373095,0,1056.6600341796875
49035,10,151,43,20,2,47.010622731483224,3.8968258636139446,0.482842712474619,0,1056.6600341796875
49035,10,151,43,21,2,40.74495633049946,3.71851283846361,0.3414213562373095,0,1056.6600341796875
49035,10,151,43,22,2,47.38333453141858,4.04657900522551,0.4242640687119285,0,1056.6600341796875
49035,10,151,43,23,2,39.94162250195635,3.8928799589803686,0.4242640687119285,0,1056.6600341796875
49035,10,151,43,24,2,53.20042974116442,4.237033707994602,0.37888543819998316,0,1056.6600341796875
49035,10,151,43,25,2,48.78895503114206,4.190834801176997,0.482842712474619,0,1056.6600341796875
49035,10,151,43,26,2,40.379635335194195,4.068841015582839,0.4242640687119285,0,1056.6600341796875
49035,10,151,43,27,2,32.87351162525422,3.8872371198691225,0.482842712474619,0,1056.6600341796875
49035,10,151,43,28,2,29.677334364156675,3.7640566908260453,0.37888543819998316,0,1056.6600341796875
49035,10,151,43,29,2,42.020193853881025,4.2360137740787165,0.4242640687119285,0,1056.6600341796875
49035,10,151,43,30,2,33.40433367529132,4.100421843220366,0.4242640687119285,0,1056.6600341796875
49035,10,151,43,31,2,44.73117965393064,4.386792341789699,0.3414213562373095,0,1056.6600341796875
49035,10,151,43,32,2,35.36992013002969,4.298352419388163,0.482842712474619,0,1056.6600341796875
49035,10,151,43,33,2,26.479880414706187,4.148590622961577,0.3414213562373095,0,1056.6600341796875
49035,10,151,43,34,2,33.708892003526124,4.435038997885008,0.4308640753373011,0,1056.6600341796875
49035,10,151,43,35,,,,,0,1056.6600341796875
49035,10,151,43,36,2,13.10927853663264,4.396509590794529,0.6466890965784271,0,1056.6600341796875
49035,10,151,43,37,,,,,0,1056.6600341796875
49035,10,151,43,38,2,4.6910553741645575,3.6938530057754706,0.39440356905077983,0,1056.6600341796875
49035,10,151,43,39,2,10.100517956742936,4.558040017858511,0.848528137423857,0,1056.6600341796875
49035,10,151,43,40,,,,,0,1056.6600341796875
49035,10,151,43,41,2,16.025225364448513,-1.5146143473774074,0.613407053921902,0,1056.6600341796875
49035,10,151,43,42,2,12.534406003146907,-1.4967390893930357,0.8513997106635237,0,1056.6600341796875
49035,10,151,43,43,2,7.562257747389712,-1.4426018654216561,0.848528137423857,1,1056.6600341796875
49035,10,151,43,44,,,,,0,1056.6600341796875
49035,10,151,43,45,,,,,0,1056.6600341796875
49035,10,151,43,46,2,10.59616029961771,-1.2394581401416291,0.848528137423857,0,1056.6600341796875
49035,10,151,43,47,2,6.111875447145905,-0.9637675360390185,0.848528137423857,0,1056.6600341796875
49035,10,151,43,48,2,13.86973265612691,-1.1292343356107317,0.682842712474619,0,1056.6600341796875
49035,10,151,43,49,2,9.614878695993191,-0.9013367215230856,0.8513997106635237,0,1056.6600341796875
49035,10,151,43,50,2,6.52091256841358,-0.4000612251164066,0.6466890965784271,0,1056.6600341796875
49035,10,151,43,51,2,12.119265547431468,-0.6743490149314353,0.613407053921902,0,1056.6600341796875
49035,10,151,43,52,2,37.70240233486276,4.598909129948037,0.4308640753373011,0,1056.6600341796875
49035,10,151,43,53,2,47.50343645619874,-1.557074439545602,0.3414213562373095,0,1056.6600341796875
49035,10,151,43,54,2,37.5063900145105,-1.5513168439763303,0.482842712474619,0,1056.6600341796875
49035,10,151,43,55,2,27.51149048475989,-1.5413752317731386,0.3414213562373095,0,1056.6600341796875
49035,10,151,43,56,2,42.917490998834616,-1.437800566949633,0.4242640687119285,0,1056.6600341796875
49035,10,151,43,57,2,33.04638937020974,-1.3953006381295394,0.4242640687119285,0,1056.6600341796875
49035,10,151,43,58,2,48.755438418186,-1.3505519885719102,0.382842712474619,0,1056.6600341796875
49035,10,151,43,59,2,39.07998966379071,-1.2926523470215654,0.4242640687119285,0,1056.6600341796875
49035,10,151,43,60,2,29.620911682364707,-1.1972593028857135,0.482842712474619,0,1056.6600341796875
49035,10,151,43,61,2,25.04944744461802,-1.1228915732081861,0.37888543819998316,0,1056.6600341796875
49035,10,151,43,62,2,45.41395527628558,-1.21802006574529,0.4242640687119285,0,1056.6600341796875
49035,10,151,43,63,2,36.22954803208187,-1.1204633917875528,0.4242640687119285,0,1056.6600341796875
49035,10,151,43,64,2,51.938512450309396,-1.161887292439906,0.3414213562373095,0,1056.6600341796875
49035,10,151,43,65,2,42.98560098827752,-1.0675715049035437,0.382842712474619,0,1056.6600341796875
49035,10,151,43,66,2,34.61090448248739,-0.9257724766895936,0.3414213562373095,0,1056.6600341796875
49035,10,152,39,1,2,33.10546043383828,-1.3999915759138097,0.613407053921902,0,1057.06005859375
49035,10,152,39,2,2,29.628046154914735,-1.2396676203588346,0.6466890965784271,0,1057.06005859375
49035,10,152,39,3,2,29.61600450576293,-1.4086614776545539,0.8513997106635237,0,1057.06005859375
49035,10,152,39,4,2,30.436726611332276,-1.573123796708618,0.6466890965784271,0,1057.06005859375
49035,10,152,39,5,2,27.016349568880475,-1.3239236770896705,0.765685424949238,0,1057.06005859375
49035,10,152,39,6,2,27.462151189511,-1.5070130069920644,0.765685424949238,0,1057.06005859375
49035,10,152,39,7,,,,,0,1057.06005859375
49035,10,152,39,8,,,,,0,1057.06005859375
49035,10,152,39,9,,,,,0,1057.06005859375
49035,10,152,39,10,,,,,0,1057.06005859375
49035,10,152,39,11,2,26.841803139414452,-1.7458966561661275,0.4815389220537701,0,1057.06005859375
49035,10,152,39,12,,,,,0,1057.06005859375
49035,10,152,39,13,,,,,0,1057.06005859375
49035,10,152,39,14,,,,,0,1057.06005859375
49035,10,152,39,15,,,,,0,1057.06005859375
49035,10,152,39,16,2,20.88227045219268,-1.6902701091982921,0.39033749051054323,0,1057.06005859375
49035,10,152,39,17,,,,,0,1057.06005859375
49035,10,152,39,18,2,48.184159294255196,-0.7173691798637201,0.37888543819998316,0,1057.06005859375
49035,10,152,39,19,2,51.01938303480064,-0.4988113050241987,0.3414213562373095,0,1057.06005859375
49035,10,152,39,20,2,44.17635853153729,-0.6525598189156105,0.482842712474619,0,1057.06005859375
49035,10,152,39,21,2,38.731432467211334,-0.855683595990202,0.3414213562373095,0,1057.06005859375
49035,10,152,39,22,2,43.95567648657092,-0.49199974826104054,0.4242640687119285,0,1057.06005859375
49035,10,152,39,23,2,37.15743133274027,-0.6737158300328332,0.4242640687119285,0,1057.06005859375
49035,10,152,39,24,2,49.126018908004625,-0.2782681375127014,0.37888543819998316,0,1057.06005859375
49035,10,152,39,25,2,44.862593969555974,-0.333916496445664,0.482842712474619,0,1057.06005859375
49035,10,152,39,26,2,36.89479022209592,-0.48258042718508065,0.4242640687119285,0,1057.06005859375
49035,10,152,39,27,2,30.162870443439058,-0.7047034442709901,0.482842712474619,0,1057.06005859375
49035,10,152,39,28,2,27.551503721490445,-0.8527484477793879,0.37888543819998316,0,1057.06005859375
49035,10,152,39,29,2,37.97073067268552,-0.2955879201476308,0.4242640687119285,0,1057.06005859375
49035,10,152,39,30,2,29.83872644187157,-0.46870450674826536,0.4242640687119285,0,1057.06005859375
49035,10,152,39,31,2,40.27812346799162,-0.12446516125694096,0.3414213562373095,0,1057.06005859375
49035,10,152,39,32,2,31.159275311823315,-0.24038857202997121,0.482842712474619,0,1057.06005859375
49035,10,152,39,33,2,22.791964500964514,-0.44624151106654164,0.3414213562373095,0,1057.06005859375
49035,10,152,39,34,2,29.167411338183072,-0.08811579535171843,0.4308640753373011,0,1057.06005859375
49035,10,152,39,35,,,,,0,1057.06005859375
49035,10,152,39,36,2,8.81599376667136,-0.2936052147831889,0.6466890965784271,0,1057.06005859375
49035,10,152,39,37,,,,,0,1057.06005859375
49035,10,152,39,38,2,5.127860562575085,-1.819961456414584,0.3529822128134703,0,1057.06005859375
49035,10,152,39,39,2,5.457450976800313,-0.13418506101711003,0.765685424949238,1,1057.06005859375
49035,10,152,39,40,,,,,0,1057.06005859375
49035,10,152,39,41,2,11.081902794981925,-5.9952876289962855,0.613407053921902,0,1057.06005859375
49035,10,152,39,42,2,7.58677746521913,-5.975148445021414,0.8513997106635237,0,1057.06005859375
49035,10,152,39,43,,,,,0,1057.06005859375
49035,10,152,39,44,,,,,0,1057.06005859375
49035,10,152,39,45,,,,,0,1057.06005859375
49035,10,152,39,46,2,5.883979722683215,-5.507140770515814,0.848528137423857,0,1057.06005859375
49035,10,152,39,47,2,2.984597343790205,-4.492061809281778,0.765685424949238,0,1057.06005859375
49035,10,152,39,48,2,9.348616930836634,-5.412119361849063,0.682842712474619,0,1057.06005859375
49035,10,152,39,49,2,6.056669253569793,-4.906618230726245,0.8513997106635237,0,1057.06005859375
49035,10,152,39,50,2,5.9974866714941495,-4.051236778542484,0.6466890965784271,0,1057.06005859375
49035,10,152,39,51,2,9.344487936536472,-4.746925343540011,0.613407053921902,0,1057.06005859375
49035,10,152,39,52,2,32.88295495322655,0.10645318620838795,0.4308640753373011,0,1057.06005859375
49035,10,152,39,53,2,42.574087950459614,-6.027590605828392,0.3414213562373095,0,1057.06005859375
49035,10,152,39,54,2,32.57493166023062,-6.0241025119615585,0.482842712474619,0,1057.06005859375
49035,10,152,39,55,2,22.57652277309152,-6.017524741491496,0.3414213562373095,0,1057.06005859375
49035,10,152,39,56,2,37.96942210455476,-5.894021125361839,0.4242640687119285,0,1057.06005859375
49035,10,152,39,57,2,28.111389556709504,-5.842622422448637,0.4242640687119285,0,1057.06005859375
49035,10,152,39,58,2,43.84321905653151,-5.797494889613448,0.382842712474619,0,1057.06005859375
49035,10,152,39,59,2,34.21697042542242,-5.727554737788219,0.4242640687119285,0,1057.06005859375
49035,10,152,39,60,2,24.887231122594915,-5.604130201529407,0.482842712474619,0,1057.06005859375
49035,10,152,39,61,2,20.46120418932056,-5.50100883584815,0.37888543819998316,0,1057.06005859375
49035,10,152,39,62,2,40.6368294454598,-5.648046022598114,0.4242640687119285,0,1057.06005859375
49035,10,152,39,63,2,31.621592547413126,-5.527256566589973,0.4242640687119285,0,1057.06005859375
49035,10,152,39,64,2,47.24301799911332,-5.5904886709019035,0.3414213562373095,0,1057.06005859375
49035,10,152,39,65,2,38.47695358938607,-5.477562533001136,0.382842712474619,0,1057.06005859375
49035,10,152,39,66,2,30.480307829400182,-5.3020037706601375,0.3414213562373095,0,1057.06005859375
49035,10,153,36,1,2,31.823829556925077,-0.997685830807759,0.613407053921902,0,1057.3260498046875
49035,10,153,36,2,2,27.998340494940898,-0.8381998968629107,0.6466890965784271,0,1057.3260498046875
49035,10,153,36,3,2,28.364441984055297,-1.01538110548607,0.8513997106635237,0,1057.3260498046875
49035,10,153,36,4,2,29.583374852491563,-1.1829766780397326,0.6466890965784271,0,1057.3260498046875
49035,10,153,36,5,2,25.578303990950456,-0.9345521675398776,0.765685424949238,0,1057.3260498046875
49035,10,153,36,6,2,26.455323351825875,-1.1240664341794688,0.765685424949238,0,1057.3260498046875
49035,10,153,36,7,,,,,0,1057.3260498046875
49035,10,153,36,8,,,,,0,1057.3260498046875
49035,10,153,36,9,,,,,0,1057.3260498046875
49035,10,153,36,10,,,,,0,1057.3260498046875
49035,10,153,36,11,2,26.44656588765018,-1.3704266757916066,0.4815389220537701,0,1057.3260498046875
49035,10,153,36,12,,,,,0,1057.3260498046875
49035,10,153,36,13,,,,,0,1057.3260498046875
49035,10,153,36,14,,,,,0,1057.3260498046875
49035,10,153,36,15,,,,,0,1057.3260498046875
49035,10,153,36,16,2,20.378354418400573,-1.3422842062652325,0.39033749051054323,0,1057.3260498046875
49035,10,153,36,17,,,,,0,1057.3260498046875
49035,10,153,36,18,2,45.723443837388,-0.26385021815233767,0.37888543819998316,0,1057.3260498046875
49035,10,153,36,19,2,48.41915891181764,-0.032729820149611566,0.3414213562373095,0,1057.3260498046875
49035,10,153,36,20,2,41.66154038103047,-0.1970347305172111,0.482842712474619,0,1057.3260498046875
49035,10,153,36,21,2,36.42736531939436,-0.4161973548802522,0.3414213562373095,0,1057.3260498046875
49035,10,153,36,22,2,41.353356319572164,-0.02663274491155576,0.4242640687119285,0,1057.3260498046875
49035,10,153,36,23,2,34.66077142946882,-0.22320903557678484,0.4242640687119285,0,1057.3260498046875
49035,10,153,36,24,2,46.51754198440169,0.19994186099508937,0.37888543819998316,0,1057.3260498046875
49035,10,153,36,25,2,42.243534545143895,0.14139908369414123,0.482842712474619,0,1057.3260498046875
49035,10,153,36,26,2,34.28972452585684,-0.018023253965555597,0.4242640687119285,0,1057.3260498046875
49035,10,153,36,27,2,27.695743450059815,-0.26258762115850187,0.482842712474619,0,1057.3260498046875
49035,10,153,36,28,2,25.252498962433847,-0.42773081076360486,0.37888543819998316,0,1057.3260498046875
49035,10,153,36,29,2,35.35818632272327,0.18305935591231792,0.4242640687119285,0,1057.3260498046875
49035,10,153,36,30,2,27.229952942023196,-0.004948053509977068,0.4242640687119285,0,1057.3260498046875
49035,10,153,36,31,2,37.74410512922093,0.3655208151645395,0.3414213562373095,0,1057.3260498046875
49035,10,153,36,32,2,28.56372645853591,0.24469285823925668,0.482842712474619,0,1057.3260498046875
49035,10,153,36,33,2,20.178093725385637,0.017272536280230177,0.3414213562373095,0,1057.3260498046875
49035,10,153,36,34,2,26.66340375435069,0.41247171115543946,0.4308640753373011,0,1057.3260498046875
49035,10,153,36,35,,,,,0,1057.3260498046875
49035,10,153,36,36,2,6.206909433989348,0.21347812965484847,0.49033749051054326,1,1057.3260498046875
49035,10,153,36,37,,,,,0,1057.3260498046875
49035,10,153,36,38,2,5.458454168913465,-1.8438060089917137,0.3264911064067352,0,1057.3260498046875
49035,10,153,36,39,,,,,0,1057.3260498046875
49035,10,153,36,40,,,,,0,1057.3260498046875
49035,10,153,36,41,2,9.158722960864687,-5.345470061666595,0.613407053921902,0,1057.3260498046875
49035,10,153,36,42,2,5.794510789635652,-5.212847244412618,0.7685569981889047,0,1057.3260498046875
49035,10,153,36,43,,,,,0,1057.3260498046875
49035,10,153,36,44,,,,,0,1057.3260498046875
49035,10,153,36,45,,,,,0,1057.3260498046875
49035,10,153,36,46,2,5.3776314371690335,-4.573048114643911,0.848528137423857,0,1057.3260498046875
49035,10,153,36,47,2,4.955140610539734,-3.5658743723983646,0.765685424949238,0,1057.3260498046875
49035,10,153,36,48,2,8.867185904257449,-4.655375051964907,0.682842712474619,0,1057.3260498046875
49035,10,153,36,49,2,7.018652609785827,-4.057623924840942,0.8513997106635237,0,1057.3260498046875
49035,10,153,36,50,2,8.36038175282952,-3.417991151905456,0.6466890965784271,0,1057.3260498046875
49035,10,153,36,51,2,10.514129819222987,-4.036917451902481,0.613407053921902,0,1057.3260498046875
49035,10,153,36,52,2,30.5835451140117,0.6189201906312398,0.4308640753373011,0,1057.3260498046875
49035,10,153,36,53,2,40.48623056198075,-5.51663667510991,0.3414213562373095,0,1057.3260498046875
49035,10,153,36,54,2,30.50252222866573,-5.500399741240745,0.482842712474619,0,1057.3260498046875
49035,10,153,36,55,2,20.534674565296374,-5.468382887014137,0.3414213562373095,0,1057.3260498046875
49035,10,153,36,56,2,36.122292206939385,-5.371018639141099,0.4242640687119285,0,1057.3260498046875
49035,10,153,36,57,2,26.383498469230656,-5.297449410884352,0.4242640687119285,0,1057.3260498046875
49035,10,153,36,58,2,42.18099247595747,-5.277583642548672,0.382842712474619,0,1057.3260498046875
49035,10,153,36,59,2,32.71857459378637,-5.190486782503654,0.4242640687119285,0,1057.3260498046875
49035,10,153,36,60,2,23.701774630637804,-5.035055188144871,0.482842712474619,0,1057.3260498046875
49035,10,153,36,61,2,19.55527088121607,-4.905184462358944,0.37888543819998316,0,1057.3260498046875
49035,10,153,36,62,2,39.305486327260084,-5.118764312343986,0.4242640687119285,0,1057.3260498046875
49035,10,153,36,63,2,30.597226224199023,-4.976890933825361,0.4242640687119285,0,1057.3260498046875
49035,10,153,36,64,2,46.0362616574771,-5.067811860331597,0.3414213562373095,0,1057.3260498046875
49035,10,153,36,65,2,37.55804021229115,-4.940197642993291,0.382842712474619,0,1057.3260498046875
49035,10,153,36,66,2,30.031240097279728,-4.743843199930122,0.3414213562373095,0,1057.3260498046875
49035,10,154,42,1,2,30.26348609949155,-1.0666545840019908,0.613407053921902,0,1057.6090087890625
49035,10,154,42,2,2,26.07494598312472,-0.9084633433217657,0.6466890965784271,0,1057.6090087890625
49035,10,154,42,3,2,26.860247387797592,-1.0953212810277504,0.8513997106635237,0,1057.6090087890625
49035,10,154,42,4,2,28.513908385987754,-1.2660314502988466,0.6466890965784271,0,1057.6090087890625
49035,10,154,42,5,2,23.886745985246424,-1.0197931459432397,0.765685424949238,0,1057.6090087890625
49035,10,154,42,6,2,25.241765300281628,-1.216113511702828,0.765685424949238,0,1057.6090087890625
49035,10,154,42,7,,,,,0,1057.6090087890625
49035,10,154,42,8,,,,,0,1057.6090087890625
49035,10,154,42,9,,,,,0,1057.6090087890625
49035,10,154,42,10,,,,,0,1057.6090087890625
49035,10,154,42,11,2,25.916589251151215,-1.4695530093961642,0.4815389220537701,0,1057.6090087890625
49035,10,154,42,12,,,,,0,1057.6090087890625
49035,10,154,42,13,,,,,0,1057.6090087890625
49035,10,154,42,14,,,,,0,1057.6090087890625
49035,10,154,42,15,,,,,0,1057.6090087890625
49035,10,154,42,16,2,19.814088699360585,-1.4738512345631776,0.39033749051054323,0,1057.6090087890625
49035,10,154,42,17,,,,,0,1057.6090087890625
49035,10,154,42,18,2,42.92432014519471,-0.2698933225184632,0.37888543819998316,0,1057.6090087890625
49035,10,154,42,19,2,45.54266863367089,-0.023434102602045925,0.3414213562373095,0,1057.6090087890625
49035,10,154,42,20,2,38.823637512448286,-0.1997990453255456,0.482842712474619,0,1057.6090087890625
49035,10,154,42,21,2,33.7700309908003,-0.43868129555428714,0.3414213562373095,0,1057.6090087890625
49035,10,154,42,22,2,38.47703623926847,-0.016812223819230976,0.4242640687119285,0,1057.6090087890625
49035,10,154,42,23,2,31.837438357688427,-0.23086784025633378,0.4242640687119285,0,1057.6090087890625
49035,10,154,42,24,2,43.727791210020676,0.22441109698487383,0.37888543819998316,0,1057.6090087890625
49035,10,154,42,25,2,39.41687209581675,0.1633901544851022,0.482842712474619,0,1057.6090087890625
49035,10,154,42,26,2,31.413849958889276,-0.007211985070208371,0.4242640687119285,0,1057.6090087890625
49035,10,154,42,27,2,24.899199438159428,-0.27932247607381644,0.482842712474619,0,1057.6090087890625
49035,10,154,42,28,2,22.61725479301266,-0.46707174373175864,0.37888543819998316,0,1057.6090087890625
49035,10,154,42,29,2,32.55821643302356,0.21141116244197944,0.4242640687119285,0,1057.6090087890625
49035,10,154,42,30,2,24.355238055113244,0.007955069419148142,0.4242640687119285,0,1057.6090087890625
49035,10,154,42,31,2,35.11758740801542,0.4066608832220786,0.3414213562373095,0,1057.6090087890625
49035,10,154,42,32,2,25.81443605390662,0.2847735564397973,0.482842712474619,0,1057.6090087890625
49035,10,154,42,33,2,17.306798438846645,0.03548745829412869,0.3414213562373095,0,1057.6090087890625
49035,10,154,42,34,2,24.107315871993023,0.4734399459726837,0.4308640753373011,0,1057.6090087890625
49035,10,154,42,35,,,,,0,1057.6090087890625
49035,10,154,42,36,,,,,0,1057.6090087890625
49035,10,154,42,37,,,,,0,1057.6090087890625
49035,10,154,42,38,2,6.73503812815877,-2.2633001874108643,0.32077201056494153,0,1057.6090087890625
49035,10,154,42,39,,,,,0,1057.6090087890625
49035,10,154,42,40,,,,,0,1057.6090087890625
49035,10,154,42,41,2,7.915117670594905,-5.030713664548525,0.6034068236642477,0,1057.6090087890625
49035,10,154,42,42,2,5.195973916113756,-4.68537204725989,0.7685569981889047,1,1057.6090087890625
49035,10,154,42,43,,,,,0,1057.6090087890625
49035,10,154,42,44,,,,,0,1057.6090087890625
49035,10,154,42,45,,,,,0,1057.6090087890625
49035,10,154,42,46,2,6.532378638577891,-4.115874356407294,0.848528137423857,0,1057.6090087890625
49035,10,154,42,47,2,7.696885889017984,-3.4159216515802626,0.765685424949238,0,1057.6090087890625
49035,10,154,42,48,2,9.57996423311421,-4.342922736224276,0.682842712474619,0,1057.6090087890625
49035,10,154,42,49,2,9.129391897523238,-3.803951049657915,0.8513997106635237,0,1057.6090087890625
49035,10,154,42,50,2,11.176577209923366,-3.348426267794311,0.6466890965784271,0,1057.6090087890625
49035,10,154,42,51,2,12.587298965947065,-3.8544407543059243,0.613407053921902,0,1057.6090087890625
49035,10,154,42,52,2,28.361420391299944,0.6898724928350202,0.4308640753373011,0,1057.6090087890625
49035,10,154,42,53,2,38.54876876063912,-5.4538899157656004,0.3414213562373095,0,1057.6090087890625
49035,10,154,42,54,2,28.620757089616923,-5.41782866812769,0.482842712474619,0,1057.6090087890625
49035,10,154,42,55,2,18.769334026664033,-5.343713698207803,0.3414213562373095,0,1057.6090087890625
49035,10,154,42,56,2,34.53049701992219,-5.294244533268241,0.4242640687119285,0,1057.6090087890625
49035,10,154,42,57,2,25.009905794794307,-5.1900995592019115,0.4242640687119285,0,1057.6090087890625
49035,10,154,42,58,2,40.811306184718624,-5.207688028982959,0.382842712474619,0,1057.6090087890625
49035,10,154,42,59,2,31.602260614147262,-5.099097310788782,0.4242640687119285,0,1057.6090087890625
49035,10,154,42,60,2,23.061722384638017,-4.906110893814603,0.482842712474619,0,1057.6090087890625
49035,10,154,42,61,2,19.323900254786288,-4.748633773845606,0.37888543819998316,0,1057.6090087890625
49035,10,154,42,62,2,38.36548401863948,-5.039821396953337,0.4242640687119285,0,1057.6090087890625
49035,10,154,42,63,2,30.084057695166585,-4.874646372596526,0.4242640687119285,0,1057.6090087890625
49035,10,154,42,64,2,45.22297924777268,-4.998411227090912,0.3414213562373095,0,1057.6090087890625
49035,10,154,42,65,2,37.124897514553616,-4.855102816541024,0.382842712474619,0,1057.6090087890625
49035,10,154,42,66,2,30.1893719525223,-4.639497641383057,0.3414213562373095,0,1057.6090087890625
49035,10,155,47,1,2,32.454087153610224,2.7031790625686267,0.613407053921902,0,1057.8590087890625
49035,10,155,47,2,2,27.9554487310845,2.8402208049235367,0.682842712474619,0,1057.8590087890625
49035,10,155,47,3,2,29.11079804286987,2.6694859743064754,0.8513997106635237,0,1057.8590087890625
49035,10,155,47,4,2,31.0382024548655,2.515851088266749,0.6466890965784271,0,1057.8590087890625
49035,10,155,47,5,2,26.003883820264825,2.730822907669048,0.848528137423857,0,1057.8590087890625
49035,10,155,47,6,2,27.697173550279334,2.5552980214812493,0.765685424949238,0,1057.8590087890625
49035,10,155,47,7,2,22.661936601433283,2.960989164388584,0.6034068236642477,0,1057.8590087890625
49035,10,155,47,8,2,23.020977059692864,2.808414726205279,0.7685569981889047,0,1057.8590087890625
49035,10,155,47,9,,,,,0,1057.8590087890625
49035,10,155,47,10,,,,,0,1057.8590087890625
49035,10,155,47,11,2,28.68327556105393,2.3268592308884224,0.4815389220537701,0,1057.8590087890625
49035,10,155,47,12,,,,,0,1057.8590087890625
49035,10,155,47,13,,,,,0,1057.8590087890625
49035,10,155,47,14,,,,,0,1057.8590087890625
49035,10,155,47,15,,,,,0,1057.8590087890625
49035,10,155,47,16,2,22.589523095506937,2.313468549154768,0.39033749051054323,0,1057.8590087890625
49035,10,155,47,17,,,,,0,1057.8590087890625
49035,10,155,47,18,2,43.068936915377414,3.4940180814254034,0.37888543819998316,0,1057.8590087890625
49035,10,155,47,19,2,44.96141345836945,3.7450804625893377,0.3414213562373095,0,1057.8590087890625
49035,10,155,47,20,2,38.773594082150424,3.5566567530809605,0.482842712474619,0,1057.8590087890625
49035,10,155,47,21,2,34.42752526569831,3.309526162623737,0.3414213562373095,0,1057.8590087890625
49035,10,155,47,22,2,37.893514222588536,3.739952569436912,0.4242640687119285,0,1057.8590087890625
49035,10,155,47,23,2,31.902685122265872,3.5091550958440716,0.4242640687119285,0,1057.8590087890625
49035,10,155,47,24,2,42.456021873124264,3.995120615827138,0.37888543819998316,0,1057.8590087890625
49035,10,155,47,25,2,38.32029804460905,3.925441677774627,0.482842712474619,0,1057.8590087890625
49035,10,155,47,26,2,30.82706830207169,3.732473477978883,0.4242640687119285,0,1057.8590087890625
49035,10,155,47,27,2,25.143011712472273,3.43586368734035,0.482842712474619,0,1057.8590087890625
49035,10,155,47,28,2,23.411588731010553,3.242227100416496,0.4538461538461539,0,1057.8590087890625
49035,10,155,47,29,2,31.35019875839294,3.959795999605661,0.4242640687119285,0,1057.8590087890625
49035,10,155,47,30,2,23.763372236777904,3.720547008439173,0.4242640687119285,0,1057.8590087890625
49035,10,155,47,31,2,33.3970325669945,4.169353514016704,0.3414213562373095,0,1057.8590087890625
49035,10,155,47,32,2,24.43818082742281,4.01368078298495,0.482842712474619,0,1057.8590087890625
49035,10,155,47,33,2,16.705914522310373,3.698538093126373,0.3414213562373095,0,1057.8590087890625
49035,10,155,47,34,2,22.263938402277958,4.207009600186088,0.4308640753373011,0,1057.8590087890625
49035,10,155,47,35,,,,,0,1057.8590087890625
49035,10,155,47,36,,,,,0,1057.8590087890625
49035,10,155,47,37,,,,,0,1057.8590087890625
49035,10,155,47,38,2,9.472587704836144,1.700366816478105,0.32077201056494153,0,1057.8590087890625
49035,10,155,47,39,,,,,0,1057.8590087890625
49035,10,155,47,40,,,,,0,1057.8590087890625
49035,10,155,47,41,2,4.9923217768865555,-1.2360604465324339,0.4190965632626408,0,1057.8590087890625
49035,10,155,47,42,,,,,0,1057.8590087890625
49035,10,155,47,43,,,,,0,1057.8590087890625
49035,10,155,47,44,,,,,0,1057.8590087890625
49035,10,155,47,45,,,,,0,1057.8590087890625
49035,10,155,47,46,2,5.1009950951786145,0.1632077733421593,0.765685424949238,0,1057.8590087890625
49035,10,155,47,47,2,8.182395730927384,0.7825508915226927,0.765685424949238,1,1057.8590087890625
49035,10,155,47,48,2,7.401591856223278,-0.27725714128684564,0.6466890965784271,0,1057.8590087890625
49035,10,155,47,49,2,8.409221779842243,0.3539325472718804,0.8513997106635237,0,1057.8590087890625
49035,10,155,47,50,2,11.689587669333575,0.7368648717540836,0.6466890965784271,0,1057.8590087890625
49035,10,155,47,51,2,11.59248897610867,0.20644056691292612,0.613407053921902,0,1057.8590087890625
49035,10,155,47,52,2,26.04246100641366,4.4558677018644826,0.4308640753373011,0,1057.8590087890625
49035,10,155,47,53,2,35.983401012470495,-1.6599850188426446,0.3414213562373095,0,1057.8590087890625
49035,10,155,47,54,2,26.012843871772024,-1.6349209584335895,0.482842712474619,0,1057.8590087890625
49035,10,155,47,55,2,16.0788974799304,-1.5788058445663409,0.3414213562373095,0,1057.8590087890625
49035,10,155,47,56,2,31.76782756795523,-1.4918765229370199,0.4242640687119285,0,1057.8590087890625
49035,10,155,47,57,2,22.159823245239597,-1.3873375556527585,0.4242640687119285,0,1057.8590087890625
49035,10,155,47,58,2,37.97001040923593,-1.394056256576643,0.382842712474619,0,1057.8590087890625
49035,10,155,47,59,2,28.69816350135336,-1.280513634591876,0.4242640687119285,0,1057.8590087890625
49035,10,155,47,60,2,20.13572661274817,-1.0652059957593822,0.482842712474619,0,1057.8590087890625
49035,10,155,47,61,2,16.47358294846016,-0.8780197318995757,0.37888543819998316,0,1057.8590087890625
49035,10,155,47,62,2,35.441662072207606,-1.213799687669523,0.4242640687119285,0,1057.8590087890625
49035,10,155,47,63,2,27.16568254827189,-1.0326497598101096,0.4242640687119285,0,1057.8590087890625
49035,10,155,47,64,2,42.29229519109489,-1.1685479239171417,0.3414213562373095,0,1057.8590087890625
49035,10,155,47,65,2,34.2125873094046,-1.0134910869460834,0.382842712474619,0,1057.8590087890625
49035,10,155,47,66,2,27.42925497122657,-0.7730610193335572,0.3414213562373095,0,1057.8590087890625
49035,10,156,49,1,2,33.30741245142024,2.07215773577375,0.613407053921902,0,1058.4599609375
49035,10,156,49,2,2,29.732327333043756,2.229508647720974,0.682842712474619,0,1058.4599609375
49035,10,156,49,3,2,29.823782283423835,2.061429878119132,0.8513997106635237,0,1058.4599609375
49035,10,156,49,4,2,30.739302053541653,1.8989069756133317,0.6466890965784271,0,1058.4599609375
49035,10,156,49,5,2,27.17342136707787,2.143651144182327,0.848528137423857,0,1058.4599609375
49035,10,156,49,6,2,27.72799181048943,1.9623729558329481,0.848528137423857,0,1058.4599609375
49035,10,156,49,7,2,25.263985773460206,2.3813440482929473,0.613407053921902,0,1058.4599609375
49035,10,156,49,8,2,24.74533628578248,2.2427972884764493,0.8513997106635237,0,1058.4599609375
49035,10,156,49,9,2,24.85514773535389,2.0408917097090535,0.848528137423857,0,1058.4599609375
49035,10,156,49,10,,,,,0,1058.4599609375
49035,10,156,49,11,2,27.235780890786582,1.7259730949617205,0.4815389220537701,0,1058.4599609375
49035,10,156,49,12,2,22.174652377206872,2.139131503820551,0.848528137423857,0,1058.4599609375
49035,10,156,49,13,,,,,0,1058.4599609375
49035,10,156,49,14,2,19.76491960908683,2.2627881061831028,0.6466890965784271,0,1058.4599609375
49035,10,156,49,15,,,,,0,1058.4599609375
49035,10,156,49,16,2,21.249598802172112,1.775435240085276,0.43175884674785275,0,1058.4599609375
49035,10,156,49,17,,,,,0,1058.4599609375
49035,10,156,49,18,2,47.95974379493528,2.7605477620678642,0.37888543819998316,0,1058.4599609375
49035,10,156,49,19,2,50.67113578787657,2.9810201107594594,0.3414213562373095,0,1058.4599609375
49035,10,156,49,20,2,43.91420503815406,2.82458456420084,0.482842712474619,0,1058.4599609375
49035,10,156,49,21,2,38.5921080822575,2.6185684248096517,0.3414213562373095,0,1058.4599609375
49035,10,156,49,22,2,43.604255323768946,2.986196398831062,0.4242640687119285,0,1058.4599609375
49035,10,156,49,23,2,36.90832540823333,2.8007896446027343,0.4242640687119285,0,1058.4599609375
49035,10,156,49,24,2,48.6698886324802,3.202975177168833,0.37888543819998316,0,1058.4599609375
49035,10,156,49,25,2,44.43202404288859,3.14590850164202,0.482842712474619,0,1058.4599609375
49035,10,156,49,26,2,36.538995096300056,2.9933747428532866,0.4242640687119285,0,1058.4599609375
49035,10,156,49,27,2,29.933118192848685,2.7658768548078214,0.482842712474619,0,1058.4599609375
49035,10,156,49,28,2,27.412374318851942,2.6149891500120663,0.4538461538461539,0,1058.4599609375
49035,10,156,49,29,2,37.52295085484132,3.182766701389601,0.4242640687119285,0,1058.4599609375
49035,10,156,49,30,2,29.476520197513924,3.00399368762318,0.4242640687119285,0,1058.4599609375
49035,10,156,49,31,2,39.75984807644811,3.3566527706750016,0.3414213562373095,0,1058.4599609375
49035,10,156,49,32,2,30.687765007602685,3.2361460022558,0.482842712474619,0,1058.4599609375
49035,10,156,49,33,2,22.419463045787985,3.021300866159072,0.3414213562373095,0,1058.4599609375
49035,10,156,49,34,2,28.63667753806377,3.3901188495087293,0.4308640753373011,0,1058.4599609375
49035,10,156,49,35,,,,,0,1058.4599609375
49035,10,156,49,36,,,,,0,1058.4599609375
49035,10,156,49,37,,,,,0,1058.4599609375
49035,10,156,49,38,2,5.573139687382346,1.5857426181457597,0.28372362325819794,0,1058.4599609375
49035,10,156,49,39,,,,,0,1058.4599609375
49035,10,156,49,40,,,,,0,1058.4599609375
49035,10,156,49,41,2,10.460600957775117,-2.5169451747390745,0.4190965632626408,0,1058.4599609375
49035,10,156,49,42,,,,,0,1058.4599609375
49035,10,156,49,43,,,,,0,1058.4599609375
49035,10,156,49,44,,,,,0,1058.4599609375
49035,10,156,49,45,,,,,0,1058.4599609375
49035,10,156,49,46,2,5.2792426811212625,-1.9824699636544385,0.7195315787953919,0,1058.4599609375
49035,10,156,49,47,,,,,0,1058.4599609375
49035,10,156,49,48,2,8.763974120789674,-1.8946441074067386,0.6466890965784271,0,1058.4599609375
49035,10,156,49,49,2,5.679255535690909,-1.3293819555895086,0.7685569981889047,1,1058.4599609375
49035,10,156,49,50,2,6.140085055557498,-0.45906215437423536,0.49033749051054326,0,1058.4599609375
49035,10,156,49,51,2,9.045894589244192,-1.1957722335391758,0.613407053921902,0,1058.4599609375
49035,10,156,49,52,2,32.294472880455,3.58944123816983,0.4308640753373011,0,1058.4599609375
49035,10,156,49,53,2,41.956643762150904,-2.5407783543360267,0.3414213562373095,0,1058.4599609375
49035,10,156,49,54,2,31.957054900031785,-2.538301955182719,0.482842712474619,0,1058.4599609375
49035,10,156,49,55,2,21.957840512747488,-2.5335700837326263,0.3414213562373095,0,1058.4599609375
49035,10,156,49,56,2,37.338010607034796,-2.4053978366605433,0.4242640687119285,0,1058.4599609375
49035,10,156,49,57,2,27.477635236509208,-2.3534032176549236,0.4242640687119285,0,1058.4599609375
49035,10,156,49,58,2,43.208803666596005,-2.307234033477459,0.382842712474619,0,1058.4599609375
49035,10,156,49,59,2,33.584134891315124,-2.2359738057988143,0.4242640687119285,0,1058.4599609375
49035,10,156,49,60,2,24.264944230260642,-2.1088452892193343,0.482842712474619,0,1058.4599609375
49035,10,156,49,61,2,19.85533226988317,-2.0014128890324328,0.37888543819998316,0,1058.4599609375
49035,10,156,49,62,2,40.00959628146037,-2.155424237419918,0.4242640687119285,0,1058.4599609375
49035,10,156,49,63,2,31.010662629248294,-2.031534247807876,0.4242640687119285,0,1058.4599609375
49035,10,156,49,64,2,46.62232805011827,-2.0974310263110265,0.3414213562373095,0,1058.4599609375
49035,10,156,49,65,2,37.8752541234043,-1.9820337093474438,0.382842712474619,0,1058.4599609375
49035,10,156,49,66,2,29.923707608049902,-1.8016624293890797,0.3414213562373095,0,1058.4599609375
49035,10,157,46,1,2,37.160766101494886,3.2214276323985898,0.613407053921902,0,1058.8260498046875
49035,10,157,46,2,2,33.66608129404001,3.3630125153643067,0.682842712474619,0,1058.8260498046875
49035,10,157,46,3,2,33.66969001806716,3.2143662654753813,0.8513997106635237,0,1058.8260498046875
49035,10,157,46,4,2,34.407717479201544,3.0689470241000514,0.682842712474619,0,1058.8260498046875
49035,10,157,46,5,2,31.074939691809874,3.288627174269529,0.848528137423857,0,1058.8260498046875
49035,10,157,46,6,2,31.478482699543207,3.1291129557606308,0.848528137423857,0,1058.8260498046875
49035,10,157,46,7,2,29.193075042472593,3.4955620778304315,0.613407053921902,0,1058.8260498046875
49035,10,157,46,8,2,28.681975660447634,3.37583222983616,0.8513997106635237,0,1058.8260498046875
49035,10,157,46,9,2,28.686211391578546,3.201298210430429,0.848528137423857,0,1058.8260498046875
49035,10,157,46,10,2,29.548971559398662,3.031935496566647,0.7685569981889047,0,1058.8260498046875
49035,10,157,46,11,2,30.627794853192178,2.9212009710991547,0.613407053921902,0,1058.8260498046875
49035,10,157,46,12,2,26.07494151362991,3.288477227926331,0.848528137423857,0,1058.8260498046875
49035,10,157,46,13,,,,,0,1058.8260498046875
49035,10,157,46,14,2,23.704565507009615,3.3940397592907816,0.6466890965784271,0,1058.8260498046875
49035,10,157,46,15,,,,,0,1058.8260498046875
49035,10,157,46,16,2,24.74656376767794,2.9804635495130567,0.5052677403411177,0,1058.8260498046875
49035,10,157,46,17,,,,,0,1058.8260498046875
49035,10,157,46,18,2,51.513965605829746,3.8519817699435586,0.37888543819998316,0,1058.8260498046875
49035,10,157,46,19,2,53.781533616070945,4.060354391510626,0.3414213562373095,0,1058.8260498046875
49035,10,157,46,20,2,47.35968064216871,3.90832150565094,0.482842712474619,0,1058.8260498046875
49035,10,157,46,21,2,42.34885291197213,3.714782105850222,0.3414213562373095,0,1058.8260498046875
49035,10,157,46,22,2,46.711316106506665,4.058166611936873,0.4242640687119285,0,1058.8260498046875
49035,10,157,46,23,2,40.40337912642493,3.8793148741810644,0.4242640687119285,0,1058.8260498046875
49035,10,157,46,24,2,51.19288776832137,4.268012823644012,0.37888543819998316,0,1058.8260498046875
49035,10,157,46,25,2,47.127006633943644,4.208757158205032,0.482842712474619,0,1058.8260498046875
49035,10,157,46,26,2,39.64140192661466,4.05519844699122,0.4242640687119285,0,1058.8260498046875
49035,10,157,46,27,2,33.49517486353892,3.8382959085964514,0.482842712474619,0,1058.8260498046875
49035,10,157,46,28,2,31.17963654943511,3.701060569944409,0.4538461538461539,0,1058.8260498046875
49035,10,157,46,29,2,40.130393077830526,4.2322910857747615,0.4242640687119285,0,1058.8260498046875
49035,10,157,46,30,2,32.57198859469327,4.050941810779421,0.4242640687119285,0,1058.8260498046875
49035,10,157,46,31,2,41.82650057624912,4.400041785090073,0.3414213562373095,0,1058.8260498046875
49035,10,157,46,32,2,33.16537566328185,4.265735240293195,0.482842712474619,0,1058.8260498046875
49035,10,157,46,33,2,25.503492610194563,4.044325471948294,0.3414213562373095,0,1058.8260498046875
49035,10,157,46,34,2,30.646253294264337,4.401312785222963,0.4308640753373011,0,1058.8260498046875
49035,10,157,46,35,,,,,0,1058.8260498046875
49035,10,157,46,36,,,,,0,1058.8260498046875
49035,10,157,46,37,,,,,0,1058.8260498046875
49035,10,157,46,38,2,8.938764811803093,3.0031150006199674,0.2649915822768611,0,1058.8260498046875
49035,10,157,46,39,,,,,0,1058.8260498046875
49035,10,157,46,40,,,,,0,1058.8260498046875
49035,10,157,46,41,2,11.543228520115761,4.545328665602032,0.4046490596890924,0,1058.8260498046875
49035,10,157,46,42,,,,,0,1058.8260498046875
49035,10,157,46,43,,,,,0,1058.8260498046875
49035,10,157,46,44,,,,,0,1058.8260498046875
49035,10,157,46,45,,,,,0,1058.8260498046875
49035,10,157,46,46,2,5.090488107382051,4.647439335334292,0.5905350201669267,1,1058.8260498046875
49035,10,157,46,47,,,,,0,1058.8260498046875
49035,10,157,46,48,2,7.610316689093019,-1.2346128748354133,0.6105354806822353,0,1058.8260498046875
49035,10,157,46,49,,,,,0,1058.8260498046875
49035,10,157,46,50,2,2.8987777665644465,1.2046745221027915,0.39033749051054323,0,1058.8260498046875
49035,10,157,46,51,2,5.5122958000118025,-0.31796735619913585,0.4815389220537701,0,1058.8260498046875
49035,10,157,46,52,2,33.58869665304069,4.602055628048589,0.4308640753373011,0,1058.8260498046875
49035,10,157,46,53,2,42.62587534007889,4.776239231703627,0.3414213562373095,0,1058.8260498046875
49035,10,157,46,54,2,32.6718723206918,4.750566744948685,0.482842712474619,0,1058.8260498046875
49035,10,157,46,55,2,22.758234408038494,4.702469252381211,0.3414213562373095,0,1058.8260498046875
49035,10,157,46,56,2,37.502785800702405,-1.3849716483273276,0.4242640687119285,0,1058.8260498046875
49035,10,157,46,57,2,27.512632284916076,-1.371159721315942,0.4242640687119285,0,1058.8260498046875
49035,10,157,46,58,2,42.95889482618408,-1.2728533478414388,0.382842712474619,0,1058.8260498046875
49035,10,157,46,59,2,33.10517538269184,-1.2276597719422448,0.4242640687119285,0,1058.8260498046875
49035,10,157,46,60,2,23.376026812750418,-1.144538634949344,0.482842712474619,0,1058.8260498046875
49035,10,157,46,61,2,18.61938843695589,-1.070662041195427,0.37888543819998316,0,1058.8260498046875
49035,10,157,46,62,2,39.17856989468305,-1.1270647515545624,0.4242640687119285,0,1058.8260498046875
49035,10,157,46,63,2,29.7564502490503,-1.028906504647591,0.4242640687119285,0,1058.8260498046875
49035,10,157,46,64,2,45.54083926396553,-1.0539971006387656,0.3414213562373095,0,1058.8260498046875
49035,10,157,46,65,2,36.39304924429918,-0.9547309403724307,0.382842712474619,0,1058.8260498046875
49035,10,157,46,66,2,27.837744623615354,-0.7918853818994718,0.3414213562373095,0,1058.8260498046875
49035,10,158,48,1,2,39.210454103263814,-1.554627169310628,0.613407053921902,0,1059.1929931640625
49035,10,158,48,2,2,35.31737527738621,-1.4282319809845128,0.682842712474619,0,1059.1929931640625
49035,10,158,48,3,2,35.749410089613185,-1.5685360575409357,0.8513997106635237,0,1059.1929931640625
49035,10,158,48,4,2,36.860868777430404,-1.7029286885543116,0.682842712474619,0,1059.1929931640625
49035,10,158,48,5,2,32.95610428540328,-1.505382103597299,0.848528137423857,0,1059.1929931640625
49035,10,158,48,6,2,33.790651590964956,-1.6532466930651384,0.848528137423857,0,1059.1929931640625
49035,10,158,48,7,2,30.45401401942428,-1.315733784248569,0.613407053921902,0,1059.1929931640625
49035,10,158,48,8,2,30.31813479726969,-1.4308952053716095,0.8513997106635237,0,1059.1929931640625
49035,10,158,48,9,2,30.820328078348254,-1.5938168830330093,0.848528137423857,0,1059.1929931640625
49035,10,158,48,10,2,32.10289625763738,-1.7476066516939814,0.8513997106635237,0,1059.1929931640625
49035,10,158,48,11,2,33.41913038693186,-1.8466589848342339,0.613407053921902,0,1059.1929931640625
49035,10,158,48,12,2,27.981728159140935,-1.522030219011033,0.848528137423857,0,1059.1929931640625
49035,10,158,48,13,2,28.959979904061868,-1.6944934457008187,0.848528137423857,0,1059.1929931640625
49035,10,158,48,14,2,25.31919427405027,-1.434610102428018,0.682842712474619,0,1059.1929931640625
49035,10,158,48,15,2,25.91842826945157,-1.6286901984704307,0.765685424949238,0,1059.1929931640625
49035,10,158,48,16,2,27.431154719229607,-1.8076591962015158,0.682842712474619,0,1059.1929931640625
49035,10,158,48,17,,,,,0,1059.1929931640625
49035,10,158,48,18,2,51.47869236803057,-0.9176197491148343,0.37888543819998316,0,1059.1929931640625
49035,10,158,48,19,2,53.014351061583326,-0.7052340583741605,0.3414213562373095,0,1059.1929931640625
49035,10,158,48,20,2,47.13733201003228,-0.8672605706900658,0.482842712474619,0,1059.1929931640625
49035,10,158,48,21,2,42.81745811660504,-1.0683492484177117,0.3414213562373095,0,1059.1929931640625
49035,10,158,48,22,2,45.968435310048264,-0.7173047954056293,0.4242640687119285,0,1059.1929931640625
49035,10,158,48,23,2,40.30513237042281,-0.9090731100468048,0.4242640687119285,0,1059.1929931640625
49035,10,158,48,24,2,49.734924302873566,-0.4966990199197485,0.37888543819998316,0,1059.1929931640625
49035,10,158,48,25,2,45.872279436323744,-0.5631809793881537,0.482842712474619,0,1059.1929931640625
49035,10,158,48,26,2,38.931641003525435,-0.7337422111238747,0.4242640687119285,0,1059.1929931640625
49035,10,158,48,27,2,33.57200205186751,-0.967797348020575,0.482842712474619,0,1059.1929931640625
49035,10,158,48,28,2,31.745592560892643,-1.1104926903112842,0.4538461538461539,0,1059.1929931640625
49035,10,158,48,29,2,38.818058259751496,-0.5516207723581474,0.4242640687119285,0,1059.1929931640625
49035,10,158,48,30,2,31.910003096218496,-0.7574225245702184,0.4242640687119285,0,1059.1929931640625
49035,10,158,48,31,2,39.97512505155599,-0.3743044699106206,0.3414213562373095,0,1059.1929931640625
49035,10,158,48,32,2,31.77132785123644,-0.534929437890924,0.482842712474619,0,1059.1929931640625
49035,10,158,48,33,2,24.91633849452935,-0.7944278705851686,0.3414213562373095,0,1059.1929931640625
49035,10,158,48,34,2,28.832092787940955,-0.401186296312563,0.4308640753373011,0,1059.1929931640625
49035,10,158,48,35,,,,,0,1059.1929931640625
49035,10,158,48,36,,,,,0,1059.1929931640625
49035,10,158,48,37,,,,,0,1059.1929931640625
49035,10,158,48,38,2,11.720999414032919,-1.90732362317613,0.24017354928337353,0,1059.1929931640625
49035,10,158,48,39,,,,,0,1059.1929931640625
49035,10,158,48,40,,,,,0,1059.1929931640625
49035,10,158,48,41,2,9.544901787452146,-0.4315835783880253,0.3346472674730022,0,1059.1929931640625
49035,10,158,48,42,,,,,0,1059.1929931640625
49035,10,158,48,43,,,,,0,1059.1929931640625
49035,10,158,48,44,,,,,0,1059.1929931640625
49035,10,158,48,45,,,,,0,1059.1929931640625
49035,10,158,48,46,,,,,0,1059.1929931640625
49035,10,158,48,47,,,,,0,1059.1929931640625
49035,10,158,48,48,2,4.44069577025,0.08822283258874997,0.42769276820761626,1,1059.1929931640625
49035,10,158,48,49,,,,,0,1059.1929931640625
49035,10,158,48,50,2,5.579106511541891,-2.9267884908773847,0.3638463841038081,0,1059.1929931640625
49035,10,158,48,51,2,3.2378565389315614,-4.376606227695176,0.41088180128838653,0,1059.1929931640625
49035,10,158,48,52,2,31.184267673981296,-0.1783358885163282,0.4308640753373011,0,1059.1929931640625
49035,10,158,48,53,2,39.785979954262615,0.024780044172778126,0.3414213562373095,0,1059.1929931640625
49035,10,158,48,54,2,29.90536492778845,-0.019886902114540916,0.482842712474619,0,1059.1929931640625
49035,10,158,48,55,2,20.1429268480877,-0.1081977321951948,0.3414213562373095,0,1059.1929931640625
49035,10,158,48,56,2,34.43108809338266,0.1496297643575799,0.4242640687119285,0,1059.1929931640625
49035,10,158,48,57,2,24.431669567131316,0.1459116559838991,0.4242640687119285,0,1059.1929931640625
49035,10,158,48,58,2,39.70728904274826,-6.00615102043796,0.382842712474619,0,1059.1929931640625
49035,10,158,48,59,2,29.800594854256996,-5.9665291710427155,0.4242640687119285,0,1059.1929931640625
49035,10,158,48,60,2,19.987048411678536,-5.887753529873962,0.482842712474619,0,1059.1929931640625
49035,10,158,48,61,2,15.171863085408722,-5.810390762802744,0.37888543819998316,0,1059.1929931640625
49035,10,158,48,62,2,35.76652666247656,-5.850199433451583,0.4242640687119285,0,1059.1929931640625
49035,10,158,48,63,2,26.28024124776749,-5.746955313942909,0.4242640687119285,0,1059.1929931640625
49035,10,158,48,64,2,42.07628079248123,-5.767901538912346,0.3414213562373095,0,1059.1929931640625
49035,10,158,48,65,2,32.891033061777456,-5.66157451367447,0.382842712474619,0,1059.1929931640625
49035,10,158,48,66,2,24.35624573726728,-5.477193769458301,0.3414213562373095,0,1059.1929931640625
49035,10,159,41,1,2,37.06108877188803,3.999799003291636,0.613407053921902,0,1059.7099609375
49035,10,159,41,2,2,32.58066856500776,4.119136681120912,0.682842712474619,0,1059.7099609375
49035,10,159,41,3,2,33.70222548204266,3.9719588439244276,0.8513997106635237,0,1059.7099609375
49035,10,159,41,4,2,35.49901464466311,3.8369578176358967,0.682842712474619,0,1059.7099609375
49035,10,159,41,5,2,30.62099744216623,4.025936086436158,0.848528137423857,0,1059.7099609375
49035,10,159,41,6,2,32.202259589238636,3.874737260314306,0.848528137423857,0,1059.7099609375
49035,10,159,41,7,2,27.242667627348172,4.21849870621301,0.613407053921902,0,1059.7099609375
49035,10,159,41,8,2,27.64870641212454,4.091746873589186,0.8513997106635237,0,1059.7099609375
49035,10,159,41,9,2,28.961888829346353,3.9210496197555536,0.848528137423857,0,1059.7099609375
49035,10,159,41,10,2,31.034352625163258,3.769128047146557,0.8513997106635237,0,1059.7099609375
49035,10,159,41,11,2,32.86212211152332,3.675628427587515,0.613407053921902,0,1059.7099609375
49035,10,159,41,12,2,25.799156700832736,3.978867808341012,0.848528137423857,0,1059.7099609375
49035,10,159,41,13,2,27.657485872249545,3.804876182725356,0.848528137423857,0,1059.7099609375
49035,10,159,41,14,2,22.746471559009503,4.052510209999803,0.682842712474619,0,1059.7099609375
49035,10,159,41,15,2,24.325747813466883,3.8504891145727465,0.8513997106635237,0,1059.7099609375
49035,10,159,41,16,2,26.759709359108317,3.6790935203877186,0.682842712474619,0,1059.7099609375
49035,10,159,41,17,2,21.179181007986806,3.782951266649956,0.613407053921902,0,1059.7099609375
49035,10,159,41,18,2,46.732191992278075,4.7149703836724015,0.37888543819998316,0,1059.7099609375
49035,10,159,41,19,2,47.834806301740045,4.950833343380674,0.3414213562373095,0,1059.7099609375
49035,10,159,41,20,2,42.271134010387165,4.765781363292241,0.482842712474619,0,1059.7099609375
49035,10,159,41,21,2,38.54255890730702,4.535390867748083,0.3414213562373095,0,1059.7099609375
49035,10,159,41,22,2,40.81004452761013,4.932547515082016,0.4242640687119285,0,1059.7099609375
49035,10,159,41,23,2,35.55474385992174,4.708732474796568,0.4242640687119285,0,1059.7099609375
49035,10,159,41,24,2,44.38164778224635,5.182135388350806,0.37888543819998316,0,1059.7099609375
49035,10,159,41,25,2,40.54714167690409,5.10647511634073,0.482842712474619,0,1059.7099609375
49035,10,159,41,26,2,33.80459694725044,4.906670918194341,0.4242640687119285,0,1059.7099609375
49035,10,159,41,27,2,29.00742752063986,4.625547046058195,0.482842712474619,0,1059.7099609375
49035,10,159,41,28,2,27.672565650201925,4.4552687756024465,0.4538461538461539,0,1059.7099609375
49035,10,159,41,29,2,33.48673974258266,5.1170111564730565,0.4242640687119285,0,1059.7099609375
49035,10,159,41,30,2,26.83359489868225,4.867310559724416,0.4242640687119285,0,1059.7099609375
49035,10,159,41,31,2,34.64062214234721,5.3222015864047805,0.3414213562373095,0,1059.7099609375
49035,10,159,41,32,2,26.432040765101682,5.1331740026383414,0.482842712474619,0,1059.7099609375
49035,10,159,41,33,2,19.933209867131744,4.8005271944889625,0.3414213562373095,0,1059.7099609375
49035,10,159,41,34,2,23.486246637744586,5.295502742101947,0.4308640753373011,0,1059.7099609375
49035,10,159,41,35,,,,,0,1059.7099609375
49035,10,159,41,36,,,,,0,1059.7099609375
49035,10,159,41,37,,,,,0,1059.7099609375
49035,10,159,41,38,2,12.271715978106071,3.3278542981425323,0.25641939290384924,0,1059.7099609375
49035,10,159,41,39,,,,,0,1059.7099609375
49035,10,159,41,40,,,,,0,1059.7099609375
49035,10,159,41,41,2,4.192602027316931,5.288181706974314,0.25398991644996444,1,1059.7099609375
49035,10,159,41,42,,,,,0,1059.7099609375
49035,10,159,41,43,,,,,0,1059.7099609375
49035,10,159,41,44,,,,,0,1059.7099609375
49035,10,159,41,45,,,,,0,1059.7099609375
49035,10,159,41,46,,,,,0,1059.7099609375
49035,10,159,41,47,,,,,0,1059.7099609375
49035,10,159,41,48,,,,,0,1059.7099609375
49035,10,159,41,49,,,,,0,1059.7099609375
49035,10,159,41,50,2,10.319739206455132,2.4260890640739543,0.3333092552685269,0,1059.7099609375
49035,10,159,41,51,2,7.998292347393088,1.794343669885821,0.3164982883492972,0,1059.7099609375
49035,10,159,41,52,2,26.080926842242015,5.562065711668791,0.4308640753373011,0,1059.7099609375
49035,10,159,41,53,2,35.13524826256719,5.779161628278011,0.3414213562373095,0,1059.7099609375
49035,10,159,41,54,2,25.162784962546407,5.754219577825998,0.482842712474619,0,1059.7099609375
49035,10,159,41,55,2,15.226484284642755,5.696639729454916,0.3414213562373095,0,1059.7099609375
49035,10,159,41,56,2,30.195640594177874,-0.3485287237459396,0.4242640687119285,0,1059.7099609375
49035,10,159,41,57,2,20.259733154508325,-0.30282299549418745,0.4242640687119285,0,1059.7099609375
49035,10,159,41,58,2,35.92196646502212,-0.22248663814895808,0.382842712474619,0,1059.7099609375
49035,10,159,41,59,2,26.250100024824572,-0.13972548619247638,0.4242640687119285,0,1059.7099609375
49035,10,159,41,60,2,16.963131430028366,0.03624031750424628,0.482842712474619,0,1059.7099609375
49035,10,159,41,61,2,12.731373304242425,0.21770687914518794,0.37888543819998316,0,1059.7099609375
49035,10,159,41,62,2,32.67535332838355,-0.03887685023080989,0.4242640687119285,0,1059.7099609375
49035,10,159,41,63,2,23.798293882835956,0.12641712317898168,0.4242640687119285,0,1059.7099609375
49035,10,159,41,64,2,39.32289001276632,0.028381566010481585,0.3414213562373095,0,1059.7099609375
49035,10,159,41,65,2,30.740360368011928,0.17613150759481355,0.382842712474619,0,1059.7099609375
49035,10,159,41,66,2,23.31629970973867,0.4270299285797461,0.3414213562373095,0,1059.7099609375
49035,10,160,35,1,2,38.51287215119789,-0.5721135535832524,0.613407053921902,0,1060.2259521484375
49035,10,160,35,2,2,33.563864016168715,-0.47272885632592354,0.682842712474619,0,1060.2259521484375
49035,10,160,35,3,2,35.2905696018866,-0.609176295295929,0.8513997106635237,0,1060.2259521484375
49035,10,160,35,4,2,37.60738807675083,-0.7308756541275907,0.682842712474619,0,1060.2259521484375
49035,10,160,35,5,2,32.013424314274744,-0.5697007208292257,0.848528137423857,0,1060.2259521484375
49035,10,160,35,6,2,34.18699564828029,-0.7059160550495771,0.848528137423857,0,1060.2259521484375
49035,10,160,35,7,2,27.853553368200178,-0.4022461344817714,0.613407053921902,0,1060.2259521484375
49035,10,160,35,8,2,28.79747158738058,-0.5213180967391133,0.8513997106635237,0,1060.2259521484375
49035,10,160,35,9,2,30.79262419729325,-0.6754310514413342,0.848528137423857,0,1060.2259521484375
49035,10,160,35,10,2,33.422702465322395,-0.8080806136899472,0.8513997106635237,0,1060.2259521484375
49035,10,160,35,11,2,35.56755508432206,-0.8883201284366546,0.613407053921902,0,1060.2259521484375
49035,10,160,35,12,2,27.43393406815589,-0.6374386880556915,0.848528137423857,0,1060.2259521484375
49035,10,160,35,13,2,29.941811461327156,-0.7885069584555993,0.848528137423857,0,1060.2259521484375
49035,10,160,35,14,2,24.125832046918482,-0.5889403907164967,0.682842712474619,0,1060.2259521484375
49035,10,160,35,15,2,26.47540570200685,-0.7637961280096036,0.8513997106635237,0,1060.2259521484375
49035,10,160,35,16,2,29.49302361941879,-0.9065883078667839,0.682842712474619,0,1060.2259521484375
49035,10,160,35,17,2,23.61419252434742,-0.8444374743685812,0.613407053921902,0,1060.2259521484375
49035,10,160,35,18,2,45.01725766622087,0.16492447130602383,0.37888543819998316,0,1060.2259521484375
49035,10,160,35,19,2,45.183317935467876,0.41343605879847023,0.3414213562373095,0,1060.2259521484375
49035,10,160,35,20,2,40.3647728832586,0.20789286432738496,0.482842712474619,0,1060.2259521484375
49035,10,160,35,21,2,37.64435628585677,-0.03959944184073971,0.3414213562373095,0,1060.2259521484375
49035,10,160,35,22,2,38.25160071052502,0.37983382279975575,0.4242640687119285,0,1060.2259521484375
49035,10,160,35,23,2,33.92591380017513,0.1288973124625632,0.4242640687119285,0,1060.2259521484375
49035,10,160,35,24,2,40.96539623619048,0.6546886495815285,0.37888543819998316,0,1060.2259521484375
49035,10,160,35,25,2,37.37719925192131,0.5656723594385122,0.482842712474619,0,1060.2259521484375
49035,10,160,35,26,2,31.382123799661848,0.3314442559044133,0.4242640687119285,0,1060.2259521484375
49035,10,160,35,27,2,27.796049439385776,0.014048779771688391,0.482842712474619,0,1060.2259521484375
49035,10,160,35,28,2,27.23071243222469,-0.16677136765614908,0.4538461538461539,0,1060.2259521484375
49035,10,160,35,29,2,30.310192364577492,0.5585534939394898,0.4242640687119285,0,1060.2259521484375
49035,10,160,35,30,2,24.627026443262846,0.25624227232206853,0.4242640687119285,0,1060.2259521484375
49035,10,160,35,31,2,30.863859580066794,0.7895450374433575,0.3414213562373095,0,1060.2259521484375
49035,10,160,35,32,2,23.245655474465686,0.547106760685766,0.482842712474619,0,1060.2259521484375
49035,10,160,35,33,2,18.114722429477972,0.12571404366655137,0.3414213562373095,0,1060.2259521484375
49035,10,160,35,34,2,19.827301898334113,0.7172793970528539,0.4308640753373011,0,1060.2259521484375
49035,10,160,35,35,2,14.253315293482105,-0.9083401741076637,0.35680269384357455,1,1060.2259521484375
49035,10,160,35,36,,,,,0,1060.2259521484375
49035,10,160,35,37,,,,,0,1060.2259521484375
49035,10,160,35,38,2,16.100661895594154,-1.2947276712745939,0.35080290584293855,0,1060.2259521484375
49035,10,160,35,39,,,,,0,1060.2259521484375
49035,10,160,35,40,,,,,0,1060.2259521484375
49035,10,160,35,41,,,,,0,1060.2259521484375
49035,10,160,35,42,,,,,0,1060.2259521484375
49035,10,160,35,43,,,,,0,1060.2259521484375
49035,10,160,35,44,,,,,0,1060.2259521484375
49035,10,160,35,45,,,,,0,1060.2259521484375
49035,10,160,35,46,,,,,0,1060.2259521484375
49035,10,160,35,47,,,,,0,1060.2259521484375
49035,10,160,35,48,,,,,0,1060.2259521484375
49035,10,160,35,49,,,,,0,1060.2259521484375
49035,10,160,35,50,2,14.654491384435405,-1.9505938999850154,0.3333092552685269,0,1060.2259521484375
49035,10,160,35,51,2,11.293616077140328,-2.349236856122126,0.2996450679491929,0,1060.2259521484375
49035,10,160,35,52,2,21.840145777170825,1.0444806517559793,0.4308640753373011,0,1060.2259521484375
49035,10,160,35,53,2,30.691541170796945,1.3090681321571254,0.3414213562373095,0,1060.2259521484375
49035,10,160,35,54,2,20.730493715736717,1.274108445827318,0.482842712474619,0,1060.2259521484375
49035,10,160,35,55,2,10.841403966169477,1.1749970758429307,0.3414213562373095,0,1060.2259521484375
49035,10,160,35,56,2,25.76088967210932,-4.793619844374344,0.4242640687119285,0,1060.2259521484375
49035,10,160,35,57,2,15.855790959711356,-4.725601264742333,0.4242640687119285,0,1060.2259521484375
49035,10,160,35,58,2,31.58312055036642,-4.652825337416936,0.382842712474619,0,1060.2259521484375
49035,10,160,35,59,2,22.028984859917024,-4.540824072925759,0.4242640687119285,0,1060.2259521484375
49035,10,160,35,60,2,13.155183169303617,-4.26916281193275,0.482842712474619,0,1060.2259521484375
49035,10,160,35,61,2,9.589065613899356,-3.9558413814669837,0.37888543819998316,0,1060.2259521484375
49035,10,160,35,62,2,28.620730964789185,-4.438863055242555,0.4242640687119285,0,1060.2259521484375
49035,10,160,35,63,2,20.172479054848917,-4.215727092685497,0.4242640687119285,0,1060.2259521484375
49035,10,160,35,64,2,35.397970393219325,-4.375477779853564,0.3414213562373095,0,1060.2259521484375
49035,10,160,35,65,2,27.217622567349768,-4.189909251724624,0.382842712474619,0,1060.2259521484375
49035,10,160,35,66,2,20.7022136129976,-3.8689478325529443,0.3414213562373095,0,1060.2259521484375
49035,10,161,17,1,2,27.73813885497962,0.5336373364673199,0.613407053921902,0,1061.2099609375
49035,10,161,17,2,2,23.441630148680993,0.7038356632737439,0.682842712474619,0,1061.2099609375
49035,10,161,17,3,2,24.364080926690125,0.49784405477530824,0.8513997106635237,0,1061.2099609375
49035,10,161,17,4,2,26.22416547341519,0.31397450823829365,0.682842712474619,0,1061.2099609375
49035,10,161,17,5,2,21.3246506698079,0.5770997717731794,0.848528137423857,0,1061.2099609375
49035,10,161,17,6,2,22.887532448127615,0.36170062473384323,0.848528137423857,0,1061.2099609375
49035,10,161,17,7,2,18.432420411168,0.8717753003553406,0.613407053921902,0,1061.2099609375
49035,10,161,17,8,2,18.46274662601347,0.6817699249762126,0.8513997106635237,0,1061.2099609375
49035,10,161,17,9,2,19.620688783810003,0.42550836732404984,0.848528137423857,0,1061.2099609375
49035,10,161,17,10,2,21.887664190723584,0.2100406454718854,0.8513997106635237,0,1061.2099609375
49035,10,161,17,11,2,23.972666403389766,0.08723888393291457,0.613407053921902,0,1061.2099609375
49035,10,161,17,12,2,16.46522745479578,0.5142607833725574,0.848528137423857,0,1061.2099609375
49035,10,161,17,13,2,18.444569133295484,0.2500173759014057,0.848528137423857,0,1061.2099609375
49035,10,161,17,14,2,13.499481542829479,0.6434468587161803,0.682842712474619,0,1061.2099609375
49035,10,161,17,15,2,15.044414820788132,0.30819563569938824,0.8513997106635237,0,1061.2099609375
49035,10,161,17,16,2,17.9006377728478,0.057461751910342196,0.682842712474619,0,1061.2099609375
49035,10,161,17,17,2,12.043193495253867,0.1743151356156356,0.613407053921902,1,1061.2099609375
49035,10,161,17,18,2,40.57452364792625,1.390785120706866,0.37888543819998316,0,1061.2099609375
49035,10,161,17,19,2,43.58277328779614,1.6475559986624497,0.3414213562373095,0,1061.2099609375
49035,10,161,17,20,2,36.57396557942478,1.4686623540266917,0.482842712474619,0,1061.2099609375
49035,10,161,17,21,2,31.23862655358683,1.2177833703290912,0.3414213562373095,0,1061.2099609375
49035,10,161,17,22,2,36.53655062781672,1.6623975495814407,0.4242640687119285,0,1061.2099609375
49035,10,161,17,23,2,29.54854247722764,1.444261363910794,0.4242640687119285,0,1061.2099609375
49035,10,161,17,24,2,42.285762260816874,1.906959987217331,0.37888543819998316,0,1061.2099609375
49035,10,161,17,25,2,37.844208346232854,1.8495516180695915,0.482842712474619,0,1061.2099609375
49035,10,161,17,26,2,29.502219172506198,1.6843234944480443,0.4242640687119285,0,1061.2099609375
49035,10,161,17,27,2,22.551668826322015,1.4046817900770492,0.482842712474619,0,1061.2099609375
49035,10,161,17,28,2,20.066793022973552,1.2003672179226164,0.4538461538461539,0,1061.2099609375
49035,10,161,17,29,2,31.107000975289445,1.9121400833948483,0.4242640687119285,0,1061.2099609375
49035,10,161,17,30,2,22.490939073906414,1.7199468916448266,0.4242640687119285,0,1061.2099609375
49035,10,161,17,31,2,34.13077911871812,2.108624742398473,0.3414213562373095,0,1061.2099609375
49035,10,161,17,32,2,24.55823515646506,2.00867573737132,0.482842712474619,0,1061.2099609375
49035,10,161,17,33,2,15.533954575372885,1.7876405314672619,0.3414213562373095,0,1061.2099609375
49035,10,161,17,34,2,23.33387886634064,2.211535356001785,0.4308640753373011,0,1061.2099609375
49035,10,161,17,35,,,,,0,1061.2099609375
49035,10,161,17,36,,,,,0,1061.2099609375
49035,10,161,17,37,2,2.51494905945624,-1.4938105336516434,0.5722854315746106,0,1061.2099609375
49035,10,161,17,38,2,7.100942482967715,-1.0179217540507655,0.582842712474619,0,1061.2099609375
49035,10,161,17,39,,,,,0,1061.2099609375
49035,10,161,17,40,2,6.046128590548564,-1.538799393409851,0.6921765313559731,0,1061.2099609375
49035,10,161,17,41,,,,,0,1061.2099609375
49035,10,161,17,42,,,,,0,1061.2099609375
49035,10,161,17,43,,,,,0,1061.2099609375
49035,10,161,17,44,,,,,0,1061.2099609375
49035,10,161,17,45,,,,,0,1061.2099609375
49035,10,161,17,46,,,,,0,1061.2099609375
49035,10,161,17,47,,,,,0,1061.2099609375
49035,10,161,17,48,,,,,0,1061.2099609375
49035,10,161,17,49,,,,,0,1061.2099609375
49035,10,161,17,50,2,13.533268712475184,-1.820333000601615,0.39033749051054323,0,1061.2099609375
49035,10,161,17,51,2,15.256311445873123,-2.2306813861173076,0.32656889961346947,0,1061.2099609375
49035,10,161,17,52,2,28.1377766805255,-3.868804774715474,0.4308640753373011,0,1061.2099609375
49035,10,161,17,53,2,38.66394489343315,-3.754496057559419,0.3414213562373095,0,1061.2099609375
49035,10,161,17,54,2,28.86342781916151,-3.694994523374381,0.482842712474619,0,1061.2099609375
49035,10,161,17,55,2,19.268998319099474,-3.5753879992667255,0.3414213562373095,0,1061.2099609375
49035,10,161,17,56,2,35.07651691724839,-3.5888428133595767,0.4242640687119285,0,1061.2099609375
49035,10,161,17,57,2,25.856505367035286,-3.4601876187497487,0.4242640687119285,0,1061.2099609375
49035,10,161,17,58,2,41.56472798684094,-3.5152006315813478,0.382842712474619,0,1061.2099609375
49035,10,161,17,59,2,32.64695151724875,-3.392291785969224,0.4242640687119285,0,1061.2099609375
49035,10,161,17,60,2,24.57682392253121,-3.1834341508105397,0.482842712474619,0,1061.2099609375
49035,10,161,17,61,2,21.168814078588774,-3.022861224292193,0.37888543819998316,0,1061.2099609375
49035,10,161,17,62,2,39.5359079438383,-3.3479074110415525,0.4242640687119285,0,1061.2099609375
49035,10,161,17,63,2,31.643085306163943,-3.1740866780656285,0.4242640687119285,0,1061.2099609375
49035,10,161,17,64,2,46.479593269710556,-3.316737314330316,0.3414213562373095,0,1061.2099609375
49035,10,161,17,65,2,38.71110204149753,-3.168152225605668,0.382842712474619,0,1061.2099609375
49035,10,161,17,66,2,32.1985442530675,-2.95279254718372,0.3414213562373095,0,1061.2099609375
49035,10,162,15,1,2,20.205154626130117,0.5024905113545759,0.613407053921902,0,1062.0269775390625
49035,10,162,15,2,2,17.226214501917635,0.7889975837378973,0.682842712474619,0,1062.0269775390625
49035,10,162,15,3,2,16.708006017303685,0.4948028079776423,0.8513997106635237,0,1062.0269775390625
49035,10,162,15,4,2,17.65141535635131,0.2078986248227579,0.682842712474619,0,1062.0269775390625
49035,10,162,15,5,2,14.300078506444404,0.6624807209210253,0.848528137423857,0,1062.0269775390625
49035,10,162,15,6,2,14.557034186215677,0.3146389311123614,0.848528137423857,0,1062.0269775390625
49035,10,162,15,7,2,14.031625928628696,1.1250733187085487,0.613407053921902,0,1062.0269775390625
49035,10,162,15,8,2,12.442950835983007,0.8884992364839697,0.8513997106635237,0,1062.0269775390625
49035,10,162,15,9,2,11.715034123504248,0.4758602383051751,0.848528137423857,0,1062.0269775390625
49035,10,162,15,10,2,13.025245622369187,0.08270999267565116,0.8513997106635237,0,1062.0269775390625
49035,10,162,15,11,2,14.902936718270421,-0.12968900968769215,0.613407053921902,0,1062.0269775390625
49035,10,162,15,12,2,9.3582479519986,0.7282302105195559,0.848528137423857,0,1062.0269775390625
49035,10,162,15,13,2,9.746373876435518,0.20015377828847347,0.848528137423857,0,1062.0269775390625
49035,10,162,15,14,2,7.931682352899857,1.1059525599690276,0.682842712474619,0,1062.0269775390625
49035,10,162,15,15,2,6.732502057592091,0.42883607056776407,0.765685424949238,1,1062.0269775390625
49035,10,162,15,16,2,8.81711874501305,-0.16993622586478263,0.682842712474619,0,1062.0269775390625
49035,10,162,15,17,,,,,0,1062.0269775390625
49035,10,162,15,18,2,39.60427189261227,1.3704427465085554,0.37888543819998316,0,1062.0269775390625
49035,10,162,15,19,2,44.85256863957976,1.605209199740879,0.3414213562373095,0,1062.0269775390625
49035,10,162,15,20,2,36.42228591926337,1.472034894759236,0.482842712474619,0,1062.0269775390625
49035,10,162,15,21,2,29.00711825743689,1.2652503061436795,0.3414213562373095,0,1062.0269775390625
49035,10,162,15,22,2,38.10843045858758,1.656619419650576,0.4242640687119285,0,1062.0269775390625
49035,10,162,15,23,2,29.446264109957355,1.5073193919173213,0.4242640687119285,0,1062.0269775390625
49035,10,162,15,24,2,45.7767084164126,1.851728327673032,0.37888543819998316,0,1062.0269775390625
49035,10,162,15,25,2,40.96244661210362,1.8205479193058134,0.482842712474619,0,1062.0269775390625
49035,10,162,15,26,2,31.507967729858375,1.7298366267960217,0.4242640687119285,0,1062.0269775390625
49035,10,162,15,27,2,22.52958118745562,1.564380946340077,0.482842712474619,0,1062.0269775390625
49035,10,162,15,28,2,18.43900831092423,1.4231938480735573,0.4538461538461539,0,1062.0269775390625
49035,10,162,15,29,2,34.90589621966797,1.9170972079275936,0.4242640687119285,0,1062.0269775390625
49035,10,162,15,30,2,25.164490634912287,1.840843606221137,0.4242640687119285,0,1062.0269775390625
49035,10,162,15,31,2,39.29492526180276,2.066932933566658,0.3414213562373095,0,1062.0269775390625
49035,10,162,15,32,2,29.307356573853983,2.0522441505528004,0.482842712474619,0,1062.0269775390625
49035,10,162,15,33,2,19.332644603451946,2.0223848290902726,0.3414213562373095,0,1062.0269775390625
49035,10,162,15,34,2,29.444960668807745,-4.060593213056089,0.4308640753373011,0,1062.0269775390625
49035,10,162,15,35,,,,,0,1062.0269775390625
49035,10,162,15,36,,,,,0,1062.0269775390625
49035,10,162,15,37,2,9.336233891090208,-3.0760325720232524,0.6242640687119285,0,1062.0269775390625
49035,10,162,15,38,2,8.341478422756971,-2.5133847553080804,0.682842712474619,0,1062.0269775390625
49035,10,162,15,39,,,,,0,1062.0269775390625
49035,10,162,15,40,2,10.950572701623289,-2.763678885306988,0.848528137423857,0,1062.0269775390625
49035,10,162,15,41,,,,,0,1062.0269775390625
49035,10,162,15,42,,,,,0,1062.0269775390625
49035,10,162,15,43,,,,,0,1062.0269775390625
49035,10,162,15,44,2,13.329096808033652,-2.54673644682471,0.7685569981889047,0,1062.0269775390625
49035,10,162,15,45,2,13.968010632286116,-2.2938656143965113,0.613407053921902,0,1062.0269775390625
49035,10,162,15,46,,,,,0,1062.0269775390625
49035,10,162,15,47,,,,,0,1062.0269775390625
49035,10,162,15,48,,,,,0,1062.0269775390625
49035,10,162,15,49,,,,,0,1062.0269775390625
49035,10,162,15,50,2,18.32346531523297,-2.561917064745699,0.5276927682076162,0,1062.0269775390625
49035,10,162,15,51,2,22.22034144109392,-2.7952370837944507,0.3538988508520741,0,1062.0269775390625
49035,10,162,15,52,2,35.25159952711464,-3.935262978043254,0.4308640753373011,0,1062.0269775390625
49035,10,162,15,53,2,46.21612089568232,-3.8810943576589017,0.3414213562373095,0,1062.0269775390625
49035,10,162,15,54,2,36.752684645623944,-3.8026628679168564,0.482842712474619,0,1062.0269775390625
49035,10,162,15,55,2,27.669293931667994,-3.6714162627995464,0.3414213562373095,0,1062.0269775390625
49035,10,162,15,56,2,43.31777220833403,-3.7368192605787343,0.4242640687119285,0,1062.0269775390625
49035,10,162,15,57,2,34.514625698527766,-3.614054456125224,0.4242640687119285,0,1062.0269775390625
49035,10,162,15,58,2,50.02098509151484,-3.688457076917894,0.382842712474619,0,1062.0269775390625
49035,10,162,15,59,2,41.43584133985827,-3.5757620474293503,0.4242640687119285,0,1062.0269775390625
49035,10,162,15,60,2,33.64162519198894,-3.407763632753051,0.482842712474619,0,1062.0269775390625
49035,10,162,15,61,2,30.235309566241316,-3.292935861926014,0.37888543819998316,0,1062.0269775390625
49035,10,162,15,62,2,48.40039780801746,-3.5484587724944188,0.4242640687119285,0,1062.0269775390625
49035,10,162,15,63,2,40.71152792503248,-3.404295303686623,0.4242640687119285,0,1062.0269775390625
49035,10,162,15,64,2,55.391949490939346,-3.528035727949435,0.3414213562373095,0,1062.0269775390625
49035,10,162,15,65,2,47.78177546327818,-3.401853366203232,0.382842712474619,0,1062.0269775390625
49035,10,162,15,66,2,41.20592268642325,-3.2318622498424174,0.3414213562373095,0,1062.0269775390625
49035,10,163,13,1,2,16.628361384507805,-0.27914126554312313,0.613407053921902,0,1062.3599853515625
49035,10,163,13,2,2,13.481982412221406,0.07194368048303557,0.682842712474619,0,1062.3599853515625
49035,10,163,13,3,2,13.149275737643503,-0.3049792075747113,0.8513997106635237,0,1062.3599853515625
49035,10,163,13,4,2,14.630210356851089,-0.6510183895095116,0.682842712474619,0,1062.3599853515625
49035,10,163,13,5,2,10.5869920732408,-0.09813816035686407,0.848528137423857,0,1062.3599853515625
49035,10,163,13,6,2,11.323603835351905,-0.5537440062903494,0.848528137423857,0,1062.3599853515625
49035,10,163,13,7,2,10.59328221234354,0.5257073823539975,0.613407053921902,0,1062.3599853515625
49035,10,163,13,8,2,8.733003486381246,0.21623918472702575,0.8513997106635237,0,1062.3599853515625
49035,10,163,13,9,2,8.210051921533738,-0.3797996697479804,0.848528137423857,0,1062.3599853515625
49035,10,163,13,10,2,10.41847182726011,-0.8697162275350209,0.8513997106635237,0,1062.3599853515625
49035,10,163,13,11,2,12.926417797603694,-1.0804788955160265,0.613407053921902,0,1062.3599853515625
49035,10,163,13,12,2,5.620133565011002,-0.0236124593696867,0.848528137423857,0,1062.3599853515625
49035,10,163,13,13,2,6.90836478116899,-0.8198206529779715,0.848528137423857,1,1062.3599853515625
49035,10,163,13,14,2,4.5570659445356645,0.6556599194547466,0.6466890965784271,0,1062.3599853515625
49035,10,163,13,15,,,,,0,1062.3599853515625
49035,10,163,13,16,2,7.283272296510155,-1.320658535403279,0.6466890965784271,0,1062.3599853515625
49035,10,163,13,17,,,,,0,1062.3599853515625
49035,10,163,13,18,2,36.56586982690804,0.7068453073284577,0.37888543819998316,0,1062.3599853515625
49035,10,163,13,19,2,42.417981222658604,0.9493284512543836,0.3414213562373095,0,1062.3599853515625
49035,10,163,13,20,2,33.638732680172176,0.8224905408604659,0.482842712474619,0,1062.3599853515625
49035,10,163,13,21,2,25.76516139383468,0.6126972603282645,0.3414213562373095,0,1062.3599853515625
49035,10,163,13,22,2,35.84586773669526,1.0162513465836578,0.4242640687119285,0,1062.3599853515625
49035,10,163,13,23,2,26.780691535487204,0.8798899694302569,0.4242640687119285,0,1062.3599853515625
49035,10,163,13,24,2,44.12650596414908,1.205414862159321,0.37888543819998316,0,1062.3599853515625
49035,10,163,13,25,2,39.22101644864928,1.1821565303253596,0.482842712474619,0,1062.3599853515625
49035,10,163,13,26,2,29.50537809599265,1.112538998245117,0.4242640687119285,0,1062.3599853515625
49035,10,163,13,27,2,20.071037389974354,0.9761864202233514,0.482842712474619,0,1062.3599853515625
49035,10,163,13,28,2,15.620055844038504,0.8474487413173621,0.4538461538461539,0,1062.3599853515625
49035,10,163,13,29,2,33.52505382629609,1.2977705888547595,0.4242640687119285,0,1062.3599853515625
49035,10,163,13,30,2,23.584071730265652,1.2591874136028092,0.4242640687119285,0,1062.3599853515625
49035,10,163,13,31,2,38.43554515711487,-4.843556520601815,0.3414213562373095,0,1062.3599853515625
49035,10,163,13,32,2,28.45294952806971,-4.82572326225812,0.482842712474619,0,1062.3599853515625
49035,10,163,13,33,2,18.48917364754704,-4.788644712214781,0.3414213562373095,0,1062.3599853515625
49035,10,163,13,34,2,29.224507471924692,-4.654196454849741,0.4308640753373011,0,1062.3599853515625
49035,10,163,13,35,,,,,0,1062.3599853515625
49035,10,163,13,36,,,,,0,1062.3599853515625
49035,10,163,13,37,2,12.420601853853372,-3.5996298945507257,0.765685424949238,0,1062.3599853515625
49035,10,163,13,38,2,12.058646403020475,-3.1892747442624074,0.682842712474619,0,1062.3599853515625
49035,10,163,13,39,2,15.602958025522895,-3.710333076025921,0.765685424949238,0,1062.3599853515625
49035,10,163,13,40,2,14.477289173300438,-3.384760498316042,0.848528137423857,0,1062.3599853515625
49035,10,163,13,41,,,,,0,1062.3599853515625
49035,10,163,13,42,,,,,0,1062.3599853515625
49035,10,163,13,43,2,17.285047021678754,-3.520689371261871,0.765685424949238,0,1062.3599853515625
49035,10,163,13,44,2,17.026815709426657,-3.2285883360719514,0.7685569981889047,0,1062.3599853515625
49035,10,163,13,45,2,17.704806552616475,-3.0304990746692066,0.613407053921902,0,1062.3599853515625
49035,10,163,13,46,,,,,0,1062.3599853515625
49035,10,163,13,47,,,,,0,1062.3599853515625
49035,10,163,13,48,,,,,0,1062.3599853515625
49035,10,163,13,49,,,,,0,1062.3599853515625
49035,10,163,13,50,2,22.00940601952897,-3.250123820987226,0.5276927682076162,0,1062.3599853515625
49035,10,163,13,51,2,25.674411400500208,-3.4557893509111546,0.3828974682400163,0,1062.3599853515625
49035,10,163,13,52,2,35.46031210304203,-4.550587078276729,0.4308640753373011,0,1062.3599853515625
49035,10,163,13,53,2,46.57956664947177,-4.521868501756263,0.3414213562373095,0,1062.3599853515625
49035,10,163,13,54,2,37.44242559683933,-4.424526516226744,0.482842712474619,0,1062.3599853515625
49035,10,163,13,55,2,28.88277064093946,-4.267140866285525,0.3414213562373095,0,1062.3599853515625
49035,10,163,13,56,2,44.21874186409441,-4.374870559388503,0.4242640687119285,0,1062.3599853515625
49035,10,163,13,57,2,35.882813955509135,-4.236086472244949,0.4242640687119285,0,1062.3599853515625
49035,10,163,13,58,2,51.075033328545,-4.338475363151884,0.382842712474619,0,1062.3599853515625
49035,10,163,13,59,2,42.90615614144721,-4.215183688756104,0.4242640687119285,0,1062.3599853515625
49035,10,163,13,60,2,35.682172581788144,-4.038230197299921,0.482842712474619,0,1062.3599853515625
49035,10,163,13,61,2,32.624485326479046,-3.9222160679175047,0.37888543819998316,0,1062.3599853515625
49035,10,163,13,62,2,49.9429687974475,-4.200166074013984,0.4242640687119285,0,1062.3599853515625
49035,10,163,13,63,2,42.738499477930674,-4.04991605147301,0.4242640687119285,0,1062.3599853515625
49035,10,163,13,64,2,56.988262210488415,-4.188859576733594,0.3414213562373095,0,1062.3599853515625
49035,10,163,13,65,2,49.79900837460167,-4.058289150876577,0.382842712474619,0,1062.3599853515625
49035,10,163,13,66,2,43.728942822985246,-3.8877858337760833,0.3414213562373095,0,1062.3599853515625
49035,10,164,10,1,2,13.31985869374226,0.7775231057545068,0.613407053921902,0,1062.6429443359375
49035,10,164,10,2,2,11.164859997494652,1.2501538042155564,0.682842712474619,0,1062.6429443359375
49035,10,164,10,3,2,9.821226783755087,0.7860783528690659,0.8513997106635237,0,1062.6429443359375
49035,10,164,10,4,2,10.874690446731819,0.30860177374856035,0.682842712474619,0,1062.6429443359375
49035,10,164,10,5,2,7.840612035504181,1.121391454093425,0.848528137423857,0,1062.6429443359375
49035,10,164,10,6,2,7.633976281439772,0.4638853412944569,0.848528137423857,0,1062.6429443359375
49035,10,164,10,7,2,10.048991039036373,1.8245062004461778,0.613407053921902,0,1062.6429443359375
49035,10,164,10,8,2,7.1759249330408785,1.588571032652426,0.8513997106635237,0,1062.6429443359375
49035,10,164,10,9,2,4.826623604439208,0.8198123480647065,0.848528137423857,0,1062.6429443359375
49035,10,164,10,10,2,6.715555985413398,-0.01758632694737683,0.7685569981889047,1,1062.6429443359375
49035,10,164,10,11,2,9.492648204543668,-0.28518416412302694,0.613407053921902,0,1062.6429443359375
49035,10,164,10,12,2,3.648972043230046,1.6366844120665958,0.848528137423857,0,1062.6429443359375
49035,10,164,10,13,,,,,0,1062.6429443359375
49035,10,164,10,14,2,5.322940777955282,-3.9243039818364482,0.6466890965784271,0,1062.6429443359375
49035,10,164,10,15,,,,,0,1062.6429443359375
49035,10,164,10,16,2,4.683854403608546,-0.8565715329900739,0.5052677403411177,0,1062.6429443359375
49035,10,164,10,17,,,,,0,1062.6429443359375
49035,10,164,10,18,2,36.22102310993208,1.7454315664385534,0.37888543819998316,0,1062.6429443359375
49035,10,164,10,19,2,42.955762377853695,1.972164270770052,0.3414213562373095,0,1062.6429443359375
49035,10,164,10,20,2,33.74614518743163,1.8697772250787064,0.482842712474619,0,1062.6429443359375
49035,10,164,10,21,2,25.14770583094607,1.6942920937443593,0.3414213562373095,0,1062.6429443359375
49035,10,164,10,22,2,36.65841947108337,2.053233217073441,0.4242640687119285,0,1062.6429443359375
49035,10,164,10,23,2,27.155929585755086,1.9544681617370463,0.4242640687119285,0,1062.6429443359375
49035,10,164,10,24,2,45.574935265453774,2.218440619109928,0.37888543819998316,0,1062.6429443359375
49035,10,164,10,25,2,40.60636798858763,2.2054284308993717,0.482842712474619,0,1062.6429443359375
49035,10,164,10,26,2,30.699868318498986,2.1667858865229093,0.4242640687119285,0,1062.6429443359375
49035,10,164,10,27,2,20.882689202345606,2.091593361930609,0.482842712474619,0,1062.6429443359375
49035,10,164,10,28,2,16.058926025611232,2.019726401976471,0.4538461538461539,0,1062.6429443359375
49035,10,164,10,29,2,35.320239493523644,-3.95366553126338,0.4242640687119285,0,1062.6429443359375
49035,10,164,10,30,2,25.320428737058368,-3.951608332768197,0.4242640687119285,0,1062.6429443359375
49035,10,164,10,31,2,40.65165090112032,-3.831004283779682,0.3414213562373095,0,1062.6429443359375
49035,10,164,10,32,2,30.759738531644587,-3.7895349581471565,0.482842712474619,0,1062.6429443359375
49035,10,164,10,33,2,20.970605811080535,-3.7090826883678196,0.3414213562373095,0,1062.6429443359375
49035,10,164,10,34,2,31.98439173121981,-3.6348283633055205,0.4308640753373011,0,1062.6429443359375
49035,10,164,10,35,,,,,0,1062.6429443359375
49035,10,164,10,36,2,18.358940639216403,-2.985013998672823,0.6242640687119285,0,1062.6429443359375
49035,10,164,10,37,2,16.08891227425159,-2.725067833527722,0.765685424949238,0,1062.6429443359375
49035,10,164,10,38,2,15.187346540553275,-2.4091340853323597,0.682842712474619,0,1062.6429443359375
49035,10,164,10,39,2,19.335764782441583,-2.8044221584382734,0.848528137423857,0,1062.6429443359375
49035,10,164,10,40,2,17.907378269757977,-2.54619982542131,0.848528137423857,0,1062.6429443359375
49035,10,164,10,41,,,,,0,1062.6429443359375
49035,10,164,10,42,,,,,0,1062.6429443359375
49035,10,164,10,43,2,20.87325796442771,-2.6457811476898545,0.765685424949238,0,1062.6429443359375
49035,10,164,10,44,2,20.18651269595214,-2.4039190969615176,0.7685569981889047,0,1062.6429443359375
49035,10,164,10,45,2,20.432987362738746,-2.231800369819118,0.613407053921902,0,1062.6429443359375
49035,10,164,10,46,,,,,0,1062.6429443359375
49035,10,164,10,47,,,,,0,1062.6429443359375
49035,10,164,10,48,,,,,0,1062.6429443359375
49035,10,164,10,49,,,,,0,1062.6429443359375
49035,10,164,10,50,2,25.18600990043517,-2.400774430241935,0.5276927682076162,0,1062.6429443359375
49035,10,164,10,51,2,29.173113612489384,-2.571455636917987,0.3828974682400163,0,1062.6429443359375
49035,10,164,10,52,2,38.44526911757559,-3.5528604469339164,0.4308640753373011,0,1062.6429443359375
49035,10,164,10,53,2,49.611225784646855,-3.5398790190504013,0.3414213562373095,0,1062.6429443359375
49035,10,164,10,54,2,40.68019809936762,-3.439701463520319,0.482842712474619,0,1062.6429443359375
49035,10,164,10,55,2,32.380292014624835,-3.2858657033858214,0.3414213562373095,0,1062.6429443359375
49035,10,164,10,56,2,47.53857297511656,-3.400558245212326,0.4242640687119285,0,1062.6429443359375
49035,10,164,10,57,2,39.41472712145888,-3.265743920152038,0.4242640687119285,0,1062.6429443359375
49035,10,164,10,58,2,54.451384955914314,-3.371317957766312,0.382842712474619,0,1062.6429443359375
49035,10,164,10,59,2,46.460285375423126,-3.251720618330283,0.4242640687119285,0,1062.6429443359375
49035,10,164,10,60,2,39.39749878754157,-3.0860619460007146,0.482842712474619,0,1062.6429443359375
49035,10,164,10,61,2,36.386334075977366,-2.9805880252832595,0.37888543819998316,0,1062.6429443359375
49035,10,164,10,62,2,53.51257347831858,-3.241391899478977,0.4242640687119285,0,1062.6429443359375
49035,10,164,10,63,2,46.44567056057033,-3.0993536935232076,0.4242640687119285,0,1062.6429443359375
49035,10,164,10,64,2,60.56924073636002,-3.233469202951806,0.3414213562373095,0,1062.6429443359375
49035,10,164,10,65,2,53.49988520480879,-3.1091416500226248,0.382842712474619,0,1062.6429443359375
49035,10,164,10,66,2,47.49571044290529,-2.950333519373769,0.3414213562373095,0,1062.6429443359375
49035,10,165,6,1,2,11.026652704739279,1.0642466406435729,0.613407053921902,0,1062.9429931640625
49035,10,165,6,2,2,10.722992544078599,1.6324491262459544,0.682842712474619,0,1062.9429931640625
49035,10,165,6,3,2,7.722173287014584,1.189325874661388,0.8513997106635237,0,1062.9429931640625
49035,10,165,6,4,2,7.367587898966529,0.5154314232744583,0.6466890965784271,0,1062.9429931640625
49035,10,165,6,5,2,7.197472818699252,1.6627190289876106,0.848528137423857,0,1062.9429931640625
49035,10,165,6,6,2,4.631738998500559,0.9011782960850458,0.848528137423857,1,1062.9429931640625
49035,10,165,6,7,2,11.724789800040169,2.1760529356609823,0.613407053921902,0,1062.9429931640625
49035,10,165,6,8,2,8.305135139005715,2.10047412745436,0.8513997106635237,0,1062.9429931640625
49035,10,165,6,9,2,3.6911598246979063,1.7507547621485098,0.848528137423857,0,1062.9429931640625
49035,10,165,6,10,,,,,0,1062.9429931640625
49035,10,165,6,11,2,5.854795115783452,-0.41840967698712295,0.4815389220537701,0,1062.9429931640625
49035,10,165,6,12,2,5.549442814616328,-3.8549797012651394,0.848528137423857,0,1062.9429931640625
49035,10,165,6,13,,,,,0,1062.9429931640625
49035,10,165,6,14,2,8.542129140555634,-3.5807018416913854,0.6466890965784271,0,1062.9429931640625
49035,10,165,6,15,,,,,0,1062.9429931640625
49035,10,165,6,16,2,3.502392411275831,-1.7605666142448544,0.43175884674785275,0,1062.9429931640625
49035,10,165,6,17,,,,,0,1062.9429931640625
49035,10,165,6,18,2,37.198793153477695,1.8785247924101185,0.37888543819998316,0,1062.9429931640625
49035,10,165,6,19,2,44.7039610135765,2.082090200683361,0.3414213562373095,0,1062.9429931640625
49035,10,165,6,20,2,35.18157063935607,2.0050744141381927,0.482842712474619,0,1062.9429931640625
49035,10,165,6,21,2,26.020024884704352,1.8724994294441606,0.3414213562373095,0,1062.9429931640625
49035,10,165,6,22,2,38.69219846499378,2.171631173127938,0.4242640687119285,0,1062.9429931640625
49035,10,165,6,23,2,28.92032165110028,2.1081319567095353,0.4242640687119285,0,1062.9429931640625
49035,10,165,6,24,2,48.080974826667315,2.312490200717106,0.37888543819998316,0,1062.9429931640625
49035,10,165,6,25,2,43.08630329300638,2.3074199481659448,0.482842712474619,0,1062.9429931640625
49035,10,165,6,26,2,33.10178716935938,2.2926902022997875,0.4242640687119285,0,1062.9429931640625
49035,10,165,6,27,2,23.130652739475345,2.265250120777537,0.482842712474619,0,1062.9429931640625
49035,10,165,6,28,2,18.15699554795657,2.2402378202167643,0.4538461538461539,0,1062.9429931640625
49035,10,165,6,29,2,38.14540107546428,-3.8509105666007706,0.4242640687119285,0,1062.9429931640625
49035,10,165,6,30,2,28.184577441513365,-3.823940152834418,0.4242640687119285,0,1062.9429931640625
49035,10,165,6,31,2,43.75402761587208,-3.7454561552115804,0.3414213562373095,0,1062.9429931640625
49035,10,165,6,32,2,33.96636152076242,-3.692279061291649,0.482842712474619,0,1062.9429931640625
49035,10,165,6,33,2,24.35184792387967,-3.5966327152349864,0.3414213562373095,0,1062.9429931640625
49035,10,165,6,34,2,35.46415677181557,-3.5547238991532306,0.4308640753373011,0,1062.9429931640625
49035,10,165,6,35,,,,,0,1062.9429931640625
49035,10,165,6,36,2,22.14264394353032,-2.985625531628192,0.682842712474619,0,1062.9429931640625
49035,10,165,6,37,2,19.620042609135087,-2.7781358076486184,0.765685424949238,0,1062.9429931640625
49035,10,165,6,38,2,18.154764200027298,-2.5241591449865797,0.682842712474619,0,1062.9429931640625
49035,10,165,6,39,2,22.959044550797607,-2.832908703004279,0.848528137423857,0,1062.9429931640625
49035,10,165,6,40,2,21.136866320716173,-2.6211502122054147,0.848528137423857,0,1062.9429931640625
49035,10,165,6,41,,,,,0,1062.9429931640625
49035,10,165,6,42,2,26.349371555821634,-2.873684134138889,0.682842712474619,0,1062.9429931640625
49035,10,165,6,43,2,24.268060749904567,-2.6936583505914884,0.765685424949238,0,1062.9429931640625
49035,10,165,6,44,2,23.099527348744065,-2.4879649824910857,0.7685569981889047,0,1062.9429931640625
49035,10,165,6,45,2,22.903989555476933,-2.3358924901643423,0.613407053921902,0,1062.9429931640625
49035,10,165,6,46,,,,,0,1062.9429931640625
49035,10,165,6,47,,,,,0,1062.9429931640625
49035,10,165,6,48,,,,,0,1062.9429931640625
49035,10,165,6,49,,,,,0,1062.9429931640625
49035,10,165,6,50,2,28.063871156919127,-2.4645536348973165,0.5276927682076162,0,1062.9429931640625
49035,10,165,6,51,2,32.41105310756792,-2.6067168472377027,0.3828974682400163,0,1062.9429931640625
49035,10,165,6,52,2,42.036290570629305,-3.487138115566487,0.4308640753373011,0,1062.9429931640625
49035,10,165,6,53,2,53.21413010814447,-3.482138997475726,0.3414213562373095,0,1062.9429931640625
49035,10,165,6,54,2,44.39642356671492,-3.3850591539170356,0.482842712474619,0,1062.9429931640625
49035,10,165,6,55,2,36.19863544201346,-3.2420834949381567,0.3414213562373095,0,1062.9429931640625
49035,10,165,6,56,2,51.28728628927082,-3.3518163684729627,0.4242640687119285,0,1062.9429931640625
49035,10,165,6,57,2,43.239848719280445,-3.225676824667037,0.4242640687119285,0,1062.9429931640625
49035,10,165,6,58,2,58.221379615396366,-3.326469202177998,0.382842712474619,0,1062.9429931640625
49035,10,165,6,59,2,50.28944050860702,-3.2138674621042336,0.4242640687119285,0,1062.9429931640625
49035,10,165,6,60,2,43.22414382052417,-3.061933375409157,0.482842712474619,0,1062.9429931640625
49035,10,165,6,61,2,40.161872468694405,-2.9670329865001035,0.37888543819998316,0,1062.9429931640625
49035,10,165,6,62,2,57.34432087025873,-3.204962832626983,0.4242640687119285,0,1062.9429931640625
49035,10,165,6,63,2,50.2759377676819,-3.073125298934944,0.4242640687119285,0,1062.9429931640625
49035,10,165,6,64,2,64.4027518470574,-3.198009612276687,0.3414213562373095,0,1062.9429931640625
49035,10,165,6,65,2,57.33247969364564,-3.0815630458404493,0.382842712474619,0,1062.9429931640625
49035,10,165,6,66,2,51.24755613852159,-2.9350314462972436,0.3414213562373095,0,1062.9429931640625
49035,10,166,9,1,2,8.863005263169821,0.1723081974000169,0.613407053921902,0,1063.1429443359375
49035,10,166,9,2,2,9.715420812474857,0.8356796923522767,0.682842712474619,0,1063.1429443359375
49035,10,166,9,3,2,5.8258383621431875,0.4149710844163663,0.7685569981889047,0,1063.1429443359375
49035,10,166,9,4,2,4.8467910704061525,-0.544093877741513,0.5276927682076162,0,1063.1429443359375
49035,10,166,9,5,2,6.406937437348978,0.9938458423526053,0.848528137423857,0,1063.1429443359375
49035,10,166,9,6,,,,,0,1063.1429443359375
49035,10,166,9,7,2,12.050792849001423,-4.920288625429091,0.613407053921902,0,1063.1429443359375
49035,10,166,9,8,2,8.553204196696614,-4.907493785573917,0.8513997106635237,0,1063.1429443359375
49035,10,166,9,9,2,3.5648692947621763,-4.84566742367412,0.765685424949238,1,1063.1429443359375
49035,10,166,9,10,,,,,0,1063.1429443359375
49035,10,166,9,11,2,4.969404178363087,-1.8858627096607214,0.4453398270311456,0,1063.1429443359375
49035,10,166,9,12,2,6.694531185454502,-4.507375220562901,0.848528137423857,0,1063.1429443359375
49035,10,166,9,13,,,,,0,1063.1429443359375
49035,10,166,9,14,2,10.095801231071635,-4.389918337254944,0.6466890965784271,0,1063.1429443359375
49035,10,166,9,15,,,,,0,1063.1429443359375
49035,10,166,9,16,2,5.570205078271961,-3.1164690271866844,0.43175884674785275,0,1063.1429443359375
49035,10,166,9,17,,,,,0,1063.1429443359375
49035,10,166,9,18,2,36.59369679791704,0.92053331530655,0.37888543819998316,0,1063.1429443359375
49035,10,166,9,19,2,44.59556663714571,1.1141254866313797,0.3414213562373095,0,1063.1429443359375
49035,10,166,9,20,2,34.89794472178559,1.052251861119212,0.482842712474619,0,1063.1429443359375
49035,10,166,9,21,2,25.435576028891145,0.943626070532289,0.3414213562373095,0,1063.1429443359375
49035,10,166,9,22,2,38.82117276968036,1.2122515404245409,0.4242640687119285,0,1063.1429443359375
49035,10,166,9,23,2,28.916871153879548,1.1710563505863334,0.4242640687119285,0,1063.1429443359375
49035,10,166,9,24,2,48.546363134261576,-4.943799023063043,0.37888543819998316,0,1063.1429443359375
49035,10,166,9,25,2,43.54653102856692,-4.942907855810343,0.482842712474619,0,1063.1429443359375
49035,10,166,9,26,2,33.547016957378496,-4.940328611798319,0.4242640687119285,0,1063.1429443359375
49035,10,166,9,27,2,23.54791559470476,-4.935558871975948,0.482842712474619,0,1063.1429443359375
49035,10,166,9,28,2,18.54872825596648,-4.931245626617047,0.4538461538461539,0,1063.1429443359375
49035,10,166,9,29,2,38.91810961682504,-4.812960719993354,0.4242640687119285,0,1063.1429443359375
49035,10,166,9,30,2,29.046880009114734,-4.765379482270532,0.4242640687119285,0,1063.1429443359375
49035,10,166,9,31,2,44.76422863800715,-4.717622726910168,0.3414213562373095,0,1063.1429443359375
49035,10,166,9,32,2,35.11321898761887,-4.651556842523069,0.482842712474619,0,1063.1429443359375
49035,10,166,9,33,2,25.73014049299338,-4.536447724592686,0.3414213562373095,0,1063.1429443359375
49035,10,166,9,34,2,36.90130144235292,-4.521747920180477,0.4308640753373011,0,1063.1429443359375
49035,10,166,9,35,,,,,0,1063.1429443359375
49035,10,166,9,36,2,24.46789555396448,-3.967419317749517,0.682842712474619,0,1063.1429443359375
49035,10,166,9,37,2,22.095902423256316,-3.7778351273058863,0.765685424949238,0,1063.1429443359375
49035,10,166,9,38,2,20.68284059205635,-3.5530079731176425,0.682842712474619,0,1063.1429443359375
49035,10,166,9,39,2,25.403491071156914,-3.830556919612136,0.848528137423857,0,1063.1429443359375
49035,10,166,9,40,2,23.661959970820224,-3.639097149858215,0.848528137423857,0,1063.1429443359375
49035,10,166,9,41,,,,,0,1063.1429443359375
49035,10,166,9,42,2,28.765357868565335,-3.8710470886698163,0.682842712474619,0,1063.1429443359375
49035,10,166,9,43,2,26.776796006336966,-3.705560669319236,0.765685424949238,0,1063.1429443359375
49035,10,166,9,44,2,25.623188627166076,-3.519556770059614,0.7685569981889047,0,1063.1429443359375
49035,10,166,9,45,2,25.376829769775767,-3.382533588354068,0.613407053921902,0,1063.1429443359375
49035,10,166,9,46,,,,,0,1063.1429443359375
49035,10,166,9,47,,,,,0,1063.1429443359375
49035,10,166,9,48,,,,,0,1063.1429443359375
49035,10,166,9,49,,,,,0,1063.1429443359375
49035,10,166,9,50,2,30.58293144697303,-3.496936444320249,0.5276927682076162,0,1063.1429443359375
49035,10,166,9,51,2,34.93783386471957,-3.6278449934310855,0.3828974682400163,0,1063.1429443359375
49035,10,166,9,52,2,43.599575199168704,-4.465255932462952,0.4308640753373011,0,1063.1429443359375
49035,10,166,9,53,2,54.777631163625415,-4.469879941644997,0.3414213562373095,0,1063.1429443359375
49035,10,166,9,54,2,46.148573737601964,-4.369324102221327,0.482842712474619,0,1063.1429443359375
49035,10,166,9,55,2,38.19414667369314,-4.2248488405365805,0.3414213562373095,0,1063.1429443359375
49035,10,166,9,56,2,53.09338722876376,-4.3424491907801865,0.4242640687119285,0,1063.1429443359375
49035,10,166,9,57,2,45.25494171402892,-4.215684238080067,0.4242640687119285,0,1063.1429443359375
49035,10,166,9,58,2,60.06766748286489,-4.321802848071284,0.382842712474619,0,1063.1429443359375
49035,10,166,9,59,2,52.31851162780458,-4.2089938359453924,0.4242640687119285,0,1063.1429443359375
49035,10,166,9,60,2,45.45688771864417,-4.059687539752362,0.482842712474619,0,1063.1429443359375
49035,10,166,9,61,2,42.49564250748272,-3.967990965301313,0.37888543819998316,0,1063.1429443359375
49035,10,166,9,62,2,59.38386622945068,-4.203895265729384,0.4242640687119285,0,1063.1429443359375
49035,10,166,9,63,2,52.493290528161715,-4.074003555103834,0.4242640687119285,0,1063.1429443359375
49035,10,166,9,64,2,66.4504362496279,-4.199881008173121,0.3414213562373095,0,1063.1429443359375
49035,10,166,9,65,2,59.537907755333165,-4.084933603798445,0.382842712474619,0,1063.1429443359375
49035,10,166,9,66,2,53.608436295039056,-3.942280561877097,0.3414213562373095,0,1063.1429443359375
49035,10,167,5,1,2,7.031368403936724,-0.9949688111799055,0.613407053921902,0,1063.4429931640625
49035,10,167,5,2,2,7.412062280592798,-0.1239153588501396,0.682842712474619,0,1063.4429931640625
49035,10,167,5,3,2,3.7130529475853224,-0.7767086808360482,0.7685569981889047,0,1063.4429931640625
49035,10,167,5,4,2,4.757610443463987,-2.018312366788145,0.5276927682076162,0,1063.4429931640625
49035,10,167,5,5,2,4.200716024829523,0.141910970682658,0.848528137423857,1,1063.4429931640625
49035,10,167,5,6,,,,,0,1063.4429931640625
49035,10,167,5,7,2,10.249956175165686,-5.776801508576863,0.613407053921902,0,1063.4429931640625
49035,10,167,5,8,2,6.8194771097898,-5.69375379160778,0.8513997106635237,0,1063.4429931640625
49035,10,167,5,9,,,,,0,1063.4429931640625
49035,10,167,5,10,,,,,0,1063.4429931640625
49035,10,167,5,11,2,7.0813222204224,-3.0336832566561083,0.429096793520295,0,1063.4429931640625
49035,10,167,5,12,2,5.849155145900996,-5.148728210601234,0.765685424949238,0,1063.4429931640625
49035,10,167,5,13,,,,,0,1063.4429931640625
49035,10,167,5,14,2,9.384661360459821,-5.150616889349974,0.6466890965784271,0,1063.4429931640625
49035,10,167,5,15,,,,,0,1063.4429931640625
49035,10,167,5,16,2,7.467801465684442,-3.8979310722102136,0.39033749051054323,0,1063.4429931640625
49035,10,167,5,17,,,,,0,1063.4429931640625
49035,10,167,5,18,2,34.31566684404279,-0.055327675686109856,0.37888543819998316,0,1063.4429931640625
49035,10,167,5,19,2,42.44331987333845,0.14618103941502358,0.3414213562373095,0,1063.4429931640625
49035,10,167,5,20,2,32.6975777658055,0.08602531342734432,0.482842712474619,0,1063.4429931640625
49035,10,167,5,21,2,23.1695442689594,-0.02432884391536838,0.3414213562373095,0,1063.4429931640625
49035,10,167,5,22,2,36.76751416142072,0.2529879562894215,0.4242640687119285,0,1063.4429931640625
49035,10,167,5,23,2,26.8243599642311,0.21908245967263618,0.4242640687119285,0,1063.4429931640625
49035,10,167,5,24,2,46.64461928807505,-5.903615559239649,0.37888543819998316,0,1063.4429931640625
49035,10,167,5,25,2,41.64815246165967,-5.899351655081313,0.482842712474619,0,1063.4429931640625
49035,10,167,5,26,2,31.658565876394643,-5.886786789217371,0.4242640687119285,0,1063.4429931640625
49035,10,167,5,27,2,21.678583515312766,-5.862645889501671,0.482842712474619,0,1063.4429931640625
49035,10,167,5,28,2,16.69757701496166,-5.839760570811604,0.4538461538461539,0,1063.4429931640625
49035,10,167,5,29,2,37.21536375221119,-5.7593032815251854,0.4242640687119285,0,1063.4429931640625
49035,10,167,5,30,2,27.43500481300788,-5.694059785191616,0.4242640687119285,0,1063.4429931640625
49035,10,167,5,31,2,43.21691572832066,-5.666032774413763,0.3414213562373095,0,1063.4429931640625
49035,10,167,5,32,2,33.695667302327465,-5.585899813624123,0.482842712474619,0,1063.4429931640625
49035,10,167,5,33,2,24.557975992119374,-5.444563299410281,0.3414213562373095,0,1063.4429931640625
49035,10,167,5,34,2,35.73464139667139,-5.454238625866502,0.4308640753373011,0,1063.4429931640625
49035,10,167,5,35,,,,,0,1063.4429931640625
49035,10,167,5,36,2,24.574856587760664,-4.86063346359748,0.682842712474619,0,1063.4429931640625
49035,10,167,5,37,2,22.64446226451821,-4.664799519511303,0.765685424949238,0,1063.4429931640625
49035,10,167,5,38,2,21.716808379441368,-4.442787215784373,0.682842712474619,0,1063.4429931640625
49035,10,167,5,39,2,25.819196815138863,-4.729160909618937,0.848528137423857,0,1063.4429931640625
49035,10,167,5,40,2,24.50467341384215,-4.53707781085261,0.848528137423857,0,1063.4429931640625
49035,10,167,5,41,,,,,0,1063.4429931640625
49035,10,167,5,42,2,29.077313787703364,-4.779269827885228,0.682842712474619,0,1063.4429931640625
49035,10,167,5,43,2,27.46521931550429,-4.611592098035774,0.765685424949238,0,1063.4429931640625
49035,10,167,5,44,2,26.705549366918767,-4.428861732438433,0.7685569981889047,0,1063.4429931640625
49035,10,167,5,45,2,26.723211510727246,-4.297753933536246,0.613407053921902,0,1063.4429931640625
49035,10,167,5,46,,,,,0,1063.4429931640625
49035,10,167,5,47,,,,,0,1063.4429931640625
49035,10,167,5,48,,,,,0,1063.4429931640625
49035,10,167,5,49,,,,,0,1063.4429931640625
49035,10,167,5,50,2,31.69783853496159,-4.419321275391614,0.5276927682076162,0,1063.4429931640625
49035,10,167,5,51,2,35.7736144862104,-4.554331914495668,0.3828974682400163,0,1063.4429931640625
49035,10,167,5,52,2,42.54037025706377,-5.405018399158886,0.4308640753373011,0,1063.4429931640625
49035,10,167,5,53,2,53.69872915188278,-5.419679745057724,0.3414213562373095,0,1063.4429931640625
49035,10,167,5,54,2,45.29072424247195,-5.3098535662296875,0.482842712474619,0,1063.4429931640625
49035,10,167,5,55,2,37.668898209106246,-5.152963053769845,0.3414213562373095,0,1063.4429931640625
49035,10,167,5,56,2,52.28736184076427,-5.2888258906178045,0.4242640687119285,0,1063.4429931640625
49035,10,167,5,57,2,44.73996421709994,-5.153086086604233,0.4242640687119285,0,1063.4429931640625
49035,10,167,5,58,2,59.30165861193417,-5.272766821930343,0.382842712474619,0,1063.4429931640625
49035,10,167,5,59,2,51.811030717471326,-5.153175536886255,0.4242640687119285,0,1063.4429931640625
49035,10,167,5,60,2,45.299879623318304,-4.996350552688192,0.482842712474619,0,1063.4429931640625
49035,10,167,5,61,2,42.55499017538735,-4.901129748713714,0.37888543819998316,0,1063.4429931640625
49035,10,167,5,62,2,58.88209753283363,-5.153243503256039,0.4242640687119285,0,1063.4429931640625
49035,10,167,5,63,2,52.295292328722134,-5.017545881372345,0.4242640687119285,0,1063.4429931640625
49035,10,167,5,64,2,65.95316456187305,-5.15329689580657,0.3414213562373095,0,1063.4429931640625
49035,10,167,5,65,2,59.30865118687053,-5.033734344031014,0.382842712474619,0,1063.4429931640625
49035,10,167,5,66,2,53.7141722033045,-4.886749816011496,0.3414213562373095,0,1063.4429931640625
49035,10,168,8,1,2,6.810012219026681,-1.5200944096431823,0.613407053921902,0,1063.510009765625
49035,10,168,8,2,2,6.143201598323011,-0.5438235452059015,0.5638463841038082,0,1063.510009765625
49035,10,168,8,3,2,3.3124349250980747,-1.4926792869771035,0.6857142857142857,0,1063.510009765625
49035,10,168,8,4,2,5.8485489130536115,-2.5157211373943675,0.5276927682076162,0,1063.510009765625
49035,10,168,8,5,,,,,0,1063.510009765625
49035,10,168,8,6,,,,,0,1063.510009765625
49035,10,168,8,7,2,8.840159192888832,-6.065809173832222,0.613407053921902,0,1063.510009765625
49035,10,168,8,8,2,5.446257800947057,-5.9424749715137,0.7685569981889047,1,1063.510009765625
49035,10,168,8,9,,,,,0,1063.510009765625
49035,10,168,8,10,,,,,0,1063.510009765625
49035,10,168,8,11,2,8.493623021059896,-3.3174198986383416,0.429096793520295,0,1063.510009765625
49035,10,168,8,12,2,4.973909201064226,-5.25586395947083,0.7195315787953919,0,1063.510009765625
49035,10,168,8,13,,,,,0,1063.510009765625
49035,10,168,8,14,2,8.460763688409868,-5.346022839320163,0.6466890965784271,0,1063.510009765625
49035,10,168,8,15,,,,,0,1063.510009765625
49035,10,168,8,16,2,8.24931031673904,-4.063128709708555,0.39033749051054323,0,1063.510009765625
49035,10,168,8,17,,,,,0,1063.510009765625
49035,10,168,8,18,2,32.98070395378647,-0.3905827489576503,0.37888543819998316,0,1063.510009765625
49035,10,168,8,19,2,41.02661371516424,-0.17914962085334896,0.3414213562373095,0,1063.510009765625
49035,10,168,8,20,2,31.299355128245768,-0.24389134053046746,0.482842712474619,0,1063.510009765625
49035,10,168,8,21,2,21.820087762307164,-0.3658371539214884,0.3414213562373095,0,1063.510009765625
49035,10,168,8,22,2,35.33184300804887,-0.06899965530637076,0.4242640687119285,0,1063.510009765625
49035,10,168,8,23,2,25.39302520095142,-0.10587588078658428,0.4242640687119285,0,1063.510009765625
49035,10,168,8,24,2,45.20835464813344,-6.220987349163306,0.37888543819998316,0,1063.510009765625
49035,10,168,8,25,2,40.212294503631334,-6.216332922507098,0.482842712474619,0,1063.510009765625
49035,10,168,8,26,2,30.224083571839216,-6.202408595542783,0.4242640687119285,0,1063.510009765625
49035,10,168,8,27,2,20.24751407625794,-6.174751747066671,0.482842712474619,0,1063.510009765625
49035,10,168,8,28,2,15.270727733923962,-6.147382367218848,0.4538461538461539,0,1063.510009765625
49035,10,168,8,29,2,35.80760710601713,-6.070428012183074,0.4242640687119285,0,1063.510009765625
49035,10,168,8,30,2,26.050937126514864,-5.9986240027259425,0.4242640687119285,0,1063.510009765625
49035,10,168,8,31,2,41.84344901606768,-5.975229460712561,0.3414213562373095,0,1063.510009765625
49035,10,168,8,32,2,32.36264550482543,-5.888778701607835,0.482842712474619,0,1063.510009765625
49035,10,168,8,33,2,23.319678869610104,-5.7332231522208,0.3414213562373095,0,1063.510009765625
49035,10,168,8,34,2,34.48570170705152,-5.753169187207354,0.4308640753373011,0,1063.510009765625
49035,10,168,8,35,,,,,0,1063.510009765625
49035,10,168,8,36,2,23.960793338409285,-5.126287184512279,0.682842712474619,0,1063.510009765625
49035,10,168,8,37,2,22.301410642856872,-4.92189238887382,0.765685424949238,0,1063.510009765625
49035,10,168,8,38,2,21.69299923746601,-4.695776865319074,0.682842712474619,0,1063.510009765625
49035,10,168,8,39,2,25.381049350096095,-4.994901759751631,0.848528137423857,0,1063.510009765625
49035,10,168,8,40,2,24.33990479372063,-4.797825980780434,0.848528137423857,0,1063.510009765625
49035,10,168,8,41,,,,,0,1063.510009765625
49035,10,168,8,42,2,28.566456125370138,-5.05187929932738,0.682842712474619,0,1063.510009765625
49035,10,168,8,43,2,27.189625131988638,-4.879193466727488,0.848528137423857,0,1063.510009765625
49035,10,168,8,44,2,26.692864478609994,-4.69425134364488,0.8513997106635237,0,1063.510009765625
49035,10,168,8,45,2,26.898370276881067,-4.563764808130596,0.613407053921902,0,1063.510009765625
49035,10,168,8,46,,,,,0,1063.510009765625
49035,10,168,8,47,2,29.31473628610912,-4.7790680274994015,0.848528137423857,0,1063.510009765625
49035,10,168,8,48,,,,,0,1063.510009765625
49035,10,168,8,49,,,,,0,1063.510009765625
49035,10,168,8,50,2,31.692772239584492,-4.693207158130191,0.6466890965784271,0,1063.510009765625
49035,10,168,8,51,2,35.57097794107611,-4.833682053379036,0.43533959677349143,0,1063.510009765625
49035,10,168,8,52,2,41.32738947875976,-5.705844647598904,0.4308640753373011,0,1063.510009765625
49035,10,168,8,53,2,52.47293893784776,-5.72477044003615,0.3414213562373095,0,1063.510009765625
49035,10,168,8,54,2,44.157399371858865,-5.609315620933444,0.482842712474619,0,1063.510009765625
49035,10,168,8,55,2,36.6925403562711,-5.443819163792151,0.3414213562373095,0,1063.510009765625
49035,10,168,8,56,2,51.17192021203825,-5.590540577329909,0.4242640687119285,0,1063.510009765625
49035,10,168,8,57,2,43.76107878809606,-5.448538633515547,0.4242640687119285,0,1063.510009765625
49035,10,168,8,58,2,58.20012815354083,-5.576295996528294,0.382842712474619,0,1063.510009765625
49035,10,168,8,59,2,50.83032082919916,-5.451945439189654,0.4242640687119285,0,1063.510009765625
49035,10,168,8,60,2,44.49930464748927,-5.289007587155815,0.482842712474619,0,1063.510009765625
49035,10,168,8,61,2,41.873875069850314,-5.190390426197794,0.37888543819998316,0,1063.510009765625
49035,10,168,8,62,2,57.90000876079973,-5.454520315619919,0.4242640687119285,0,1063.510009765625
49035,10,168,8,63,2,51.46724796422893,-5.31415067026403,0.4242640687119285,0,1063.510009765625
49035,10,168,8,64,2,64.9699970247964,-5.4565348106936336,0.3414213562373095,0,1063.510009765625
49035,10,168,8,65,2,58.45996161402088,-5.333288557065717,0.382842712474619,0,1063.510009765625
49035,10,168,8,66,2,53.04746657874942,-5.182149538324003,0.3414213562373095,0,1063.510009765625
49035,10,169,3,1,2,7.619795621857791,4.1091033021774415,0.613407053921902,0,1063.72705078125
49035,10,169,3,2,2,4.5497232871258655,5.038025230860084,0.5276927682076162,0,1063.72705078125
49035,10,169,3,3,2,4.436641160250122,3.8581714718719824,0.6857142857142857,1,1063.72705078125
49035,10,169,3,4,2,8.286590829782517,3.3257500712238617,0.5276927682076162,0,1063.72705078125
49035,10,169,3,5,,,,,0,1063.72705078125
49035,10,169,3,6,,,,,0,1063.72705078125
49035,10,169,3,7,2,6.231879272714518,-0.07826683685807367,0.4815389220537701,0,1063.72705078125
49035,10,169,3,8,,,,,0,1063.72705078125
49035,10,169,3,9,,,,,0,1063.72705078125
49035,10,169,3,10,,,,,0,1063.72705078125
49035,10,169,3,11,2,10.97183889665189,2.7427255649917393,0.429096793520295,0,1063.72705078125
49035,10,169,3,12,2,3.7688701546632366,1.260744581668955,0.563179972727508,0,1063.72705078125
49035,10,169,3,13,,,,,0,1063.72705078125
49035,10,169,3,14,2,6.786013591464173,0.8942579507232651,0.5466890965784271,0,1063.72705078125
49035,10,169,3,15,,,,,0,1063.72705078125
49035,10,169,3,16,2,9.696266603923224,2.155672911259083,0.39033749051054323,0,1063.72705078125
49035,10,169,3,17,,,,,0,1063.72705078125
49035,10,169,3,18,2,30.829060471221688,5.5384339716037925,0.37888543819998316,0,1063.72705078125
49035,10,169,3,19,2,38.60231033480358,5.7719074675263435,0.3414213562373095,0,1063.72705078125
49035,10,169,3,20,2,28.950059909701466,5.69368729165325,0.482842712474619,0,1063.72705078125
49035,10,169,3,21,2,19.648755033490655,5.539561656271973,0.3414213562373095,0,1063.72705078125
49035,10,169,3,22,2,32.8145876892725,5.88610788674259,0.4242640687119285,0,1063.72705078125
49035,10,169,3,23,2,22.907744777864423,5.836433884062664,0.4242640687119285,0,1063.72705078125
49035,10,169,3,24,2,42.62047112436927,-0.2533419496487297,0.37888543819998316,0,1063.72705078125
49035,10,169,3,25,2,37.622976512479774,-0.2493896698793514,0.482842712474619,0,1063.72705078125
49035,10,169,3,26,2,27.630706962534006,-0.23719658618929396,0.4242640687119285,0,1063.72705078125
49035,10,169,3,27,2,17.647197308361616,-0.21119923355433645,0.482842712474619,0,1063.72705078125
49035,10,169,3,28,2,12.665203339688457,-0.18284040734495788,0.44328887294614544,0,1063.72705078125
49035,10,169,3,29,2,33.19860183337659,-0.0931576871324511,0.4242640687119285,0,1063.72705078125
49035,10,169,3,30,2,23.45452556079308,-0.012579412902503417,0.4242640687119285,0,1063.72705078125
49035,10,169,3,31,2,39.25351398451769,0.0080543594171818,0.3414213562373095,0,1063.72705078125
49035,10,169,3,32,2,29.81284900380281,0.1044858405624538,0.482842712474619,0,1063.72705078125
49035,10,169,3,33,2,20.899128482172806,0.28632690307377606,0.3414213562373095,0,1063.72705078125
49035,10,169,3,34,2,32.038741625735035,0.2494793002270308,0.4308640753373011,0,1063.72705078125
49035,10,169,3,35,,,,,0,1063.72705078125
49035,10,169,3,36,2,22.58519814788677,0.9444331351428537,0.682842712474619,0,1063.72705078125
49035,10,169,3,37,2,21.42603505492134,1.1659871040678464,0.765685424949238,0,1063.72705078125
49035,10,169,3,38,2,21.402307842149366,1.4000084007543023,0.682842712474619,0,1063.72705078125
49035,10,169,3,39,2,24.30885798213366,1.0762721453884283,0.848528137423857,0,1063.72705078125
49035,10,169,3,40,2,23.76771716406423,1.2834352147584884,0.848528137423857,0,1063.72705078125
49035,10,169,3,41,,,,,0,1063.72705078125
49035,10,169,3,42,2,27.34531357685204,1.0060137260714848,0.682842712474619,0,1063.72705078125
49035,10,169,3,43,2,26.396021999759334,1.1889894338820306,0.848528137423857,0,1063.72705078125
49035,10,169,3,44,2,26.376765916373994,1.3787642896127148,0.8513997106635237,0,1063.72705078125
49035,10,169,3,45,2,26.921598061110263,1.5085973253553278,0.613407053921902,0,1063.72705078125
49035,10,169,3,46,,,,,0,1063.72705078125
49035,10,169,3,47,2,28.767679406375727,1.2841783292648754,0.848528137423857,0,1063.72705078125
49035,10,169,3,48,,,,,0,1063.72705078125
49035,10,169,3,49,,,,,0,1063.72705078125
49035,10,169,3,50,2,31.35934915530374,1.364266069867505,0.6466890965784271,0,1063.72705078125
49035,10,169,3,51,2,34.86470243835134,1.213020890719599,0.43533959677349143,0,1063.72705078125
49035,10,169,3,52,2,38.92521241306535,0.2949363178373372,0.4308640753373011,0,1063.72705078125
49035,10,169,3,53,2,50.04877176363569,0.2694392816053828,0.3414213562373095,0,1063.72705078125
49035,10,169,3,54,2,41.867017575166706,0.3951283107498744,0.482842712474619,0,1063.72705078125
49035,10,169,3,55,2,34.652774293411746,0.5771866148037255,0.3414213562373095,0,1063.72705078125
49035,10,169,3,56,2,48.90335731911428,0.41059733419508637,0.4242640687119285,0,1063.72705078125
49035,10,169,3,57,2,41.70738498961291,0.5645039958346802,0.4242640687119285,0,1063.72705078125
49035,10,169,3,58,2,55.94845443372514,0.42217281946945606,0.382842712474619,0,1063.72705078125
49035,10,169,3,59,2,48.76676285251502,0.555492077187068,0.4242640687119285,0,1063.72705078125
49035,10,169,3,60,2,42.73364909183697,0.7304125618368964,0.482842712474619,0,1063.72705078125
49035,10,169,3,61,2,40.31313145241472,0.8358697989461361,0.37888543819998316,0,1063.72705078125
49035,10,169,3,62,2,55.82909954096599,0.548759722280336,0.4242640687119285,0,1063.72705078125
49035,10,169,3,63,2,49.64731574965468,0.6982006153653786,0.4242640687119285,0,1063.72705078125
49035,10,169,3,64,2,62.89339831808057,0.5435395533129106,0.3414213562373095,0,1063.72705078125
49035,10,169,3,65,2,56.59988655101316,0.6738819863398824,0.382842712474619,0,1063.72705078125
49035,10,169,3,66,2,51.492861283661256,0.8333063489097623,0.3414213562373095,0,1063.72705078125
49035,10,170,1,1,2,5.737897008087351,0.5417663160563875,0.4163412096432035,1,1064.2099609375
49035,10,170,1,2,2,2.87894006662259,1.9923586396704038,0.4541838746143514,0,1064.2099609375
49035,10,170,1,3,,,,,0,1064.2099609375
49035,10,170,1,4,2,7.78055898327771,-0.3480670461381434,0.42769276820761626,0,1064.2099609375
49035,10,170,1,5,,,,,0,1064.2099609375
49035,10,170,1,6,,,,,0,1064.2099609375
49035,10,170,1,7,2,6.794439483243472,-3.175322010695509,0.4815389220537701,0,1064.2099609375
49035,10,170,1,8,,,,,0,1064.2099609375
49035,10,170,1,9,,,,,0,1064.2099609375
49035,10,170,1,10,,,,,0,1064.2099609375
49035,10,170,1,11,2,11.618406586363614,-0.8525299794508072,0.4163412096432035,0,1064.2099609375
49035,10,170,1,12,2,5.892392177800514,-2.1080385679423244,0.563179972727508,0,1064.2099609375
49035,10,170,1,13,,,,,0,1064.2099609375
49035,10,170,1,14,2,8.724372837359242,-2.404323943299169,0.5466890965784271,0,1064.2099609375
49035,10,170,1,15,,,,,0,1064.2099609375
49035,10,170,1,16,2,11.329760967924715,-1.3903539556137976,0.39033749051054323,0,1064.2099609375
49035,10,170,1,17,,,,,0,1064.2099609375
49035,10,170,1,18,2,29.746258671411294,2.184356473451433,0.37888543819998316,0,1064.2099609375
49035,10,170,1,19,2,37.96714758196191,2.4103127033960474,0.3414213562373095,0,1064.2099609375
49035,10,170,1,20,2,28.17362414911392,2.3484910296385175,0.482842712474619,0,1064.2099609375
49035,10,170,1,21,2,18.60112630677491,2.222049236616896,0.3414213562373095,0,1064.2099609375
49035,10,170,1,22,2,32.42748663328734,2.5356380781946832,0.4242640687119285,0,1064.2099609375
49035,10,170,1,23,2,22.445282166573172,2.5135342821397915,0.4242640687119285,0,1064.2099609375
49035,10,170,1,24,2,42.52300882952656,-3.6180809466964954,0.37888543819998316,0,1064.2099609375
49035,10,170,1,25,2,37.54105327516162,-3.607458699356795,0.482842712474619,0,1064.2099609375
49035,10,170,1,26,2,27.59672957423727,-3.5747184337453506,0.4242640687119285,0,1064.2099609375
49035,10,170,1,27,2,17.7151992757248,-3.5052937448479486,0.482842712474619,0,1064.2099609375
49035,10,170,1,28,2,12.843390770009675,-3.430697700959084,0.44328887294614544,0,1064.2099609375
49035,10,170,1,29,2,33.45696153045097,-3.4444020504657145,0.4242640687119285,0,1064.2099609375
49035,10,170,1,30,2,23.908514739212357,-3.3393049004370887,0.4242640687119285,0,1064.2099609375
49035,10,170,1,31,2,39.7134368508515,-3.3539785674171583,0.3414213562373095,0,1064.2099609375
49035,10,170,1,32,2,30.486158641121527,-3.243144643858715,0.482842712474619,0,1064.2099609375
49035,10,170,1,33,2,21.946632335661143,-3.0416349555496467,0.3414213562373095,0,1064.2099609375
49035,10,170,1,34,2,32.989681135783236,-3.10656259249605,0.4308640753373011,0,1064.2099609375
49035,10,170,1,35,,,,,0,1064.2099609375
49035,10,170,1,36,2,24.53018260347429,-2.433033016727943,0.682842712474619,0,1064.2099609375
49035,10,170,1,37,2,23.512853073421823,-2.2288400479038097,0.765685424949238,0,1064.2099609375
49035,10,170,1,38,2,23.536751278476206,-2.0158987204927596,0.682842712474619,0,1064.2099609375
49035,10,170,1,39,2,26.348598738463668,-2.3136985845451425,0.848528137423857,0,1064.2099609375
49035,10,170,1,40,2,25.891563424658205,-2.1227792324761063,0.848528137423857,0,1064.2099609375
49035,10,170,1,41,,,,,0,1064.2099609375
49035,10,170,1,42,2,29.336718482284557,-2.381681935899417,0.765685424949238,0,1064.2099609375
49035,10,170,1,43,2,28.491532994932818,-2.2110192921087015,0.848528137423857,0,1064.2099609375
49035,10,170,1,44,2,28.51125836391433,-2.0353649066396073,0.8513997106635237,0,1064.2099609375
49035,10,170,1,45,2,29.041847982844434,-1.9150661904235424,0.613407053921902,0,1064.2099609375
49035,10,170,1,46,2,31.275579103025297,-2.2840391485436156,0.848528137423857,0,1064.2099609375
49035,10,170,1,47,2,30.89152390741062,-2.1234821327144315,0.848528137423857,0,1064.2099609375
49035,10,170,1,48,,,,,0,1064.2099609375
49035,10,170,1,49,2,33.47656859880309,-2.1985029084952012,0.8513997106635237,0,1064.2099609375
49035,10,170,1,50,2,33.49335824074526,-2.049043921173038,0.682842712474619,0,1064.2099609375
49035,10,170,1,51,2,36.96849848282569,-2.191750590735852,0.6034068236642477,0,1064.2099609375
49035,10,170,1,52,2,39.95131854015767,-3.072427099651974,0.4308640753373011,0,1064.2099609375
49035,10,170,1,53,2,51.01737197917109,-3.1077474618903036,0.3414213562373095,0,1064.2099609375
49035,10,170,1,54,2,43.06995525707183,-2.9781761191276965,0.482842712474619,0,1064.2099609375
49035,10,170,1,55,2,36.15618685690221,-2.7948331022658186,0.3414213562373095,0,1064.2099609375
49035,10,170,1,56,2,50.127934702146504,-2.9689211792625816,0.4242640687119285,0,1064.2099609375
49035,10,170,1,57,2,43.18632468372045,-2.814059201123041,0.4242640687119285,0,1064.2099609375
49035,10,170,1,58,2,57.18914782683125,-2.961951196353578,0.382842712474619,0,1064.2099609375
49035,10,170,1,59,2,50.22795468008046,-2.827898542008337,0.4242640687119285,0,1064.2099609375
49035,10,170,1,60,2,44.442054785183764,-2.6550530587836096,0.482842712474619,0,1064.2099609375
49035,10,170,1,61,2,42.14523264405838,-2.5523877670833732,0.37888543819998316,0,1064.2099609375
49035,10,170,1,62,2,57.27683845151294,-2.838333161873841,0.4242640687119285,0,1064.2099609375
49035,10,170,1,63,2,51.31164609701943,-2.6901501483994785,0.4242640687119285,0,1064.2099609375
49035,10,170,1,64,2,64.33059159262571,-2.846480232928397,0.3414213562373095,0,1064.2099609375
49035,10,170,1,65,2,58.2294926720323,-2.7169347378142366,0.382842712474619,0,1064.2099609375
49035,10,170,1,66,2,53.31906431125102,-2.5604340647821537,0.3414213562373095,0,1064.2099609375
49035,10,171,2,1,,,,,0,1064.6929931640625
49035,10,171,2,2,2,6.8528168863900625,-4.041913588959657,0.39033749051054323,1,1064.6929931640625
49035,10,171,2,3,,,,,0,1064.6929931640625
49035,10,171,2,4,2,3.2664521752293822,-1.2292153372982129,0.3638463841038081,0,1064.6929931640625
49035,10,171,2,5,,,,,0,1064.6929931640625
49035,10,171,2,6,,,,,0,1064.6929931640625
49035,10,171,2,7,2,11.795896603744444,-3.641058715916102,0.4815389220537701,0,1064.6929931640625
49035,10,171,2,8,,,,,0,1064.6929931640625
49035,10,171,2,9,,,,,0,1064.6929931640625
49035,10,171,2,10,,,,,0,1064.6929931640625
49035,10,171,2,11,2,8.800443999888031,-1.7140143449828076,0.4163412096432035,0,1064.6929931640625
49035,10,171,2,12,2,9.286193437276431,-3.0600270293652527,0.563179972727508,0,1064.6929931640625
49035,10,171,2,13,,,,,0,1064.6929931640625
49035,10,171,2,14,2,12.705167510439766,-3.142940101811276,0.5466890965784271,0,1064.6929931640625
49035,10,171,2,15,,,,,0,1064.6929931640625
49035,10,171,2,16,2,11.18614732617992,-2.288057426175295,0.39033749051054323,0,1064.6929931640625
49035,10,171,2,17,,,,,0,1064.6929931640625
49035,10,171,2,18,2,33.13954421460533,1.8518409226745578,0.37888543819998316,0,1064.6929931640625
49035,10,171,2,19,2,42.03273571053976,2.033639384681963,0.3414213562373095,0,1064.6929931640625
49035,10,171,2,20,2,32.10077073602365,2.001935829688571,0.482842712474619,0,1064.6929931640625
49035,10,171,2,21,2,22.229891866165705,1.9419641963906589,0.3414213562373095,0,1064.6929931640625
49035,10,171,2,22,2,36.821668453159326,-4.127979014628755,0.4242640687119285,0,1064.6929931640625
49035,10,171,2,23,2,26.824315055729883,-4.120658939420195,0.4242640687119285,0,1064.6929931640625
49035,10,171,2,24,2,47.16308671232929,-4.02597082500726,0.37888543819998316,0,1064.6929931640625
49035,10,171,2,25,2,42.20439613952586,-4.011594446783242,0.482842712474619,0,1064.6929931640625
49035,10,171,2,26,2,32.325217153743814,-3.969632777898339,0.4242640687119285,0,1064.6929931640625
49035,10,171,2,27,2,22.55278862073073,-3.8910495591428793,0.482842712474619,0,1064.6929931640625
49035,10,171,2,28,2,17.76182929314139,-3.8195544143398847,0.44328887294614544,0,1064.6929931640625
49035,10,171,2,29,2,38.34443179738527,-3.864186461729335,0.4242640687119285,0,1064.6929931640625
49035,10,171,2,30,2,28.879128456360977,-3.767199946277096,0.4242640687119285,0,1064.6929931640625
49035,10,171,2,31,2,44.67293627792969,-3.787953291154395,0.3414213562373095,0,1064.6929931640625
49035,10,171,2,32,2,35.48774219680135,-3.688612561749816,0.482842712474619,0,1064.6929931640625
49035,10,171,2,33,2,26.890304140364478,-3.5230941117348435,0.3414213562373095,0,1064.6929931640625
49035,10,171,2,34,2,37.968538783071516,-3.5702790280973957,0.4308640753373011,0,1064.6929931640625
49035,10,171,2,35,,,,,0,1064.6929931640625
49035,10,171,2,36,2,28.306487763159744,-3.007379937130768,0.682842712474619,0,1064.6929931640625
49035,10,171,2,37,2,26.610365550913546,-2.835791439323124,0.765685424949238,0,1064.6929931640625
49035,10,171,2,38,2,25.786931962150526,-2.6472453694151694,0.682842712474619,0,1064.6929931640625
49035,10,171,2,39,2,29.720354097269176,-2.8955981354243736,0.848528137423857,0,1064.6929931640625
49035,10,171,2,40,2,28.550897585442016,-2.7285190677068405,0.848528137423857,0,1064.6929931640625
49035,10,171,2,41,,,,,0,1064.6929931640625
49035,10,171,2,42,2,32.91636888511373,-2.943937278489763,0.765685424949238,0,1064.6929931640625
49035,10,171,2,43,2,31.46969408571073,-2.795092324083721,0.848528137423857,0,1064.6929931640625
49035,10,171,2,44,2,30.776548720016528,-2.6358130730565,0.8513997106635237,0,1064.6929931640625
49035,10,171,2,45,2,30.769204812648063,-2.522015406866053,0.613407053921902,0,1064.6929931640625
49035,10,171,2,46,2,34.50405104856581,-2.8501665248208408,0.848528137423857,0,1064.6929931640625
49035,10,171,2,47,2,33.5019976125211,-2.705963496664574,0.848528137423857,0,1064.6929931640625
49035,10,171,2,48,,,,,0,1064.6929931640625
49035,10,171,2,49,2,36.36717939218256,-2.7653160422900696,0.8513997106635237,0,1064.6929931640625
49035,10,171,2,50,2,35.76906543663843,-2.6275712931663415,0.682842712474619,0,1064.6929931640625
49035,10,171,2,51,2,39.810586540638496,-2.7488413269749827,0.6034068236642477,0,1064.6929931640625
49035,10,171,2,52,2,44.91086419953687,-3.5377505348753497,0.4308640753373011,0,1064.6929931640625
49035,10,171,2,53,2,55.99559986025282,-3.5668451954187943,0.3414213562373095,0,1064.6929931640625
49035,10,171,2,54,2,47.95013883446234,-3.4521692665107993,0.482842712474619,0,1064.6929931640625
49035,10,171,2,55,2,40.778970374187736,-3.294393260912732,0.3414213562373095,0,1064.6929931640625
49035,10,171,2,56,2,54.99628714805982,-3.4406191870281155,0.4242640687119285,0,1064.6929931640625
49035,10,171,2,57,2,47.836180978486546,-3.304411419941563,0.4242640687119285,0,1064.6929931640625
49035,10,171,2,58,2,62.04810541748625,-3.4316934841254003,0.382842712474619,0,1064.6929931640625
49035,10,171,2,59,2,54.89695798889183,-3.3118531282307258,0.4242640687119285,0,1064.6929931640625
49035,10,171,2,60,2,48.75843113727945,-3.159120559724423,0.482842712474619,0,1064.6929931640625
49035,10,171,2,61,2,46.19782367423986,-3.0686032067771927,0.37888543819998316,0,1064.6929931640625
49035,10,171,2,62,2,61.96008216797159,-3.317598465628971,0.4242640687119285,0,1064.6929931640625
49035,10,171,2,63,2,55.702427171501775,-3.1847283460917812,0.4242640687119285,0,1064.6929931640625
49035,10,171,2,64,2,69.02483298124979,-3.32216784877041,0.3414213562373095,0,1064.6929931640625
49035,10,171,2,65,2,62.67484486318332,-3.2046492826357755,0.382842712474619,0,1064.6929931640625
49035,10,171,2,66,2,57.37460055772732,-3.0631211187971568,0.3414213562373095,0,1064.6929931640625
49035,10,172,7,1,,,,,0,1065.1099853515625
49035,10,172,7,2,,,,,0,1065.1099853515625
49035,10,172,7,3,,,,,0,1065.1099853515625
49035,10,172,7,4,2,7.710264116002834,2.410736746262753,0.35812728826201445,0,1065.1099853515625
49035,10,172,7,5,,,,,0,1065.1099853515625
49035,10,172,7,6,,,,,0,1065.1099853515625
49035,10,172,7,7,2,8.980437378961652,0.3336658171021947,0.47153869179611585,1,1065.1099853515625
49035,10,172,7,8,,,,,0,1065.1099853515625
49035,10,172,7,9,,,,,0,1065.1099853515625
49035,10,172,7,10,,,,,0,1065.1099853515625
49035,10,172,7,11,2,12.897437726002545,2.0868135049649075,0.4163412096432035,0,1065.1099853515625
49035,10,172,7,12,2,9.200273375879302,1.0645096086679158,0.563179972727508,0,1065.1099853515625
49035,10,172,7,13,,,,,0,1065.1099853515625
49035,10,172,7,14,2,11.960099609745916,0.8534534977227517,0.5466890965784271,0,1065.1099853515625
49035,10,172,7,15,,,,,0,1065.1099853515625
49035,10,172,7,16,2,13.908744920039622,1.6335549117939048,0.39033749051054323,0,1065.1099853515625
49035,10,172,7,17,,,,,0,1065.1099853515625
49035,10,172,7,18,2,28.705590939944457,5.481353122088256,0.37888543819998316,0,1065.1099853515625
49035,10,172,7,19,2,37.62451667319915,5.686859799537232,0.3414213562373095,0,1065.1099853515625
49035,10,172,7,20,2,27.676948124161466,5.655166713262653,0.482842712474619,0,1065.1099853515625
49035,10,172,7,21,2,17.78827310458237,5.588092643351031,0.3414213562373095,0,1065.1099853515625
49035,10,172,7,22,2,32.52401209008179,-0.4562099606952099,0.4242640687119285,0,1065.1099853515625
49035,10,172,7,23,2,22.543747803137574,-0.4330188450201691,0.4242640687119285,0,1065.1099853515625
49035,10,172,7,24,2,43.00470516253084,-0.352070521857184,0.37888543819998316,0,1065.1099853515625
49035,10,172,7,25,2,38.07373461330065,-0.331608435834728,0.482842712474619,0,1065.1099853515625
49035,10,172,7,26,2,28.28459775177529,-0.26935029339259486,0.4242640687119285,0,1065.1099853515625
49035,10,172,7,27,2,18.719713474180512,-0.14246601931880587,0.482842712474619,0,1065.1099853515625
49035,10,172,7,28,2,14.164472240195089,-0.015781442878806562,0.44328887294614544,0,1065.1099853515625
49035,10,172,7,29,2,34.52269362242746,-0.16274742515469764,0.4242640687119285,0,1065.1099853515625
49035,10,172,7,30,2,25.342169945047665,-0.028610039180156033,0.4242640687119285,0,1065.1099853515625
49035,10,172,7,31,2,41.03186907656359,-0.08933579352373,0.3414213562373095,0,1065.1099853515625
49035,10,172,7,32,2,32.156235514934565,0.03757628422973536,0.482842712474619,0,1065.1099853515625
49035,10,172,7,33,2,24.17504260735899,0.2540918237964669,0.3414213562373095,0,1065.1099853515625
49035,10,172,7,34,2,35.01465391444049,0.15991057674868436,0.4308640753373011,0,1065.1099853515625
49035,10,172,7,35,,,,,0,1065.1099853515625
49035,10,172,7,36,2,27.728088649517716,0.7891565443106923,0.682842712474619,0,1065.1099853515625
49035,10,172,7,37,2,26.815135678257437,0.9696855427169093,0.765685424949238,0,1065.1099853515625
49035,10,172,7,38,2,26.818950440522404,1.156405208974981,0.682842712474619,0,1065.1099853515625
49035,10,172,7,39,2,29.62179018775681,0.8933798174063194,0.848528137423857,0,1065.1099853515625
49035,10,172,7,40,2,29.200257793645036,1.0629864290878723,0.848528137423857,0,1065.1099853515625
49035,10,172,7,41,,,,,0,1065.1099853515625
49035,10,172,7,42,2,32.57068323525954,0.8305777062771027,0.765685424949238,0,1065.1099853515625
49035,10,172,7,43,2,31.797075458278524,0.9842263737739079,0.848528137423857,0,1065.1099853515625
49035,10,172,7,44,2,31.800292592793863,1.1416279886574863,0.8513997106635237,0,1065.1099853515625
49035,10,172,7,45,2,32.26688441558604,1.2499689115088932,0.613407053921902,0,1065.1099853515625
49035,10,172,7,46,2,34.56085878828229,0.9177022054022275,0.848528137423857,0,1065.1099853515625
49035,10,172,7,47,2,34.20025674569463,1.062883990798835,0.848528137423857,0,1065.1099853515625
49035,10,172,7,48,2,37.45466476512265,0.8612382709865487,0.682842712474619,0,1065.1099853515625
49035,10,172,7,49,2,36.78391651191539,0.9948263303868718,0.8513997106635237,0,1065.1099853515625
49035,10,172,7,50,2,36.78669753108321,1.1308549971073225,0.682842712474619,0,1065.1099853515625
49035,10,172,7,51,2,40.27664668681883,1.0006840738850893,0.613407053921902,0,1065.1099853515625
49035,10,172,7,52,2,42.04549790068259,0.1795397942426633,0.4308640753373011,0,1065.1099853515625
49035,10,172,7,53,2,53.00393567836943,0.1325846019047483,0.3414213562373095,0,1065.1099853515625
49035,10,172,7,54,2,45.38531039854644,0.2647458951208548,0.482842712474619,0,1065.1099853515625
49035,10,172,7,55,2,38.86174986472034,0.44545974606737015,0.3414213562373095,0,1065.1099853515625
49035,10,172,7,56,2,52.455927262232905,0.26638255713435344,0.4242640687119285,0,1065.1099853515625
49035,10,172,7,57,2,45.847938966941065,0.41958115014339015,0.4242640687119285,0,1065.1099853515625
49035,10,172,7,58,2,59.52665125730601,0.2676304082740799,0.382842712474619,0,1065.1099853515625
49035,10,172,7,59,2,52.856706409732105,0.40055544819547784,0.4242640687119285,0,1065.1099853515625
49035,10,172,7,60,2,47.37341675518348,0.5678693477841814,0.482842712474619,0,1065.1099853515625
49035,10,172,7,61,2,45.21554175665863,0.6653625711892368,0.37888543819998316,0,1065.1099853515625
49035,10,172,7,62,2,59.88012456110021,0.3859885538830876,0.4242640687119285,0,1065.1099853515625
49035,10,172,7,63,2,54.18522418546001,0.5304216284602195,0.4242640687119285,0,1065.1099853515625
49035,10,172,7,64,2,66.91358025409444,0.37448195367561565,0.3414213562373095,0,1065.1099853515625
49035,10,172,7,65,2,61.05601055585618,0.5013686108502937,0.382842712474619,0,1065.1099853515625
49035,10,172,7,66,2,56.37593127898204,0.6521393723324178,0.3414213562373095,0,1065.1099853515625
49035,10,173,12,1,,,,,0,1065.6099853515625
49035,10,173,12,2,,,,,0,1065.6099853515625
49035,10,173,12,3,,,,,0,1065.6099853515625
49035,10,173,12,4,2,11.682157063397202,2.5399010230327472,0.35812728826201445,0,1065.6099853515625
49035,10,173,12,5,,,,,0,1065.6099853515625
49035,10,173,12,6,,,,,0,1065.6099853515625
49035,10,173,12,7,,,,,0,1065.6099853515625
49035,10,173,12,8,,,,,0,1065.6099853515625
49035,10,173,12,9,,,,,0,1065.6099853515625
49035,10,173,12,10,,,,,0,1065.6099853515625
49035,10,173,12,11,2,15.257163165826858,2.1672273008077823,0.4163412096432035,0,1065.6099853515625
49035,10,173,12,12,2,6.684154142565385,1.4242442995426656,0.5036147230395605,1,1065.6099853515625
49035,10,173,12,13,,,,,0,1065.6099853515625
49035,10,173,12,14,2,8.004974968780662,0.9720583212895522,0.47228543157461056,0,1065.6099853515625
49035,10,173,12,15,,,,,0,1065.6099853515625
49035,10,173,12,16,2,13.920889911103554,1.7557038314557338,0.39033749051054323,0,1065.6099853515625
49035,10,173,12,17,,,,,0,1065.6099853515625
49035,10,173,12,18,2,26.46061187045357,5.021396415355654,0.37888543819998316,0,1065.6099853515625
49035,10,173,12,19,2,34.26531219796662,5.288047848081611,0.3414213562373095,0,1065.6099853515625
49035,10,173,12,20,2,24.5728136706072,5.203217852067599,0.482842712474619,0,1065.6099853515625
49035,10,173,12,21,2,15.28184293063634,5.012076287491588,0.3414213562373095,0,1065.6099853515625
49035,10,173,12,22,2,28.59417050709536,5.423080511375668,0.4242640687119285,0,1065.6099853515625
49035,10,173,12,23,2,18.637009917234625,5.383023985224408,0.4242640687119285,0,1065.6099853515625
49035,10,173,12,24,2,38.62090400876414,-0.7111272140470333,0.37888543819998316,0,1065.6099853515625
49035,10,173,12,25,2,33.63673590417631,-0.7000964280286195,0.482842712474619,0,1065.6099853515625
49035,10,173,12,26,2,23.688426582480393,-0.6641208688933844,0.4242640687119285,0,1065.6099853515625
49035,10,173,12,27,2,13.81495948672393,-0.5764339543668817,0.482842712474619,0,1065.6099853515625
49035,10,173,12,28,2,8.983812189318819,-0.46071798436600186,0.37888543819998316,0,1065.6099853515625
49035,10,173,12,29,2,29.579468711456357,-0.5162386031672384,0.4242640687119285,0,1065.6099853515625
49035,10,173,12,30,2,20.116076180962466,-0.3836552665255981,0.4242640687119285,0,1065.6099853515625
49035,10,173,12,31,2,35.899141835850166,-0.41885838155816835,0.3414213562373095,0,1065.6099853515625
49035,10,173,12,32,2,26.804102973551405,-0.28474933708611827,0.482842712474619,0,1065.6099853515625
49035,10,173,12,33,2,18.65935389779097,-0.024581620650511837,0.3414213562373095,0,1065.6099853515625
49035,10,173,12,34,2,29.531663132108545,-0.13566738866800732,0.4308640753373011,0,1065.6099853515625
49035,10,173,12,35,,,,,0,1065.6099853515625
49035,10,173,12,36,2,23.134420714866636,0.6328908292737085,0.682842712474619,0,1065.6099853515625
49035,10,173,12,37,2,22.91412659573959,0.8502723104319587,0.765685424949238,0,1065.6099853515625
49035,10,173,12,38,2,23.767897960878035,1.0617707693530616,0.682842712474619,0,1065.6099853515625
49035,10,173,12,39,2,25.386195171683593,0.7454241666300672,0.848528137423857,0,1065.6099853515625
49035,10,173,12,40,2,25.67712369265571,0.9412435580952259,0.848528137423857,0,1065.6099853515625
49035,10,173,12,41,2,28.735197404243657,0.5387971392464002,0.613407053921902,0,1065.6099853515625
49035,10,173,12,42,2,28.086662545486643,0.6599377700986877,0.8513997106635237,0,1065.6099853515625
49035,10,173,12,43,2,27.905490298096755,0.8386556272788515,0.848528137423857,0,1065.6099853515625
49035,10,173,12,44,2,28.61070017686219,1.0140657429108153,0.8513997106635237,0,1065.6099853515625
49035,10,173,12,45,2,29.60103389568501,1.1294829855946331,0.613407053921902,0,1065.6099853515625
49035,10,173,12,46,2,30.38285859537254,0.7520002259954259,0.848528137423857,0,1065.6099853515625
49035,10,173,12,47,2,30.626359108773165,0.9159000914803643,0.848528137423857,0,1065.6099853515625
49035,10,173,12,48,2,33.053287341437525,0.6788670941350705,0.682842712474619,0,1065.6099853515625
49035,10,173,12,49,2,32.89947689415082,0.8305648279469429,0.8513997106635237,0,1065.6099853515625
49035,10,173,12,50,2,33.49972172633519,0.9802256248371233,0.682842712474619,0,1065.6099853515625
49035,10,173,12,51,2,36.39624999503216,0.8262225350463992,0.613407053921902,0,1065.6099853515625
49035,10,173,12,52,2,36.550274180186406,-0.10949915474337946,0.4308640753373011,0,1065.6099853515625
49035,10,173,12,53,2,47.53809190651359,-0.15906510420755104,0.3414213562373095,0,1065.6099853515625
49035,10,173,12,54,2,39.86955898650489,-0.011505533855495909,0.482842712474619,0,1065.6099853515625
49035,10,173,12,55,2,33.45584082704622,0.19895507413980207,0.3414213562373095,0,1065.6099853515625
49035,10,173,12,56,2,46.94022953796514,-0.009772943974481585,0.4242640687119285,0,1065.6099853515625
49035,10,173,12,57,2,40.41159116816751,0.16436433520800176,0.4242640687119285,0,1065.6099853515625
49035,10,173,12,58,2,54.01100410449075,-0.008493990178352284,0.382842712474619,0,1065.6099853515625
49035,10,173,12,59,2,47.40147799427331,0.13995272478724985,0.4242640687119285,0,1065.6099853515625
49035,10,173,12,60,2,42.14987150286269,0.33062835158339343,0.482842712474619,0,1065.6099853515625
49035,10,173,12,61,2,40.205316110446965,0.4425841001605024,0.37888543819998316,0,1065.6099853515625
49035,10,173,12,62,2,54.41234723240708,0.12182323526393546,0.4242640687119285,0,1065.6099853515625
49035,10,173,12,63,2,48.89187133876447,0.2836593484396426,0.4242640687119285,0,1065.6099853515625
49035,10,173,12,64,2,61.43701609484709,0.10783581205252579,0.3414213562373095,0,1065.6099853515625
49035,10,173,12,65,2,55.715513982236224,0.248131972834448,0.382842712474619,0,1065.6099853515625
49035,10,173,12,66,2,51.3218282017605,0.41632097629862486,0.3414213562373095,0,1065.6099853515625
49035,10,174,16,1,,,,,0,1066.06005859375
49035,10,174,16,2,,,,,0,1066.06005859375
49035,10,174,16,3,,,,,0,1066.06005859375
49035,10,174,16,4,2,12.52471161720129,1.2469455926831465,0.33455706222246284,0,1066.06005859375
49035,10,174,16,5,,,,,0,1066.06005859375
49035,10,174,16,6,,,,,0,1066.06005859375
49035,10,174,16,7,,,,,0,1066.06005859375
49035,10,174,16,8,,,,,0,1066.06005859375
49035,10,174,16,9,,,,,0,1066.06005859375
49035,10,174,16,10,,,,,0,1066.06005859375
49035,10,174,16,11,2,14.350215960269937,0.8090459898277171,0.397155639372335,0,1066.06005859375
49035,10,174,16,12,,,,,0,1066.06005859375
49035,10,174,16,13,,,,,0,1066.06005859375
49035,10,174,16,14,2,3.715486077691562,-0.6444145460597412,0.2601533972186464,0,1066.06005859375
49035,10,174,16,15,,,,,0,1066.06005859375
49035,10,174,16,16,2,11.379868211636854,0.3887362683053958,0.3638463841038081,1,1066.06005859375
49035,10,174,16,17,,,,,0,1066.06005859375
49035,10,174,16,18,2,29.228366848858148,3.260734596278071,0.37888543819998316,0,1066.06005859375
49035,10,174,16,19,2,36.05436679017966,3.5343548900996717,0.3414213562373095,0,1066.06005859375
49035,10,174,16,20,2,26.750961260513854,3.4162110852986975,0.482842712474619,0,1066.06005859375
49035,10,174,16,21,2,18.201936492643195,3.180561121592049,0.3414213562373095,0,1066.06005859375
49035,10,174,16,22,2,29.90120643404283,3.640515959190027,0.4242640687119285,0,1066.06005859375
49035,10,174,16,23,2,20.242991625052547,3.535109305405819,0.4242640687119285,0,1066.06005859375
49035,10,174,16,24,2,39.239037732857625,3.820260349836134,0.37888543819998316,0,1066.06005859375
49035,10,174,16,25,2,34.24252274673955,3.8151683898133393,0.482842712474619,0,1066.06005859375
49035,10,174,16,26,2,24.25380233657558,3.7986916505318415,0.4242640687119285,0,1066.06005859375
49035,10,174,16,27,2,14.280878526980828,3.7591754227474183,0.482842712474619,0,1066.06005859375
49035,10,174,16,28,2,9.316210246808177,3.707727883614697,0.37888543819998316,0,1066.06005859375
49035,10,174,16,29,2,29.44002625052176,-2.304373140183762,0.4242640687119285,0,1066.06005859375
49035,10,174,16,30,2,19.555349890812835,-2.2412499924026035,0.4242640687119285,0,1066.06005859375
49035,10,174,16,31,2,35.287155786222584,-2.1809265532742974,0.3414213562373095,0,1066.06005859375
49035,10,174,16,32,2,25.707585013023785,-2.0856308303864752,0.482842712474619,0,1066.06005859375
49035,10,174,16,33,2,16.630589013097165,-1.882338760973346,0.3414213562373095,0,1066.06005859375
49035,10,174,16,34,2,27.788422533708676,-1.9153233024652416,0.4308640753373011,0,1066.06005859375
49035,10,174,16,35,,,,,0,1066.06005859375
49035,10,174,16,36,2,19.102514338783187,-1.0797410869436808,0.682842712474619,0,1066.06005859375
49035,10,174,16,37,2,18.648172455331082,-0.8151508998431187,0.765685424949238,0,1066.06005859375
49035,10,174,16,38,2,19.509039386502874,-0.55620227315223,0.682842712474619,0,1066.06005859375
49035,10,174,16,39,2,21.201142536397292,-0.9382378757360696,0.848528137423857,0,1066.06005859375
49035,10,174,16,40,2,21.385432581759623,-0.7030376963758611,0.848528137423857,0,1066.06005859375
49035,10,174,16,41,2,24.8591785156158,-1.1728159100910802,0.613407053921902,0,1066.06005859375
49035,10,174,16,42,2,24.004636089170365,-1.0337628141775927,0.8513997106635237,0,1066.06005859375
49035,10,174,16,43,2,23.64467880166385,-0.8240507077648378,0.848528137423857,0,1066.06005859375
49035,10,174,16,44,2,24.32938793916122,-0.617178782745033,0.8513997106635237,0,1066.06005859375
49035,10,174,16,45,2,25.390212972648527,-0.48288038174222647,0.613407053921902,0,1066.06005859375
49035,10,174,16,46,2,26.187877817011397,-0.9227911891687763,0.848528137423857,0,1066.06005859375
49035,10,174,16,47,2,26.337297249700264,-0.7322022266529833,0.848528137423857,0,1066.06005859375
49035,10,174,16,48,2,28.940266990537307,-1.003420110974116,0.682842712474619,0,1066.06005859375
49035,10,174,16,49,2,28.64240449654908,-0.8298450498822492,0.8513997106635237,0,1066.06005859375
49035,10,174,16,50,2,29.21019714422151,-0.6578900640624248,0.682842712474619,0,1066.06005859375
49035,10,174,16,51,2,32.14123341038724,-0.8328288605902676,0.613407053921902,0,1066.06005859375
49035,10,174,16,52,2,34.65060814418211,-1.8603382910872686,0.4308640753373011,0,1066.06005859375
49035,10,174,16,53,2,45.78520045550788,-1.8857056634782738,0.3414213562373095,0,1066.06005859375
49035,10,174,16,54,2,37.576337560647694,-1.7479118618856262,0.482842712474619,0,1066.06005859375
49035,10,174,16,55,2,30.457802090637557,-1.5399343207057261,0.3414213562373095,0,1066.06005859375
49035,10,174,16,56,2,44.614452392935114,-1.7312582559740455,0.4242640687119285,0,1066.06005859375
49035,10,174,16,57,2,37.49861232155367,-1.559269998308908,0.4242640687119285,0,1066.06005859375
49035,10,174,16,58,2,51.66156772854658,-1.7191454239144637,0.382842712474619,0,1066.06005859375
49035,10,174,16,59,2,44.54900833791824,-1.5724892083252127,0.4242640687119285,0,1066.06005859375
49035,10,174,16,60,2,38.733844472406965,-1.3763301959097038,0.482842712474619,0,1066.06005859375
49035,10,174,16,61,2,36.51244978733916,-1.2571469372343727,0.37888543819998316,0,1066.06005859375
49035,10,174,16,62,2,51.605061396549466,-1.5820947625838473,0.4242640687119285,0,1066.06005859375
49035,10,174,16,63,2,45.59362812348172,-1.41715791205591,0.4242640687119285,0,1066.06005859375
49035,10,174,16,64,2,58.66473028653052,-1.5893890112554891,0.3414213562373095,0,1066.06005859375
49035,10,174,16,65,2,52.50949574421825,-1.4472708285436515,0.382842712474619,0,1066.06005859375
49035,10,174,16,66,2,47.67539939038558,-1.2720873735981155,0.3414213562373095,0,1066.06005859375
49035,10,175,11,1,,,,,0,1067.04296875
49035,10,175,11,2,,,,,0,1067.04296875
49035,10,175,11,3,,,,,0,1067.04296875
49035,10,175,11,4,2,12.124934676067145,0.796435823246652,0.30401993338718164,0,1067.04296875
49035,10,175,11,5,,,,,0,1067.04296875
49035,10,175,11,6,,,,,0,1067.04296875
49035,10,175,11,7,,,,,0,1067.04296875
49035,10,175,11,8,,,,,0,1067.04296875
49035,10,175,11,9,,,,,0,1067.04296875
49035,10,175,11,10,,,,,0,1067.04296875
49035,10,175,11,11,2,9.279915502385515,0.28173396477996915,0.3164982883492972,1,1067.04296875
49035,10,175,11,12,,,,,0,1067.04296875
49035,10,175,11,13,,,,,0,1067.04296875
49035,10,175,11,14,2,7.3962831641313365,2.3576476139037164,0.34024562494293015,0,1067.04296875
49035,10,175,11,15,,,,,0,1067.04296875
49035,10,175,11,16,,,,,0,1067.04296875
49035,10,175,11,17,2,2.7666136186255956,-3.015272085689368,0.35680269384357455,0,1067.04296875
49035,10,175,11,18,2,38.86086380410302,2.006996527652964,0.37888543819998316,0,1067.04296875
49035,10,175,11,19,2,45.39573354366843,2.2234038879224833,0.3414213562373095,0,1067.04296875
49035,10,175,11,20,2,36.293963836696896,2.1213112192337347,0.482842712474619,0,1067.04296875
49035,10,175,11,21,2,27.816020527587707,1.9542087240429942,0.3414213562373095,0,1067.04296875
49035,10,175,11,22,2,39.00124732431029,2.29515334098177,0.4242640687119285,0,1067.04296875
49035,10,175,11,23,2,29.623917361884118,2.1929171606537174,0.4242640687119285,0,1067.04296875
49035,10,175,11,24,2,47.66238748970429,2.459317736732941,0.37888543819998316,0,1067.04296875
49035,10,175,11,25,2,42.7193489501488,2.442639315291773,0.482842712474619,0,1067.04296875
49035,10,175,11,26,2,32.88498079270076,2.3942764170843898,0.4242640687119285,0,1067.04296875
49035,10,175,11,27,2,23.1926960215499,2.3051119106829585,0.482842712474619,0,1067.04296875
49035,10,175,11,28,2,18.469995729665882,2.2257571297032,0.37888543819998316,0,1067.04296875
49035,10,175,11,29,2,37.219181124909994,2.5541438532855807,0.4242640687119285,0,1067.04296875
49035,10,175,11,30,2,27.2350258053958,2.5364695219849533,0.4242640687119285,0,1067.04296875
49035,10,175,11,31,2,42.297906868796886,-3.6049613381113392,0.3414213562373095,0,1067.04296875
49035,10,175,11,32,2,32.33561677922866,-3.581500534788325,0.482842712474619,0,1067.04296875
49035,10,175,11,33,2,22.40694757223421,-3.5372028262765935,0.3414213562373095,0,1067.04296875
49035,10,175,11,34,2,33.206583501943584,-3.4311047346665093,0.4308640753373011,0,1067.04296875
49035,10,175,11,35,2,12.072724548103215,-2.7466136293973697,0.613407053921902,0,1067.04296875
49035,10,175,11,36,2,17.964426995409767,-2.854840464468346,0.682842712474619,0,1067.04296875
49035,10,175,11,37,2,15.03197361557246,-2.607769377784905,0.8513997106635237,0,1067.04296875
49035,10,175,11,38,2,13.386553861435958,-2.2733716816884204,0.682842712474619,0,1067.04296875
49035,10,175,11,39,2,18.44947077060873,-2.662175693124456,0.848528137423857,0,1067.04296875
49035,10,175,11,40,2,16.38970912558869,-2.3994159688048464,0.848528137423857,0,1067.04296875
49035,10,175,11,41,2,24.026818291187112,-2.8208916923600444,0.613407053921902,0,1067.04296875
49035,10,175,11,42,2,21.90446786963393,-2.6995023581287843,0.8513997106635237,0,1067.04296875
49035,10,175,11,43,2,19.571543274808057,-2.485506010347071,0.848528137423857,0,1067.04296875
49035,10,175,11,44,2,18.338072408613286,-2.2290356493155095,0.8513997106635237,0,1067.04296875
49035,10,175,11,45,2,18.256577311140372,-2.0375096434357545,0.613407053921902,0,1067.04296875
49035,10,175,11,46,2,22.857559954946282,-2.547198631448845,0.848528137423857,0,1067.04296875
49035,10,175,11,47,2,21.22987613246538,-2.332171444458063,0.848528137423857,0,1067.04296875
49035,10,175,11,48,2,26.20860141309038,-2.593255295409591,0.682842712474619,0,1067.04296875
49035,10,175,11,49,2,24.292599316172456,-2.4099674099972432,0.8513997106635237,0,1067.04296875
49035,10,175,11,50,2,23.310297618047734,-2.203580103694229,0.682842712474619,0,1067.04296875
49035,10,175,11,51,2,27.65573962672116,-2.3725740160983415,0.613407053921902,0,1067.04296875
49035,10,175,11,52,2,39.45279039236782,-3.339504005912592,0.4308640753373011,0,1067.04296875
49035,10,175,11,53,2,50.568058674530995,-3.312536450543326,0.3414213562373095,0,1067.04296875
49035,10,175,11,54,2,41.39574549543139,-3.225441785123822,0.482842712474619,0,1067.04296875
49035,10,175,11,55,2,32.712183237048656,-3.0905682907927687,0.3414213562373095,0,1067.04296875
49035,10,175,11,56,2,48.139933807547834,-3.177833369377483,0.4242640687119285,0,1067.04296875
49035,10,175,11,57,2,39.67281706668693,-3.0560120205915746,0.4242640687119285,0,1067.04296875
49035,10,175,11,58,2,54.96634159981584,-3.1419848223658082,0.382842712474619,0,1067.04296875
49035,10,175,11,59,2,46.66666793204079,-3.0317913800688787,0.4242640687119285,0,1067.04296875
49035,10,175,11,60,2,39.169593856601104,-2.8768514770832274,0.482842712474619,0,1067.04296875
49035,10,175,11,61,2,35.88170392270889,-2.7763298224498882,0.37888543819998316,0,1067.04296875
49035,10,175,11,62,2,53.68075425841111,-3.0138918849138188,0.4242640687119285,0,1067.04296875
49035,10,175,11,63,2,46.23962115722448,-2.879701729937592,0.4242640687119285,0,1067.04296875
49035,10,175,11,64,2,60.70806255864604,-3.000132731469729,0.3414213562373095,0,1067.04296875
49035,10,175,11,65,2,53.30992446661504,-2.881795958699958,0.382842712474619,0,1067.04296875
49035,10,175,11,66,2,46.88738885508468,-2.7283335691595854,0.3414213562373095,0,1067.04296875
49035,10,176,4,1,,,,,0,1067.54296875
49035,10,176,4,2,,,,,0,1067.54296875
49035,10,176,4,3,,,,,0,1067.54296875
49035,10,176,4,4,2,7.2410319689302005,1.0855723855891803,0.22961626838336513,1,1067.54296875
49035,10,176,4,5,,,,,0,1067.54296875
49035,10,176,4,6,,,,,0,1067.54296875
49035,10,176,4,7,,,,,0,1067.54296875
49035,10,176,4,8,,,,,0,1067.54296875
49035,10,176,4,9,,,,,0,1067.54296875
49035,10,176,4,10,,,,,0,1067.54296875
49035,10,176,4,11,,,,,0,1067.54296875
49035,10,176,4,12,,,,,0,1067.54296875
49035,10,176,4,13,,,,,0,1067.54296875
49035,10,176,4,14,2,12.526298599963603,-3.6783297702452264,0.45328910320379967,0,1067.54296875
49035,10,176,4,15,2,7.778029865938453,-3.519459377655073,0.5751570048142773,0,1067.54296875
49035,10,176,4,16,,,,,0,1067.54296875
49035,10,176,4,17,2,9.712205074315008,-3.1822463632053175,0.5555604578187299,0,1067.54296875
49035,10,176,4,18,2,40.81238296785504,1.9287921273802933,0.37888543819998316,0,1067.54296875
49035,10,176,4,19,2,48.62405595849727,2.108587324568715,0.3414213562373095,0,1067.54296875
49035,10,176,4,20,2,39.00612774699682,2.045712239626253,0.482842712474619,0,1067.54296875
49035,10,176,4,21,2,29.642152178527727,1.942458493527042,0.3414213562373095,0,1067.54296875
49035,10,176,4,22,2,42.70498575266389,2.193505036663227,0.4242640687119285,0,1067.54296875
49035,10,176,4,23,2,32.87696750150759,2.144217214483062,0.4242640687119285,0,1067.54296875
49035,10,176,4,24,2,52.17627835017974,2.3194455463489714,0.37888543819998316,0,1067.54296875
49035,10,176,4,25,2,47.18001287044564,2.3155513217231816,0.482842712474619,0,1067.54296875
49035,10,176,4,26,2,37.19049338763035,2.3046243530611656,0.4242640687119285,0,1067.54296875
49035,10,176,4,27,2,27.208674763305506,2.2856761640232284,0.482842712474619,0,1067.54296875
49035,10,176,4,28,2,22.223896471035818,2.2698220618215252,0.37888543819998316,0,1067.54296875
49035,10,176,4,29,2,42.25364605256648,-3.8539628256969394,0.4242640687119285,0,1067.54296875
49035,10,176,4,30,2,32.28853958753056,-3.8313652815244517,0.4242640687119285,0,1067.54296875
49035,10,176,4,31,2,47.82894950817713,-3.75717815936018,0.3414213562373095,0,1067.54296875
49035,10,176,4,32,2,38.010361679622555,-3.712703878487887,0.482842712474619,0,1067.54296875
49035,10,176,4,33,2,28.319017973363408,-3.6375437737055023,0.3414213562373095,0,1067.54296875
49035,10,176,4,34,2,39.37784901839979,-3.588312393811073,0.4308640753373011,0,1067.54296875
49035,10,176,4,35,2,18.97527793487735,-3.0504724627129507,0.613407053921902,0,1067.54296875
49035,10,176,4,36,2,24.915873645850397,-3.114859117442114,0.682842712474619,0,1067.54296875
49035,10,176,4,37,2,21.78050393163489,-2.9474727374939196,0.8513997106635237,0,1067.54296875
49035,10,176,4,38,2,19.441706290753988,-2.732299429172948,0.682842712474619,0,1067.54296875
49035,10,176,4,39,2,25.258845078032724,-2.9744763599338633,0.848528137423857,0,1067.54296875
49035,10,176,4,40,2,22.72881093801518,-2.7942423158141745,0.848528137423857,0,1067.54296875
49035,10,176,4,41,2,30.965552529386056,-3.08580171327237,0.613407053921902,0,1067.54296875
49035,10,176,4,42,2,28.751141852736097,-2.994931966344458,0.8513997106635237,0,1067.54296875
49035,10,176,4,43,2,26.08098444875373,-2.84040364709319,0.848528137423857,0,1067.54296875
49035,10,176,4,44,2,24.16210549178432,-2.6562175154176177,0.8513997106635237,0,1067.54296875
49035,10,176,4,45,2,23.368141906923203,-2.5126389467419203,0.613407053921902,0,1067.54296875
49035,10,176,4,46,2,29.476035231628913,-2.8759932720183228,0.848528137423857,0,1067.54296875
49035,10,176,4,47,2,27.339097369083152,-2.7165872820148804,0.848528137423857,0,1067.54296875
49035,10,176,4,48,2,32.9006923352127,-2.9042036090267542,0.682842712474619,0,1067.54296875
49035,10,176,4,49,2,30.594854928832472,-2.7642530408493378,0.8513997106635237,0,1067.54296875
49035,10,176,4,50,2,28.976451475228725,-2.605197571915065,0.682842712474619,0,1067.54296875
49035,10,176,4,51,2,33.83599159070744,-2.723193064553065,0.613407053921902,0,1067.54296875
49035,10,176,4,52,2,45.856872981441725,-3.521647027970171,0.4308640753373011,0,1067.54296875
49035,10,176,4,53,2,57.02193449871979,-3.5102205663302826,0.3414213562373095,0,1067.54296875
49035,10,176,4,54,2,48.048727328996456,-3.425871821792696,0.482842712474619,0,1067.54296875
49035,10,176,4,55,2,39.57094112977617,-3.3041686992597032,0.3414213562373095,0,1067.54296875
49035,10,176,4,56,2,54.87183252139882,-3.3897210618491016,0.4242640687119285,0,1067.54296875
49035,10,176,4,57,2,46.56283054343241,-3.2795851409920376,0.4242640687119285,0,1067.54296875
49035,10,176,4,58,2,61.75075554660551,-3.3615943017033336,0.382842712474619,0,1067.54296875
49035,10,176,4,59,2,53.57550741277765,-3.261428523394666,0.4242640687119285,0,1067.54296875
49035,10,176,4,60,2,46.12498431974317,-3.1271505347973836,0.482842712474619,0,1067.54296875
49035,10,176,4,61,2,42.79139832345438,-3.0432454152052992,0.37888543819998316,0,1067.54296875
49035,10,176,4,62,2,60.60175575721205,-3.2474783586201585,0.4242640687119285,0,1067.54296875
49035,10,176,4,63,2,53.19541319340178,-3.129069521542216,0.4242640687119285,0,1067.54296875
49035,10,176,4,64,2,67.63734624582024,-3.2364285737655605,0.3414213562373095,0,1067.54296875
49035,10,176,4,65,2,60.26599199496292,-3.1305382306446807,0.382842712474619,0,1067.54296875
49035,10,176,4,66,2,53.750990456892005,-2.9971451661622677,0.3414213562373095,0,1067.54296875
49035,10,177,6,1,,,,,0,1068.04296875
49035,10,177,6,2,,,,,0,1068.04296875
49035,10,177,6,3,,,,,0,1068.04296875
49035,10,177,6,4,,,,,0,1068.04296875
49035,10,177,6,5,,,,,0,1068.04296875
49035,10,177,6,6,2,4.553282320855159,-5.300000895387342,0.6093338188813542,1,1068.04296875
49035,10,177,6,7,,,,,0,1068.04296875
49035,10,177,6,8,,,,,0,1068.04296875
49035,10,177,6,9,,,,,0,1068.04296875
49035,10,177,6,10,2,3.2698290441187794,-4.417901205978747,0.7071067811865475,0,1068.04296875
49035,10,177,6,11,,,,,0,1068.04296875
49035,10,177,6,12,,,,,0,1068.04296875
49035,10,177,6,13,2,6.795718459315058,-4.473269486609439,0.765685424949238,0,1068.04296875
49035,10,177,6,14,2,14.21978910163404,-4.750569362720934,0.49033749051054326,0,1068.04296875
49035,10,177,6,15,2,10.328203947385436,-4.490790595093646,0.7685569981889047,0,1068.04296875
49035,10,177,6,16,,,,,0,1068.04296875
49035,10,177,6,17,2,13.10482290678483,-4.307378755243119,0.6034068236642477,0,1068.04296875
49035,10,177,6,18,2,39.09037977221899,0.6490387666018624,0.37888543819998316,0,1068.04296875
49035,10,177,6,19,2,47.6399875194515,0.8161809854500945,0.3414213562373095,0,1068.04296875
49035,10,177,6,20,2,37.79559763016284,0.7747655347184281,0.482842712474619,0,1068.04296875
49035,10,177,6,21,2,28.061468058333062,0.70441656178168,0.3414213562373095,0,1068.04296875
49035,10,177,6,22,2,42.12466278823127,0.9150003962166333,0.4242640687119285,0,1068.04296875
49035,10,177,6,23,2,32.1469439354641,0.8968699035309657,0.4242640687119285,0,1068.04296875
49035,10,177,6,24,2,52.115236113246034,-5.261018683497063,0.37888543819998316,0,1068.04296875
49035,10,177,6,25,2,47.12183389707177,-5.255837096865484,0.482842712474619,0,1068.04296875
49035,10,177,6,26,2,37.140355668610624,-5.241295075645354,0.4242640687119285,0,1068.04296875
49035,10,177,6,27,2,27.17250096252778,-5.216074901631524,0.482842712474619,0,1068.04296875
49035,10,177,6,28,2,22.199418984343062,-5.194978484302528,0.37888543819998316,0,1068.04296875
49035,10,177,6,29,2,42.72453667381219,-5.132345032601012,0.4242640687119285,0,1068.04296875
49035,10,177,6,30,2,32.92908780029594,-5.078690405714721,0.4242640687119285,0,1068.04296875
49035,10,177,6,31,2,48.69667389866528,-5.049319110666248,0.3414213562373095,0,1068.04296875
49035,10,177,6,32,2,39.119110907082536,-4.983417694254118,0.482842712474619,0,1068.04296875
49035,10,177,6,33,2,29.820188254407448,-4.875669518451426,0.3414213562373095,0,1068.04296875
49035,10,177,6,34,2,40.99700291052368,-4.867640323551035,0.4308640753373011,0,1068.04296875
49035,10,177,6,35,2,22.5385457363632,-4.303316702217572,0.613407053921902,0,1068.04296875
49035,10,177,6,36,2,28.268024972850547,-4.386661177891671,0.682842712474619,0,1068.04296875
49035,10,177,6,37,2,25.56463632734759,-4.2300361660301915,0.8513997106635237,0,1068.04296875
49035,10,177,6,38,2,23.622447486096313,-4.042273418409337,0.682842712474619,0,1068.04296875
49035,10,177,6,39,2,28.96619819634694,-4.2654646917514105,0.848528137423857,0,1068.04296875
49035,10,177,6,40,2,26.80503744884328,-4.103476600147,0.848528137423857,0,1068.04296875
49035,10,177,6,41,2,34.36789299727114,-4.380116686696086,0.613407053921902,0,1068.04296875
49035,10,177,6,42,2,32.396460383050574,-4.2934197787431465,0.8513997106635237,0,1068.04296875
49035,10,177,6,43,2,30.066593422508035,-4.151550659848862,0.848528137423857,0,1068.04296875
49035,10,177,6,44,2,28.433596935988266,-3.9897454437849333,0.8513997106635237,0,1068.04296875
49035,10,177,6,45,2,27.773152701789687,-3.8673577800750785,0.613407053921902,0,1068.04296875
49035,10,177,6,46,2,33.38397890358362,-4.190145535512267,0.848528137423857,0,1068.04296875
49035,10,177,6,47,2,31.52712232536858,-4.046925209147117,0.848528137423857,0,1068.04296875
49035,10,177,6,48,2,36.74207472143386,-4.221725712618555,0.682842712474619,0,1068.04296875
49035,10,177,6,49,2,34.70517900140074,-4.093763604454961,0.8513997106635237,0,1068.04296875
49035,10,177,6,50,2,33.30043309332635,-3.952492003155798,0.682842712474619,0,1068.04296875
49035,10,177,6,51,2,38.00676303184304,-4.061775811543598,0.613407053921902,0,1068.04296875
49035,10,177,6,52,2,47.71513661770773,-4.817756783972801,0.4308640753373011,0,1068.04296875
49035,10,177,6,53,2,58.8918065826113,-4.823160348167719,0.3414213562373095,0,1068.04296875
49035,10,177,6,54,2,50.27110175768357,-4.729985834571433,0.482842712474619,0,1068.04296875
49035,10,177,6,55,2,42.26254205912195,-4.599971255719495,0.3414213562373095,0,1068.04296875
49035,10,177,6,56,2,57.21156951817002,-4.704761197760293,0.4242640687119285,0,1068.04296875
49035,10,177,6,57,2,49.316351001468846,-4.589156235211027,0.4242640687119285,0,1068.04296875
49035,10,177,6,58,2,64.18055547853592,-4.6850041499242865,0.382842712474619,0,1068.04296875
49035,10,177,6,59,2,56.37448439587809,-4.581048553848278,0.4242640687119285,0,1068.04296875
49035,10,177,6,60,2,49.36619572408612,-4.445727477400215,0.482842712474619,0,1068.04296875
49035,10,177,6,61,2,46.276243094622714,-4.363460857188176,0.37888543819998316,0,1068.04296875
49035,10,177,6,62,2,63.43549878185028,-4.574745465915624,0.4242640687119285,0,1068.04296875
49035,10,177,6,63,2,56.4180936851805,-4.455586867358969,0.4242640687119285,0,1068.04296875
49035,10,177,6,64,2,70.49852849884991,-4.569705183635361,0.3414213562373095,0,1068.04296875
49035,10,177,6,65,2,63.47425706434719,-4.463254817817891,0.382842712474619,0,1068.04296875
49035,10,177,6,66,2,57.340388028321755,-4.332249469580597,0.3414213562373095,0,1068.04296875
49035,10,178,10,1,,,,,0,1068.22705078125
49035,10,178,10,2,,,,,0,1068.22705078125
49035,10,178,10,3,,,,,0,1068.22705078125
49035,10,178,10,4,,,,,0,1068.22705078125
49035,10,178,10,5,,,,,0,1068.22705078125
49035,10,178,10,6,,,,,0,1068.22705078125
49035,10,178,10,7,,,,,0,1068.22705078125
49035,10,178,10,8,,,,,0,1068.22705078125
49035,10,178,10,9,,,,,0,1068.22705078125
49035,10,178,10,10,2,3.8742107620775945,-4.371798996008205,0.5256680940246072,1,1068.22705078125
49035,10,178,10,11,,,,,0,1068.22705078125
49035,10,178,10,12,,,,,0,1068.22705078125
49035,10,178,10,13,2,6.814676125485174,-4.7562137369672355,0.7195315787953919,0,1068.22705078125
49035,10,178,10,14,2,13.304075160992944,-5.234981571813463,0.49033749051054326,0,1068.22705078125
49035,10,178,10,15,2,10.142490441775994,-4.89995643304376,0.7685569981889047,0,1068.22705078125
49035,10,178,10,16,,,,,0,1068.22705078125
49035,10,178,10,17,2,13.312878059412947,-4.772264309836149,0.6034068236642477,0,1068.22705078125
49035,10,178,10,18,2,36.64301753826723,0.009563529646713587,0.37888543819998316,0,1068.22705078125
49035,10,178,10,19,2,45.32879483474176,0.1825102705983208,0.3414213562373095,0,1068.22705078125
49035,10,178,10,20,2,35.44634020762153,0.14436933811994823,0.482842712474619,0,1068.22705078125
49035,10,178,10,21,2,25.65514426111814,0.07694529114665771,0.3414213562373095,0,1068.22705078125
49035,10,178,10,22,2,39.92873197895178,0.28986483403582985,0.4242640687119285,0,1068.22705078125
49035,10,178,10,23,2,29.934044671432268,0.28043745876591863,0.4242640687119285,0,1068.22705078125
49035,10,178,10,24,2,50.06288589671313,-5.887652512269597,0.37888543819998316,0,1068.22705078125
49035,10,178,10,25,2,45.07953239308817,-5.879071207316217,0.482842712474619,0,1068.22705078125
49035,10,178,10,26,2,35.12702141833011,-5.854608987110307,0.4242640687119285,0,1068.22705078125
49035,10,178,10,27,2,25.212120630128638,-5.810860692769719,0.482842712474619,0,1068.22705078125
49035,10,178,10,28,2,20.28602285171556,-5.772986722369694,0.37888543819998316,0,1068.22705078125
49035,10,178,10,29,2,40.887262528278185,-5.746339623989425,0.4242640687119285,0,1068.22705078125
49035,10,178,10,30,2,31.20114789556111,-5.676729256873399,0.4242640687119285,0,1068.22705078125
49035,10,178,10,31,2,47.00668931533959,-5.665502375363621,0.3414213562373095,0,1068.22705078125
49035,10,178,10,32,2,37.56823436539435,-5.586862129545079,0.482842712474619,0,1068.22705078125
49035,10,178,10,33,2,28.51518238197913,-5.456994140926707,0.3414213562373095,0,1068.22705078125
49035,10,178,10,34,2,39.687586637863035,-5.469513831265353,0.4308640753373011,0,1068.22705078125
49035,10,178,10,35,2,22.65684676737102,-4.847140038340403,0.613407053921902,0,1068.22705078125
49035,10,178,10,36,2,28.148243618940842,-4.952661032706144,0.682842712474619,0,1068.22705078125
49035,10,178,10,37,2,25.849474178470476,-4.787865404272528,0.8513997106635237,0,1068.22705078125
49035,10,178,10,38,2,24.373489938365,-4.597255814951302,0.682842712474619,0,1068.22705078125
49035,10,178,10,39,2,29.148338151079415,-4.8342023891800165,0.848528137423857,0,1068.22705078125
49035,10,178,10,40,2,27.39520603028639,-4.66830525434599,0.848528137423857,0,1068.22705078125
49035,10,178,10,41,2,34.24464529098548,-4.961989837850099,0.613407053921902,0,1068.22705078125
49035,10,178,10,42,2,32.497013995687844,-4.87105590412414,0.8513997106635237,0,1068.22705078125
49035,10,178,10,43,2,30.527489498943396,-4.72501460011696,0.848528137423857,0,1068.22705078125
49035,10,178,10,44,2,29.28821113656939,-4.562838502790563,0.8513997106635237,0,1068.22705078125
49035,10,178,10,45,2,28.907775755162916,-4.443194061853179,0.613407053921902,0,1068.22705078125
49035,10,178,10,46,2,33.739560115306176,-4.771051959956978,0.848528137423857,0,1068.22705078125
49035,10,178,10,47,2,32.23708444085053,-4.626324396248745,0.848528137423857,0,1068.22705078125
49035,10,178,10,48,2,37.0106500677929,-4.80902065920611,0.682842712474619,0,1068.22705078125
49035,10,178,10,49,2,35.2939076175023,-4.678996346147328,0.8513997106635237,0,1068.22705078125
49035,10,178,10,50,2,34.22764396485617,-4.538332335736364,0.682842712474619,0,1068.22705078125
49035,10,178,10,51,2,38.66552113674492,-4.65356971032825,0.613407053921902,0,1068.22705078125
49035,10,178,10,52,2,46.50768900375941,-5.426050717201999,0.4308640753373011,0,1068.22705078125
49035,10,178,10,53,2,57.662414477116336,-5.440656703746951,0.3414213562373095,0,1068.22705078125
49035,10,178,10,54,2,49.2615208481741,-5.338833807892009,0.482842712474619,0,1068.22705078125
49035,10,178,10,55,2,41.57452139495327,-5.19738166144565,0.3414213562373095,0,1068.22705078125
49035,10,178,10,56,2,56.254404624061316,-5.318913881446067,0.4242640687119285,0,1068.22705078125
49035,10,178,10,57,2,48.64464443853966,-5.194811415887898,0.4242640687119285,0,1068.22705078125
49035,10,178,10,58,2,63.264671365147635,-5.3034034820506735,0.382842712474619,0,1068.22705078125
49035,10,178,10,59,2,55.71500727707452,-5.1928935003744385,0.4242640687119285,0,1068.22705078125
49035,10,178,10,60,2,49.05002985553426,-5.050163678804341,0.482842712474619,0,1068.22705078125
49035,10,178,10,61,2,46.17117201567414,-4.964233629987826,0.37888543819998316,0,1068.22705078125
49035,10,178,10,62,2,62.78552889971531,-5.1914075481655875,0.4242640687119285,0,1068.22705078125
49035,10,178,10,63,2,56.06929669758059,-5.066454846329773,0.4242640687119285,0,1068.22705078125
49035,10,178,10,64,2,69.85616109227236,-5.190222401061189,0.3414213562373095,0,1068.22705078125
49035,10,178,10,65,2,63.100131818355514,-5.079118342290869,0.382842712474619,0,1068.22705078125
49035,10,178,10,66,2,57.30069832417558,-4.943533135366945,0.3414213562373095,0,1068.22705078125
49035,10,179,13,1,,,,,0,1068.4429931640625
49035,10,179,13,2,,,,,0,1068.4429931640625
49035,10,179,13,3,,,,,0,1068.4429931640625
49035,10,179,13,4,,,,,0,1068.4429931640625
49035,10,179,13,5,,,,,0,1068.4429931640625
49035,10,179,13,6,,,,,0,1068.4429931640625
49035,10,179,13,7,,,,,0,1068.4429931640625
49035,10,179,13,8,,,,,0,1068.4429931640625
49035,10,179,13,9,,,,,0,1068.4429931640625
49035,10,179,13,10,,,,,0,1068.4429931640625
49035,10,179,13,11,,,,,0,1068.4429931640625
49035,10,179,13,12,,,,,0,1068.4429931640625
49035,10,179,13,13,2,4.935369220952789,-0.44419277836447746,0.563179972727508,1,1068.4429931640625
49035,10,179,13,14,2,11.390066594528419,-1.0628373418114556,0.49033749051054326,0,1068.4429931640625
49035,10,179,13,15,2,8.1883037381447,-0.6625047214603459,0.7685569981889047,0,1068.4429931640625
49035,10,179,13,16,,,,,0,1068.4429931640625
49035,10,179,13,17,2,11.409874544872126,-0.5208540902643566,0.6034068236642477,0,1068.4429931640625
49035,10,179,13,18,2,36.08847069656736,4.1676269269118915,0.37888543819998316,0,1068.4429931640625
49035,10,179,13,19,2,44.44596622482913,4.353324168856439,0.3414213562373095,0,1068.4429931640625
49035,10,179,13,20,2,34.64207435791477,4.303095622504219,0.482842712474619,0,1068.4429931640625
49035,10,179,13,21,2,24.994053652417822,4.213694636729141,0.3414213562373095,0,1068.4429931640625
49035,10,179,13,22,2,38.86456243599391,4.457829014430063,0.4242640687119285,0,1068.4429931640625
49035,10,179,13,23,2,28.897813334263084,4.433514999045032,0.4242640687119285,0,1068.4429931640625
49035,10,179,13,24,2,48.82131102073068,-1.7085392714890482,0.37888543819998316,0,1068.4429931640625
49035,10,179,13,25,2,43.82733291980293,-1.7032358126601457,0.482842712474619,0,1068.4429931640625
49035,10,179,13,26,2,33.84471174384391,-1.6879347101018647,0.4242640687119285,0,1068.4429931640625
49035,10,179,13,27,2,23.876639528722013,-1.6598458102473095,0.482842712474619,0,1068.4429931640625
49035,10,179,13,28,2,18.90525366835507,-1.6347037021049586,0.37888543819998316,0,1068.4429931640625
49035,10,179,13,29,2,39.44420629884519,-1.5696836795924298,0.4242640687119285,0,1068.4429931640625
49035,10,179,13,30,2,29.67279583568935,-1.5075329751692848,0.4242640687119285,0,1068.4429931640625
49035,10,179,13,31,2,45.45576209973639,-1.481729946517187,0.3414213562373095,0,1068.4429931640625
49035,10,179,13,32,2,35.92848048872198,-1.4065312038551006,0.482842712474619,0,1068.4429931640625
49035,10,179,13,33,2,26.748553463488832,-1.2785115171829826,0.3414213562373095,0,1068.4429931640625
49035,10,179,13,34,2,37.92823893658616,-1.282309310636217,0.4308640753373011,0,1068.4429931640625
49035,10,179,13,35,2,20.716744286037574,-0.6212851939794475,0.613407053921902,0,1068.4429931640625
49035,10,179,13,36,2,26.182164000600768,-0.7379895951840072,0.682842712474619,0,1068.4429931640625
49035,10,179,13,37,2,23.93366693247562,-0.5593493898687196,0.8513997106635237,0,1068.4429931640625
49035,10,179,13,38,2,22.586170855525715,-0.35188201896711124,0.682842712474619,0,1068.4429931640625
49035,10,179,13,39,2,27.212329220330687,-0.6111967373244194,0.848528137423857,0,1068.4429931640625
49035,10,179,13,40,2,25.550451320397173,-0.4321164536180986,0.848528137423857,0,1068.4429931640625
49035,10,179,13,41,2,32.27740726267251,-0.7487588155487415,0.613407053921902,0,1068.4429931640625
49035,10,179,13,42,2,30.548343823465284,-0.651810471602341,0.8513997106635237,0,1068.4429931640625
49035,10,179,13,43,2,28.64465066006168,-0.4953552092102034,0.848528137423857,0,1068.4429931640625
49035,10,179,13,44,2,27.52872522506798,-0.3215724502771147,0.8513997106635237,0,1068.4429931640625
49035,10,179,13,45,2,27.27088196728371,-0.19409369909699636,0.613407053921902,0,1068.4429931640625
49035,10,179,13,46,2,31.830904168715634,-0.546104484661847,0.848528137423857,0,1068.4429931640625
49035,10,179,13,47,2,30.42237928365039,-0.3917833438495939,0.848528137423857,0,1068.4429931640625
49035,10,179,13,48,2,35.08414041926843,-0.5875330924312181,0.682842712474619,0,1068.4429931640625
49035,10,179,13,49,2,33.43967120112377,-0.4495681216402736,0.8513997106635237,0,1068.4429931640625
49035,10,179,13,50,2,32.488864417205924,-0.3005029871840392,0.682842712474619,0,1068.4429931640625
49035,10,179,13,51,2,36.82863735004152,-0.42464559078951636,0.613407053921902,0,1068.4429931640625
49035,10,179,13,52,2,44.709419660209676,-1.2336420862180981,0.4308640753373011,0,1068.4429931640625
49035,10,179,13,53,2,55.87484588609076,-1.2451921530044006,0.3414213562373095,0,1068.4429931640625
49035,10,179,13,54,2,47.39860551698793,-1.1420427704471576,0.482842712474619,0,1068.4429931640625
49035,10,179,13,55,2,39.63908686026562,-0.9963876919426369,0.3414213562373095,0,1068.4429931640625
49035,10,179,13,56,2,54.378384515145456,-1.119734130000979,0.4242640687119285,0,1068.4429931640625
49035,10,179,13,57,2,46.708008998860734,-0.9923396114065239,0.4242640687119285,0,1068.4429931640625
49035,10,179,13,58,2,61.37906483483586,-1.102507359880463,0.382842712474619,0,1068.4429931640625
49035,10,179,13,59,2,53.77749531318494,-0.9893557979189498,0.4242640687119285,0,1068.4429931640625
49035,10,179,13,60,2,47.08129569500262,-0.8416198272141759,0.482842712474619,0,1068.4429931640625
49035,10,179,13,61,2,44.20365488735739,-0.7519596243505138,0.37888543819998316,0,1068.4429931640625
49035,10,179,13,62,2,60.84734915903569,-0.9870653464167809,0.4242640687119285,0,1068.4429931640625
49035,10,179,13,63,2,54.10202678127914,-0.8583076534011611,0.4242640687119285,0,1068.4429931640625
49035,10,179,13,64,2,67.91745576214979,-0.9852517522035655,0.3414213562373095,0,1068.4429931640625
49035,10,179,13,65,2,61.13436185455949,-0.8711591761142881,0.382842712474619,0,1068.4429931640625
49035,10,179,13,66,2,55.335699159989495,-0.7309700795177188,0.3414213562373095,0,1068.4429931640625
49035,10,180,15,1,,,,,0,1068.89404296875
49035,10,180,15,2,,,,,0,1068.89404296875
49035,10,180,15,3,,,,,0,1068.89404296875
49035,10,180,15,4,,,,,0,1068.89404296875
49035,10,180,15,5,2,8.666847481864886,4.567877898574903,0.6921765313559731,0,1068.89404296875
49035,10,180,15,6,,,,,0,1068.89404296875
49035,10,180,15,7,,,,,0,1068.89404296875
49035,10,180,15,8,2,9.937494186895485,4.925289266650294,0.682842712474619,0,1068.89404296875
49035,10,180,15,9,2,5.229846861179417,4.691071008445564,0.682842712474619,0,1068.89404296875
49035,10,180,15,10,,,,,0,1068.89404296875
49035,10,180,15,11,,,,,0,1068.89404296875
49035,10,180,15,12,,,,,0,1068.89404296875
49035,10,180,15,13,,,,,0,1068.89404296875
49035,10,180,15,14,2,9.981502345475647,-0.8504540629320387,0.5638463841038082,0,1068.89404296875
49035,10,180,15,15,2,5.312993181770751,-0.6039933671054749,0.6857142857142857,1,1068.89404296875
49035,10,180,15,16,,,,,0,1068.89404296875
49035,10,180,15,17,2,7.65450948136133,-0.1931865812712643,0.5672077286416233,0,1068.89404296875
49035,10,180,15,18,2,38.77030381949677,4.704715289538038,0.37888543819998316,0,1068.89404296875
49035,10,180,15,19,2,46.333767833628926,4.89928827757632,0.3414213562373095,0,1068.89404296875
49035,10,180,15,20,2,36.79691640089207,4.826421592754864,0.482842712474619,0,1068.89404296875
49035,10,180,15,21,2,27.58999948473818,4.703853198239564,0.3414213562373095,0,1068.89404296875
49035,10,180,15,22,2,40.32731267386394,4.985634835802821,0.4242640687119285,0,1068.89404296875
49035,10,180,15,23,2,30.55302214919501,4.925439312596686,0.4242640687119285,0,1068.89404296875
49035,10,180,15,24,2,49.69883027698065,5.121932049519696,0.37888543819998316,0,1068.89404296875
49035,10,180,15,25,2,44.70538265552522,5.116503238779627,0.482842712474619,0,1068.89404296875
49035,10,180,15,26,2,34.724145105827276,5.100962750874051,0.4242640687119285,0,1068.89404296875
49035,10,180,15,27,2,24.758054614289904,5.072898886223289,0.482842712474619,0,1068.89404296875
49035,10,180,15,28,2,19.787844141314846,5.048276086113802,0.3894427190999916,0,1068.89404296875
49035,10,180,15,29,2,39.72461886805078,-1.0475088943588355,0.4242640687119285,0,1068.89404296875
49035,10,180,15,30,2,29.752989079511142,-1.0256135618897808,0.4242640687119285,0,1068.89404296875
49035,10,180,15,31,2,45.28050833519036,-0.9443305926922125,0.3414213562373095,0,1068.89404296875
49035,10,180,15,32,2,35.461520695633695,-0.8970589208619226,0.482842712474619,0,1068.89404296875
49035,10,180,15,33,2,25.78205703586256,-0.8139719865497455,0.3414213562373095,0,1068.89404296875
49035,10,180,15,34,2,36.85642479141203,-0.7641482471629688,0.4308640753373011,0,1068.89404296875
49035,10,180,15,35,2,17.070341686577066,-0.14201290693740942,0.613407053921902,0,1068.89404296875
49035,10,180,15,36,2,22.883677079315554,-0.23609532483620255,0.682842712474619,0,1068.89404296875
49035,10,180,15,37,2,20.05642500913856,-0.04330178588843481,0.8513997106635237,0,1068.89404296875
49035,10,180,15,38,2,18.189493990323243,0.20014398324773408,0.682842712474619,0,1068.89404296875
49035,10,180,15,39,2,23.471253259846875,-0.08552048807268209,0.848528137423857,0,1068.89404296875
49035,10,180,15,40,2,21.31894080541243,0.11657554205391074,0.848528137423857,0,1068.89404296875
49035,10,180,15,41,2,28.970174659376525,-0.21852968801631079,0.613407053921902,0,1068.89404296875
49035,10,180,15,42,2,26.917267228092573,-0.11697406388993326,0.8513997106635237,0,1068.89404296875
49035,10,180,15,43,2,24.558843264806935,0.054713188717324224,0.848528137423857,0,1068.89404296875
49035,10,180,15,44,2,23.059364474810653,0.25548728733342196,0.8513997106635237,0,1068.89404296875
49035,10,180,15,45,2,22.616422025066747,0.4076630682188418,0.613407053921902,0,1068.89404296875
49035,10,180,15,46,2,27.870707345634894,0.007405793754751144,0.848528137423857,0,1068.89404296875
49035,10,180,15,47,2,26.08397660294215,0.18082104738986948,0.848528137423857,0,1068.89404296875
49035,10,180,15,48,2,31.23164858579676,-0.029788830005271105,0.682842712474619,0,1068.89404296875
49035,10,180,15,49,2,29.22350733336961,0.1219249154306179,0.8513997106635237,0,1068.89404296875
49035,10,180,15,50,2,27.97518343711644,0.2914609544431186,0.682842712474619,0,1068.89404296875
49035,10,180,15,51,2,32.54807213513905,0.15740542294315518,0.613407053921902,0,1068.89404296875
49035,10,180,15,52,2,43.366751541778626,-0.6951076446746924,0.4308640753373011,0,1068.89404296875
49035,10,180,15,53,2,54.5376633409509,-0.685668391192876,0.3414213562373095,0,1068.89404296875
49035,10,180,15,54,2,45.624025881595685,-0.5947651440665402,0.482842712474619,0,1068.89404296875
49035,10,180,15,55,2,37.26589261775607,-0.4615198231304456,0.3414213562373095,0,1068.89404296875
49035,10,180,15,56,2,52.476955213939966,-0.5591454696042888,0.4242640687119285,0,1068.89404296875
49035,10,180,15,57,2,44.28347144792822,-0.440150120753942,0.4242640687119285,0,1068.89404296875
49035,10,180,15,58,2,59.38105690712492,-0.5317803095298159,0.382842712474619,0,1068.89404296875
49035,10,180,15,59,2,51.31573768699834,-0.4246318329712979,0.4242640687119285,0,1068.89404296875
49035,10,180,15,60,2,44.05110610772941,-0.27996744242215676,0.482842712474619,0,1068.89404296875
49035,10,180,15,61,2,40.85458917663035,-0.18930641890677036,0.37888543819998316,0,1068.89404296875
49035,10,180,15,62,2,58.357381925872666,-0.4128562540945353,0.4242640687119285,0,1068.89404296875
49035,10,180,15,63,2,51.11535033818885,-0.2865123811322152,0.4242640687119285,0,1068.89404296875
49035,10,180,15,64,2,65.40537528463175,-0.40361745460348475,0.3414213562373095,0,1068.89404296875
49035,10,180,15,65,2,58.18125240210227,-0.291467773106028,0.382842712474619,0,1068.89404296875
49035,10,180,15,66,2,51.88692654253809,-0.14992297585967718,0.3414213562373095,0,1068.89404296875
49035,10,181,17,1,,,,,0,1069.260009765625
49035,10,181,17,2,,,,,0,1069.260009765625
49035,10,181,17,3,2,7.7903787672214575,4.526667251412608,0.6242640687119285,0,1069.260009765625
49035,10,181,17,4,,,,,0,1069.260009765625
49035,10,181,17,5,2,6.050338962746705,4.9787970689853775,0.848528137423857,0,1069.260009765625
49035,10,181,17,6,,,,,0,1069.260009765625
49035,10,181,17,7,,,,,0,1069.260009765625
49035,10,181,17,8,2,6.125618482364604,5.567898227012151,0.682842712474619,0,1069.260009765625
49035,10,181,17,9,2,2.8146403059689304,4.631776491898367,0.682842712474619,0,1069.260009765625
49035,10,181,17,10,,,,,0,1069.260009765625
49035,10,181,17,11,,,,,0,1069.260009765625
49035,10,181,17,12,,,,,0,1069.260009765625
49035,10,181,17,13,,,,,0,1069.260009765625
49035,10,181,17,14,2,5.895371108479668,0.1418607716487168,0.5052677403411177,0,1069.260009765625
49035,10,181,17,15,,,,,0,1069.260009765625
49035,10,181,17,16,,,,,0,1069.260009765625
49035,10,181,17,17,2,5.741684236166406,1.2457608361570565,0.3874932309279735,1,1069.260009765625
49035,10,181,17,18,2,35.267997027664705,5.510089242901076,0.37888543819998316,0,1069.260009765625
49035,10,181,17,19,2,42.42953943348408,5.73249237033708,0.3414213562373095,0,1069.260009765625
49035,10,181,17,20,2,33.03125509360152,5.641200639014713,0.482842712474619,0,1069.260009765625
49035,10,181,17,21,2,24.121811904987005,5.480148878862366,0.3414213562373095,0,1069.260009765625
49035,10,181,17,22,2,36.30285131381953,5.82247638615771,0.4242640687119285,0,1069.260009765625
49035,10,181,17,23,2,26.621326226059526,5.741920142006959,0.4242640687119285,0,1069.260009765625
49035,10,181,17,24,2,45.54482644282995,5.977363234618735,0.37888543819998316,0,1069.260009765625
49035,10,181,17,25,2,40.555273565444,5.969846500303621,0.482842712474619,0,1069.260009765625
49035,10,181,17,26,2,30.58640564840852,5.947459186257927,0.4242640687119285,0,1069.260009765625
49035,10,181,17,27,2,20.647668318965042,5.903476468162514,0.482842712474619,0,1069.260009765625
49035,10,181,17,28,2,15.707488827641761,5.860654516235835,0.3894427190999916,0,1069.260009765625
49035,10,181,17,29,2,35.52972573696156,-0.18220174704408487,0.4242640687119285,0,1069.260009765625
49035,10,181,17,30,2,25.55698353610427,-0.15771537931022284,0.4242640687119285,0,1069.260009765625
49035,10,181,17,31,2,41.099812790308675,-0.06815037952865755,0.3414213562373095,0,1069.260009765625
49035,10,181,17,32,2,31.30483361909813,-0.011979918235282216,0.482842712474619,0,1069.260009765625
49035,10,181,17,33,2,21.69770965886521,0.09456371554619425,0.3414213562373095,0,1069.260009765625
49035,10,181,17,34,2,32.82110306852325,0.1367985660701838,0.4308640753373011,0,1069.260009765625
49035,10,181,17,35,2,14.769544933804822,0.9473086496285272,0.613407053921902,0,1069.260009765625
49035,10,181,17,36,2,20.150756769705417,0.7801916825733195,0.682842712474619,0,1069.260009765625
49035,10,181,17,37,2,18.067982639252413,1.0189830029908922,0.8513997106635237,0,1069.260009765625
49035,10,181,17,38,2,17.229364321205374,1.2992725629682025,0.682842712474619,0,1069.260009765625
49035,10,181,17,39,2,21.26895852832674,0.9423825333390519,0.848528137423857,0,1069.260009765625
49035,10,181,17,40,2,19.944111791207465,1.1770100207551373,0.848528137423857,0,1069.260009765625
49035,10,181,17,41,2,26.244159318307187,0.7651000166613775,0.613407053921902,0,1069.260009765625
49035,10,181,17,42,2,24.56186469116379,0.8860596854359453,0.8513997106635237,0,1069.260009765625
49035,10,181,17,43,2,22.884147250171605,1.0850587809253311,0.848528137423857,0,1069.260009765625
49035,10,181,17,44,2,22.227982221246144,1.3052795365016563,0.8513997106635237,0,1069.260009765625
49035,10,181,17,45,2,22.43016924613774,1.461925790736041,0.613407053921902,0,1069.260009765625
49035,10,181,17,46,2,25.97307828492596,1.0144925060741201,0.848528137423857,0,1069.260009765625
49035,10,181,17,47,2,24.89979505649375,1.2068178434697554,0.848528137423857,0,1069.260009765625
49035,10,181,17,48,2,29.163631389493464,0.9591381708265665,0.682842712474619,0,1069.260009765625
49035,10,181,17,49,2,27.765381216233042,1.128038736197543,0.8513997106635237,0,1069.260009765625
49035,10,181,17,50,2,27.227107674948595,1.309080746807536,0.682842712474619,0,1069.260009765625
49035,10,181,17,51,2,31.204629995938,1.1500975013973413,0.613407053921902,0,1069.260009765625
49035,10,181,17,52,2,39.42154242402672,0.20733182073230338,0.4308640753373011,0,1069.260009765625
49035,10,181,17,53,2,50.60130639898097,0.20987260401532115,0.3414213562373095,0,1069.260009765625
49035,10,181,17,54,2,41.848419394339714,0.31501227894934436,0.482842712474619,0,1069.260009765625
49035,10,181,17,55,2,33.79479549169582,0.4728031132935979,0.3414213562373095,0,1069.260009765625
49035,10,181,17,56,2,48.7660066671371,0.34744889585229854,0.4242640687119285,0,1069.260009765625
49035,10,181,17,57,2,40.85243447801191,0.48452611496272535,0.4242640687119285,0,1069.260009765625
49035,10,181,17,58,2,55.7221374923286,0.371807569302971,0.382842712474619,0,1069.260009765625
49035,10,181,17,59,2,47.91403346865059,0.49279450430746286,0.4242640687119285,0,1069.260009765625
49035,10,181,17,60,2,41.06765880539046,0.6572948144071189,0.482842712474619,0,1069.260009765625
49035,10,181,17,61,2,38.17003534209082,0.7602584968990906,0.37888543819998316,0,1069.260009765625
49035,10,181,17,62,2,54.97806656922086,0.49893844736144377,0.4242640687119285,0,1069.260009765625
49035,10,181,17,63,2,48.09766938439613,0.640174398280061,0.4242640687119285,0,1069.260009765625
49035,10,181,17,64,2,62.043702372959594,0.5036831730039424,0.3414213562373095,0,1069.260009765625
49035,10,181,17,65,2,55.138180969863235,0.627423159453381,0.382842712474619,0,1069.260009765625
49035,10,181,17,66,2,49.30534450935704,0.7833664028257807,0.3414213562373095,0,1069.260009765625
49035,10,182,14,1,,,,,0,1069.56005859375
49035,10,182,14,2,,,,,0,1069.56005859375
49035,10,182,14,3,2,10.109109504487613,2.9547809668676015,0.6242640687119285,0,1069.56005859375
49035,10,182,14,4,,,,,0,1069.56005859375
49035,10,182,14,5,2,7.876142469286606,3.26319982563659,0.848528137423857,0,1069.56005859375
49035,10,182,14,6,,,,,0,1069.56005859375
49035,10,182,14,7,,,,,0,1069.56005859375
49035,10,182,14,8,2,6.846396528048783,3.727965336377458,0.682842712474619,0,1069.56005859375
49035,10,182,14,9,2,5.118148627829582,2.9129993272960917,0.682842712474619,0,1069.56005859375
49035,10,182,14,10,,,,,0,1069.56005859375
49035,10,182,14,11,,,,,0,1069.56005859375
49035,10,182,14,12,,,,,0,1069.56005859375
49035,10,182,14,13,,,,,0,1069.56005859375
49035,10,182,14,14,2,4.5688615455177075,4.546487342680239,0.4679124626440447,1,1069.56005859375
49035,10,182,14,15,,,,,0,1069.56005859375
49035,10,182,14,16,,,,,0,1069.56005859375
49035,10,182,14,17,,,,,0,1069.56005859375
49035,10,182,14,18,2,35.7527284892273,3.9713139905697252,0.37888543819998316,0,1069.56005859375
49035,10,182,14,19,2,42.35108434163978,4.203784703176213,0.3414213562373095,0,1069.56005859375
49035,10,182,14,20,2,33.20028531243726,4.096186496011247,0.482842712474619,0,1069.56005859375
49035,10,182,14,21,2,24.716463030575152,3.9111204188485154,0.3414213562373095,0,1069.56005859375
49035,10,182,14,22,2,36.01302535573475,4.284083578997588,0.4242640687119285,0,1069.56005859375
49035,10,182,14,23,2,26.562804731190283,4.178306344861371,0.4242640687119285,0,1069.56005859375
49035,10,182,14,24,2,44.8586083796753,4.454412939938558,0.37888543819998316,0,1069.56005859375
49035,10,182,14,25,2,39.895075456982795,4.44016413998709,0.482842712474619,0,1069.56005859375
49035,10,182,14,26,2,30.00436044365721,4.3975467858553206,0.4242640687119285,0,1069.56005859375
49035,10,182,14,27,2,20.221430353648387,4.313392709596259,0.482842712474619,0,1069.56005859375
49035,10,182,14,28,2,15.43465404551484,4.231601951048885,0.3894427190999916,0,1069.56005859375
49035,10,182,14,29,2,34.56791425698777,4.565457863826893,0.4242640687119285,0,1069.56005859375
49035,10,182,14,30,2,24.567972972815827,4.564281962908641,0.4242640687119285,0,1069.56005859375
49035,10,182,14,31,2,39.870035697551295,-1.5916242583986988,0.3414213562373095,0,1069.56005859375
49035,10,182,14,32,2,29.971058480450196,-1.5506056298832749,0.482842712474619,0,1069.56005859375
49035,10,182,14,33,2,20.17198419474684,-1.4694658183017433,0.3414213562373095,0,1069.56005859375
49035,10,182,14,34,2,31.18117536016559,-1.3917427994772829,0.4308640753373011,0,1069.56005859375
49035,10,182,14,35,2,12.281188938723487,-0.5251318806735459,0.613407053921902,0,1069.56005859375
49035,10,182,14,36,2,17.70751950650715,-0.7148624077708741,0.682842712474619,0,1069.56005859375
49035,10,182,14,37,2,15.584561175426357,-0.44150544289514815,0.8513997106635237,0,1069.56005859375
49035,10,182,14,38,2,14.906402885601944,-0.11504183404771307,0.682842712474619,0,1069.56005859375
49035,10,182,14,39,2,18.78078997948129,-0.5298737824040727,0.848528137423857,0,1069.56005859375
49035,10,182,14,40,2,17.52256751194471,-0.2623238834005195,0.848528137423857,0,1069.56005859375
49035,10,182,14,41,2,23.807183527374054,-0.7250902157232533,0.613407053921902,0,1069.56005859375
49035,10,182,14,42,2,22.080706453285483,-0.5922033580158241,0.8513997106635237,0,1069.56005859375
49035,10,182,14,43,2,20.417636920893628,-0.369668511135949,0.848528137423857,0,1069.56005859375
49035,10,182,14,44,2,19.904828494380805,-0.12232562465189778,0.8513997106635237,0,1069.56005859375
49035,10,182,14,45,2,20.284915759273115,0.05104286871905206,0.613407053921902,0,1069.56005859375
49035,10,182,14,46,2,23.488708407577818,-0.4496792012135604,0.848528137423857,0,1069.56005859375
49035,10,182,14,47,2,22.49537113749165,-0.2360918993614316,0.848528137423857,0,1069.56005859375
49035,10,182,14,48,2,26.675062284444532,-0.5108939185923644,0.682842712474619,0,1069.56005859375
49035,10,182,14,49,2,25.315632479483316,-0.32546860046942117,0.8513997106635237,0,1069.56005859375
49035,10,182,14,50,2,24.903886198614586,-0.12668536595165159,0.682842712474619,0,1069.56005859375
49035,10,182,14,51,2,28.765121121216456,-0.3035126533115593,0.613407053921902,0,1069.56005859375
49035,10,182,14,52,2,37.64232653924242,-1.3078619914547764,0.4308640753373011,0,1069.56005859375
49035,10,182,14,53,2,48.80882602332528,-1.294887269356677,0.3414213562373095,0,1069.56005859375
49035,10,182,14,54,2,39.88666566272225,-1.1924898194875624,0.482842712474619,0,1069.56005859375
49035,10,182,14,55,2,31.616304300223597,-1.0340237293224144,0.3414213562373095,0,1069.56005859375
49035,10,182,14,56,2,46.7506700287316,-1.1531505266894277,0.4242640687119285,0,1069.56005859375
49035,10,182,14,57,2,38.65578544086116,-1.0149266179051475,0.4242640687119285,0,1069.56005859375
49035,10,182,14,58,2,53.66846558809838,-1.1239167490087958,0.382842712474619,0,1069.56005859375
49035,10,182,14,59,2,45.70501940154331,-1.001716669541295,0.4242640687119285,0,1069.56005859375
49035,10,182,14,60,2,38.69875189731577,-0.8318520907946669,0.482842712474619,0,1069.56005859375
49035,10,182,14,61,2,35.733957216732605,-0.7235305777560317,0.37888543819998316,0,1069.56005859375
49035,10,182,14,62,2,52.760097127857975,-0.9920382557750695,0.4242640687119285,0,1069.56005859375
49035,10,182,14,63,2,45.741364746316414,-0.8469147004726802,0.4242640687119285,0,1069.56005859375
49035,10,182,14,64,2,59.81895100540098,-0.9846434551797314,0.3414213562373095,0,1069.56005859375
49035,10,182,14,65,2,52.791585497133106,-0.85795611912866,0.382842712474619,0,1069.56005859375
49035,10,182,14,66,2,46.857188340911634,-0.695948709688277,0.3414213562373095,0,1069.56005859375
49035,10,183,9,1,2,14.21044974091737,-1.0009960365054176,0.6034068236642477,0,1070.177001953125
49035,10,183,9,2,2,10.850663844748455,-0.587729150467009,0.682842712474619,0,1070.177001953125
49035,10,183,9,3,2,10.773254251842008,-1.054349366550742,0.7685569981889047,0,1070.177001953125
49035,10,183,9,4,,,,,0,1070.177001953125
49035,10,183,9,5,2,8.019443535570623,-0.815227767238101,0.848528137423857,0,1070.177001953125
49035,10,183,9,6,,,,,0,1070.177001953125
49035,10,183,9,7,,,,,0,1070.177001953125
49035,10,183,9,8,2,6.128616651870059,-0.3858027528262702,0.682842712474619,0,1070.177001953125
49035,10,183,9,9,2,5.9904960870264805,-1.2360662337409465,0.682842712474619,1,1070.177001953125
49035,10,183,9,10,,,,,0,1070.177001953125
49035,10,183,9,11,,,,,0,1070.177001953125
49035,10,183,9,12,,,,,0,1070.177001953125
49035,10,183,9,13,,,,,0,1070.177001953125
49035,10,183,9,14,,,,,0,1070.177001953125
49035,10,183,9,15,,,,,0,1070.177001953125
49035,10,183,9,16,,,,,0,1070.177001953125
49035,10,183,9,17,,,,,0,1070.177001953125
49035,10,183,9,18,2,34.445033415117095,0.09660090223212725,0.37888543819998316,0,1070.177001953125
49035,10,183,9,19,2,40.738570919414684,0.3439146141116387,0.3414213562373095,0,1070.177001953125
49035,10,183,9,20,2,31.721969723874032,0.22354675738244234,0.482842712474619,0,1070.177001953125
49035,10,183,9,21,2,23.51458198158287,0.013984397032455576,0.3414213562373095,0,1070.177001953125
49035,10,183,9,22,2,34.31880385522094,0.42321129797723644,0.4242640687119285,0,1070.177001953125
49035,10,183,9,23,2,24.988647435572197,0.3002579006381998,0.4242640687119285,0,1070.177001953125
49035,10,183,9,24,2,43.022681595186214,0.6060889570625467,0.37888543819998316,0,1070.177001953125
49035,10,183,9,25,2,38.06937394998603,0.5892437974059321,0.482842712474619,0,1070.177001953125
49035,10,183,9,26,2,28.212221386308382,0.5378470062742373,0.4242640687119285,0,1070.177001953125
49035,10,183,9,27,2,18.508961023144362,0.43198259471917266,0.482842712474619,0,1070.177001953125
49035,10,183,9,28,2,13.81693668869398,0.3238939729643331,0.3894427190999916,0,1070.177001953125
49035,10,183,9,29,2,32.67149170822819,0.7188478694276226,0.4242640687119285,0,1070.177001953125
49035,10,183,9,30,2,22.673300885557538,0.7118591927513838,0.4242640687119285,0,1070.177001953125
49035,10,183,9,31,2,37.933142571260426,-5.43005129208465,0.3414213562373095,0,1070.177001953125
49035,10,183,9,32,2,28.028119950110305,-5.387879970206105,0.482842712474619,0,1070.177001953125
49035,10,183,9,33,2,18.227114707050386,-5.300028677299077,0.3414213562373095,0,1070.177001953125
49035,10,183,9,34,2,29.247197201298093,-5.218312243127523,0.4308640753373011,0,1070.177001953125
49035,10,183,9,35,2,11.301591105029248,-4.2159619670622615,0.613407053921902,0,1070.177001953125
49035,10,183,9,36,2,16.386762509350923,-4.46460970190161,0.682842712474619,0,1070.177001953125
49035,10,183,9,37,2,14.725898507085047,-4.159836342959033,0.8513997106635237,0,1070.177001953125
49035,10,183,9,38,2,14.668953205463238,-3.8180002294377626,0.682842712474619,0,1070.177001953125
49035,10,183,9,39,2,17.751071919361465,-4.273074482516685,0.848528137423857,0,1070.177001953125
49035,10,183,9,40,2,16.98312855717237,-3.9875513441018207,0.848528137423857,0,1070.177001953125
49035,10,183,9,41,2,22.455973611036022,-4.498180574952688,0.613407053921902,0,1070.177001953125
49035,10,183,9,42,2,20.93678632769883,-4.3526343811510175,0.8513997106635237,0,1070.177001953125
49035,10,183,9,43,2,19.664056627125984,-4.113762414096294,0.848528137423857,0,1070.177001953125
49035,10,183,9,44,2,19.62144806934284,-3.8585324973205477,0.8513997106635237,0,1070.177001953125
49035,10,183,9,45,2,20.33665398363478,-3.6868071405462457,0.613407053921902,0,1070.177001953125
49035,10,183,9,46,2,22.581487782699146,-4.208573656464741,0.848528137423857,0,1070.177001953125
49035,10,183,9,47,2,21.98294092662061,-3.9853095483108514,0.848528137423857,0,1070.177001953125
49035,10,183,9,48,2,25.654864215691425,-4.281200009214819,0.682842712474619,0,1070.177001953125
49035,10,183,9,49,2,24.627183339323743,-4.086218633068625,0.8513997106635237,0,1070.177001953125
49035,10,183,9,50,2,24.59317508033002,-3.882704286453626,0.682842712474619,0,1070.177001953125
49035,10,183,9,51,2,28.109149481340737,-4.072731946674034,0.613407053921902,0,1070.177001953125
49035,10,183,9,52,2,35.73367430061406,-5.131201274779915,0.4308640753373011,0,1070.177001953125
49035,10,183,9,53,2,46.90486448770546,-5.120155110598653,0.3414213562373095,0,1070.177001953125
49035,10,183,9,54,2,38.03575311751055,-5.010734945389742,0.482842712474619,0,1070.177001953125
49035,10,183,9,55,2,29.88930775080639,-4.838515820491176,0.3414213562373095,0,1070.177001953125
49035,10,183,9,56,2,44.92455286485288,-4.972144037332222,0.4242640687119285,0,1070.177001953125
49035,10,183,9,57,2,36.94411526499399,-4.824093168283882,0.4242640687119285,0,1070.177001953125
49035,10,183,9,58,2,51.86243712936857,-4.943844830492312,0.382842712474619,0,1070.177001953125
49035,10,183,9,59,2,44.004142845917464,-4.8142969306506345,0.4242640687119285,0,1070.177001953125
49035,10,183,9,60,2,37.18893370628029,-4.6331496129815495,0.482842712474619,0,1070.177001953125
49035,10,183,9,61,2,34.37066905827134,-4.517565767553078,0.37888543819998316,0,1070.177001953125
49035,10,183,9,62,2,51.06722552180269,-4.8072099865390445,0.4242640687119285,0,1070.177001953125
49035,10,183,9,63,2,44.20988266327855,-4.6538762277194685,0.4242640687119285,0,1070.177001953125
49035,10,183,9,64,2,58.13224971894175,-4.801845429209075,0.3414213562373095,0,1070.177001953125
49035,10,183,9,65,2,51.24461591222637,-4.668917311798292,0.382842712474619,0,1070.177001953125
49035,10,183,9,66,2,45.52650725234482,-4.498864000120045,0.3414213562373095,0,1070.177001953125
49035,10,184,5,1,2,10.241959357351249,0.20647932926648926,0.6034068236642477,0,1070.64404296875
49035,10,184,5,2,2,6.614068977098105,0.8120064192012999,0.682842712474619,0,1070.64404296875
49035,10,184,5,3,2,6.968393748249142,0.05975178485217003,0.7685569981889047,0,1070.64404296875
49035,10,184,5,4,,,,,0,1070.64404296875
49035,10,184,5,5,2,3.828826177649661,0.3758106943096817,0.848528137423857,1,1070.64404296875
49035,10,184,5,6,,,,,0,1070.64404296875
49035,10,184,5,7,2,5.669434387034971,1.8415551558253807,0.6034068236642477,0,1070.64404296875
49035,10,184,5,8,2,2.4002725609132183,1.5010519576511854,0.7685569981889047,0,1070.64404296875
49035,10,184,5,9,,,,,0,1070.64404296875
49035,10,184,5,10,,,,,0,1070.64404296875
49035,10,184,5,11,,,,,0,1070.64404296875
49035,10,184,5,12,,,,,0,1070.64404296875
49035,10,184,5,13,,,,,0,1070.64404296875
49035,10,184,5,14,,,,,0,1070.64404296875
49035,10,184,5,15,,,,,0,1070.64404296875
49035,10,184,5,16,,,,,0,1070.64404296875
49035,10,184,5,17,,,,,0,1070.64404296875
49035,10,184,5,18,2,31.553955276382673,1.5298446809901916,0.37888543819998316,0,1070.64404296875
49035,10,184,5,19,2,38.70455125076594,1.7764053219117266,0.3414213562373095,0,1070.64404296875
49035,10,184,5,20,2,29.285960689668684,1.6765618808260183,0.482842712474619,0,1070.64404296875
49035,10,184,5,21,2,20.42774337782986,1.4865610217803593,0.3414213562373095,0,1070.64404296875
49035,10,184,5,22,2,32.632350366666124,1.8784026011814547,0.4242640687119285,0,1070.64404296875
49035,10,184,5,23,2,22.901866658560976,1.7940243340834803,0.4242640687119285,0,1070.64404296875
49035,10,184,5,24,2,42.03879737090565,2.041742226803068,0.37888543819998316,0,1070.64404296875
49035,10,184,5,25,2,37.04150492878077,2.0375729480372673,0.482842712474619,0,1070.64404296875
49035,10,184,5,26,2,27.04992224355815,2.024613512369602,0.4242640687119285,0,1070.64404296875
49035,10,184,5,27,2,17.06820141011332,1.9964859520213332,0.482842712474619,0,1070.64404296875
49035,10,184,5,28,2,12.088676617935505,1.965015444096203,0.4538461538461539,0,1070.64404296875
49035,10,184,5,29,2,32.231988618739884,-4.095456476751089,0.4242640687119285,0,1070.64404296875
49035,10,184,5,30,2,22.32770244141187,-4.043999652347224,0.4242640687119285,0,1070.64404296875
49035,10,184,5,31,2,38.02767265103943,-3.9796843399548716,0.3414213562373095,0,1070.64404296875
49035,10,184,5,32,2,28.38536759050805,-3.898984375614653,0.482842712474619,0,1070.64404296875
49035,10,184,5,33,2,19.11424336043457,-3.7379108921141713,0.3414213562373095,0,1070.64404296875
49035,10,184,5,34,2,30.2942980308362,-3.7412295975454524,0.4308640753373011,0,1070.64404296875
49035,10,184,5,35,2,15.334996842031474,-2.771780532234898,0.613407053921902,0,1070.64404296875
49035,10,184,5,36,2,19.97524230394445,-2.998790740921853,0.682842712474619,0,1070.64404296875
49035,10,184,5,37,2,18.810180969308036,-2.7472834059094233,0.8513997106635237,0,1070.64404296875
49035,10,184,5,38,2,18.937674384542163,-2.481672228442432,0.682842712474619,0,1070.64404296875
49035,10,184,5,39,2,21.677737579510822,-2.849745257334077,0.848528137423857,0,1070.64404296875
49035,10,184,5,40,2,21.20700142790022,-2.6170592466506806,0.848528137423857,0,1070.64404296875
49035,10,184,5,41,2,25.93080953106507,-3.057440582233877,0.613407053921902,0,1070.64404296875
49035,10,184,5,42,2,24.71893414033367,-2.9276573260430827,0.8513997106635237,0,1070.64404296875
49035,10,184,5,43,2,23.78735605381522,-2.7247229421649974,0.848528137423857,0,1070.64404296875
49035,10,184,5,44,2,23.888300714529816,-2.5146283895050465,0.8513997106635237,0,1070.64404296875
49035,10,184,5,45,2,24.571726295186995,-2.372827127503464,0.613407053921902,0,1070.64404296875
49035,10,184,5,46,2,26.588337791200807,-2.8105355615030905,0.848528137423857,0,1070.64404296875
49035,10,184,5,47,2,26.205959427119307,-2.6213890888474873,0.848528137423857,0,1070.64404296875
49035,10,184,5,48,2,29.547268993377624,-2.879590072975858,0.682842712474619,0,1070.64404296875
49035,10,184,5,49,2,28.77244702773542,-2.7099746035548637,0.8513997106635237,0,1070.64404296875
49035,10,184,5,50,2,28.855957980297017,-2.536254728207209,0.682842712474619,0,1070.64404296875
49035,10,184,5,51,2,32.264756126721984,-2.7023635044796794,0.613407053921902,0,1070.64404296875
49035,10,184,5,52,2,37.08028168875152,-3.6819188151527698,0.4308640753373011,0,1070.64404296875
49035,10,184,5,53,2,48.24248629637957,-3.6969691510350606,0.3414213562373095,0,1070.64404296875
49035,10,184,5,54,2,39.83670029068701,-3.573325834036881,0.482842712474619,0,1070.64404296875
49035,10,184,5,55,2,32.35101074222682,-3.388362998020492,0.3414213562373095,0,1070.64404296875
49035,10,184,5,56,2,46.84192018892968,-3.551038144893254,0.4242640687119285,0,1070.64404296875
49035,10,184,5,57,2,39.41815182095312,-3.394961139487172,0.4242640687119285,0,1070.64404296875
49035,10,184,5,58,2,53.864350770450145,-3.5345553566314187,0.382842712474619,0,1070.64404296875
49035,10,184,5,59,2,46.48648717547654,-3.399552920017753,0.4242640687119285,0,1070.64404296875
49035,10,184,5,60,2,40.256908673038936,-3.2184779259111025,0.482842712474619,0,1070.64404296875
49035,10,184,5,61,2,37.754884437728364,-3.107381541784469,0.37888543819998316,0,1070.64404296875
49035,10,184,5,62,2,53.555543941330484,-3.402932574060665,0.4242640687119285,0,1070.64404296875
49035,10,184,5,63,2,47.19980394922666,-3.249225069191169,0.4242640687119285,0,1070.64404296875
49035,10,184,5,64,2,60.625069763158336,-3.4055240452408717,0.3414213562373095,0,1070.64404296875
49035,10,184,5,65,2,54.17586445809118,-3.2720709913257604,0.382842712474619,0,1070.64404296875
49035,10,184,5,66,2,48.93515603096735,-3.106472388958165,0.3414213562373095,0,1070.64404296875
49035,10,185,3,1,2,6.966867779299413,0.5807292291442417,0.5509646951307726,0,1070.9599609375
49035,10,185,3,2,2,5.652625335467671,1.5703737189296576,0.5638463841038082,0,1070.9599609375
49035,10,185,3,3,2,3.48645558838309,0.5056837510817042,0.6271356419515952,1,1070.9599609375
49035,10,185,3,4,,,,,0,1070.9599609375
49035,10,185,3,5,,,,,0,1070.9599609375
49035,10,185,3,6,,,,,0,1070.9599609375
49035,10,185,3,7,2,8.129319022992785,-3.8647382786091757,0.6034068236642477,0,1070.9599609375
49035,10,185,3,8,2,4.741104022082838,-3.7232760593582377,0.6271356419515952,0,1070.9599609375
49035,10,185,3,9,,,,,0,1070.9599609375
49035,10,185,3,10,,,,,0,1070.9599609375
49035,10,185,3,11,,,,,0,1070.9599609375
49035,10,185,3,12,,,,,0,1070.9599609375
49035,10,185,3,13,,,,,0,1070.9599609375
49035,10,185,3,14,,,,,0,1070.9599609375
49035,10,185,3,15,,,,,0,1070.9599609375
49035,10,185,3,16,,,,,0,1070.9599609375
49035,10,185,3,17,,,,,0,1070.9599609375
49035,10,185,3,18,2,32.401919509808515,1.7983164470422994,0.37888543819998316,0,1070.9599609375
49035,10,185,3,19,2,40.373306568969,2.0154899872301835,0.3414213562373095,0,1070.9599609375
49035,10,185,3,20,2,30.66610966661974,1.9472076885528935,0.482842712474619,0,1070.9599609375
49035,10,185,3,21,2,21.232444062291602,1.8171036300291834,0.3414213562373095,0,1070.9599609375
49035,10,185,3,22,2,34.65159414606478,2.126627431547144,0.4242640687119285,0,1070.9599609375
49035,10,185,3,23,2,24.72123329522183,2.0863726979996544,0.4242640687119285,0,1070.9599609375
49035,10,185,3,24,2,44.50676883638529,-4.022013807097969,0.37888543819998316,0,1070.9599609375
49035,10,185,3,25,2,39.510197059012924,-4.017599192706804,0.482842712474619,0,1070.9599609375
49035,10,185,3,26,2,29.520536418148414,-4.004287416514117,0.4242640687119285,0,1070.9599609375
49035,10,185,3,27,2,19.541455145111893,-3.9773703380239755,0.482842712474619,0,1070.9599609375
49035,10,185,3,28,2,14.562680679566407,-3.9500879565876774,0.4538461538461539,0,1070.9599609375
49035,10,185,3,29,2,35.0967913803195,-3.869102689356472,0.4242640687119285,0,1070.9599609375
49035,10,185,3,30,2,25.341490957851363,-3.7953620254872025,0.4242640687119285,0,1070.9599609375
49035,10,185,3,31,2,41.135233802327065,-3.7722316937847458,0.3414213562373095,0,1070.9599609375
49035,10,185,3,32,2,31.66249924982715,-3.6834156755059557,0.482842712474619,0,1070.9599609375
49035,10,185,3,33,2,22.647742879114865,-3.521605423685697,0.3414213562373095,0,1070.9599609375
49035,10,185,3,34,2,33.80887092037153,-3.5452822098109147,0.4308640753373011,0,1070.9599609375
49035,10,185,3,35,2,18.600094572147718,-2.729341980406502,0.613407053921902,0,1070.9599609375
49035,10,185,3,36,2,23.545242505053324,-2.900481298926377,0.682842712474619,0,1070.9599609375
49035,10,185,3,37,2,22.01321521287534,-2.6910398787893803,0.8513997106635237,0,1070.9599609375
49035,10,185,3,38,2,21.55886925130729,-2.4619717156871563,0.682842712474619,0,1070.9599609375
49035,10,185,3,39,2,25.04481965192777,-2.7685361751245994,0.848528137423857,0,1070.9599609375
49035,10,185,3,40,2,24.13392199341384,-2.568230115591514,0.848528137423857,0,1070.9599609375
49035,10,185,3,41,2,29.55523810115884,-2.9407799722986248,0.613407053921902,0,1070.9599609375
49035,10,185,3,42,2,28.19404793190947,-2.8290196907118927,0.8513997106635237,0,1070.9599609375
49035,10,185,3,43,2,26.927820895375202,-2.6532447600822184,0.848528137423857,0,1070.9599609375
49035,10,185,3,44,2,26.557686976843485,-2.466515584044859,0.8513997106635237,0,1070.9599609375
49035,10,185,3,45,2,26.855222529903187,-2.3358405490667433,0.613407053921902,0,1070.9599609375
49035,10,185,3,46,2,29.879238369855187,-2.7218835982300122,0.848528137423857,0,1070.9599609375
49035,10,185,3,47,2,29.11996024978783,-2.5541449910626643,0.848528137423857,0,1070.9599609375
49035,10,185,3,48,2,32.945868222765775,-2.777969902512534,0.682842712474619,0,1070.9599609375
49035,10,185,3,49,2,31.869004257090374,-2.6271413876719514,0.8513997106635237,0,1070.9599609375
49035,10,185,3,50,2,31.55687930903563,-2.4696198353586776,0.682842712474619,0,1070.9599609375
49035,10,185,3,51,2,35.33767901622816,-2.6132187167855445,0.613407053921902,0,1070.9599609375
49035,10,185,3,52,2,40.66155982852584,-3.4982477418740476,0.4308640753373011,0,1070.9599609375
49035,10,185,3,53,2,51.80233530527974,-3.518724028372251,0.3414213562373095,0,1070.9599609375
49035,10,185,3,54,2,43.51882744116419,-3.400667599491799,0.482842712474619,0,1070.9599609375
49035,10,185,3,55,2,36.115020983339036,-3.230909804359314,0.3414213562373095,0,1070.9599609375
49035,10,185,3,56,2,50.53920296791657,-3.382645650169709,0.4242640687119285,0,1070.9599609375
49035,10,185,3,57,2,43.18121623351363,-3.2375559640359906,0.4242640687119285,0,1070.9599609375
49035,10,185,3,58,2,57.57198738458409,-3.3690231240015334,0.382842712474619,0,1070.9599609375
49035,10,185,3,59,2,50.248782375137246,-3.2423327035025973,0.4242640687119285,0,1070.9599609375
49035,10,185,3,60,2,43.99257356596789,-3.0762163287838513,0.482842712474619,0,1070.9599609375
49035,10,185,3,61,2,41.419195167744306,-2.975745953748909,0.37888543819998316,0,1070.9599609375
49035,10,185,3,62,2,57.31721229231535,-3.24593136213147,0.4242640687119285,0,1070.9599609375
49035,10,185,3,63,2,50.94771068198785,-3.103152162288349,0.4242640687119285,0,1070.9599609375
49035,10,185,3,64,2,64.38622150538723,-3.248739852169805,0.3414213562373095,0,1070.9599609375
49035,10,185,3,65,2,57.93092368082854,-3.123606108040423,0.382842712474619,0,1070.9599609375
49035,10,185,3,66,2,52.596561839032546,-2.9702220269059905,0.3414213562373095,0,1070.9599609375
49035,10,186,8,1,2,6.966867779299413,0.5807292291442417,0.34843944249725717,0,1070.97705078125
49035,10,186,8,2,2,5.652625335467671,1.5703737189296576,0.5276927682076162,0,1070.97705078125
49035,10,186,8,3,,,,,0,1070.97705078125
49035,10,186,8,4,,,,,0,1070.97705078125
49035,10,186,8,5,,,,,0,1070.97705078125
49035,10,186,8,6,,,,,0,1070.97705078125
49035,10,186,8,7,2,8.129319022992785,-3.8647382786091757,0.6034068236642477,0,1070.97705078125
49035,10,186,8,8,2,4.741104022082838,-3.7232760593582377,0.5871183110269644,1,1070.97705078125
49035,10,186,8,9,,,,,0,1070.97705078125
49035,10,186,8,10,,,,,0,1070.97705078125
49035,10,186,8,11,,,,,0,1070.97705078125
49035,10,186,8,12,,,,,0,1070.97705078125
49035,10,186,8,13,,,,,0,1070.97705078125
49035,10,186,8,14,,,,,0,1070.97705078125
49035,10,186,8,15,,,,,0,1070.97705078125
49035,10,186,8,16,,,,,0,1070.97705078125
49035,10,186,8,17,,,,,0,1070.97705078125
49035,10,186,8,18,2,32.401919509808515,1.7983164470422994,0.37888543819998316,0,1070.97705078125
49035,10,186,8,19,2,40.373306568969,2.0154899872301835,0.3414213562373095,0,1070.97705078125
49035,10,186,8,20,2,30.66610966661974,1.9472076885528935,0.482842712474619,0,1070.97705078125
49035,10,186,8,21,2,21.232444062291602,1.8171036300291834,0.3414213562373095,0,1070.97705078125
49035,10,186,8,22,2,34.65159414606478,2.126627431547144,0.4242640687119285,0,1070.97705078125
49035,10,186,8,23,2,24.72123329522183,2.0863726979996544,0.4242640687119285,0,1070.97705078125
49035,10,186,8,24,2,44.50676883638529,-4.022013807097969,0.37888543819998316,0,1070.97705078125
49035,10,186,8,25,2,39.510197059012924,-4.017599192706804,0.482842712474619,0,1070.97705078125
49035,10,186,8,26,2,29.520536418148414,-4.004287416514117,0.4242640687119285,0,1070.97705078125
49035,10,186,8,27,2,19.541455145111893,-3.9773703380239755,0.482842712474619,0,1070.97705078125
49035,10,186,8,28,2,14.562680679566407,-3.9500879565876774,0.4538461538461539,0,1070.97705078125
49035,10,186,8,29,2,35.0967913803195,-3.869102689356472,0.4242640687119285,0,1070.97705078125
49035,10,186,8,30,2,25.341490957851363,-3.7953620254872025,0.4242640687119285,0,1070.97705078125
49035,10,186,8,31,2,41.135233802327065,-3.7722316937847458,0.3414213562373095,0,1070.97705078125
49035,10,186,8,32,2,31.66249924982715,-3.6834156755059557,0.482842712474619,0,1070.97705078125
49035,10,186,8,33,2,22.647742879114865,-3.521605423685697,0.3414213562373095,0,1070.97705078125
49035,10,186,8,34,2,33.80887092037153,-3.5452822098109147,0.4308640753373011,0,1070.97705078125
49035,10,186,8,35,2,18.600094572147718,-2.729341980406502,0.613407053921902,0,1070.97705078125
49035,10,186,8,36,2,23.545242505053324,-2.900481298926377,0.682842712474619,0,1070.97705078125
49035,10,186,8,37,2,22.01321521287534,-2.6910398787893803,0.8513997106635237,0,1070.97705078125
49035,10,186,8,38,2,21.55886925130729,-2.4619717156871563,0.682842712474619,0,1070.97705078125
49035,10,186,8,39,2,25.04481965192777,-2.7685361751245994,0.848528137423857,0,1070.97705078125
49035,10,186,8,40,2,24.13392199341384,-2.568230115591514,0.848528137423857,0,1070.97705078125
49035,10,186,8,41,2,29.55523810115884,-2.9407799722986248,0.613407053921902,0,1070.97705078125
49035,10,186,8,42,2,28.19404793190947,-2.8290196907118927,0.8513997106635237,0,1070.97705078125
49035,10,186,8,43,2,26.927820895375202,-2.6532447600822184,0.848528137423857,0,1070.97705078125
49035,10,186,8,44,2,26.557686976843485,-2.466515584044859,0.8513997106635237,0,1070.97705078125
49035,10,186,8,45,2,26.855222529903187,-2.3358405490667433,0.613407053921902,0,1070.97705078125
49035,10,186,8,46,2,29.879238369855187,-2.7218835982300122,0.848528137423857,0,1070.97705078125
49035,10,186,8,47,2,29.11996024978783,-2.5541449910626643,0.848528137423857,0,1070.97705078125
49035,10,186,8,48,2,32.945868222765775,-2.777969902512534,0.682842712474619,0,1070.97705078125
49035,10,186,8,49,2,31.869004257090374,-2.6271413876719514,0.8513997106635237,0,1070.97705078125
49035,10,186,8,50,2,31.55687930903563,-2.4696198353586776,0.682842712474619,0,1070.97705078125
49035,10,186,8,51,2,35.33767901622816,-2.6132187167855445,0.613407053921902,0,1070.97705078125
49035,10,186,8,52,2,40.66155982852584,-3.4982477418740476,0.4308640753373011,0,1070.97705078125
49035,10,186,8,53,2,51.80233530527974,-3.518724028372251,0.3414213562373095,0,1070.97705078125
49035,10,186,8,54,2,43.51882744116419,-3.400667599491799,0.482842712474619,0,1070.97705078125
49035,10,186,8,55,2,36.115020983339036,-3.230909804359314,0.3414213562373095,0,1070.97705078125
49035,10,186,8,56,2,50.53920296791657,-3.382645650169709,0.4242640687119285,0,1070.97705078125
49035,10,186,8,57,2,43.18121623351363,-3.2375559640359906,0.4242640687119285,0,1070.97705078125
49035,10,186,8,58,2,57.57198738458409,-3.3690231240015334,0.382842712474619,0,1070.97705078125
49035,10,186,8,59,2,50.248782375137246,-3.2423327035025973,0.4242640687119285,0,1070.97705078125
49035,10,186,8,60,2,43.99257356596789,-3.0762163287838513,0.482842712474619,0,1070.97705078125
49035,10,186,8,61,2,41.419195167744306,-2.975745953748909,0.37888543819998316,0,1070.97705078125
49035,10,186,8,62,2,57.31721229231535,-3.24593136213147,0.4242640687119285,0,1070.97705078125
49035,10,186,8,63,2,50.94771068198785,-3.103152162288349,0.4242640687119285,0,1070.97705078125
49035,10,186,8,64,2,64.38622150538723,-3.248739852169805,0.3414213562373095,0,1070.97705078125
49035,10,186,8,65,2,57.93092368082854,-3.123606108040423,0.382842712474619,0,1070.97705078125
49035,10,186,8,66,2,52.596561839032546,-2.9702220269059905,0.3414213562373095,0,1070.97705078125
49035,10,187,12,1,2,6.787058766155207,3.8012781920730836,0.3356838586201657,0,1071.31005859375
49035,10,187,12,2,2,2.7596214619202613,4.918035076021541,0.4541838746143514,0,1071.31005859375
49035,10,187,12,3,,,,,0,1071.31005859375
49035,10,187,12,4,,,,,0,1071.31005859375
49035,10,187,12,5,,,,,0,1071.31005859375
49035,10,187,12,6,,,,,0,1071.31005859375
49035,10,187,12,7,2,5.675969658294733,0.12312716956637848,0.47153869179611585,0,1071.31005859375
49035,10,187,12,8,,,,,0,1071.31005859375
49035,10,187,12,9,,,,,0,1071.31005859375
49035,10,187,12,10,,,,,0,1071.31005859375
49035,10,187,12,11,,,,,0,1071.31005859375
49035,10,187,12,12,2,5.27970607754367,1.3916530945289507,0.3689857016884763,1,1071.31005859375
49035,10,187,12,13,,,,,0,1071.31005859375
49035,10,187,12,14,,,,,0,1071.31005859375
49035,10,187,12,15,,,,,0,1071.31005859375
49035,10,187,12,16,,,,,0,1071.31005859375
49035,10,187,12,17,,,,,0,1071.31005859375
49035,10,187,12,18,2,29.22298807273311,5.478667295752695,0.37888543819998316,0,1071.31005859375
49035,10,187,12,19,2,37.22698380871812,5.715894648698114,0.3414213562373095,0,1071.31005859375
49035,10,187,12,20,2,27.492299330897872,5.644353718096679,0.482842712474619,0,1071.31005859375
49035,10,187,12,21,2,18.05006153742459,5.496392116217638,0.3414213562373095,0,1071.31005859375
49035,10,187,12,22,2,31.5860873423365,5.840318519068132,0.4242640687119285,0,1071.31005859375
49035,10,187,12,23,2,21.625427454800448,5.806411017955106,0.4242640687119285,0,1071.31005859375
49035,10,187,12,24,2,41.58781318118529,-0.3048971516764354,0.37888543819998316,0,1071.31005859375
49035,10,187,12,25,2,36.599662630900475,-0.296079124055336,0.482842712474619,0,1071.31005859375
49035,10,187,12,26,2,26.63669468422949,-0.2685408659017283,0.4242640687119285,0,1071.31005859375
49035,10,187,12,27,2,16.718005344717007,-0.20822416725670845,0.482842712474619,0,1071.31005859375
49035,10,187,12,28,2,11.810199075737458,-0.14019387112983805,0.44328887294614544,0,1071.31005859375
49035,10,187,12,29,2,32.42480369715262,-0.13022233888598134,0.4242640687119285,0,1071.31005859375
49035,10,187,12,30,2,22.83300448482435,-0.026242405409591107,0.4242640687119285,0,1071.31005859375
49035,10,187,12,31,2,38.64223448374724,-0.03503728767923997,0.3414213562373095,0,1071.31005859375
49035,10,187,12,32,2,29.380273737697397,0.07692139765926997,0.482842712474619,0,1071.31005859375
49035,10,187,12,33,2,20.812945104121095,0.2858720169544613,0.3414213562373095,0,1071.31005859375
49035,10,187,12,34,2,31.859754793510533,0.21895683279814016,0.4308640753373011,0,1071.31005859375
49035,10,187,12,35,2,19.242986259819716,1.1232212837451163,0.613407053921902,0,1071.31005859375
49035,10,187,12,36,2,23.59753936565118,0.9221993612417265,0.682842712474619,0,1071.31005859375
49035,10,187,12,37,2,22.733960579186824,1.135231135824635,0.8513997106635237,0,1071.31005859375
49035,10,187,12,38,2,22.952604713160206,1.3543450565015551,0.682842712474619,0,1071.31005859375
49035,10,187,12,39,2,25.500199198536308,1.043752432472477,0.848528137423857,0,1071.31005859375
49035,10,187,12,40,2,25.204151615707982,1.240950877915268,0.848528137423857,0,1071.31005859375
49035,10,187,12,41,2,29.435437572121273,0.8546422140505834,0.613407053921902,0,1071.31005859375
49035,10,187,12,42,2,28.437428764113733,0.9706577671688719,0.8513997106635237,0,1071.31005859375
49035,10,187,12,43,2,27.72501495430808,1.1471391713827896,0.848528137423857,0,1071.31005859375
49035,10,187,12,44,2,27.904579439926522,1.327027029537335,0.8513997106635237,0,1071.31005859375
49035,10,187,12,45,2,28.555348419708775,1.4489303631835955,0.613407053921902,0,1071.31005859375
49035,10,187,12,46,2,30.448376800178,1.0695209050046253,0.848528137423857,0,1071.31005859375
49035,10,187,12,47,2,30.200873319627384,1.234389306276015,0.848528137423857,0,1071.31005859375
49035,10,187,12,48,2,33.32462820969844,1.00496500423577,0.682842712474619,0,1071.31005859375
49035,10,187,12,49,2,32.71880109076726,1.1554131145812463,0.8513997106635237,0,1071.31005859375
49035,10,187,12,50,2,32.87109740060036,1.3079531331548082,0.682842712474619,0,1071.31005859375
49035,10,187,12,51,2,36.215471669406746,1.1598470022498242,0.613407053921902,0,1071.31005859375
49035,10,187,12,52,2,38.81878883479803,0.2546089794589168,0.4308640753373011,0,1071.31005859375
49035,10,187,12,53,2,49.8875100420546,0.2187968134257341,0.3414213562373095,0,1071.31005859375
49035,10,187,12,54,2,41.93735634492506,0.3515109119601285,0.482842712474619,0,1071.31005859375
49035,10,187,12,55,2,35.053103374827636,0.5409667390591166,0.3414213562373095,0,1071.31005859375
49035,10,187,12,56,2,48.995879911470595,0.36079861510166467,0.4242640687119285,0,1071.31005859375
49035,10,187,12,57,2,42.0781944396902,0.5200045960397985,0.4242640687119285,0,1071.31005859375
49035,10,187,12,58,2,56.057565407331694,0.3677468164307478,0.382842712474619,0,1071.31005859375
49035,10,187,12,59,2,49.11648234963898,0.5050450198484842,0.4242640687119285,0,1071.31005859375
49035,10,187,12,60,2,43.38671498751115,0.6828184853751615,0.482842712474619,0,1071.31005859375
49035,10,187,12,61,2,41.1387425295194,0.7885813479127708,0.37888543819998316,0,1071.31005859375
49035,10,187,12,62,2,56.16300588020926,0.4938372569077205,0.4242640687119285,0,1071.31005859375
49035,10,187,12,63,2,50.24202850707311,0.6456896059201238,0.4242640687119285,0,1071.31005859375
49035,10,187,12,64,2,63.215011038506056,0.4851291777014919,0.3414213562373095,0,1071.31005859375
49035,10,187,12,65,2,57.14994155380712,0.6175050930625541,0.382842712474619,0,1071.31005859375
49035,10,187,12,66,2,52.30768603760538,0.7777018430060942,0.3414213562373095,0,1071.31005859375
49035,10,188,7,1,2,8.999455816508208,2.567581401124497,0.3050368962411526,0,1071.5269775390625
49035,10,188,7,2,2,4.9555927654807235,3.2662264497884643,0.4171354873076078,0,1071.5269775390625
49035,10,188,7,3,,,,,0,1071.5269775390625
49035,10,188,7,4,,,,,0,1071.5269775390625
49035,10,188,7,5,,,,,0,1071.5269775390625
49035,10,188,7,6,,,,,0,1071.5269775390625
49035,10,188,7,7,2,4.914060965973503,-1.6836011055492062,0.4046490596890924,1,1071.5269775390625
49035,10,188,7,8,,,,,0,1071.5269775390625
49035,10,188,7,9,,,,,0,1071.5269775390625
49035,10,188,7,10,,,,,0,1071.5269775390625
49035,10,188,7,11,,,,,0,1071.5269775390625
49035,10,188,7,12,,,,,0,1071.5269775390625
49035,10,188,7,13,,,,,0,1071.5269775390625
49035,10,188,7,14,,,,,0,1071.5269775390625
49035,10,188,7,15,,,,,0,1071.5269775390625
49035,10,188,7,16,,,,,0,1071.5269775390625
49035,10,188,7,17,,,,,0,1071.5269775390625
49035,10,188,7,18,2,30.24855366222174,4.039555766580288,0.37888543819998316,0,1071.5269775390625
49035,10,188,7,19,2,37.69106135697843,4.287282297758328,0.3414213562373095,0,1071.5269775390625
49035,10,188,7,20,2,28.15067855449146,4.195247017106901,0.482842712474619,0,1071.5269775390625
49035,10,188,7,21,2,19.086783383826056,4.0127481748580855,0.3414213562373095,0,1071.5269775390625
49035,10,188,7,22,2,31.76513984022274,4.398835619190015,0.4242640687119285,0,1071.5269775390625
49035,10,188,7,23,2,21.928718748064124,4.330570692571645,0.4242640687119285,0,1071.5269775390625
49035,10,188,7,24,2,41.40851623311454,-1.7282032915067354,0.37888543819998316,0,1071.5269775390625
49035,10,188,7,25,2,36.40861869200075,-1.7273789148855712,0.482842712474619,0,1071.5269775390625
49035,10,188,7,26,2,26.408939999975377,-1.724793711022266,0.4242640687119285,0,1071.5269775390625
49035,10,188,7,27,2,16.40965291482707,-1.7190578119470246,0.482842712474619,0,1071.5269775390625
49035,10,188,7,28,2,11.410477957407789,-1.7124200840265371,0.44328887294614544,0,1071.5269775390625
49035,10,188,7,29,2,31.843296279011383,-1.5686256553126916,0.4242640687119285,0,1071.5269775390625
49035,10,188,7,30,2,22.041781116227725,-1.4937773608516096,0.4242640687119285,0,1071.5269775390625
49035,10,188,7,31,2,37.82273025448455,-1.4598126184697566,0.3414213562373095,0,1071.5269775390625
49035,10,188,7,32,2,28.326728027894323,-1.364009742800861,0.482842712474619,0,1071.5269775390625
49035,10,188,7,33,2,19.345493470808304,-1.1758824333284164,0.3414213562373095,0,1071.5269775390625
49035,10,188,7,34,2,30.494085085279913,-1.2105495771047994,0.4308640753373011,0,1071.5269775390625
49035,10,188,7,35,2,16.807630073031483,-0.24726592764854916,0.613407053921902,0,1071.5269775390625
49035,10,188,7,36,2,21.238270252915463,-0.4698942098464598,0.682842712474619,0,1071.5269775390625
49035,10,188,7,37,2,20.297448651672216,-0.23282260988318582,0.8513997106635237,0,1071.5269775390625
49035,10,188,7,38,2,20.564744593567575,0.012169904145513666,0.682842712474619,0,1071.5269775390625
49035,10,188,7,39,2,23.081770399225675,-0.3335304175785343,0.848528137423857,0,1071.5269775390625
49035,10,188,7,40,2,22.77477602950174,-0.11543360615688059,0.848528137423857,0,1071.5269775390625
49035,10,188,7,41,2,27.122946352782055,-0.5373553473937083,0.613407053921902,0,1071.5269775390625
49035,10,188,7,42,2,26.048988996847285,-0.4119500102699445,0.8513997106635237,0,1071.5269775390625
49035,10,188,7,43,2,25.287786106918638,-0.21910864253317475,0.848528137423857,0,1071.5269775390625
49035,10,188,7,44,2,25.50283169808137,-0.02208378298522007,0.8513997106635237,0,1071.5269775390625
49035,10,188,7,45,2,26.225751343338885,0.11042975894590512,0.613407053921902,0,1071.5269775390625
49035,10,188,7,46,2,28.022380862171,-0.30331761994385587,0.848528137423857,0,1071.5269775390625
49035,10,188,7,47,2,27.770058113298287,-0.12406853049774913,0.848528137423857,0,1071.5269775390625
49035,10,188,7,48,2,30.919824258554055,-0.37216095383595493,0.682842712474619,0,1071.5269775390625
49035,10,188,7,49,2,30.28131157349801,-0.2099163807566351,0.8513997106635237,0,1071.5269775390625
49035,10,188,7,50,2,30.461124881439638,-0.04520647952157475,0.682842712474619,0,1071.5269775390625
49035,10,188,7,51,2,33.777919173724456,-0.2050991893332914,0.613407053921902,0,1071.5269775390625
49035,10,188,7,52,2,37.369140091509884,-1.1615662784706489,0.4308640753373011,0,1071.5269775390625
49035,10,188,7,53,2,48.498389032400816,-1.1866452042679612,0.3414213562373095,0,1071.5269775390625
49035,10,188,7,54,2,40.29811826377118,-1.0570943686948313,0.482842712474619,0,1071.5269775390625
49035,10,188,7,55,2,33.1026121697923,-0.8666721718755825,0.3414213562373095,0,1071.5269775390625
49035,10,188,7,56,2,47.333938581016994,-1.0409487106620245,0.4242640687119285,0,1071.5269775390625
49035,10,188,7,57,2,40.15403265494366,-0.8811204271402482,0.4242640687119285,0,1071.5269775390625
49035,10,188,7,58,2,54.37890351581291,-1.0289840175555374,0.382842712474619,0,1071.5269775390625
49035,10,188,7,59,2,47.2113306786081,-0.891250760767945,0.4242640687119285,0,1071.5269775390625
49035,10,188,7,60,2,41.24020297364788,-0.7092069671813466,0.482842712474619,0,1071.5269775390625
49035,10,188,7,61,2,38.88028600382297,-0.5990683399966956,0.37888543819998316,0,1071.5269775390625
49035,10,188,7,62,2,54.2722134285629,-0.8987457673759853,0.4242640687119285,0,1071.5269775390625
49035,10,188,7,63,2,48.13852664237114,-0.7440732472395788,0.4242640687119285,0,1071.5269775390625
49035,10,188,7,64,2,61.33544290559973,-0.9045148279473447,0.3414213562373095,0,1071.5269775390625
49035,10,188,7,65,2,55.0806785841358,-0.7701761286397075,0.382842712474619,0,1071.5269775390625
49035,10,188,7,66,2,50.057224754791086,-0.6053189744331648,0.3414213562373095,0,1071.5269775390625
49035,10,189,2,1,2,10.937425426280923,4.001986084740473,0.2717078286548051,0,1071.7769775390625
49035,10,189,2,2,2,6.188599033328332,4.472307948599445,0.31653465640716727,1,1071.7769775390625
49035,10,189,2,3,,,,,0,1071.7769775390625
49035,10,189,2,4,,,,,0,1071.7769775390625
49035,10,189,2,5,,,,,0,1071.7769775390625
49035,10,189,2,6,,,,,0,1071.7769775390625
49035,10,189,2,7,,,,,0,1071.7769775390625
49035,10,189,2,8,,,,,0,1071.7769775390625
49035,10,189,2,9,,,,,0,1071.7769775390625
49035,10,189,2,10,,,,,0,1071.7769775390625
49035,10,189,2,11,,,,,0,1071.7769775390625
49035,10,189,2,12,,,,,0,1071.7769775390625
49035,10,189,2,13,,,,,0,1071.7769775390625
49035,10,189,2,14,,,,,0,1071.7769775390625
49035,10,189,2,15,,,,,0,1071.7769775390625
49035,10,189,2,16,,,,,0,1071.7769775390625
49035,10,189,2,17,,,,,0,1071.7769775390625
49035,10,189,2,18,2,29.71957846310013,5.47938478494209,0.37888543819998316,0,1071.7769775390625
49035,10,189,2,19,2,36.672180622632325,5.745383526294328,0.3414213562373095,0,1071.7769775390625
49035,10,189,2,20,2,27.3198103989968,5.633478418872674,0.482842712474619,0,1071.7769775390625
49035,10,189,2,21,2,18.651950269483823,5.412113749804908,0.3414213562373095,0,1071.7769775390625
49035,10,189,2,22,2,30.556981724980957,5.85148960151914,0.4242640687119285,0,1071.7769775390625
49035,10,189,2,23,2,20.862702144233,5.754267988894062,0.4242640687119285,0,1071.7769775390625
49035,10,189,2,24,2,39.94151499048859,6.025660014963391,0.37888543819998316,0,1071.7769775390625
49035,10,189,2,25,2,34.94404418559058,6.021403661204424,0.482842712474619,0,1071.7769775390625
49035,10,189,2,26,2,24.952142847111762,6.007776778196896,0.4242640687119285,0,1071.7769775390625
49035,10,189,2,27,2,14.971060125483259,5.975965805661354,0.482842712474619,0,1071.7769775390625
49035,10,189,2,28,2,9.994710880756724,5.936253466170747,0.37888543819998316,0,1071.7769775390625
49035,10,189,2,29,2,30.16565140298411,-0.10107084068878791,0.4242640687119285,0,1071.7769775390625
49035,10,189,2,30,2,20.285209715073723,-0.038736537217867184,0.4242640687119285,0,1071.7769775390625
49035,10,189,2,31,2,36.01837887065496,0.01938378972124566,0.3414213562373095,0,1071.7769775390625
49035,10,189,2,32,2,26.43571117046424,0.11206139067308385,0.482842712474619,0,1071.7769775390625
49035,10,189,2,33,2,17.33118673681557,0.3055980965347276,0.3414213562373095,0,1071.7769775390625
49035,10,189,2,34,2,28.495008708561162,0.2782595995346582,0.4308640753373011,0,1071.7769775390625
49035,10,189,2,35,2,15.3120590290861,1.3479960824448713,0.613407053921902,0,1071.7769775390625
49035,10,189,2,36,2,19.44558136827164,1.0870239500965688,0.682842712474619,0,1071.7769775390625
49035,10,189,2,37,2,18.812023789564883,1.3470706848105007,0.8513997106635237,0,1071.7769775390625
49035,10,189,2,38,2,19.484707936436646,1.6065831683237066,0.682842712474619,0,1071.7769775390625
49035,10,189,2,39,2,21.449260710127014,1.229776870588415,0.848528137423857,0,1071.7769775390625
49035,10,189,2,40,2,21.467006994923175,1.4633176701619766,0.848528137423857,0,1071.7769775390625
49035,10,189,2,41,2,25.257992951667482,1.0029959312327996,0.613407053921902,0,1071.7769775390625
49035,10,189,2,42,2,24.315619074225555,1.1391151141025555,0.8513997106635237,0,1071.7769775390625
49035,10,189,2,43,2,23.81199141760142,1.3462205883408802,0.848528137423857,0,1071.7769775390625
49035,10,189,2,44,2,24.346920535891304,1.5530559330298848,0.8513997106635237,0,1071.7769775390625
49035,10,189,2,45,2,25.309201144986048,1.6887222724736992,0.613407053921902,0,1071.7769775390625
49035,10,189,2,46,2,26.423275368957704,1.2511618087486978,0.848528137423857,0,1071.7769775390625
49035,10,189,2,47,2,26.437683059089142,1.4406197893283033,0.848528137423857,0,1071.7769775390625
49035,10,189,2,48,2,29.22957452950026,1.173761102917968,0.682842712474619,0,1071.7769775390625
49035,10,189,2,49,2,28.811970281198963,1.3456655400832,0.8513997106635237,0,1071.7769775390625
49035,10,189,2,50,2,29.25561887558994,1.5174154186610298,0.682842712474619,0,1071.7769775390625
49035,10,189,2,51,2,32.31195937781598,1.3453792138166014,0.613407053921902,0,1071.7769775390625
49035,10,189,2,52,2,35.34575806521432,0.33345151642059356,0.4308640753373011,0,1071.7769775390625
49035,10,189,2,53,2,46.48567629710541,0.3100179513588821,0.3414213562373095,0,1071.7769775390625
49035,10,189,2,54,2,38.2418789995658,0.44436942422895465,0.482842712474619,0,1071.7769775390625
49035,10,189,2,55,2,31.04777798869986,0.6462892287980915,0.3414213562373095,0,1071.7769775390625
49035,10,189,2,56,2,45.27469935097436,0.4620208166021684,0.4242640687119285,0,1071.7769775390625
49035,10,189,2,57,2,38.09621516554213,0.6298528244417261,0.4242640687119285,0,1071.7769775390625
49035,10,189,2,58,2,52.317831503463566,0.47492284381748595,0.382842712474619,0,1071.7769775390625
49035,10,189,2,59,2,45.15172977686424,0.6185508937605402,0.4242640687119285,0,1071.7769775390625
49035,10,189,2,60,2,39.245406233865545,0.8105402977702321,0.482842712474619,0,1071.7769775390625
49035,10,189,2,61,2,36.95894363709838,0.9273607992215367,0.37888543819998316,0,1071.7769775390625
49035,10,189,2,62,2,52.21145270672571,0.6103044942750189,0.4242640687119285,0,1071.7769775390625
49035,10,189,2,63,2,46.125470212940044,0.7721706700717208,0.4242640687119285,0,1071.7769775390625
49035,10,189,2,64,2,59.27388029857959,0.604022850016539,0.3414213562373095,0,1071.7769775390625
49035,10,189,2,65,2,53.05578285416686,0.743791779462839,0.382842712474619,0,1071.7769775390625
49035,10,189,2,66,2,48.129401646879735,0.9162177642301725,0.3414213562373095,0,1071.7769775390625
49035,10,190,1,1,2,8.038997752355888,-0.1437270205639909,0.17732431571571575,1,1072.0770263671875
49035,10,190,1,2,,,,,0,1072.0770263671875
49035,10,190,1,3,,,,,0,1072.0770263671875
49035,10,190,1,4,,,,,0,1072.0770263671875
49035,10,190,1,5,,,,,0,1072.0770263671875
49035,10,190,1,6,,,,,0,1072.0770263671875
49035,10,190,1,7,,,,,0,1072.0770263671875
49035,10,190,1,8,,,,,0,1072.0770263671875
49035,10,190,1,9,,,,,0,1072.0770263671875
49035,10,190,1,10,,,,,0,1072.0770263671875
49035,10,190,1,11,,,,,0,1072.0770263671875
49035,10,190,1,12,,,,,0,1072.0770263671875
49035,10,190,1,13,,,,,0,1072.0770263671875
49035,10,190,1,14,,,,,0,1072.0770263671875
49035,10,190,1,15,,,,,0,1072.0770263671875
49035,10,190,1,16,2,12.17313874663813,-1.6861075001952828,0.19832629586056502,0,1072.0770263671875
49035,10,190,1,17,,,,,0,1072.0770263671875
49035,10,190,1,18,2,28.23357164186941,1.6053262063254774,0.37888543819998316,0,1072.0770263671875
49035,10,190,1,19,2,35.99517832911317,1.85843060343419,0.3414213562373095,0,1072.0770263671875
49035,10,190,1,20,2,26.32963863588187,1.7750996642588235,0.482842712474619,0,1072.0770263671875
49035,10,190,1,21,2,17.054233446496156,1.598505933738521,0.3414213562373095,0,1072.0770263671875
49035,10,190,1,22,2,30.258332238574248,1.9837715211595501,0.4242640687119285,0,1072.0770263671875
49035,10,190,1,23,2,20.326428058353155,1.9367905991208363,0.4242640687119285,0,1072.0770263671875
49035,10,190,1,24,2,40.175676287376014,-4.151226241030283,0.37888543819998316,0,1072.0770263671875
49035,10,190,1,25,2,35.1835681678786,-4.143757140871079,0.482842712474619,0,1072.0770263671875
49035,10,190,1,26,2,25.208738103586718,-4.1199478004837395,0.4242640687119285,0,1072.0770263671875
49035,10,190,1,27,2,15.266875401557767,-4.065055153186941,0.482842712474619,0,1072.0770263671875
49035,10,190,1,28,2,10.33808436812266,-3.9981127183127834,0.37888543819998316,0,1072.0770263671875
49035,10,190,1,29,2,30.94830004926027,-3.9719486360858567,0.4242640687119285,0,1072.0770263671875
49035,10,190,1,30,2,21.339969158611922,-3.864060091935556,0.4242640687119285,0,1072.0770263671875
49035,10,190,1,31,2,37.149886609555914,-3.871719575678554,0.3414213562373095,0,1072.0770263671875
49035,10,190,1,32,2,27.887471790291897,-3.754546829190555,0.482842712474619,0,1072.0770263671875
49035,10,190,1,33,2,19.3728699630641,-3.528445794735387,0.3414213562373095,0,1072.0770263671875
49035,10,190,1,34,2,30.394512430599658,-3.605819710483483,0.4308640753373011,0,1072.0770263671875
49035,10,190,1,35,2,18.611918122117466,-2.6394671360115756,0.613407053921902,0,1072.0770263671875
49035,10,190,1,36,2,22.696601164851923,-2.860561232294054,0.682842712474619,0,1072.0770263671875
49035,10,190,1,37,2,22.111856735970637,-2.6384453165995296,0.8513997106635237,0,1072.0770263671875
49035,10,190,1,38,2,22.643602014428325,-2.4158007677032742,0.682842712474619,0,1072.0770263671875
49035,10,190,1,39,2,24.75060823280913,-2.739072332676891,0.848528137423857,0,1072.0770263671875
49035,10,190,1,40,2,24.726324267260825,-2.5366147068003073,0.848528137423857,0,1072.0770263671875
49035,10,190,1,41,2,28.44893767371456,-2.940855122819059,0.613407053921902,0,1072.0770263671875
49035,10,190,1,42,2,27.590777580124637,-2.8196682356635967,0.8513997106635237,0,1072.0770263671875
49035,10,190,1,43,2,27.11179653493366,-2.6374432214898267,0.848528137423857,0,1072.0770263671875
49035,10,190,1,44,2,27.547196140939157,-2.4549266738057476,0.8513997106635237,0,1072.0770263671875
49035,10,190,1,45,2,28.377050021811392,-2.3332380987904573,0.613407053921902,0,1072.0770263671875
49035,10,190,1,46,2,29.7272250796059,-2.721265823076189,0.848528137423857,0,1072.0770263671875
49035,10,190,1,47,2,29.707009523162753,-2.5528148987580597,0.848528137423857,0,1072.0770263671875
49035,10,190,1,48,2,32.51716947268718,-2.791129486439363,0.682842712474619,0,1072.0770263671875
49035,10,190,1,49,2,32.111755081141105,-2.636753188151708,0.8513997106635237,0,1072.0770263671875
49035,10,190,1,50,2,32.4801988643377,-2.4821997591456686,0.682842712474619,0,1072.0770263671875
49035,10,190,1,51,2,35.61173298954822,-2.636385454582395,0.613407053921902,0,1072.0770263671875
49035,10,190,1,52,2,37.36499946551178,-3.570553603688225,0.4308640753373011,0,1072.0770263671875
49035,10,190,1,53,2,48.42170464105721,-3.609537363469849,0.3414213562373095,0,1072.0770263671875
49035,10,190,1,54,2,40.52478856326392,-3.4709305139362865,0.482842712474619,0,1072.0770263671875
49035,10,190,1,55,2,33.761746042654714,-3.271453722833364,0.3414213562373095,0,1072.0770263671875
49035,10,190,1,56,2,47.587553911301896,-3.4631299229349315,0.4242640687119285,0,1072.0770263671875
49035,10,190,1,57,2,40.76974730130823,-3.29685272951473,0.4242640687119285,0,1072.0770263671875
49035,10,190,1,58,2,54.65246642581543,-3.4573458132977732,0.382842712474619,0,1072.0770263671875
49035,10,190,1,59,2,47.79632929604896,-3.3147927810850493,0.4242640687119285,0,1072.0770263671875
49035,10,190,1,60,2,42.21476165901938,-3.1298107193011404,0.482842712474619,0,1072.0770263671875
49035,10,190,1,61,2,40.07349006267791,-3.019902015886829,0.37888543819998316,0,1072.0770263671875
49035,10,190,1,62,2,54.83434957524495,-3.3281310230540937,0.4242640687119285,0,1072.0770263671875
49035,10,190,1,63,2,49.034711185971425,-3.1708644578586322,0.4242640687119285,0,1072.0770263671875
49035,10,190,1,64,2,61.879905401543596,-3.3384334205044985,0.3414213562373095,0,1072.0770263671875
49035,10,190,1,65,2,55.917078788644254,-3.201854352121454,0.382842712474619,0,1072.0770263671875
49035,10,190,1,66,2,51.228085148743496,-3.0366383193933975,0.3414213562373095,0,1072.0770263671875
49035,10,191,4,1,,,,,0,1072.47705078125
49035,10,191,4,2,,,,,0,1072.47705078125
49035,10,191,4,3,,,,,0,1072.47705078125
49035,10,191,4,4,2,6.270027173644665,-0.9291277292130381,0.19068019997882507,1,1072.47705078125
49035,10,191,4,5,,,,,0,1072.47705078125
49035,10,191,4,6,,,,,0,1072.47705078125
49035,10,191,4,7,,,,,0,1072.47705078125
49035,10,191,4,8,,,,,0,1072.47705078125
49035,10,191,4,9,,,,,0,1072.47705078125
49035,10,191,4,10,,,,,0,1072.47705078125
49035,10,191,4,11,,,,,0,1072.47705078125
49035,10,191,4,12,,,,,0,1072.47705078125
49035,10,191,4,13,,,,,0,1072.47705078125
49035,10,191,4,14,,,,,0,1072.47705078125
49035,10,191,4,15,,,,,0,1072.47705078125
49035,10,191,4,16,2,12.540902954843135,-1.838583004585709,0.22886342469584625,0,1072.47705078125
49035,10,191,4,17,,,,,0,1072.47705078125
49035,10,191,4,18,2,30.19893381910379,2.050028027695944,0.37888543819998316,0,1072.47705078125
49035,10,191,4,19,2,39.01087666404999,2.25084470651697,0.3414213562373095,0,1072.47705078125
49035,10,191,4,20,2,29.085324596656747,2.214684962212569,0.482842712474619,0,1072.47705078125
49035,10,191,4,21,2,19.237040200822268,2.141306608011689,0.3414213562373095,0,1072.47705078125
49035,10,191,4,22,2,33.80654974376383,-3.900429485175908,0.4242640687119285,0,1072.47705078125
49035,10,191,4,23,2,23.811560519477602,-3.8892731650553585,0.4242640687119285,0,1072.47705078125
49035,10,191,4,24,2,44.189995472557904,-3.7931272447804356,0.37888543819998316,0,1072.47705078125
49035,10,191,4,25,2,39.24040652519123,-3.7761196868372546,0.482842712474619,0,1072.47705078125
49035,10,191,4,26,2,29.392466944056206,-3.7249599383576077,0.4242640687119285,0,1072.47705078125
49035,10,191,4,27,2,19.69834312455245,-3.6229137596418517,0.482842712474619,0,1072.47705078125
49035,10,191,4,28,2,15.00261731332856,-3.522958612377369,0.37888543819998316,0,1072.47705078125
49035,10,191,4,29,2,35.50836256070011,-3.615047073757535,0.4242640687119285,0,1072.47705078125
49035,10,191,4,30,2,26.17157657722009,-3.4975062411524167,0.4242640687119285,0,1072.47705078125
49035,10,191,4,31,2,41.92577382025073,-3.5380706619879354,0.3414213562373095,0,1072.47705078125
49035,10,191,4,32,2,32.891915712253486,-3.422528538355946,0.482842712474619,0,1072.47705078125
49035,10,191,4,33,2,24.616777368639333,-3.224897890984402,0.3414213562373095,0,1072.47705078125
49035,10,191,4,34,2,35.57890698580077,-3.2991893006987554,0.4308640753373011,0,1072.47705078125
49035,10,191,4,35,2,22.717213632328694,-2.5240245435260915,0.613407053921902,0,1072.47705078125
49035,10,191,4,36,2,27.350582132321616,-2.6835681780489855,0.682842712474619,0,1072.47705078125
49035,10,191,4,37,2,26.17457062445253,-2.5016868784748705,0.8513997106635237,0,1072.47705078125
49035,10,191,4,38,2,25.926086318070386,-2.309690947714666,0.682842712474619,0,1072.47705078125
49035,10,191,4,39,2,29.08730817241086,-2.57433069214069,0.848528137423857,0,1072.47705078125
49035,10,191,4,40,2,28.42754476057302,-2.4017574545498173,0.848528137423857,0,1072.47705078125
49035,10,191,4,41,2,33.25428067152916,-2.7349033668064973,0.613407053921902,0,1072.47705078125
49035,10,191,4,42,2,32.125299159060695,-2.6335008095386834,0.8513997106635237,0,1072.47705078125
49035,10,191,4,43,2,31.13018873146658,-2.478399737159531,0.848528137423857,0,1072.47705078125
49035,10,191,4,44,2,30.92155324129614,-2.3172089070331783,0.8513997106635237,0,1072.47705078125
49035,10,191,4,45,2,31.254281593609218,-2.205074516873416,0.613407053921902,0,1072.47705078125
49035,10,191,4,46,2,33.98605596121849,-2.54248808742537,0.848528137423857,0,1072.47705078125
49035,10,191,4,47,2,33.42313277053272,-2.3949446014886635,0.848528137423857,0,1072.47705078125
49035,10,191,4,48,2,36.95964487304256,-2.596457360138722,0.682842712474619,0,1072.47705078125
49035,10,191,4,49,2,36.09804916528044,-2.461515035337733,0.8513997106635237,0,1072.47705078125
49035,10,191,4,50,2,35.91828166737083,-2.3226354022248006,0.682842712474619,0,1072.47705078125
49035,10,191,4,51,2,39.58036768015928,-2.452219402027428,0.613407053921902,0,1072.47705078125
49035,10,191,4,52,2,42.57681670802733,-3.273122252971717,0.4308640753373011,0,1072.47705078125
49035,10,191,4,53,2,53.597184770061055,-3.3125748635007954,0.3414213562373095,0,1072.47705078125
49035,10,191,4,54,2,45.79045560017099,-3.1863432546022317,0.482842712474619,0,1072.47705078125
49035,10,191,4,55,2,38.998377310683026,-3.012442795452009,0.3414213562373095,0,1072.47705078125
49035,10,191,4,56,2,52.8553925607967,-3.1803592455051857,0.4242640687119285,0,1072.47705078125
49035,10,191,4,57,2,46.01956248761052,-3.032234239622147,0.4242640687119285,0,1072.47705078125
49035,10,191,4,58,2,59.92177585352937,-3.17578645341749,0.382842712474619,0,1072.47705078125
49035,10,191,4,59,2,53.053999191727115,-3.0467818902281247,0.4242640687119285,0,1072.47705078125
49035,10,191,4,60,2,47.31632317742945,-2.8831327611015714,0.482842712474619,0,1072.47705078125
49035,10,191,4,61,2,45.009868289393275,-2.786966335227819,0.37888543819998316,0,1072.47705078125
49035,10,191,4,62,2,60.097034277245946,-3.057921653720318,0.4242640687119285,0,1072.47705078125
49035,10,191,4,63,2,54.18266454979526,-2.916495558640269,0.4242640687119285,0,1072.47705078125
49035,10,191,4,64,2,67.14596210946095,-3.0667234400423307,0.3414213562373095,0,1072.47705078125
49035,10,191,4,65,2,61.095726826025505,-2.9423318611475993,0.382842712474619,0,1072.47705078125
49035,10,191,4,66,2,56.185366824427675,-2.7935083892337507,0.3414213562373095,0,1072.47705078125
49035,10,192,11,1,,,,,0,1073.06005859375
49035,10,192,11,2,,,,,0,1073.06005859375
49035,10,192,11,3,,,,,0,1073.06005859375
49035,10,192,11,4,,,,,0,1073.06005859375
49035,10,192,11,5,,,,,0,1073.06005859375
49035,10,192,11,6,,,,,0,1073.06005859375
49035,10,192,11,7,,,,,0,1073.06005859375
49035,10,192,11,8,,,,,0,1073.06005859375
49035,10,192,11,9,,,,,0,1073.06005859375
49035,10,192,11,10,,,,,0,1073.06005859375
49035,10,192,11,11,2,6.023655883432371,0.029619192904945746,0.2567694330087513,1,1073.06005859375
49035,10,192,11,12,,,,,0,1073.06005859375
49035,10,192,11,13,,,,,0,1073.06005859375
49035,10,192,11,14,,,,,0,1073.06005859375
49035,10,192,11,15,,,,,0,1073.06005859375
49035,10,192,11,16,2,9.174014343801788,-0.6889286872467638,0.29270980879965436,0,1073.06005859375
49035,10,192,11,17,,,,,0,1073.06005859375
49035,10,192,11,18,2,35.80577264792849,3.6185804659668195,0.37888543819998316,0,1073.06005859375
49035,10,192,11,19,2,44.504990058783626,3.7947408602576203,0.3414213562373095,0,1073.06005859375
49035,10,192,11,20,2,34.617437021226195,3.75663962992685,0.482842712474619,0,1073.06005859375
49035,10,192,11,21,2,24.820148099975047,3.688283649136956,0.3414213562373095,0,1073.06005859375
49035,10,192,11,22,2,39.12600329740969,3.9047878777752394,0.4242640687119285,0,1073.06005859375
49035,10,192,11,23,2,29.129314097915977,3.897166232482365,0.4242640687119285,0,1073.06005859375
49035,10,192,11,24,2,49.28980542917773,-2.272278316510586,0.37888543819998316,0,1073.06005859375
49035,10,192,11,25,2,44.309381874940044,-2.262819939300315,0.482842712474619,0,1073.06005859375
49035,10,192,11,26,2,34.36559511961634,-2.2356851357726457,0.4242640687119285,0,1073.06005859375
49035,10,192,11,27,2,24.467671195100095,-2.1865319882304974,0.482842712474619,0,1073.06005859375
49035,10,192,11,28,2,19.55769251738551,-2.143351487926031,0.37888543819998316,0,1073.06005859375
49035,10,192,11,29,2,40.168038488775494,-2.126860525249339,0.4242640687119285,0,1073.06005859375
49035,10,192,11,30,2,30.514654214358757,-2.052293144756982,0.4242640687119285,0,1073.06005859375
49035,10,192,11,31,2,46.32438347291954,-2.046201157929809,0.3414213562373095,0,1073.06005859375
49035,10,192,11,32,2,36.927243465119815,-1.9634979051467343,0.482842712474619,0,1073.06005859375
49035,10,192,11,33,2,27.951638873568164,-1.826158261707926,0.3414213562373095,0,1073.06005859375
49035,10,192,11,34,2,39.1143822773114,-1.8451217893853156,0.4308640753373011,0,1073.06005859375
49035,10,192,11,35,2,22.555730817289195,-1.2014698786147853,0.613407053921902,0,1073.06005859375
49035,10,192,11,36,2,27.95700455183523,-1.314700247887881,0.682842712474619,0,1073.06005859375
49035,10,192,11,37,2,25.795939727104383,-1.1466044028157283,0.8513997106635237,0,1073.06005859375
49035,10,192,11,38,2,24.479928702867348,-0.954353283007468,0.682842712474619,0,1073.06005859375
49035,10,192,11,39,2,29.0545882858384,-1.196709392875141,0.848528137423857,0,1073.06005859375
49035,10,192,11,40,2,27.440945744500944,-1.0289103469002558,0.848528137423857,0,1073.06005859375
49035,10,192,11,41,2,34.043680948005715,-1.3292821379675028,0.613407053921902,0,1073.06005859375
49035,10,192,11,42,2,32.37140241810283,-1.2366306721526081,0.8513997106635237,0,1073.06005859375
49035,10,192,11,43,2,30.524483573155177,-1.0886835915730297,0.848528137423857,0,1073.06005859375
49035,10,192,11,44,2,29.42074948570968,-0.9257722072087514,0.8513997106635237,0,1073.06005859375
49035,10,192,11,45,2,29.13787882338097,-0.8065529526520544,0.613407053921902,0,1073.06005859375
49035,10,192,11,46,2,33.69692406530596,-1.1373499051685707,0.848528137423857,0,1073.06005859375
49035,10,192,11,47,2,32.31592632675199,-0.9915961400598065,0.848528137423857,0,1073.06005859375
49035,10,192,11,48,2,36.93536632440745,-1.1775641559618375,0.682842712474619,0,1073.06005859375
49035,10,192,11,49,2,35.32785994666586,-1.0464016216635579,0.8513997106635237,0,1073.06005859375
49035,10,192,11,50,2,34.37868658492212,-0.9054219320013693,0.682842712474619,0,1073.06005859375
49035,10,192,11,51,2,38.7198553989246,-1.0230736042042765,0.613407053921902,0,1073.06005859375
49035,10,192,11,52,2,45.960984422072634,-1.8034322803819358,0.4308640753373011,0,1073.06005859375
49035,10,192,11,53,2,57.105629094365895,-1.820857247174827,0.3414213562373095,0,1073.06005859375
49035,10,192,11,54,2,48.77218141573557,-1.7160708981423114,0.482842712474619,0,1073.06005859375
49035,10,192,11,55,2,41.18735832552938,-1.5705388164644845,0.3414213562373095,0,1073.06005859375
49035,10,192,11,56,2,55.77815762607952,-1.6977179374182363,0.4242640687119285,0,1073.06005859375
49035,10,192,11,57,2,48.25842593730038,-1.5705765481756533,0.4242640687119285,0,1073.06005859375
49035,10,192,11,58,2,62.7987265497488,-1.6834645594121938,0.382842712474619,0,1073.06005859375
49035,10,192,11,59,2,55.32949360021522,-1.5706046357182428,0.4242640687119285,0,1073.06005859375
49035,10,192,11,60,2,48.77525671733969,-1.4250914369689274,0.482842712474619,0,1073.06005859375
49035,10,192,11,61,2,45.96587941871075,-1.3377113243744794,0.37888543819998316,0,1073.06005859375
49035,10,192,11,62,2,62.40056129688746,-1.5706263576477513,0.4242640687119285,0,1073.06005859375
49035,10,192,11,63,2,55.780846676549665,-1.4434974950382524,0.4242640687119285,0,1073.06005859375
49035,10,192,11,64,2,69.47162901700925,-1.5706436577078864,0.3414213562373095,0,1073.06005859375
49035,10,192,11,65,2,62.80111499060421,-1.4577924656314938,0.382842712474619,0,1073.06005859375
49035,10,192,11,66,2,57.11088206155834,-1.3203755348820545,0.3414213562373095,0,1073.06005859375
49035,10,193,16,1,,,,,0,1073.31005859375
49035,10,193,16,2,,,,,0,1073.31005859375
49035,10,193,16,3,,,,,0,1073.31005859375
49035,10,193,16,4,,,,,0,1073.31005859375
49035,10,193,16,5,,,,,0,1073.31005859375
49035,10,193,16,6,2,3.4910756675035657,3.859501852914992,0.23201518686646544,0,1073.31005859375
49035,10,193,16,7,,,,,0,1073.31005859375
49035,10,193,16,8,,,,,0,1073.31005859375
49035,10,193,16,9,,,,,0,1073.31005859375
49035,10,193,16,10,,,,,0,1073.31005859375
49035,10,193,16,11,,,,,0,1073.31005859375
49035,10,193,16,12,,,,,0,1073.31005859375
49035,10,193,16,13,,,,,0,1073.31005859375
49035,10,193,16,14,,,,,0,1073.31005859375
49035,10,193,16,15,,,,,0,1073.31005859375
49035,10,193,16,16,2,7.330811786896956,-0.9199182974046576,0.25535453110258144,1,1073.31005859375
49035,10,193,16,17,,,,,0,1073.31005859375
49035,10,193,16,18,2,38.17035884244745,3.586815992276156,0.37888543819998316,0,1073.31005859375
49035,10,193,16,19,2,46.62922664257885,3.760322829756908,0.3414213562373095,0,1073.31005859375
49035,10,193,16,20,2,36.805192395341855,3.7152345951593837,0.482842712474619,0,1073.31005859375
49035,10,193,16,21,2,27.11013827392392,3.637631589533295,0.3414213562373095,0,1073.31005859375
49035,10,193,16,22,2,41.0743152757107,3.8603392486932098,0.4242640687119285,0,1073.31005859375
49035,10,193,16,23,2,31.103645852883968,3.8389264172826785,0.4242640687119285,0,1073.31005859375
49035,10,193,16,24,2,51.033399440878526,-2.3118108823222796,0.37888543819998316,0,1073.31005859375
49035,10,193,16,25,2,46.03885927647245,-2.3069916031456126,0.482842712474619,0,1073.31005859375
49035,10,193,16,26,2,36.05431976132649,-2.293348251723134,0.4242640687119285,0,1073.31005859375
49035,10,193,16,27,2,26.08162923256755,-2.2692636528593164,0.482842712474619,0,1073.31005859375
49035,10,193,16,28,2,21.104977811210663,-2.248691939100783,0.37888543819998316,0,1073.31005859375
49035,10,193,16,29,2,41.62200333432221,-2.1807643417129166,0.4242640687119285,0,1073.31005859375
49035,10,193,16,30,2,31.82339660588533,-2.1258912379407295,0.4242640687119285,0,1073.31005859375
49035,10,193,16,31,2,47.590633003487994,-2.095548555313683,0.3414213562373095,0,1073.31005859375
49035,10,193,16,32,2,38.015861947953056,-2.027706361607052,0.482842712474619,0,1073.31005859375
49035,10,193,16,33,2,28.732267046283866,-1.915184968770544,0.3414213562373095,0,1073.31005859375
49035,10,193,16,34,2,39.9105456332377,-1.9088453215842505,0.4308640753373011,0,1073.31005859375
49035,10,193,16,35,2,21.742560695665254,-1.314952882031154,0.613407053921902,0,1073.31005859375
49035,10,193,16,36,2,27.40752389009197,-1.4080240717940653,0.682842712474619,0,1073.31005859375
49035,10,193,16,37,2,24.826217407662696,-1.243677314634238,0.8513997106635237,0,1073.31005859375
49035,10,193,16,38,2,23.0544957819317,-1.0479301250023783,0.682842712474619,0,1073.31005859375
49035,10,193,16,39,2,28.197157034490374,-1.283977495468428,0.848528137423857,0,1073.31005859375
49035,10,193,16,40,2,26.17724908798253,-1.1154269785360198,0.848528137423857,0,1073.31005859375
49035,10,193,16,41,2,33.51044860028414,-1.4058578008342415,0.613407053921902,0,1073.31005859375
49035,10,193,16,42,2,31.604086110547254,-1.3156315450170257,0.8513997106635237,0,1073.31005859375
49035,10,193,16,43,2,29.39365516347802,-1.1683516917866215,0.848528137423857,0,1073.31005859375
49035,10,193,16,44,2,27.91336004238885,-1.0014264573215612,0.8513997106635237,0,1073.31005859375
49035,10,193,16,45,2,27.377431624362263,-0.8762284725737932,0.613407053921902,0,1073.31005859375
49035,10,193,16,46,2,32.676070111392434,-1.2107433122870594,0.848528137423857,0,1073.31005859375
49035,10,193,16,47,2,30.949866928812572,-1.0630498242175483,0.848528137423857,0,1073.31005859375
49035,10,193,16,48,2,36.00644597818299,-1.2453460088874253,0.682842712474619,0,1073.31005859375
49035,10,193,16,49,2,34.08273546777579,-1.113508110685448,0.8513997106635237,0,1073.31005859375
49035,10,193,16,50,2,32.81465468282356,-0.9687604773770195,0.682842712474619,0,1073.31005859375
49035,10,193,16,51,2,37.41303224992902,-1.0833570496068408,0.613407053921902,0,1073.31005859375
49035,10,193,16,52,2,46.640420676202105,-1.8585445077346037,0.4308640753373011,0,1073.31005859375
49035,10,193,16,53,2,57.8155456947081,-1.8651197353675435,0.3414213562373095,0,1073.31005859375
49035,10,193,16,54,2,49.223721252563024,-1.769169403927586,0.482842712474619,0,1073.31005859375
49035,10,193,16,55,2,41.27120235616076,-1.6345555297432008,0.3414213562373095,0,1073.31005859375
49035,10,193,16,56,2,56.1734093861177,-1.7443599485419956,0.4242640687119285,0,1073.31005859375
49035,10,193,16,57,2,48.33000446962033,-1.6252340509285859,0.4242640687119285,0,1073.31005859375
49035,10,193,16,58,2,63.15005233703871,-1.7250224420408797,0.382842712474619,0,1073.31005859375
49035,10,193,16,59,2,55.39193551541481,-1.6182888854208042,0.4242640687119285,0,1073.31005859375
49035,10,193,16,60,2,48.46239707357671,-1.4790214097378527,0.482842712474619,0,1073.31005859375
49035,10,193,16,61,2,45.4287644021229,-1.3942888495329269,0.37888543819998316,0,1073.31005859375
49035,10,193,16,62,2,62.45593413162775,-1.6129145554697797,0.4242640687119285,0,1073.31005859375
49035,10,193,16,63,2,55.50748704659011,-1.4906971385477028,0.4242640687119285,0,1073.31005859375
49035,10,193,16,64,2,69.52137006967408,-1.6086325050086556,0.3414213562373095,0,1073.31005859375
49035,10,193,16,65,2,62.558439129646764,-1.499741940057578,0.382842712474619,0,1073.31005859375
49035,10,193,16,66,2,56.51456198459707,-1.3656533522607786,0.3414213562373095,0,1073.31005859375
49035,10,194,10,1,,,,,0,1073.7099609375
49035,10,194,10,2,,,,,0,1073.7099609375
49035,10,194,10,3,,,,,0,1073.7099609375
49035,10,194,10,4,,,,,0,1073.7099609375
49035,10,194,10,5,,,,,0,1073.7099609375
49035,10,194,10,6,2,5.824022665165166,4.379079400288683,0.3883667929343493,0,1073.7099609375
49035,10,194,10,7,,,,,0,1073.7099609375
49035,10,194,10,8,,,,,0,1073.7099609375
49035,10,194,10,9,,,,,0,1073.7099609375
49035,10,194,10,10,2,2.396328176977134,4.1465981807268335,0.3846728840839534,1,1073.7099609375
49035,10,194,10,11,,,,,0,1073.7099609375
49035,10,194,10,12,,,,,0,1073.7099609375
49035,10,194,10,13,,,,,0,1073.7099609375
49035,10,194,10,14,,,,,0,1073.7099609375
49035,10,194,10,15,,,,,0,1073.7099609375
49035,10,194,10,16,,,,,0,1073.7099609375
49035,10,194,10,17,,,,,0,1073.7099609375
49035,10,194,10,18,2,39.83450163382397,4.874503494807272,0.37888543819998316,0,1073.7099609375
49035,10,194,10,19,2,47.52022554561212,5.061401090303635,0.3414213562373095,0,1073.7099609375
49035,10,194,10,20,2,37.94311299672078,4.993626934935129,0.482842712474619,0,1073.7099609375
49035,10,194,10,21,2,28.656374715898647,4.881087182140838,0.3414213562373095,0,1073.7099609375
49035,10,194,10,22,2,41.555001303822394,5.146869413954737,0.4242640687119285,0,1073.7099609375
49035,10,194,10,23,2,31.754151245730927,5.092196251327699,0.4242640687119285,0,1073.7099609375
49035,10,194,10,24,2,50.97256564909602,5.277890384109117,0.37888543819998316,0,1073.7099609375
49035,10,194,10,25,2,45.97778205654814,5.27317376726203,0.482842712474619,0,1073.7099609375
49035,10,194,10,26,2,35.99256077046359,5.259814099757845,0.4242640687119285,0,1073.7099609375
49035,10,194,10,27,2,26.018693641141727,5.236204664027104,0.482842712474619,0,1073.7099609375
49035,10,194,10,28,2,21.04106491553187,5.2160121771906285,0.37888543819998316,0,1073.7099609375
49035,10,194,10,29,2,41.01954095664985,-0.8938594489165901,0.4242640687119285,0,1073.7099609375
49035,10,194,10,30,2,31.050132500044967,-0.8719584034318077,0.4242640687119285,0,1073.7099609375
49035,10,194,10,31,2,46.580479278052024,-0.7938993422969158,0.3414213562373095,0,1073.7099609375
49035,10,194,10,32,2,36.759339462905324,-0.7483929089724644,0.482842712474619,0,1073.7099609375
49035,10,194,10,33,2,27.069485139639852,-0.6700334576262028,0.3414213562373095,0,1073.7099609375
49035,10,194,10,34,2,38.133205231345364,-0.6198977672443204,0.4308640753373011,0,1073.7099609375
49035,10,194,10,35,2,17.986911969432942,-0.04385131408807874,0.613407053921902,0,1073.7099609375
49035,10,194,10,36,2,23.875711939853243,-0.12126012495874816,0.682842712474619,0,1073.7099609375
49035,10,194,10,37,2,20.875909911256272,0.058154518182711445,0.8513997106635237,0,1073.7099609375
49035,10,194,10,38,2,18.749869562504294,0.28739642577307234,0.682842712474619,0,1073.7099609375
49035,10,194,10,39,2,24.328435407199283,0.024357357653055356,0.848528137423857,0,1073.7099609375
49035,10,194,10,40,2,21.968767906969767,0.2153244723932033,0.848528137423857,0,1073.7099609375
49035,10,194,10,41,2,29.94435052409756,-0.09697509670996896,0.613407053921902,0,1073.7099609375
49035,10,194,10,42,2,27.801833106859117,-0.0010182309216206775,0.8513997106635237,0,1073.7099609375
49035,10,194,10,43,2,25.27243395657974,0.16187440744103254,0.848528137423857,0,1073.7099609375
49035,10,194,10,44,2,23.546760118490226,0.3545433420701529,0.8513997106635237,0,1073.7099609375
49035,10,194,10,45,2,22.917846929180495,0.5028931081627785,0.613407053921902,0,1073.7099609375
49035,10,194,10,46,2,28.63153982637093,0.12087060549214801,0.848528137423857,0,1073.7099609375
49035,10,194,10,47,2,26.655563524658444,0.28731925038753436,0.848528137423857,0,1073.7099609375
49035,10,194,10,48,2,32.028646983106306,0.08851968388376585,0.682842712474619,0,1073.7099609375
49035,10,194,10,49,2,29.859474569330278,0.23432239427764312,0.8513997106635237,0,1073.7099609375
49035,10,194,10,50,2,28.413768063115434,0.39883389382212076,0.682842712474619,0,1073.7099609375
49035,10,194,10,51,2,33.1415575069012,0.2729703616104169,0.613407053921902,0,1073.7099609375
49035,10,194,10,52,2,44.62375657309305,-0.5518659485249833,0.4308640753373011,0,1073.7099609375
49035,10,194,10,53,2,55.791253491791956,-0.5411288627607096,0.3414213562373095,0,1073.7099609375
49035,10,194,10,54,2,46.841989220799135,-0.4538156106539897,0.482842712474619,0,1073.7099609375
49035,10,194,10,55,2,38.41457981206532,-0.3268266048504693,0.3414213562373095,0,1073.7099609375
49035,10,194,10,56,2,53.67783773253373,-0.41774443718688126,0.4242640687119285,0,1073.7099609375
49035,10,194,10,57,2,45.41825901128637,-0.3035102793664506,0.4242640687119285,0,1073.7099609375
49035,10,194,10,58,2,60.56771890305084,-0.3898500694403202,0.382842712474619,0,1073.7099609375
49035,10,194,10,59,2,52.44002823316418,-0.2864307836838509,0.4242640687119285,0,1073.7099609375
49035,10,194,10,60,2,45.07177108868843,-0.14725404755490112,0.482842712474619,0,1073.7099609375
49035,10,194,10,61,2,41.79974333724033,-0.060123059159709946,0.37888543819998316,0,1073.7099609375
49035,10,194,10,62,2,59.47348039734866,-0.27338790754622355,0.4242640687119285,0,1073.7099609375
49035,10,194,10,63,2,52.14022303893501,-0.15122126717410334,0.4242640687119285,0,1073.7099609375
49035,10,194,10,64,2,66.51490945684715,-0.2631050783359603,0.3414213562373095,0,1073.7099609375
49035,10,194,10,65,2,59.209299675208534,-0.15424122211814195,0.382842712474619,0,1073.7099609375
49035,10,194,10,66,2,52.794404589925286,-0.016924843788951094,0.3414213562373095,0,1073.7099609375
49035,10,195,13,1,,,,,0,1074.5770263671875
49035,10,195,13,2,,,,,0,1074.5770263671875
49035,10,195,13,3,,,,,0,1074.5770263671875
49035,10,195,13,4,,,,,0,1074.5770263671875
49035,10,195,13,5,,,,,0,1074.5770263671875
49035,10,195,13,6,2,5.440892821137945,0.857775835600646,0.41513954784232243,0,1074.5770263671875
49035,10,195,13,7,,,,,0,1074.5770263671875
49035,10,195,13,8,,,,,0,1074.5770263671875
49035,10,195,13,9,,,,,0,1074.5770263671875
49035,10,195,13,10,,,,,0,1074.5770263671875
49035,10,195,13,11,,,,,0,1074.5770263671875
49035,10,195,13,12,,,,,0,1074.5770263671875
49035,10,195,13,13,2,4.826822079703009,-4.4146416113471805,0.6366888663207728,1,1074.5770263671875
49035,10,195,13,14,,,,,0,1074.5770263671875
49035,10,195,13,15,2,8.209510588093401,-4.251103780906675,0.6950481045956398,0,1074.5770263671875
49035,10,195,13,16,,,,,0,1074.5770263671875
49035,10,195,13,17,2,10.499166242355452,-3.9649977200925433,0.5455602275610756,0,1074.5770263671875
49035,10,195,13,18,2,40.12008636081118,1.0706388755698748,0.37888543819998316,0,1074.5770263671875
49035,10,195,13,19,2,48.13852764396296,1.2481615728366766,0.3414213562373095,0,1074.5770263671875
49035,10,195,13,20,2,38.44887808892407,1.1906948140314515,0.482842712474619,0,1074.5770263671875
49035,10,195,13,21,2,28.970926959027473,1.0951142669567642,0.3414213562373095,0,1074.5770263671875
49035,10,195,13,22,2,42.32625581965364,1.3374067407279686,0.4242640687119285,0,1074.5770263671875
49035,10,195,13,23,2,32.4424153582794,1.2963913833801815,0.4242640687119285,0,1074.5770263671875
49035,10,195,13,24,2,51.95390693528642,1.4586924053673338,0.37888543819998316,0,1074.5770263671875
49035,10,195,13,25,2,46.954314361138124,1.4574000896798374,0.482842712474619,0,1074.5770263671875
49035,10,195,13,26,2,36.955459944275376,1.4537664735312366,0.4242640687119285,0,1074.5770263671875
49035,10,195,13,27,2,26.95745541146829,1.4474374370585437,0.482842712474619,0,1074.5770263671875
49035,10,195,13,28,2,21.959134626516605,1.4421118174028764,0.37888543819998316,0,1074.5770263671875
49035,10,195,13,29,2,42.177028405362556,-4.7085716277501675,0.4242640687119285,0,1074.5770263671875
49035,10,195,13,30,2,32.24748219125207,-4.6764399309147375,0.4242640687119285,0,1074.5770263671875
49035,10,195,13,31,2,47.875854358126894,-4.615381506498742,0.3414213562373095,0,1074.5770263671875
49035,10,195,13,32,2,38.11949387241307,-4.564019351087824,0.482842712474619,0,1074.5770263671875
49035,10,195,13,33,2,28.53233596566003,-4.477767167223487,0.3414213562373095,0,1074.5770263671875
49035,10,195,13,34,2,39.6458157916688,-4.441465035215371,0.4308640753373011,0,1074.5770263671875
49035,10,195,13,35,2,19.865677315843865,-3.8869929481581798,0.613407053921902,0,1074.5770263671875
49035,10,195,13,36,2,25.738732906296153,-3.96044229052407,0.682842712474619,0,1074.5770263671875
49035,10,195,13,37,2,22.759208310172657,-3.7943526934563456,0.8513997106635237,0,1074.5770263671875
49035,10,195,13,38,2,20.578648016573194,-3.5860672592852953,0.682842712474619,0,1074.5770263671875
49035,10,195,13,39,2,26.212199747688885,-3.8254497073400193,0.848528137423857,0,1074.5770263671875
49035,10,195,13,40,2,23.823908304409688,-3.6494399018128236,0.848528137423857,0,1074.5770263671875
49035,10,195,13,41,2,31.81317076967847,-3.939731778947511,0.613407053921902,0,1074.5770263671875
49035,10,195,13,42,2,29.684630169831163,-3.8492902062002328,0.8513997106635237,0,1074.5770263671875
49035,10,195,13,43,2,27.14178438503685,-3.697474764165544,0.848528137423857,0,1074.5770263671875
49035,10,195,13,44,2,25.341184875376484,-3.519380740729502,0.8513997106635237,0,1074.5770263671875
49035,10,195,13,45,2,24.612498548236335,-3.382199458840131,0.613407053921902,0,1074.5770263671875
49035,10,195,13,46,2,30.508594072994242,-3.7349791585573033,0.848528137423857,0,1074.5770263671875
49035,10,195,13,47,2,28.482863332097057,-3.5797515080452507,0.848528137423857,0,1074.5770263671875
49035,10,195,13,48,2,33.90976503925747,-3.764995597922601,0.682842712474619,0,1074.5770263671875
49035,10,195,13,49,2,31.707591461696175,-3.627990137976406,0.8513997106635237,0,1074.5770263671875
49035,10,195,13,50,2,30.18063199447632,-3.473928619107685,0.682842712474619,0,1074.5770263671875
49035,10,195,13,51,2,34.97438754274943,-3.5902652000161024,0.613407053921902,0,1074.5770263671875
49035,10,195,13,52,2,46.20591320600377,-4.37979336223188,0.4308640753373011,0,1074.5770263671875
49035,10,195,13,53,2,57.381904197494116,-4.3737378040344534,0.3414213562373095,0,1074.5770263671875
49035,10,195,13,54,2,48.51475354877887,-4.286087409362125,0.482842712474619,0,1074.5770263671875
49035,10,195,13,55,2,40.18307721500572,-4.16075395012345,0.3414213562373095,0,1074.5770263671875
49035,10,195,13,56,2,55.37939163003301,-4.253363967144888,0.4242640687119285,0,1074.5770263671875
49035,10,195,13,57,2,47.200374997249014,-4.140768526804212,0.4242640687119285,0,1074.5770263671875
49035,10,195,13,58,2,62.29022975336011,-4.227879099735852,0.382842712474619,0,1074.5770263671875
49035,10,195,13,59,2,54.23164302595624,-4.12596071992888,0.4242640687119285,0,1074.5770263671875
49035,10,195,13,60,2,46.92621322739677,-3.9904935868501505,0.482842712474619,0,1074.5770263671875
49035,10,195,13,61,2,43.675721850328785,-3.906548037593849,0.37888543819998316,0,1074.5770263671875
49035,10,195,13,62,2,61.27207202884987,-4.114553832112806,0.4242640687119285,0,1074.5770263671875
49035,10,195,13,63,2,53.99319580536908,-3.995268070018124,0.4242640687119285,0,1074.5770263671875
49035,10,195,13,64,2,68.3188298796341,-4.105499091172953,0.3414213562373095,0,1074.5770263671875
49035,10,195,13,65,2,61.06112428289168,-3.9989373124262686,0.382842712474619,0,1074.5770263671875
49035,10,195,13,66,2,54.675947922821635,-3.8656434615620405,0.3414213562373095,0,1074.5770263671875
49035,10,196,9,1,,,,,0,1074.927001953125
49035,10,196,9,2,,,,,0,1074.927001953125
49035,10,196,9,3,,,,,0,1074.927001953125
49035,10,196,9,4,,,,,0,1074.927001953125
49035,10,196,9,5,,,,,0,1074.927001953125
49035,10,196,9,6,2,2.8777385070091177,4.867555389892968,0.4979822603169414,0,1074.927001953125
49035,10,196,9,7,,,,,0,1074.927001953125
49035,10,196,9,8,,,,,0,1074.927001953125
49035,10,196,9,9,2,3.9723136913964154,-0.3749790170955034,0.6004897712981484,1,1074.927001953125
49035,10,196,9,10,,,,,0,1074.927001953125
49035,10,196,9,11,,,,,0,1074.927001953125
49035,10,196,9,12,,,,,0,1074.927001953125
49035,10,196,9,13,,,,,0,1074.927001953125
49035,10,196,9,14,,,,,0,1074.927001953125
49035,10,196,9,15,2,6.40725180459526,0.5202419183372222,0.6122053921210209,0,1074.927001953125
49035,10,196,9,16,,,,,0,1074.927001953125
49035,10,196,9,17,2,9.40714597658253,0.7529974643018211,0.5093611325384512,0,1074.927001953125
49035,10,196,9,18,2,37.125350439002446,5.4861986950055925,0.37888543819998316,0,1074.927001953125
49035,10,196,9,19,2,45.08890810594813,5.678297134345677,0.3414213562373095,0,1074.927001953125
49035,10,196,9,20,2,35.405723334559525,5.615787087369692,0.482842712474619,0,1074.927001953125
49035,10,196,9,21,2,25.963837457127006,5.507088637360603,0.3414213562373095,0,1074.927001953125
49035,10,196,9,22,2,39.288179381839996,5.774409834062114,0.4242640687119285,0,1074.927001953125
49035,10,196,9,23,2,29.39586109975988,5.731339998840222,0.4242640687119285,0,1074.927001953125
49035,10,196,9,24,2,48.97222710993991,-0.381308052401363,0.37888543819998316,0,1074.927001953125
49035,10,196,9,25,2,43.972227978985806,-0.3812445255726047,0.482842712474619,0,1074.927001953125
49035,10,196,9,26,2,33.97223048450956,-0.38106137302380505,0.4242640687119285,0,1074.927001953125
49035,10,196,9,27,2,23.972235080387872,-0.38072541662632275,0.482842712474619,0,1074.927001953125
49035,10,196,9,28,2,18.972239195143732,-0.38042463009269234,0.37888543819998316,0,1074.927001953125
49035,10,196,9,29,2,39.295142681874886,-0.25357666010292634,0.4242640687119285,0,1074.927001953125
49035,10,196,9,30,2,29.405167046722312,-0.21005408557499328,0.4242640687119285,0,1074.927001953125
49035,10,196,9,31,2,45.101042478918046,-0.15766207256453457,0.3414213562373095,0,1074.927001953125
49035,10,196,9,32,2,35.42117507003273,-0.0948529616710867,0.482842712474619,0,1074.927001953125
49035,10,196,9,33,2,25.9849043484606,0.014307501753796803,0.3414213562373095,0,1074.927001953125
49035,10,196,9,34,2,37.14745271168054,0.03460107892310971,0.4308640753373011,0,1074.927001953125
49035,10,196,9,35,2,18.805699920390566,0.6915764037515353,0.613407053921902,0,1074.927001953125
49035,10,196,9,36,2,24.419624565186346,0.5797781236441892,0.682842712474619,0,1074.927001953125
49035,10,196,9,37,2,21.945292644050603,0.7677416826206973,0.8513997106635237,0,1074.927001953125
49035,10,196,9,38,2,20.41748453070041,0.9931310349401219,0.682842712474619,0,1074.927001953125
49035,10,196,9,39,2,25.280303921850976,0.7179037053619082,0.848528137423857,0,1074.927001953125
49035,10,196,9,40,2,23.43867683359116,0.9091600416791337,0.848528137423857,0,1074.927001953125
49035,10,196,9,41,2,30.5228963206218,0.5794632915219635,0.613407053921902,0,1074.927001953125
49035,10,196,9,42,2,28.66342030409641,0.6797532850899106,0.8513997106635237,0,1074.927001953125
49035,10,196,9,43,2,26.58701692288278,0.844705702479938,0.848528137423857,0,1074.927001953125
49035,10,196,9,44,2,25.34062497623183,1.0315274254755262,0.8513997106635237,0,1074.927001953125
49035,10,196,9,45,2,25.031814515050296,1.1700637002710104,0.613407053921902,0,1074.927001953125
49035,10,196,9,46,2,29.822262925636405,0.7940615186065545,0.848528137423857,0,1074.927001953125
49035,10,196,9,47,2,28.277998007888687,0.9580043754755525,0.848528137423857,0,1074.927001953125
49035,10,196,9,48,2,33.11895625097385,0.753411898294948,0.682842712474619,0,1074.927001953125
49035,10,196,9,49,2,31.33916189821114,0.8985727226441549,0.8513997106635237,0,1074.927001953125
49035,10,196,9,50,2,30.288956301111764,1.0574065802095591,0.682842712474619,0,1074.927001953125
49035,10,196,9,51,2,34.70712589972746,0.9274477400778094,0.613407053921902,0,1074.927001953125
49035,10,196,9,52,2,43.816994845183146,0.09282952632809183,0.4308640753373011,0,1074.927001953125
49035,10,196,9,53,2,54.9967910539397,0.09058348098468771,0.3414213562373095,0,1074.927001953125
49035,10,196,9,54,2,46.316332290968816,0.1889947342769407,0.482842712474619,0,1074.927001953125
49035,10,196,9,55,2,38.2852223128478,0.33060744818011933,0.3414213562373095,0,1074.927001953125
49035,10,196,9,56,2,53.2465814037268,0.2172706142531231,0.4242640687119285,0,1074.927001953125
49035,10,196,9,57,2,45.34042392656296,0.34197047786200807,0.4242640687119285,0,1074.927001953125
49035,10,196,9,58,2,60.20958582717514,0.23902070232769912,0.382842712474619,0,1074.927001953125
49035,10,196,9,59,2,52.39990301648189,0.35027262592201236,0.4242640687119285,0,1074.927001953125
49035,10,196,9,60,2,45.45663259408297,0.4978628203393254,0.482842712474619,0,1074.927001953125
49035,10,196,9,61,2,42.44506157519171,0.5887601643713261,0.37888543819998316,0,1074.927001953125
49035,10,196,9,62,2,59.46213610721509,0.3566030594909311,0.4242640687119285,0,1074.927001953125
49035,10,196,9,63,2,52.50048800811008,0.485176219431656,0.4242640687119285,0,1074.927001953125
49035,10,196,9,64,2,66.52624613435842,0.36158926092753285,0.3414213562373095,0,1074.927001953125
49035,10,196,9,65,2,59.55079374270317,0.47549232331832725,0.382842712474619,0,1074.927001953125
49035,10,196,9,66,2,53.5429981047262,0.6171827079236261,0.3414213562373095,0,1074.927001953125
49035,10,197,6,1,,,,,0,1076.3759765625
49035,10,197,6,2,,,,,0,1076.3759765625
49035,10,197,6,3,2,7.862776242454586,-0.6858904095410996,0.7071067811865475,0,1076.3759765625
49035,10,197,6,4,,,,,0,1076.3759765625
49035,10,197,6,5,2,6.2537549330210185,-0.2330782110224865,0.765685424949238,0,1076.3759765625
49035,10,197,6,6,2,5.59448369015006,-1.097695755002654,0.6093338188813542,1,1076.3759765625
49035,10,197,6,7,,,,,0,1076.3759765625
49035,10,197,6,8,2,6.433945234897573,0.3310198601454557,0.6242640687119285,0,1076.3759765625
49035,10,197,6,9,,,,,0,1076.3759765625
49035,10,197,6,10,,,,,0,1076.3759765625
49035,10,197,6,11,,,,,0,1076.3759765625
49035,10,197,6,12,,,,,0,1076.3759765625
49035,10,197,6,13,,,,,0,1076.3759765625
49035,10,197,6,14,2,6.177123062517407,-5.137774031066179,0.5638463841038082,0,1076.3759765625
49035,10,197,6,15,2,2.312065381115928,-4.27161787585694,0.6271356419515952,0,1076.3759765625
49035,10,197,6,16,,,,,0,1076.3759765625
49035,10,197,6,17,2,5.729614730261627,-4.06374749774673,0.5555604578187299,0,1076.3759765625
49035,10,197,6,18,2,35.5692011741737,0.2605232960924213,0.37888543819998316,0,1076.3759765625
49035,10,197,6,19,2,42.74987340587715,0.48073156881466605,0.3414213562373095,0,1076.3759765625
49035,10,197,6,20,2,33.34560346151593,0.3906504957397394,0.482842712474619,0,1076.3759765625
49035,10,197,6,21,2,24.4193952465413,0.23250465664508235,0.3414213562373095,0,1076.3759765625
49035,10,197,6,22,2,36.626515958515846,0.5701264090005616,0.4242640687119285,0,1076.3759765625
49035,10,197,6,23,2,26.94214663410391,0.4907574927051086,0.4242640687119285,0,1076.3759765625
49035,10,197,6,24,2,45.86812918911233,0.7237935447971049,0.37888543819998316,0,1076.3759765625
49035,10,197,6,25,2,40.878772881608974,0.7162632583128858,0.482842712474619,0,1076.3759765625
49035,10,197,6,26,2,30.91038120600116,0.693913120067573,0.4242640687119285,0,1076.3759765625
49035,10,197,6,27,2,20.97210672046207,0.6503381302325084,0.482842712474619,0,1076.3759765625
49035,10,197,6,28,2,16.031782723437857,0.6083312792260767,0.3894427190999916,0,1076.3759765625
49035,10,197,6,29,2,35.847232352680486,-5.437044887055194,0.4242640687119285,0,1076.3759765625
49035,10,197,6,30,2,25.87279770997337,-5.413579720935355,0.4242640687119285,0,1076.3759765625
49035,10,197,6,31,2,41.407686102870024,-5.323604110024169,0.3414213562373095,0,1076.3759765625
49035,10,197,6,32,2,31.606550941030502,-5.2687449099005494,0.482842712474619,0,1076.3759765625
49035,10,197,6,33,2,21.985259979861432,-5.165288842504205,0.3414213562373095,0,1076.3759765625
49035,10,197,6,34,2,33.10189209745841,-5.121105124298215,0.4308640753373011,0,1076.3759765625
49035,10,197,6,35,2,14.847814816675141,-4.326926124641679,0.613407053921902,0,1076.3759765625
49035,10,197,6,36,2,20.279340385325256,-4.487516031321275,0.682842712474619,0,1076.3759765625
49035,10,197,6,37,2,18.12292590783713,-4.251660041395017,0.8513997106635237,0,1076.3759765625
49035,10,197,6,38,2,17.193872177552805,-3.972437083320914,0.682842712474619,0,1076.3759765625
49035,10,197,6,39,2,21.347755010406377,-4.325359962580408,0.848528137423857,0,1076.3759765625
49035,10,197,6,40,2,19.947817950377452,-4.092227338556202,0.848528137423857,0,1076.3759765625
49035,10,197,6,41,2,26.376707273838367,-4.499127419509181,0.613407053921902,0,1076.3759765625
49035,10,197,6,42,2,24.657916467287073,-4.379504912285679,0.8513997106635237,0,1076.3759765625
49035,10,197,6,43,2,22.91727823073188,-4.18200671122789,0.848528137423857,0,1076.3759765625
49035,10,197,6,44,2,22.189872430950288,-3.962200217402285,0.8513997106635237,0,1076.3759765625
49035,10,197,6,45,2,22.342170807685562,-3.804996178151752,0.613407053921902,0,1076.3759765625
49035,10,197,6,46,2,26.028596620412593,-4.250773693936109,0.848528137423857,0,1076.3759765625
49035,10,197,6,47,2,24.893305104489926,-4.059183291045924,0.848528137423857,0,1076.3759765625
49035,10,197,6,48,2,29.236518988270994,-4.304660842952967,0.682842712474619,0,1076.3759765625
49035,10,197,6,49,2,27.784219253896637,-4.136594771086593,0.8513997106635237,0,1076.3759765625
49035,10,197,6,50,2,27.18734331533096,-3.955726266732552,0.682842712474619,0,1076.3759765625
49035,10,197,6,51,2,31.216112477041033,-4.113263282978947,0.613407053921902,0,1076.3759765625
49035,10,197,6,52,2,39.69014564698059,-5.0502407875762625,0.4308640753373011,0,1076.3759765625
49035,10,197,6,53,2,50.86935487627315,-5.046702216235732,0.3414213562373095,0,1076.3759765625
49035,10,197,6,54,2,42.09594825541237,-4.94295693077239,0.482842712474619,0,1076.3759765625
49035,10,197,6,55,2,34.00656485910472,-4.787419478726884,0.3414213562373095,0,1076.3759765625
49035,10,197,6,56,2,49.00654303834447,-4.909976757434588,0.4242640687119285,0,1076.3759765625
49035,10,197,6,57,2,41.06115992715317,-4.774510454453598,0.4242640687119285,0,1076.3759765625
49035,10,197,6,58,2,55.957248517201606,-4.8851681323159415,0.382842712474619,0,1076.3759765625
49035,10,197,6,59,2,48.12059076538859,-4.765387842683516,0.4242640687119285,0,1076.3759765625
49035,10,197,6,60,2,41.23067850040965,-4.602494039536819,0.482842712474619,0,1076.3759765625
49035,10,197,6,61,2,38.303493921589094,-4.500447373633726,0.37888543819998316,0,1076.3759765625
49035,10,197,6,62,2,55.18300151909784,-4.758599833848587,0.4242640687119285,0,1076.3759765625
49035,10,197,6,63,2,48.265321408345514,-4.618562472456643,0.4242640687119285,0,1076.3759765625
49035,10,197,6,64,2,62.24737791829876,-4.75335235199796,0.3414213562373095,0,1076.3759765625
49035,10,197,6,65,2,55.30925466590242,-4.630540571392783,0.382842712474619,0,1076.3759765625
49035,10,197,6,66,2,49.43168261036427,-4.475658497458537,0.3414213562373095,0,1076.3759765625
49035,10,198,3,1,,,,,0,1076.626953125
49035,10,198,3,2,,,,,0,1076.626953125
49035,10,198,3,3,2,5.279222671966466,0.5437257173785828,0.5507551751186637,1,1076.626953125
49035,10,198,3,4,,,,,0,1076.626953125
49035,10,198,3,5,2,4.41642867604725,1.2696294044737522,0.765685424949238,0,1076.626953125
49035,10,198,3,6,,,,,0,1076.626953125
49035,10,198,3,7,,,,,0,1076.626953125
49035,10,198,3,8,2,6.011613134676929,1.8919716869605876,0.765685424949238,0,1076.626953125
49035,10,198,3,9,,,,,0,1076.626953125
49035,10,198,3,10,,,,,0,1076.626953125
49035,10,198,3,11,,,,,0,1076.626953125
49035,10,198,3,12,2,4.205418691097681,-3.777131780454357,0.848528137423857,0,1076.626953125
49035,10,198,3,13,,,,,0,1076.626953125
49035,10,198,3,14,2,7.7019605684423915,-3.6850915438097864,0.682842712474619,0,1076.626953125
49035,10,198,3,15,2,4.922560335216553,-2.99655830586428,0.7685569981889047,0,1076.626953125
49035,10,198,3,16,,,,,0,1076.626953125
49035,10,198,3,17,2,8.37902698024193,-2.910845432299718,0.6034068236642477,0,1076.626953125
49035,10,198,3,18,2,34.525937523122046,1.466946494370484,0.37888543819998316,0,1076.626953125
49035,10,198,3,19,2,42.25397328838244,1.6788744055702198,0.3414213562373095,0,1076.626953125
49035,10,198,3,20,2,32.63772458317749,1.6049754979655015,0.482842712474619,0,1076.626953125
49035,10,198,3,21,2,23.34617470335044,1.4709475074810852,0.3414213562373095,0,1076.626953125
49035,10,198,3,22,2,36.37980712466964,1.779313497099863,0.4242640687119285,0,1076.626953125
49035,10,198,3,23,2,26.520052295200614,1.7255774435464664,0.4242640687119285,0,1076.626953125
49035,10,198,3,24,2,46.009219328662525,1.918285122705096,0.37888543819998316,0,1076.626953125
49035,10,198,3,25,2,41.009263183931736,1.9178030122749947,0.482842712474619,0,1076.626953125
49035,10,198,3,26,2,31.009393322040193,1.9163723792409286,0.4242640687119285,0,1076.626953125
49035,10,198,3,27,2,21.00964734385141,1.9135798876826062,0.482842712474619,0,1076.626953125
49035,10,198,3,28,2,16.00989335283057,1.9108755141998628,0.3894427190999916,0,1076.626953125
49035,10,198,3,29,2,36.329764307820746,-4.227933637290664,0.4242640687119285,0,1076.626953125
49035,10,198,3,30,2,26.451362573104205,-4.177775126458709,0.4242640687119285,0,1076.626953125
49035,10,198,3,31,2,42.167772944781206,-4.125955723115877,0.3414213562373095,0,1076.626953125
49035,10,198,3,32,2,32.526049290293976,-4.0543107433097685,0.482842712474619,0,1076.626953125
49035,10,198,3,33,2,23.18979710447345,-3.923774244746527,0.3414213562373095,0,1076.626953125
49035,10,198,3,34,2,34.36749316652954,-3.915162083469246,0.4308640753373011,0,1076.626953125
49035,10,198,3,35,2,17.38924426381234,-3.142974859308069,0.613407053921902,0,1076.626953125
49035,10,198,3,36,2,22.670485334290916,-3.2972026732116255,0.682842712474619,0,1076.626953125
49035,10,198,3,37,2,20.708991017147728,-3.0845405872399603,0.8513997106635237,0,1076.626953125
49035,10,198,3,38,2,19.843732325455086,-2.8410117915253585,0.682842712474619,0,1076.626953125
49035,10,198,3,39,2,23.885078169826304,-3.1543922083758664,0.848528137423857,0,1076.626953125
49035,10,198,3,40,2,22.592219077255756,-2.9460936842749197,0.848528137423857,0,1076.626953125
49035,10,198,3,41,2,28.747932566532793,-3.319175130600014,0.613407053921902,0,1076.626953125
49035,10,198,3,42,2,27.150167760238993,-3.2076539099983656,0.8513997106635237,0,1076.626953125
49035,10,198,3,43,2,25.53513291653534,-3.027694716069796,0.848528137423857,0,1076.626953125
49035,10,198,3,44,2,24.838567122946777,-2.83077748471053,0.8513997106635237,0,1076.626953125
49035,10,198,3,45,2,24.942782508780702,-2.6901086639724836,0.613407053921902,0,1076.626953125
49035,10,198,3,46,2,28.612543810285977,-3.092099224216587,0.848528137423857,0,1076.626953125
49035,10,198,3,47,2,27.542495655832283,-2.917894835559231,0.848528137423857,0,1076.626953125
49035,10,198,3,48,2,31.785410387879878,-3.1438265444619815,0.682842712474619,0,1076.626953125
49035,10,198,3,49,2,30.4174903169533,-2.989003807964676,0.8513997106635237,0,1076.626953125
49035,10,198,3,50,2,29.835132324793765,-2.823970581164516,0.682842712474619,0,1076.626953125
49035,10,198,3,51,2,33.855578714057195,-2.9685800019652797,0.613407053921902,0,1076.626953125
49035,10,198,3,52,2,41.10223700739742,-3.8578214184876467,0.4308640753373011,0,1076.626953125
49035,10,198,3,53,2,52.27572843889485,-3.8662623588678757,0.3414213562373095,0,1076.626953125
49035,10,198,3,54,2,43.732992021231425,-3.757490777847411,0.482842712474619,0,1076.626953125
49035,10,198,3,55,2,35.94992904639873,-3.5989718400811137,0.3414213562373095,0,1076.626953125
49035,10,198,3,56,2,50.70348993501243,-3.7322542398916987,0.4242640687119285,0,1076.626953125
49035,10,198,3,57,2,43.0193758543975,-3.5951219898930713,0.4242640687119285,0,1076.626953125
49035,10,198,3,58,2,57.698467848381576,-3.7131268782880795,0.382842712474619,0,1076.626953125
49035,10,198,3,59,2,50.08928028393634,-3.592358890193074,0.4242640687119285,0,1076.626953125
49035,10,198,3,60,2,43.45985281469262,-3.4317235860824997,0.482842712474619,0,1076.626953125
49035,10,198,3,61,2,40.665344094581954,-3.3330577344388024,0.37888543819998316,0,1076.626953125
49035,10,198,3,62,2,57.15947252926281,-3.5902793265848025,0.4242640687119285,0,1076.626953125
49035,10,198,3,63,2,50.4680899889778,-3.4518067013236493,0.4242640687119285,0,1076.626953125
49035,10,198,3,64,2,64.22985754525978,-3.5886575914758483,0.3414213562373095,0,1076.626953125
49035,10,198,3,65,2,57.49171599105715,-3.466987742113596,0.382842712474619,0,1076.626953125
49035,10,198,3,66,2,51.81814561433464,-3.315973476185193,0.3414213562373095,0,1076.626953125
49035,10,199,5,1,,,,,0,1076.9599609375
49035,10,199,5,2,,,,,0,1076.9599609375
49035,10,199,5,3,,,,,0,1076.9599609375
49035,10,199,5,4,,,,,0,1076.9599609375
49035,10,199,5,5,2,5.086338689553103,-4.590235541910871,0.6366888663207728,1,1076.9599609375
49035,10,199,5,6,,,,,0,1076.9599609375
49035,10,199,5,7,2,11.46395720867792,-4.42564835770199,0.6034068236642477,0,1076.9599609375
49035,10,199,5,8,2,8.139514181024664,-4.312275591842561,0.8513997106635237,0,1076.9599609375
49035,10,199,5,9,,,,,0,1076.9599609375
49035,10,199,5,10,,,,,0,1076.9599609375
49035,10,199,5,11,,,,,0,1076.9599609375
49035,10,199,5,12,2,7.485429167928661,-3.8633880695766916,0.848528137423857,0,1076.9599609375
49035,10,199,5,13,,,,,0,1076.9599609375
49035,10,199,5,14,2,11.018734031926444,-3.8772097997936825,0.682842712474619,0,1076.9599609375
49035,10,199,5,15,2,8.414963372056514,-3.430208846025252,0.7685569981889047,0,1076.9599609375
49035,10,199,5,16,,,,,0,1076.9599609375
49035,10,199,5,17,2,11.797210456176298,-3.3398266230101448,0.6034068236642477,0,1076.9599609375
49035,10,199,5,18,2,34.6954423661064,1.2386422781237585,0.37888543819998316,0,1076.9599609375
49035,10,199,5,19,2,43.129297603480694,1.42866477889428,0.3414213562373095,0,1076.9599609375
49035,10,199,5,20,2,33.3006686050452,1.3800189997037922,0.482842712474619,0,1076.9599609375
49035,10,199,5,21,2,23.616366090414513,1.2910977300576596,0.3414213562373095,0,1076.9599609375
49035,10,199,5,22,2,37.61244779616924,1.538539909455151,0.4242640687119285,0,1076.9599609375
49035,10,199,5,23,2,27.631403275856155,1.519449475156384,0.4242640687119285,0,1076.9599609375
49035,10,199,5,24,2,47.655627369801266,-4.628543155820029,0.37888543819998316,0,1076.9599609375
49035,10,199,5,25,2,42.66682468729154,-4.621126426123306,0.482842712474619,0,1076.9599609375
49035,10,199,5,26,2,32.69948236088008,-4.5995069278386955,0.4242640687119285,0,1076.9599609375
49035,10,199,5,27,2,22.760807640392407,-4.558971629595646,0.482842712474619,0,1076.9599609375
49035,10,199,5,28,2,17.817224063519664,-4.521776556355871,0.4538461538461539,0,1076.9599609375
49035,10,199,5,29,2,38.40596107827562,-4.481608915586139,0.4242640687119285,0,1076.9599609375
49035,10,199,5,30,2,28.70219615498889,-4.4088256008294735,0.4242640687119285,0,1076.9599609375
49035,10,199,5,31,2,44.505949557587634,-4.39507929466254,0.3414213562373095,0,1076.9599609375
49035,10,199,5,32,2,35.06533564356646,-4.311578817451156,0.482842712474619,0,1076.9599609375
49035,10,199,5,33,2,26.045651874533878,-4.16857479698474,0.3414213562373095,0,1076.9599609375
49035,10,199,5,34,2,37.212075625517116,-4.186487573233477,0.4308640753373011,0,1076.9599609375
49035,10,199,5,35,2,20.9292226172347,-3.490655947363174,0.613407053921902,0,1076.9599609375
49035,10,199,5,36,2,26.220141427332393,-3.620621268477035,0.682842712474619,0,1076.9599609375
49035,10,199,5,37,2,24.225914334778597,-3.438445307808186,0.8513997106635237,0,1076.9599609375
49035,10,199,5,38,2,23.15802310739736,-3.231853343707005,0.682842712474619,0,1076.9599609375
49035,10,199,5,39,2,27.427646183992675,-3.4966306041517865,0.848528137423857,0,1076.9599609375
49035,10,199,5,40,2,26.012975302356452,-3.3168480859344207,0.848528137423857,0,1076.9599609375
49035,10,199,5,41,2,32.29283587441403,-3.6415928788256897,0.613407053921902,0,1076.9599609375
49035,10,199,5,42,2,30.702713642812498,-3.542531810548014,0.8513997106635237,0,1076.9599609375
49035,10,199,5,43,2,29.018196600051898,-3.3846485844861354,0.848528137423857,0,1076.9599609375
49035,10,199,5,44,2,28.13280723294393,-3.2122044329936217,0.8513997106635237,0,1076.9599609375
49035,10,199,5,45,2,28.031842947381918,-3.0875418371343897,0.613407053921902,0,1076.9599609375
49035,10,199,5,46,2,32.131551219284766,-3.439523823338503,0.848528137423857,0,1076.9599609375
49035,10,199,5,47,2,30.93276083126495,-3.2854002298470384,0.848528137423857,0,1076.9599609375
49035,10,199,5,48,2,35.32445942397106,-3.484595154066968,0.682842712474619,0,1076.9599609375
49035,10,199,5,49,2,33.8705852102159,-3.34617958233925,0.8513997106635237,0,1076.9599609375
49035,10,199,5,50,2,33.11518762394704,-3.1984640619006246,0.682842712474619,0,1076.9599609375
49035,10,199,5,51,2,37.2904694054226,-3.3252285136419477,0.613407053921902,0,1076.9599609375
49035,10,199,5,52,2,44.05110977076195,-4.142110779598067,0.4308640753373011,0,1076.9599609375
49035,10,199,5,53,2,55.198395473288116,-4.159532792686606,0.3414213562373095,0,1076.9599609375
49035,10,199,5,54,2,46.85788173401516,-4.051002445541587,0.482842712474619,0,1076.9599609375
49035,10,199,5,55,2,39.299609392109595,-3.8982717776524742,0.3414213562373095,0,1076.9599609375
49035,10,199,5,56,2,53.86485663468775,-4.032094753177721,0.4242640687119285,0,1076.9599609375
49035,10,199,5,57,2,46.37047549949108,-3.899522892894388,0.4242640687119285,0,1076.9599609375
49035,10,199,5,58,2,60.88665272415604,-4.017543897651788,0.382842712474619,0,1076.9599609375
49035,10,199,5,59,2,53.4413949829663,-3.9004429350159855,0.4242640687119285,0,1076.9599609375
49035,10,199,5,60,2,46.95509467032149,-3.748359367523909,0.482842712474619,0,1076.9599609375
49035,10,199,5,61,2,44.206108451045225,-3.656656862071787,0.37888543819998316,0,1076.9599609375
49035,10,199,5,62,2,60.51234913141226,-3.901147961160002,0.4242640687119285,0,1076.9599609375
49035,10,199,5,63,2,53.94944499413657,-3.7689987342817064,0.4242640687119285,0,1076.9599609375
49035,10,199,5,64,2,67.58332706428742,-3.9017054593049254,0.3414213562373095,0,1076.9599609375
49035,10,199,5,65,2,60.9614986270177,-3.7848955782629092,0.382842712474619,0,1076.9599609375
49035,10,199,5,66,2,55.36336814740699,-3.642142786861167,0.3414213562373095,0,1076.9599609375
49035,10,200,12,1,,,,,0,1077.177001953125
49035,10,200,12,2,2,5.667910088115251,5.89869205732105,0.49033749051054326,0,1077.177001953125
49035,10,200,12,3,,,,,0,1077.177001953125
49035,10,200,12,4,,,,,0,1077.177001953125
49035,10,200,12,5,,,,,0,1077.177001953125
49035,10,200,12,6,,,,,0,1077.177001953125
49035,10,200,12,7,2,9.800716381442145,0.22759270314527313,0.613407053921902,0,1077.177001953125
49035,10,200,12,8,2,6.711252595565162,0.4307428465678189,0.7685569981889047,0,1077.177001953125
49035,10,200,12,9,,,,,0,1077.177001953125
49035,10,200,12,10,,,,,0,1077.177001953125
49035,10,200,12,11,,,,,0,1077.177001953125
49035,10,200,12,12,2,6.986473687380745,0.951362046379097,0.848528137423857,1,1077.177001953125
49035,10,200,12,13,,,,,0,1077.177001953125
49035,10,200,12,14,2,10.390217420054386,0.8390605472476498,0.682842712474619,0,1077.177001953125
49035,10,200,12,15,2,8.807991698874773,1.3400854525269759,0.7685569981889047,0,1077.177001953125
49035,10,200,12,16,,,,,0,1077.177001953125
49035,10,200,12,17,2,12.303321194360974,1.3574491340782553,0.6034068236642477,0,1077.177001953125
49035,10,200,12,18,2,32.52957566339729,5.7617754259623934,0.37888543819998316,0,1077.177001953125
49035,10,200,12,19,2,41.01025237684255,5.961575190506155,0.3414213562373095,0,1077.177001953125
49035,10,200,12,20,2,31.162300933583364,5.912975807385844,0.482842712474619,0,1077.177001953125
49035,10,200,12,21,2,21.45547014022534,5.819984943398374,0.3414213562373095,0,1077.177001953125
49035,10,200,12,22,2,35.558129961772266,6.079555578656686,0.4242640687119285,0,1077.177001953125
49035,10,200,12,23,2,25.566165254906284,6.0662623784410545,0.4242640687119285,0,1077.177001953125
49035,10,200,12,24,2,45.69516510036831,-0.08656774608140339,0.37888543819998316,0,1077.177001953125
49035,10,200,12,25,2,40.7145209143048,-0.07637767777803495,0.482842712474619,0,1077.177001953125
49035,10,200,12,26,2,30.772071960533523,-0.04610997921810345,0.4242640687119285,0,1077.177001953125
49035,10,200,12,27,2,20.884650157643154,0.012922017896074056,0.482842712474619,0,1077.177001953125
49035,10,200,12,28,2,15.99352093626008,0.06970933022769321,0.4538461538461539,0,1077.177001953125
49035,10,200,12,29,2,36.60890628859772,0.07288016394537866,0.4242640687119285,0,1077.177001953125
49035,10,200,12,30,2,27.008521231459902,0.16191353828958066,0.4242640687119285,0,1077.177001953125
49035,10,200,12,31,2,42.81943047905245,0.1582942931814788,0.3414213562373095,0,1077.177001953125
49035,10,200,12,32,2,33.50748910338249,0.25456674508350563,0.482842712474619,0,1077.177001953125
49035,10,200,12,33,2,24.738634268612874,0.4217221572868417,0.3414213562373095,0,1077.177001953125
49035,10,200,12,34,2,35.856206333741135,0.3819975917792733,0.4308640753373011,0,1077.177001953125
49035,10,200,12,35,2,21.0336098493673,1.1347440112187908,0.613407053921902,0,1077.177001953125
49035,10,200,12,36,2,26.02075399000038,0.9842131976037012,0.682842712474619,0,1077.177001953125
49035,10,200,12,37,2,24.42752009393434,1.17247504475958,0.8513997106635237,0,1077.177001953125
49035,10,200,12,38,2,23.797643531892216,1.378565783191582,0.682842712474619,0,1077.177001953125
49035,10,200,12,39,2,27.49271797023903,1.1044709088527793,0.848528137423857,0,1077.177001953125
49035,10,200,12,40,2,26.466462572896845,1.286132993586436,0.848528137423857,0,1077.177001953125
49035,10,200,12,41,2,32.03136704904476,0.9475123745722951,0.613407053921902,0,1077.177001953125
49035,10,200,12,42,2,30.65934351617207,1.050304573275891,0.8513997106635237,0,1077.177001953125
49035,10,200,12,43,2,29.319267463122053,1.2111443660528882,0.848528137423857,0,1077.177001953125
49035,10,200,12,44,2,28.796589108877683,1.3824881419756587,0.8513997106635237,0,1077.177001953125
49035,10,200,12,45,2,28.94357293282128,1.5036885259699269,0.613407053921902,0,1077.177001953125
49035,10,200,12,46,2,32.30735594296794,1.1497320033281413,0.848528137423857,0,1077.177001953125
49035,10,200,12,47,2,31.43866008208796,1.3043872167273403,0.848528137423857,0,1077.177001953125
49035,10,200,12,48,2,35.3964836032785,1.0988735653195025,0.682842712474619,0,1077.177001953125
49035,10,200,12,49,2,34.2423006120881,1.2387266243878734,0.8513997106635237,0,1077.177001953125
49035,10,200,12,50,2,33.79584665221533,1.38525010194191,0.682842712474619,0,1077.177001953125
49035,10,200,12,51,2,37.70047938491995,1.2537405877751606,0.613407053921902,0,1077.177001953125
49035,10,200,12,52,2,42.76633184586789,0.4203065735576228,0.4308640753373011,0,1077.177001953125
49035,10,200,12,53,2,53.87603035416144,0.3941639863636084,0.3414213562373095,0,1077.177001953125
49035,10,200,12,54,2,45.73701833510155,0.5112742843037803,0.482842712474619,0,1077.177001953125
49035,10,200,12,55,2,38.48536144624741,0.6755819436743287,0.3414213562373095,0,1077.177001953125
49035,10,200,12,56,2,52.77467624806894,0.5252488492588738,0.4242640687119285,0,1077.177001953125
49035,10,200,12,57,2,45.54574241958717,0.6662998093371142,0.4242640687119285,0,1077.177001953125
49035,10,200,12,58,2,59.82021447630866,0.5359333026096791,0.382842712474619,0,1077.177001953125
49035,10,200,12,59,2,52.60899409278283,0.6595096412957933,0.4242640687119285,0,1077.177001953125
49035,10,200,12,60,2,46.44302379171009,0.8189500842215116,0.482842712474619,0,1077.177001953125
49035,10,200,12,61,2,43.89280759587833,0.9142408847410182,0.37888543819998316,0,1077.177001953125
49035,10,200,12,62,2,59.67409711388631,0.654327120445994,0.4242640687119285,0,1077.177001953125
49035,10,200,12,63,2,53.387695827975435,0.7922196268050019,0.4242640687119285,0,1077.177001953125
49035,10,200,12,64,2,66.74046353795133,0.6502419413478897,0.3414213562373095,0,1077.177001953125
49035,10,200,12,65,2,60.36172357316764,0.7716538962739117,0.382842712474619,0,1077.177001953125
49035,10,200,12,66,2,55.070735170200805,0.9189645509812485,0.3414213562373095,0,1077.177001953125
49035,10,201,15,1,2,7.936410450705153,3.203689231286436,0.34843944249725717,0,1077.5269775390625
49035,10,201,15,2,2,5.261601884758833,4.080446470108551,0.5276927682076162,0,1077.5269775390625
49035,10,201,15,3,,,,,0,1077.5269775390625
49035,10,201,15,4,,,,,0,1077.5269775390625
49035,10,201,15,5,,,,,0,1077.5269775390625
49035,10,201,15,6,,,,,0,1077.5269775390625
49035,10,201,15,7,2,6.692633784949846,-1.1557352034736095,0.613407053921902,0,1077.5269775390625
49035,10,201,15,8,2,3.242630812937268,-1.0291136982314706,0.6857142857142857,0,1077.5269775390625
49035,10,201,15,9,,,,,0,1077.5269775390625
49035,10,201,15,10,,,,,0,1077.5269775390625
49035,10,201,15,11,,,,,0,1077.5269775390625
49035,10,201,15,12,,,,,0,1077.5269775390625
49035,10,201,15,13,,,,,0,1077.5269775390625
49035,10,201,15,14,2,6.58368094490633,-0.20052415113641198,0.5638463841038082,0,1077.5269775390625
49035,10,201,15,15,2,6.072738374852461,0.6079315801965344,0.6271356419515952,1,1077.5269775390625
49035,10,201,15,16,,,,,0,1077.5269775390625
49035,10,201,15,17,2,9.466218437482016,0.49485163715420066,0.5555604578187299,0,1077.5269775390625
49035,10,201,15,18,2,31.533435763926164,4.542462218473657,0.37888543819998316,0,1077.5269775390625
49035,10,201,15,19,2,39.24437766232004,4.773108510268968,0.3414213562373095,0,1077.5269775390625
49035,10,201,15,20,2,29.617355912926634,4.693726676838722,0.482842712474619,0,1077.5269775390625
49035,10,201,15,21,2,20.353239654736445,4.5402240876819775,0.3414213562373095,0,1077.5269775390625
49035,10,201,15,22,2,33.41383957109987,4.88364219986622,0.4242640687119285,0,1077.5269775390625
49035,10,201,15,23,2,23.52767026403944,4.829975520920984,0.4242640687119285,0,1077.5269775390625
49035,10,201,15,24,2,43.15377482803035,-1.254855193919353,0.37888543819998316,0,1077.5269775390625
49035,10,201,15,25,2,38.154705849913576,-1.2524773881386495,0.482842712474619,0,1077.5269775390625
49035,10,201,15,26,2,28.15755976045501,-1.2451889648590249,0.4242640687119285,0,1077.5269775390625
49035,10,201,15,27,2,18.163555952339323,-1.2298783037780376,0.482842712474619,0,1077.5269775390625
49035,10,201,15,28,2,13.169968163167448,-1.2135110182209479,0.4538461538461539,0,1077.5269775390625
49035,10,201,15,29,2,33.64736357092224,-1.100272028691308,0.4242640687119285,0,1077.5269775390625
49035,10,201,15,30,2,23.858157272597367,-1.028170726230575,0.4242640687119285,0,1077.5269775390625
49035,10,201,15,31,2,39.641417468148816,-0.9975157507974495,0.3414213562373095,0,1077.5269775390625
49035,10,201,15,32,2,30.141475943527055,-0.9071470593728468,0.482842712474619,0,1077.5269775390625
49035,10,201,15,33,2,21.108651430737734,-0.7368462536220499,0.3414213562373095,0,1077.5269775390625
49035,10,201,15,34,2,32.269781100117996,-0.7619480709271995,0.4308640753373011,0,1077.5269775390625
49035,10,201,15,35,2,17.56713736593249,0.11770075969589344,0.613407053921902,0,1077.5269775390625
49035,10,201,15,36,2,22.322682607275883,-0.07578419264255243,0.682842712474619,0,1077.5269775390625
49035,10,201,15,37,2,21.019882382407857,0.1475307025853676,0.8513997106635237,0,1077.5269775390625
49035,10,201,15,38,2,20.865491893443185,0.3867351847426379,0.682842712474619,0,1077.5269775390625
49035,10,201,15,39,2,23.957961248306898,0.05986595650139792,0.848528137423857,0,1077.5269775390625
49035,10,201,15,40,2,23.291998706861932,0.27002806408871916,0.848528137423857,0,1077.5269775390625
49035,10,201,15,41,2,28.29150139831627,-0.12648695807810362,0.613407053921902,0,1077.5269775390625
49035,10,201,15,42,2,27.039459295268642,-0.008248096146630468,0.8513997106635237,0,1077.5269775390625
49035,10,201,15,43,2,25.974326854907574,0.17635155315658335,0.848528137423857,0,1077.5269775390625
49035,10,201,15,44,2,25.849544525013506,0.369553627418294,0.8513997106635237,0,1077.5269775390625
49035,10,201,15,45,2,26.3329121017827,0.5025165212770573,0.613407053921902,0,1077.5269775390625
49035,10,201,15,46,2,28.841187690015254,0.10073743603187002,0.848528137423857,0,1077.5269775390625
49035,10,201,15,47,2,28.290411873208395,0.2749349805318635,0.848528137423857,0,1077.5269775390625
49035,10,201,15,48,2,31.84277876027471,0.03907828729631535,0.682842712474619,0,1077.5269775390625
49035,10,201,15,49,2,30.943429928837645,0.19592810679401906,0.8513997106635237,0,1077.5269775390625
49035,10,201,15,50,2,30.838760551390003,0.3579289033917674,0.682842712474619,0,1077.5269775390625
49035,10,201,15,51,2,34.42712587332268,0.2062666133820903,0.613407053921902,0,1077.5269775390625
49035,10,201,15,52,2,39.123339272865785,-0.7129635938009571,0.4308640753373011,0,1077.5269775390625
49035,10,201,15,53,2,50.263299562254254,-0.7343725675858144,0.3414213562373095,0,1077.5269775390625
49035,10,201,15,54,2,41.993640900201484,-0.6119151100478888,0.482842712474619,0,1077.5269775390625
49035,10,201,15,55,2,34.64870083026549,-0.4337745874617176,0.3414213562373095,0,1077.5269775390625
49035,10,201,15,56,2,49.01798424726688,-0.594027704937544,0.4242640687119285,0,1077.5269775390625
49035,10,201,15,57,2,41.71126194249546,-0.4428955097359446,0.4242640687119285,0,1077.5269775390625
49035,10,201,15,58,2,56.05407820378044,-0.5806274365764215,0.382842712474619,0,1077.5269775390625
49035,10,201,15,59,2,48.776288055219,-0.4493745992495195,0.4242640687119285,0,1077.5269775390625
49035,10,201,15,60,2,42.61681440013866,-0.2763707135605835,0.482842712474619,0,1077.5269775390625
49035,10,201,15,61,2,40.121392874636705,-0.17154067704201292,0.37888543819998316,0,1077.5269775390625
49035,10,201,15,62,2,55.84284358855599,-0.45421407637126343,0.4242640687119285,0,1077.5269775390625
49035,10,201,15,63,2,49.55289873686599,-0.30629380117666516,0.4242640687119285,0,1077.5269775390625
49035,10,201,15,64,2,62.910413157649494,-0.4579662590507154,0.3414213562373095,0,1077.5269775390625
49035,10,201,15,65,2,56.52244400975886,-0.32885376933559707,0.382842712474619,0,1077.5269775390625
49035,10,201,15,66,2,51.30159130091864,-0.17030100607260046,0.3414213562373095,0,1077.5269775390625
49035,10,202,17,1,2,11.40779939254501,2.5415647029924555,0.34843944249725717,0,1077.7769775390625
49035,10,202,17,2,2,8.522884639975144,3.094019130378639,0.5276927682076162,0,1077.7769775390625
49035,10,202,17,3,,,,,0,1077.7769775390625
49035,10,202,17,4,,,,,0,1077.7769775390625
49035,10,202,17,5,,,,,0,1077.7769775390625
49035,10,202,17,6,,,,,0,1077.7769775390625
49035,10,202,17,7,2,7.479033280756062,3.8662472741717755,0.613407053921902,0,1077.7769775390625
49035,10,202,17,8,2,4.431699586184573,3.566092717044296,0.6857142857142857,0,1077.7769775390625
49035,10,202,17,9,,,,,0,1077.7769775390625
49035,10,202,17,10,,,,,0,1077.7769775390625
49035,10,202,17,11,,,,,0,1077.7769775390625
49035,10,202,17,12,,,,,0,1077.7769775390625
49035,10,202,17,13,,,,,0,1077.7769775390625
49035,10,202,17,14,2,4.0792597193673235,-1.4635824620015836,0.5276927682076162,0,1077.7769775390625
49035,10,202,17,15,,,,,0,1077.7769775390625
49035,10,202,17,16,,,,,0,1077.7769775390625
49035,10,202,17,17,2,5.910942593401563,-0.19448562839413297,0.3712501974171229,1,1077.7769775390625
49035,10,202,17,18,2,33.54691860838996,3.690662471071983,0.37888543819998316,0,1077.7769775390625
49035,10,202,17,19,2,40.51047938342797,3.9284941974408714,0.3414213562373095,0,1077.7769775390625
49035,10,202,17,20,2,31.18326709557234,3.8269943063173404,0.482842712474619,0,1077.7769775390625
49035,10,202,17,21,2,22.443113724090665,3.6430631053781584,0.3414213562373095,0,1077.7769775390625
49035,10,202,17,22,2,34.33289882824254,4.020782184315776,0.4242640687119285,0,1077.7769775390625
49035,10,202,17,23,2,24.699092064871536,3.928670392881571,0.4242640687119285,0,1077.7769775390625
49035,10,202,17,24,2,43.52529303413752,4.185595568428069,0.37888543819998316,0,1077.7769775390625
49035,10,202,17,25,2,38.53699180199294,4.177249011097014,0.482842712474619,0,1077.7769775390625
49035,10,202,17,26,2,28.57266077959022,4.1518176170443235,0.4242640687119285,0,1077.7769775390625
49035,10,202,17,27,2,18.646558687977667,4.099239795864843,0.482842712474619,0,1077.7769775390625
49035,10,202,17,28,2,13.723802473932889,4.044504738752087,0.4538461538461539,0,1077.7769775390625
49035,10,202,17,29,2,33.50744304213717,-1.967510280573199,0.4242640687119285,0,1077.7769775390625
49035,10,202,17,30,2,23.538180603027257,-1.9396123038373598,0.4242640687119285,0,1077.7769775390625
49035,10,202,17,31,2,39.10371509739963,-1.848032446301753,0.3414213562373095,0,1077.7769775390625
49035,10,202,17,32,2,29.332537246158264,-1.7852189634090163,0.482842712474619,0,1077.7769775390625
49035,10,202,17,33,2,19.791284651985677,-1.6608731894236664,0.3414213562373095,0,1077.7769775390625
49035,10,202,17,34,2,30.94185094549332,-1.6279214522003247,0.4308640753373011,0,1077.7769775390625
49035,10,202,17,35,2,14.124138087704345,-0.7080939044646211,0.613407053921902,0,1077.7769775390625
49035,10,202,17,36,2,19.15706011699902,-0.9183688749452996,0.682842712474619,0,1077.7769775390625
49035,10,202,17,37,2,17.539713673992672,-0.6595428550362175,0.8513997106635237,0,1077.7769775390625
49035,10,202,17,38,2,17.2710786925709,-0.37168920883923584,0.682842712474619,0,1077.7769775390625
49035,10,202,17,39,2,20.574679909148333,-0.7550460453687897,0.848528137423857,0,1077.7769775390625
49035,10,202,17,40,2,19.722222410348262,-0.5098527810720375,0.848528137423857,0,1077.7769775390625
49035,10,202,17,41,2,25.204946509656533,-0.9557066196396462,0.613407053921902,0,1077.7769775390625
49035,10,202,17,42,2,23.74854418616389,-0.8255320138812958,0.8513997106635237,0,1077.7769775390625
49035,10,202,17,43,2,22.46423723168694,-0.6159376971360593,0.848528137423857,0,1077.7769775390625
49035,10,202,17,44,2,22.255124305221052,-0.39204678648502145,0.8513997106635237,0,1077.7769775390625
49035,10,202,17,45,2,22.77047606547506,-0.23811220913353193,0.613407053921902,0,1077.7769775390625
49035,10,202,17,46,2,25.40310713278548,-0.698237373086354,0.848528137423857,0,1077.7769775390625
49035,10,202,17,47,2,24.717735645465332,-0.5002612353267266,0.848528137423857,0,1077.7769775390625
49035,10,202,17,48,2,28.47795199093578,-0.7631300251890787,0.682842712474619,0,1077.7769775390625
49035,10,202,17,49,2,27.416096604684157,-0.5880460980138102,0.8513997106635237,0,1077.7769775390625
49035,10,202,17,50,2,27.245017094446926,-0.40495126722613484,0.682842712474619,0,1077.7769775390625
49035,10,202,17,51,2,30.891627216488274,-0.5738496196998013,0.613407053921902,0,1077.7769775390625
49035,10,202,17,52,2,37.59986615840087,-1.5580909132144012,0.4308640753373011,0,1077.7769775390625
49035,10,202,17,53,2,48.77963844563489,-1.5607214596401813,0.3414213562373095,0,1077.7769775390625
49035,10,202,17,54,2,40.13415420518444,-1.4470801482633198,0.482842712474619,0,1077.7769775390625
49035,10,202,17,55,2,32.280761153420556,-1.2748756647906705,0.3414213562373095,0,1077.7769775390625
49035,10,202,17,56,2,47.086113971765144,-1.4173495289845153,0.4242640687119285,0,1077.7769775390625
49035,10,202,17,57,2,39.3497056639655,-1.2700139608405119,0.4242640687119285,0,1077.7769775390625
49035,10,202,17,58,2,54.06897376646416,-1.3952826349550584,0.382842712474619,0,1077.7769775390625
49035,10,202,17,59,2,46.41929696836491,-1.2666330568845037,0.4242640687119285,0,1077.7769775390625
49035,10,202,17,60,2,39.825222383759694,-1.0915595275629124,0.482842712474619,0,1077.7769775390625
49035,10,202,17,61,2,37.103866932642546,-0.9823873260471434,0.37888543819998316,0,1077.7769775390625
49035,10,202,17,62,2,53.489278610145654,-1.2641458769725833,0.4242640687119285,0,1077.7769775390625
49035,10,202,17,63,2,46.82307265774479,-1.1150633689505371,0.4242640687119285,0,1077.7769775390625
49035,10,202,17,64,2,60.559513880399656,-1.26223943673801,0.3414213562373095,0,1077.7769775390625
49035,10,202,17,65,2,53.84005876955355,-1.1324483179836744,0.382842712474619,0,1077.7769775390625
49035,10,202,17,66,2,48.27058250309025,-0.9693490628520529,0.3414213562373095,0,1077.7769775390625
49035,10,203,14,1,2,14.734946651608931,3.340541191366379,0.429096793520295,0,1078.1099853515625
49035,10,203,14,2,2,12.202069714562667,3.7576803570696047,0.5276927682076162,0,1078.1099853515625
49035,10,203,14,3,,,,,0,1078.1099853515625
49035,10,203,14,4,2,12.392889424644258,2.9203843556921063,0.3532891032037997,0,1078.1099853515625
49035,10,203,14,5,,,,,0,1078.1099853515625
49035,10,203,14,6,,,,,0,1078.1099853515625
49035,10,203,14,7,2,10.352154570397715,4.281129372584279,0.613407053921902,0,1078.1099853515625
49035,10,203,14,8,2,7.846000592005493,4.009199347719767,0.6857142857142857,0,1078.1099853515625
49035,10,203,14,9,,,,,0,1078.1099853515625
49035,10,203,14,10,,,,,0,1078.1099853515625
49035,10,203,14,11,,,,,0,1078.1099853515625
49035,10,203,14,12,,,,,0,1078.1099853515625
49035,10,203,14,13,,,,,0,1078.1099853515625
49035,10,203,14,14,2,4.922290651765057,4.674057645404751,0.4638463841038081,1,1078.1099853515625
49035,10,203,14,15,,,,,0,1078.1099853515625
49035,10,203,14,16,,,,,0,1078.1099853515625
49035,10,203,14,17,,,,,0,1078.1099853515625
49035,10,203,14,18,2,36.562536262499776,4.307634595009767,0.37888543819998316,0,1078.1099853515625
49035,10,203,14,19,2,42.95107769247358,4.53968963974867,0.3414213562373095,0,1078.1099853515625
49035,10,203,14,20,2,33.90410414562393,4.427983222223989,0.482842712474619,0,1078.1099853515625
49035,10,203,14,21,2,25.576971691146827,4.239675036828873,0.3414213562373095,0,1078.1099853515625
49035,10,203,14,22,2,36.535063930446476,4.614740819459562,0.4242640687119285,0,1078.1099853515625
49035,10,203,14,23,2,27.193824655134907,4.501436034295934,0.4242640687119285,0,1078.1099853515625
49035,10,203,14,24,2,45.197200282762005,4.788914183547865,0.37888543819998316,0,1078.1099853515625
49035,10,203,14,25,2,40.2508821628335,4.771782230545772,0.482842712474619,0,1078.1099853515625
49035,10,203,14,26,2,30.410963777209037,4.720839192922774,0.4242640687119285,0,1078.1099853515625
49035,10,203,14,27,2,20.724862383888883,4.621780815065443,0.482842712474619,0,1078.1099853515625
49035,10,203,14,28,2,16.027055946659026,4.527815745039738,0.4538461538461539,0,1078.1099853515625
49035,10,203,14,29,2,34.78720075463413,4.89180986715575,0.4242640687119285,0,1078.1099853515625
49035,10,203,14,30,2,24.796018618230416,4.877514217192347,0.4242640687119285,0,1078.1099853515625
49035,10,203,14,31,2,39.94335933328235,-1.2614747585465083,0.3414213562373095,0,1078.1099853515625
49035,10,203,14,32,2,30.00275250373083,-1.230036934348681,0.482842712474619,0,1078.1099853515625
49035,10,203,14,33,2,20.121092434868903,-1.1675978967096168,0.3414213562373095,0,1078.1099853515625
49035,10,203,14,34,2,31.02957263274552,-1.0694865603085308,0.4308640753373011,0,1078.1099853515625
49035,10,203,14,35,2,11.31892888894841,-0.21967976879272055,0.613407053921902,0,1078.1099853515625
49035,10,203,14,36,2,16.878684892086735,-0.4020880464783103,0.682842712474619,0,1078.1099853515625
49035,10,203,14,37,2,14.568342567792778,-0.118361037822317,0.8513997106635237,0,1078.1099853515625
49035,10,203,14,38,2,13.768921768198448,0.2319181913317947,0.682842712474619,0,1078.1099853515625
49035,10,203,14,39,2,17.81566486030795,-0.20517555300163104,0.848528137423857,0,1078.1099853515625
49035,10,203,14,40,2,16.423900751679476,0.07650403335694866,0.848528137423857,0,1078.1099853515625
49035,10,203,14,41,2,22.981875524349963,-0.4004317788609695,0.613407053921902,0,1078.1099853515625
49035,10,203,14,42,2,21.155595563752396,-0.2649189552289781,0.8513997106635237,0,1078.1099853515625
49035,10,203,14,43,2,19.362484994010096,-0.033792185197898394,0.848528137423857,0,1078.1099853515625
49035,10,203,14,44,2,18.76838902595191,0.22737789803435438,0.8513997106635237,0,1078.1099853515625
49035,10,203,14,45,2,19.134916975775372,0.41131065044349024,0.613407053921902,0,1078.1099853515625
49035,10,203,14,46,2,22.473698725076712,-0.1143209365951563,0.848528137423857,0,1078.1099853515625
49035,10,203,14,47,2,21.387233011114848,0.1087553721538006,0.848528137423857,0,1078.1099853515625
49035,10,203,14,48,2,25.694910850745586,-0.1749752617824134,0.682842712474619,0,1078.1099853515625
49035,10,203,14,49,2,24.23994730014835,0.016995431776898107,0.8513997106635237,0,1078.1099853515625
49035,10,203,14,50,2,23.76808041471114,0.22474769822762353,0.682842712474619,0,1078.1099853515625
49035,10,203,14,51,2,27.680200488678935,0.04185569691145319,0.613407053921902,0,1078.1099853515625
49035,10,203,14,52,2,37.39193758359316,-0.9788721420744706,0.4308640753373011,0,1078.1099853515625
49035,10,203,14,53,2,48.54001455761646,-0.9589494049858807,0.3414213562373095,0,1078.1099853515625
49035,10,203,14,54,2,39.50729320297747,-0.8609301204194695,0.482842712474619,0,1078.1099853515625
49035,10,203,14,55,2,31.072808357122177,-0.7074537303828905,0.3414213562373095,0,1078.1099853515625
49035,10,203,14,56,2,46.326545680749035,-0.8172103162269233,0.4242640687119285,0,1078.1099853515625
49035,10,203,14,57,2,38.089920421063354,-0.6821104610442055,0.4242640687119285,0,1078.1099853515625
49035,10,203,14,58,2,53.21157254954061,-0.7847548931417225,0.382842712474619,0,1078.1099853515625
49035,10,203,14,59,2,45.12388121790319,-0.6646597852538172,0.4242640687119285,0,1078.1099853515625
49035,10,203,14,60,2,37.95863352571913,-0.49591144878010485,0.482842712474619,0,1078.1099853515625
49035,10,203,14,61,2,34.90278585766549,-0.3871313158456633,0.37888543819998316,0,1078.1099853515625
49035,10,203,14,62,2,52.16787588786737,-0.6519186281963554,0.4242640687119285,0,1078.1099853515625
49035,10,203,14,63,2,45.013114507045,-0.5076215873295882,0.4242640687119285,0,1078.1099853515625
49035,10,203,14,64,2,59.218323964263206,-0.6422100803098882,0.3414213562373095,0,1078.1099853515625
49035,10,203,14,65,2,52.07209517686841,-0.5161577542636173,0.382842712474619,0,1078.1099853515625
49035,10,203,14,66,2,46.00213363618317,-0.3536056657374036,0.3414213562373095,0,1078.1099853515625
49035,10,204,8,1,2,16.56894579819069,-1.3696919554779494,0.429096793520295,0,1078.6099853515625
49035,10,204,8,2,2,12.46854212830335,-1.0538596585641689,0.5276927682076162,0,1078.6099853515625
49035,10,204,8,3,,,,,0,1078.6099853515625
49035,10,204,8,4,2,15.642843462565809,-1.7466333482707437,0.42769276820761626,0,1078.6099853515625
49035,10,204,8,5,,,,,0,1078.6099853515625
49035,10,204,8,6,,,,,0,1078.6099853515625
49035,10,204,8,7,2,8.480181108813847,-0.6007124985024976,0.6034068236642477,0,1078.6099853515625
49035,10,204,8,8,2,7.476320934420559,-1.0249827447762936,0.5871183110269644,1,1078.6099853515625
49035,10,204,8,9,,,,,0,1078.6099853515625
49035,10,204,8,10,,,,,0,1078.6099853515625
49035,10,204,8,11,2,14.953637904526424,-2.145779383855732,0.3211094912586525,0,1078.6099853515625
49035,10,204,8,12,,,,,0,1078.6099853515625
49035,10,204,8,13,,,,,0,1078.6099853515625
49035,10,204,8,14,,,,,0,1078.6099853515625
49035,10,204,8,15,,,,,0,1078.6099853515625
49035,10,204,8,16,,,,,0,1078.6099853515625
49035,10,204,8,17,,,,,0,1078.6099853515625
49035,10,204,8,18,2,34.0076146916284,-0.24753365316237463,0.37888543819998316,0,1078.6099853515625
49035,10,204,8,19,2,39.59437687518743,0.01715634640842545,0.3414213562373095,0,1078.6099853515625
49035,10,204,8,20,2,30.93458725962639,-0.12585519955179203,0.482842712474619,0,1078.6099853515625
49035,10,204,8,21,2,23.37055193427194,-0.36973047285842187,0.3414213562373095,0,1078.6099853515625
49035,10,204,8,22,2,32.981244919470335,0.0864428462762481,0.4242640687119285,0,1078.6099853515625
49035,10,204,8,23,2,24.020751970476496,-0.07145017354003746,0.4242640687119285,0,1078.6099853515625
49035,10,204,8,24,2,41.21843446272802,0.2918367754307396,0.37888543819998316,0,1078.6099853515625
49035,10,204,8,25,2,36.31220654205327,0.26692354205879054,0.482842712474619,0,1078.6099853515625
49035,10,204,8,26,2,26.604705462413953,0.18965897092331563,0.4242640687119285,0,1078.6099853515625
49035,10,204,8,27,2,17.234974950108324,0.0263073905409148,0.482842712474619,0,1078.6099853515625
49035,10,204,8,28,2,12.909739188898925,-0.14205882775857548,0.4538461538461539,0,1078.6099853515625
49035,10,204,8,29,2,30.636974071478523,0.39346992454939533,0.4242640687119285,0,1078.6099853515625
49035,10,204,8,30,2,20.68473323602482,0.35469030745350816,0.4242640687119285,0,1078.6099853515625
49035,10,204,8,31,2,35.629173548808225,-5.7379975014857125,0.3414213562373095,0,1078.6099853515625
49035,10,204,8,32,2,25.66460630050962,-5.710182684078054,0.482842712474619,0,1078.6099853515625
49035,10,204,8,33,2,15.7450317671709,-5.647207489622988,0.3414213562373095,0,1078.6099853515625
49035,10,204,8,34,2,26.62898511902656,-5.522236901093603,0.4308640753373011,0,1078.6099853515625
49035,10,204,8,35,2,9.059090462885779,-4.2980943003320835,0.613407053921902,0,1078.6099853515625
49035,10,204,8,36,2,13.711371118770092,-4.654436480709925,0.682842712474619,0,1078.6099853515625
49035,10,204,8,37,2,12.55462872215558,-4.281528078823074,0.8513997106635237,0,1078.6099853515625
49035,10,204,8,38,2,13.312990150439724,-3.8968857317771057,0.682842712474619,0,1078.6099853515625
49035,10,204,8,39,2,15.346843848443173,-4.437930489010642,0.848528137423857,0,1078.6099853515625
49035,10,204,8,40,2,15.17045221814529,-4.108964627427004,0.848528137423857,0,1078.6099853515625
49035,10,204,8,41,2,19.73450345941469,-4.714376527884298,0.613407053921902,0,1078.6099853515625
49035,10,204,8,42,2,18.396535811554912,-4.544433172983612,0.8513997106635237,0,1078.6099853515625
49035,10,204,8,43,2,17.551339956264123,-4.269313157407009,0.848528137423857,0,1078.6099853515625
49035,10,204,8,44,2,18.101561773915662,-3.989590270523107,0.8513997106635237,0,1078.6099853515625
49035,10,204,8,45,2,19.265213254232528,-3.8125981473776376,0.613407053921902,0,1078.6099853515625
49035,10,204,8,46,2,20.27206077382558,-4.389081412663884,0.848528137423857,0,1078.6099853515625
49035,10,204,8,47,2,20.138854297407512,-4.141074903598821,0.848528137423857,0,1078.6099853515625
49035,10,204,8,48,2,23.213430633471692,-4.479543454468027,0.682842712474619,0,1078.6099853515625
49035,10,204,8,49,2,22.5495092223652,-4.262512513973727,0.8513997106635237,0,1078.6099853515625
49035,10,204,8,50,2,22.98036924342306,-4.043244721807217,0.682842712474619,0,1078.6099853515625
49035,10,204,8,51,2,26.048645809445816,-4.259304985136289,0.613407053921902,0,1078.6099853515625
49035,10,204,8,52,2,33.013886108484506,-5.419710209343583,0.4308640753373011,0,1078.6099853515625
49035,10,204,8,53,2,44.17141042692777,-5.401015279379449,0.3414213562373095,0,1078.6099853515625
49035,10,204,8,54,2,35.21856765817097,-5.288005044086925,0.482842712474619,0,1078.6099853515625
49035,10,204,8,55,2,27.010766680755815,-5.102527957501733,0.3414213562373095,0,1078.6099853515625
49035,10,204,8,56,2,42.085167641436506,-5.244152785101158,0.4242640687119285,0,1078.6099853515625
49035,10,204,8,57,2,34.064576090080394,-5.086250840617463,0.4242640687119285,0,1078.6099853515625
49035,10,204,8,58,2,49.0099496319111,-5.212645421925535,0.382842712474619,0,1078.6099853515625
49035,10,204,8,59,2,41.12431363210243,-5.0755601730245905,0.4242640687119285,0,1078.6099853515625
49035,10,204,8,60,2,34.357578210644995,-4.879368296718294,0.482842712474619,0,1078.6099853515625
49035,10,204,8,61,2,31.62372819411271,-4.752276735157375,0.37888543819998316,0,1078.6099853515625
49035,10,204,8,62,2,48.18737385691582,-5.068002807678511,0.4242640687119285,0,1078.6099853515625
49035,10,204,8,63,2,41.36734228851591,-4.904013280112196,0.4242640687119285,0,1078.6099853515625
49035,10,204,8,64,2,55.252482539165804,-5.062377899458741,0.3414213562373095,0,1078.6099853515625
49035,10,204,8,65,2,48.39494638420302,-4.921508896699269,0.382842712474619,0,1078.6099853515625
49035,10,204,8,66,2,42.793747724626165,-4.7392211601352825,0.3414213562373095,0,1078.6099853515625
49035,10,205,7,1,2,12.446318698617564,0.11928848352040289,0.41088180128838653,0,1079.0770263671875
49035,10,205,7,2,2,7.877822827555502,0.5309007043292231,0.42769276820761626,0,1079.0770263671875
49035,10,205,7,3,,,,,0,1079.0770263671875
49035,10,205,7,4,2,12.766124759664057,-0.3690719174234145,0.42769276820761626,0,1079.0770263671875
49035,10,205,7,5,,,,,0,1079.0770263671875
49035,10,205,7,6,,,,,0,1079.0770263671875
49035,10,205,7,7,2,4.495925070878645,1.4129125899038137,0.4046490596890924,1,1079.0770263671875
49035,10,205,7,8,,,,,0,1079.0770263671875
49035,10,205,7,9,,,,,0,1079.0770263671875
49035,10,205,7,10,,,,,0,1079.0770263671875
49035,10,205,7,11,2,13.847992104770116,-0.824764402870941,0.41088180128838653,0,1079.0770263671875
49035,10,205,7,12,,,,,0,1079.0770263671875
49035,10,205,7,13,,,,,0,1079.0770263671875
49035,10,205,7,14,,,,,0,1079.0770263671875
49035,10,205,7,15,,,,,0,1079.0770263671875
49035,10,205,7,16,2,10.267430792285674,-1.2422995257523912,0.33455706222246284,0,1079.0770263671875
49035,10,205,7,17,,,,,0,1079.0770263671875
49035,10,205,7,18,2,30.697382243684938,1.4858378748145924,0.37888543819998316,0,1079.0770263671875
49035,10,205,7,19,2,37.25102045025726,1.75451216385324,0.3414213562373095,0,1079.0770263671875
49035,10,205,7,20,2,28.081174716568352,1.6310915599713733,0.482842712474619,0,1079.0770263671875
49035,10,205,7,21,2,19.734898589539057,1.3965736225164052,0.3414213562373095,0,1079.0770263671875
49035,10,205,7,22,2,30.972867898718956,1.8503302942270836,0.4242640687119285,0,1079.0770263671875
49035,10,205,7,23,2,21.453027635941,1.7314933231551408,0.4242640687119285,0,1079.0770263671875
49035,10,205,7,24,2,40.05780565435501,2.035596824356209,0.37888543819998316,0,1079.0770263671875
49035,10,205,7,25,2,35.07256361146919,2.025355243808347,0.482842712474619,0,1079.0770263671875
49035,10,205,7,26,2,25.119684853865223,1.992685960111614,0.4242640687119285,0,1079.0770263671875
49035,10,205,7,27,2,15.228670855805476,1.9173888463539561,0.482842712474619,0,1079.0770263671875
49035,10,205,7,28,2,10.36191779898565,1.8260794301093357,0.44328887294614544,0,1079.0770263671875
49035,10,205,7,29,2,30.029397922145616,-4.104954739830599,0.4242640687119285,0,1079.0770263671875
49035,10,205,7,30,2,20.066852978070994,-4.069727980922272,0.4242640687119285,0,1079.0770263671875
49035,10,205,7,31,2,35.67255124007282,-3.9746792423528188,0.3414213562373095,0,1079.0770263671875
49035,10,205,7,32,2,25.950814261841078,-3.897666058053177,0.482842712474619,0,1079.0770263671875
49035,10,205,7,33,2,16.56377401830656,-3.7312028965253075,0.3414213562373095,0,1079.0770263671875
49035,10,205,7,34,2,27.742888416675516,-3.723480876479085,0.4308640753373011,0,1079.0770263671875
49035,10,205,7,35,2,13.622386316161773,-2.601537557141482,0.613407053921902,0,1079.0770263671875
49035,10,205,7,36,2,17.824664156767412,-2.8865477578248693,0.682842712474619,0,1079.0770263671875
49035,10,205,7,37,2,17.122370651870185,-2.6022231959299513,0.8513997106635237,0,1079.0770263671875
49035,10,205,7,38,2,17.85028014285776,-2.318317989755086,0.682842712474619,0,1079.0770263671875
49035,10,205,7,39,2,19.775203233963342,-2.7293229877358236,0.848528137423857,0,1079.0770263671875
49035,10,205,7,40,2,19.786752825641475,-2.475877777528827,0.848528137423857,0,1079.0770263671875
49035,10,205,7,41,2,23.682734260261196,-2.969926689631921,0.613407053921902,0,1079.0770263671875
49035,10,205,7,42,2,22.670283393665,-2.8252072952334464,0.8513997106635237,0,1079.0770263671875
49035,10,205,7,43,2,22.12235687234883,-2.6028263373155944,0.848528137423857,0,1079.0770263671875
49035,10,205,7,44,2,22.690429657149206,-2.380646141809854,0.8513997106635237,0,1079.0770263671875
49035,10,205,7,45,2,23.715510644575414,-2.236257377733237,0.613407053921902,0,1079.0770263671875
49035,10,205,7,46,2,24.744327830678458,-2.704241811107151,0.848528137423857,0,1079.0770263671875
49035,10,205,7,47,2,24.753559021493555,-2.5018681590547076,0.848528137423857,0,1079.0770263671875
49035,10,205,7,48,2,27.571087138461138,-2.785565265580517,0.682842712474619,0,1079.0770263671875
49035,10,205,7,49,2,27.122348173325513,-2.6032071011756357,0.8513997106635237,0,1079.0770263671875
49035,10,205,7,50,2,27.587654754864,-2.4209596801612734,0.682842712474619,0,1079.0770263671875
49035,10,205,7,51,2,30.622343774250325,-2.603399652592816,0.613407053921902,0,1079.0770263671875
49035,10,205,7,52,2,34.50266699994605,-3.6564020153753365,0.4308640753373011,0,1079.0770263671875
49035,10,205,7,53,2,45.6699384505798,-3.670016123149742,0.3414213562373095,0,1079.0770263671875
49035,10,205,7,54,2,37.23784535867644,-3.5395649572523564,0.482842712474619,0,1079.0770263671875
49035,10,205,7,55,2,29.792129427646714,-3.3388103633722657,0.3414213562373095,0,1079.0770263671875
49035,10,205,7,56,2,44.24277680442038,-3.5157934594243088,0.4242640687119285,0,1079.0770263671875
49035,10,205,7,57,2,36.85562573397325,-3.348682960806101,0.4242640687119285,0,1079.0770263671875
49035,10,205,7,58,2,51.26587043808791,-3.4985273920438655,0.382842712474619,0,1079.0770263671875
49035,10,205,7,59,2,43.921558722929774,-3.355379515513903,0.4242640687119285,0,1079.0770263671875
49035,10,205,7,60,2,37.81556781973162,-3.160752243966347,0.482842712474619,0,1079.0770263671875
49035,10,205,7,61,2,35.43266986789449,-3.040595597606263,0.37888543819998316,0,1079.0770263671875
49035,10,205,7,62,2,50.98891539404252,-3.360219877997204,0.4242640687119285,0,1079.0770263671875
49035,10,205,7,63,2,44.73011672170976,-3.1967281972279813,0.4242640687119285,0,1079.0770263671875
49035,10,205,7,64,2,58.05717583098478,-3.363881714918646,0.3414213562373095,0,1079.0770263671875
49035,10,205,7,65,2,51.687034296299466,-3.223046493588629,0.382842712474619,0,1079.0770263671875
49035,10,205,7,66,2,46.6096917306239,-3.047297696740841,0.3414213562373095,0,1079.0770263671875
49035,10,206,2,1,2,10.652843743407109,-1.0766123333839397,0.41088180128838653,0,1079.31005859375
49035,10,206,2,2,2,5.54120915335285,-0.6390798669894016,0.3532891032037997,1,1079.31005859375
49035,10,206,2,3,,,,,0,1079.31005859375
49035,10,206,2,4,2,12.033936234134167,-1.6079033001218643,0.42769276820761626,0,1079.31005859375
49035,10,206,2,5,,,,,0,1079.31005859375
49035,10,206,2,6,,,,,0,1079.31005859375
49035,10,206,2,7,,,,,0,1079.31005859375
49035,10,206,2,8,,,,,0,1079.31005859375
49035,10,206,2,9,,,,,0,1079.31005859375
49035,10,206,2,10,,,,,0,1079.31005859375
49035,10,206,2,11,2,14.214191482623113,-2.0472957116009893,0.41088180128838653,0,1079.31005859375
49035,10,206,2,12,,,,,0,1079.31005859375
49035,10,206,2,13,,,,,0,1079.31005859375
49035,10,206,2,14,,,,,0,1079.31005859375
49035,10,206,2,15,,,,,0,1079.31005859375
49035,10,206,2,16,2,11.614362747819598,-2.480433921073023,0.33455706222246284,0,1079.31005859375
49035,10,206,2,17,,,,,0,1079.31005859375
49035,10,206,2,18,2,28.81580542194603,0.49160438907265114,0.37888543819998316,0,1079.31005859375
49035,10,206,2,19,2,35.864730865919164,0.7623817702389122,0.3414213562373095,0,1079.31005859375
49035,10,206,2,20,2,26.464873747872304,0.6515714751800648,0.482842712474619,0,1079.31005859375
49035,10,206,2,21,2,17.73415250010066,0.426024731816375,0.3414213562373095,0,1079.31005859375
49035,10,206,2,22,2,29.80558893333906,0.8739274406751711,0.4242640687119285,0,1079.31005859375
49035,10,206,2,23,2,20.061997758677716,0.7818831328045968,0.4242640687119285,0,1079.31005859375
49035,10,206,2,24,2,39.29760055820895,1.0467626427529888,0.37888543819998316,0,1079.31005859375
49035,10,206,2,25,2,34.29805710001001,1.0449222409723076,0.482842712474619,0,1079.31005859375
49035,10,206,2,26,2,24.299533807082657,1.0389695539030321,0.4242640687119285,0,1079.31005859375
49035,10,206,2,27,2,14.303075391242222,1.0246949085248707,0.482842712474619,0,1079.31005859375
49035,10,206,2,28,2,9.307699868955906,1.0060611146626104,0.37888543819998316,0,1079.31005859375
49035,10,206,2,29,2,29.638672919243806,-5.071246985759058,0.4242640687119285,0,1079.31005859375
49035,10,206,2,30,2,19.813166198765963,-4.994475164851549,0.4242640687119285,0,1079.31005859375
49035,10,206,2,31,2,35.58699933383369,-4.953456206688212,0.3414213562373095,0,1079.31005859375
49035,10,206,2,32,2,26.087260185620977,-4.85090445908339,0.482842712474619,0,1079.31005859375
49035,10,206,2,33,2,17.165540084666468,-4.63704373437354,0.3414213562373095,0,1079.31005859375
49035,10,206,2,34,2,28.294593907099138,-4.685584401666046,0.4308640753373011,0,1079.31005859375
49035,10,206,2,35,2,16.019434150283715,-3.608945117810237,0.613407053921902,0,1079.31005859375
49035,10,206,2,36,2,19.971083835261158,-3.869728563070928,0.682842712474619,0,1079.31005859375
49035,10,206,2,37,2,19.51664676008746,-3.6168434675676577,0.8513997106635237,0,1079.31005859375
49035,10,206,2,38,2,20.32128962347211,-3.3684092486169845,0.682842712474619,0,1079.31005859375
49035,10,206,2,39,2,22.07694035287078,-3.7343738378372935,0.848528137423857,0,1079.31005859375
49035,10,206,2,40,2,22.23615539042703,-3.508339016934005,0.848528137423857,0,1079.31005859375
49035,10,206,2,41,2,25.713700085524327,-3.9609719520287676,0.613407053921902,0,1079.31005859375
49035,10,206,2,42,2,24.877360992082657,-3.826496215884203,0.8513997106635237,0,1079.31005859375
49035,10,206,2,43,2,24.514044976980006,-3.6242169038922087,0.848528137423857,0,1079.31005859375
49035,10,206,2,44,2,25.159366294412138,-3.424235790908672,0.8513997106635237,0,1079.31005859375
49035,10,206,2,45,2,26.17598957400663,-3.2936380959525065,0.613407053921902,0,1079.31005859375
49035,10,206,2,46,2,27.06344759485717,-3.7193562474266257,0.848528137423857,0,1079.31005859375
49035,10,206,2,47,2,27.193482802366145,-3.5348481994422496,0.848528137423857,0,1079.31005859375
49035,10,206,2,48,2,29.81479482246628,-3.7975425197548276,0.682842712474619,0,1079.31005859375
49035,10,206,2,49,2,29.51232456972451,-3.6290929690799114,0.8513997106635237,0,1079.31005859375
49035,10,206,2,50,2,30.05050103927999,-3.461977170790331,0.682842712474619,0,1079.31005859375
49035,10,206,2,51,2,33.011430319989486,-3.6316276128120792,0.613407053921902,0,1079.31005859375
49035,10,206,2,52,2,35.19328960952663,-4.636404219890872,0.4308640753373011,0,1079.31005859375
49035,10,206,2,53,2,46.30870233022488,-4.66620853398294,0.3414213562373095,0,1079.31005859375
49035,10,206,2,54,2,38.19170765906365,-4.52721241619159,0.482842712474619,0,1079.31005859375
49035,10,206,2,55,2,31.188413815412076,-4.320014890620646,0.3414213562373095,0,1079.31005859375
49035,10,206,2,56,2,45.239254227802476,-4.513348453059491,0.4242640687119285,0,1079.31005859375
49035,10,206,2,57,2,38.219114922951185,-4.3418683466745005,0.4242640687119285,0,1079.31005859375
49035,10,206,2,58,2,52.29315167648731,-4.503223216865905,0.382842712474619,0,1079.31005859375
49035,10,206,2,59,2,45.26239426572697,-4.356926015348607,0.4242640687119285,0,1079.31005859375
49035,10,206,2,60,2,39.53220152068589,-4.162878319366273,0.482842712474619,0,1079.31005859375
49035,10,206,2,61,2,37.347694283250235,-4.045762237667256,0.37888543819998316,0,1079.31005859375
49035,10,206,2,62,2,52.31317160943768,-4.367926698576268,0.4242640687119285,0,1079.31005859375
49035,10,206,2,63,2,46.37648699766383,-4.204369754629251,0.4242640687119285,0,1079.31005859375
49035,10,206,2,64,2,59.36877557277765,-4.376313481883592,0.3414213562373095,0,1079.31005859375
49035,10,206,2,65,2,53.28003505457599,-4.2351511940529445,0.382842712474619,0,1079.31005859375
49035,10,206,2,66,2,48.50641975886132,-4.062088152486804,0.3414213562373095,0,1079.31005859375
49035,10,207,1,1,2,6.287792527489832,-0.8186877553943253,0.3538988508520741,1,1080.0770263671875
49035,10,207,1,2,,,,,0,1080.0770263671875
49035,10,207,1,3,,,,,0,1080.0770263671875
49035,10,207,1,4,2,7.992263383184303,-1.6709444922582017,0.5276927682076162,0,1080.0770263671875
49035,10,207,1,5,,,,,0,1080.0770263671875
49035,10,207,1,6,,,,,0,1080.0770263671875
49035,10,207,1,7,,,,,0,1080.0770263671875
49035,10,207,1,8,,,,,0,1080.0770263671875
49035,10,207,1,9,,,,,0,1080.0770263671875
49035,10,207,1,10,2,8.187397024153066,-2.298842470088491,0.7685569981889047,0,1080.0770263671875
49035,10,207,1,11,2,11.536871384881644,-2.1943188055495306,0.613407053921902,0,1080.0770263671875
49035,10,207,1,12,,,,,0,1080.0770263671875
49035,10,207,1,13,2,7.427793556001557,-2.74532376651299,0.7195315787953919,0,1080.0770263671875
49035,10,207,1,14,,,,,0,1080.0770263671875
49035,10,207,1,15,,,,,0,1080.0770263671875
49035,10,207,1,16,2,10.963150371860834,-2.741402405269735,0.6466890965784271,0,1080.0770263671875
49035,10,207,1,17,,,,,0,1080.0770263671875
49035,10,207,1,18,2,29.90656397338953,0.77420891153627,0.37888543819998316,0,1080.0770263671875
49035,10,207,1,19,2,37.997367816302614,1.0036087186768674,0.3414213562373095,0,1080.0770263671875
49035,10,207,1,20,2,28.241100629036442,0.9366089792467396,0.482842712474619,0,1080.0770263671875
49035,10,207,1,21,2,18.743520707469425,0.8004667359786406,0.3414213562373095,0,1080.0770263671875
49035,10,207,1,22,2,32.38575394982025,1.1263299047568405,0.4242640687119285,0,1080.0770263671875
49035,10,207,1,23,2,22.418672187939023,1.0962407475657827,0.4242640687119285,0,1080.0770263671875
49035,10,207,1,24,2,42.40559457396214,-5.022909837331267,0.37888543819998316,0,1080.0770263671875
49035,10,207,1,25,2,37.41810194354109,-5.014037047457481,0.482842712474619,0,1080.0770263671875
49035,10,207,1,26,2,27.45676887088512,-4.986626822070395,0.4242640687119285,0,1080.0770263671875
49035,10,207,1,27,2,17.539497159302453,-4.928124838148678,0.482842712474619,0,1080.0770263671875
49035,10,207,1,28,2,12.629879749513261,-4.864527952346835,0.37888543819998316,0,1080.0770263671875
49035,10,207,1,29,2,33.24381823720226,-4.852033964726761,0.4242640687119285,0,1080.0770263671875
49035,10,207,1,30,2,23.641303998724656,-4.752423474434384,0.4242640687119285,0,1080.0770263671875
49035,10,207,1,31,2,39.45160003278799,-4.7585088797211315,0.3414213562373095,0,1080.0770263671875
49035,10,207,1,32,2,30.169331264034508,-4.650625270182301,0.482842712474619,0,1080.0770263671875
49035,10,207,1,33,2,21.539460362112663,-4.452107776281791,0.3414213562373095,0,1080.0770263671875
49035,10,207,1,34,2,32.60898258093883,-4.511365597223445,0.4308640753373011,0,1080.0770263671875
49035,10,207,1,35,2,19.453596408052164,-3.6376911172724142,0.613407053921902,0,1080.0770263671875
49035,10,207,1,36,2,23.95876767600619,-3.828701529551159,0.682842712474619,0,1080.0770263671875
49035,10,207,1,37,2,22.93256310225321,-3.619551461734262,0.8513997106635237,0,1080.0770263671875
49035,10,207,1,38,2,22.97351414835814,-3.4012896237934918,0.682842712474619,0,1080.0770263671875
49035,10,207,1,39,2,25.768994887622085,-3.7064011946669613,0.848528137423857,0,1080.0770263671875
49035,10,207,1,40,2,25.3164175863071,-3.5111364275585917,0.848528137423857,0,1080.0770263671875
49035,10,207,1,41,2,29.843153541098342,-3.889290559532995,0.613407053921902,0,1080.0770263671875
49035,10,207,1,42,2,28.760732685343065,-3.775619646840564,0.8513997106635237,0,1080.0770263671875
49035,10,207,1,43,2,27.91163998198148,-3.601490314337237,0.848528137423857,0,1080.0770263671875
49035,10,207,1,44,2,27.94529563933317,-3.4222256025804505,0.8513997106635237,0,1080.0770263671875
49035,10,207,1,45,2,28.495709847096702,-3.2996629928583827,0.613407053921902,0,1080.0770263671875
49035,10,207,1,46,2,30.695248713167565,-3.6759786969958164,0.848528137423857,0,1080.0770263671875
49035,10,207,1,47,2,30.316302469945132,-3.5123611193710826,0.848528137423857,0,1080.0770263671875
49035,10,207,1,48,2,33.62048394420703,-3.7378009644590118,0.682842712474619,0,1080.0770263671875
49035,10,207,1,49,2,32.89706434514589,-3.588900229647524,0.8513997106635237,0,1080.0770263671875
49035,10,207,1,50,2,32.925624434696076,-3.4368329177422274,0.682842712474619,0,1080.0770263671875
49035,10,207,1,51,2,36.38924126386966,-3.582140475827408,0.613407053921902,0,1080.0770263671875
49035,10,207,1,52,2,39.555316192933,-4.474545917561387,0.4308640753373011,0,1080.0770263671875
49035,10,207,1,53,2,50.6361573521911,-4.507801922680658,0.3414213562373095,0,1080.0770263671875
49035,10,207,1,54,2,42.63543403283036,-4.378600342068242,0.482842712474619,0,1080.0770263671875
49035,10,207,1,55,2,35.65866008334864,-4.1946045763373085,0.3414213562373095,0,1080.0770263671875
49035,10,207,1,56,2,49.689611885451114,-4.367988367586767,0.4242640687119285,0,1080.0770263671875
49035,10,207,1,57,2,42.694464900016456,-4.212681003144592,0.4242640687119285,0,1080.0770263671875
49035,10,207,1,58,2,56.74799400406767,-4.360015531765719,0.382842712474619,0,1080.0770263671875
49035,10,207,1,59,2,49.74027168459852,-4.225639599344521,0.4242640687119285,0,1080.0770263671875
49035,10,207,1,60,2,43.90733914768288,-4.051610651881427,0.482842712474619,0,1080.0770263671875
49035,10,207,1,61,2,41.59007493279655,-3.947882981399916,0.37888543819998316,0,1080.0770263671875
49035,10,207,1,62,2,56.79235794908157,-4.2353812902508965,0.4242640687119285,0,1080.0770263671875
49035,10,207,1,63,2,50.785152605742766,-4.086381819157005,0.4242640687119285,0,1080.0770263671875
49035,10,207,1,64,2,63.84864302062765,-4.242970352704991,0.3414213562373095,0,1080.0770263671875
49035,10,207,1,65,2,57.709696060086095,-4.112834563615635,0.382842712474619,0,1080.0770263671875
49035,10,207,1,66,2,52.765223614796604,-3.9551550573735774,0.3414213562373095,0,1080.0770263671875
49035,10,208,4,1,,,,,0,1080.5439453125
49035,10,208,4,2,,,,,0,1080.5439453125
49035,10,208,4,3,,,,,0,1080.5439453125
49035,10,208,4,4,2,8.420864305586898,-1.1291845087205752,0.49033749051054326,1,1080.5439453125
49035,10,208,4,5,,,,,0,1080.5439453125
49035,10,208,4,6,,,,,0,1080.5439453125
49035,10,208,4,7,,,,,0,1080.5439453125
49035,10,208,4,8,,,,,0,1080.5439453125
49035,10,208,4,9,,,,,0,1080.5439453125
49035,10,208,4,10,2,10.85358724732451,-1.5901812244452156,0.7685569981889047,0,1080.5439453125
49035,10,208,4,11,2,13.673700430414756,-1.4198177905858431,0.613407053921902,0,1080.5439453125
49035,10,208,4,12,,,,,0,1080.5439453125
49035,10,208,4,13,2,11.20661002653231,-1.9105232709312425,0.7195315787953919,0,1080.5439453125
49035,10,208,4,14,,,,,0,1080.5439453125
49035,10,208,4,15,,,,,0,1080.5439453125
49035,10,208,4,16,2,14.652295267891068,-1.8487073081717686,0.6466890965784271,0,1080.5439453125
49035,10,208,4,17,,,,,0,1080.5439453125
49035,10,208,4,18,2,27.98097356123188,1.9924555645272124,0.37888543819998316,0,1080.5439453125
49035,10,208,4,19,2,36.9756202051857,2.199272630237865,0.3414213562373095,0,1080.5439453125
49035,10,208,4,20,2,27.015260167478218,2.171127528340297,0.482842712474619,0,1080.5439453125
49035,10,208,4,21,2,17.101230197706062,2.1102437012585984,0.3414213562373095,0,1080.5439453125
49035,10,208,4,22,2,31.943697128220986,-3.9392358790870405,0.4242640687119285,0,1080.5439453125
49035,10,208,4,23,2,21.97788840125257,-3.9080517862881603,0.4242640687119285,0,1080.5439453125
49035,10,208,4,24,2,42.48130641050594,-3.837770311382087,0.37888543819998316,0,1080.5439453125
49035,10,208,4,25,2,37.56295103586102,-3.815242757760915,0.482842712474619,0,1080.5439453125
49035,10,208,4,26,2,27.813721126107716,-3.7463792141492256,0.4242640687119285,0,1080.5439453125
49035,10,208,4,27,2,18.33659933682604,-3.6049511087978168,0.482842712474619,0,1080.5439453125
49035,10,208,4,28,2,13.876050281635923,-3.4632068597924333,0.37888543819998316,0,1080.5439453125
49035,10,208,4,29,2,34.12006135961466,-3.6425068124501196,0.4242640687119285,0,1080.5439453125
49035,10,208,4,30,2,25.03610152444401,-3.49932947893711,0.4242640687119285,0,1080.5439453125
49035,10,208,4,31,2,40.678668752638,-3.5715529969363233,0.3414213562373095,0,1080.5439453125
49035,10,208,4,32,2,31.89642431128051,-3.4386854424682296,0.482842712474619,0,1080.5439453125
49035,10,208,4,33,2,24.083390047990434,-3.213011138399766,0.3414213562373095,0,1080.5439453125
49035,10,208,4,34,2,34.846395571528255,-3.3175200710769355,0.4308640753373011,0,1080.5439453125
49035,10,208,4,35,2,23.762524810467287,-2.515736371514608,0.613407053921902,0,1080.5439453125
49035,10,208,4,36,2,28.043114476220335,-2.68446611159559,0.682842712474619,0,1080.5439453125
49035,10,208,4,37,2,27.253076261325027,-2.505637192519843,0.8513997106635237,0,1080.5439453125
49035,10,208,4,38,2,27.368669348084808,-2.322352003552748,0.682842712474619,0,1080.5439453125
49035,10,208,4,39,2,30.008630722795186,-2.583115878842224,0.848528137423857,0,1080.5439453125
49035,10,208,4,40,2,29.695653116850053,-2.4157546141322643,0.848528137423857,0,1080.5439453125
49035,10,208,4,41,2,33.81768683223524,-2.7486405135405456,0.613407053921902,0,1080.5439453125
49035,10,208,4,42,2,32.91360919146632,-2.647249451724087,0.8513997106635237,0,1080.5439453125
49035,10,208,4,43,2,32.24313207782047,-2.495004477077484,0.848528137423857,0,1080.5439453125
49035,10,208,4,44,2,32.34089458204542,-2.3400418495099697,0.8513997106635237,0,1080.5439453125
49035,10,208,4,45,2,32.86492339398365,-2.2338462140601547,0.613407053921902,0,1080.5439453125
49035,10,208,4,46,2,34.9629420721321,-2.562295408046043,0.848528137423857,0,1080.5439453125
49035,10,208,4,47,2,34.69468568121729,-2.4188187800775527,0.848528137423857,0,1080.5439453125
49035,10,208,4,48,2,37.81791996515348,-2.619655057988405,0.682842712474619,0,1080.5439453125
49035,10,208,4,49,2,37.235855927720436,-2.4872224169542694,0.8513997106635237,0,1080.5439453125
49035,10,208,4,50,2,37.320542102830615,-2.3530142193000527,0.682842712474619,0,1080.5439453125
49035,10,208,4,51,2,40.731824744387254,-2.4829102760846524,0.613407053921902,0,1080.5439453125
49035,10,208,4,52,2,41.890891475718234,-3.3014903340384523,0.4308640753373011,0,1080.5439453125
49035,10,208,4,53,2,52.81200996699692,-3.3523843370641275,0.3414213562373095,0,1080.5439453125
49035,10,208,4,54,2,45.29609463422404,-3.2174157888175063,0.482842712474619,0,1080.5439453125
49035,10,208,4,55,2,38.914829839933496,-3.0337726900180426,0.3414213562373095,0,1080.5439453125
49035,10,208,4,56,2,52.367085974069234,-3.21809101306774,0.4242640687119285,0,1080.5439453125
49035,10,208,4,57,2,45.87961950336943,-3.06267876421039,0.4242640687119285,0,1080.5439453125
49035,10,208,4,58,2,59.43809550884464,-3.2186055823906923,0.382842712474619,0,1080.5439453125
49035,10,208,4,59,2,52.87262987668512,-3.083952590736155,0.4242640687119285,0,1080.5439453125
49035,10,208,4,60,2,47.51991984878904,-2.9152373507917275,0.482842712474619,0,1080.5439453125
49035,10,208,4,61,2,45.436292527169655,-2.817382274509009,0.37888543819998316,0,1080.5439453125
49035,10,208,4,62,2,59.883975272020095,-3.1002508516867318,0.4242640687119285,0,1080.5439453125
49035,10,208,4,63,2,54.302102047142824,-2.9546214295578483,0.4242640687119285,0,1080.5439453125
49035,10,208,4,64,2,66.90789190135116,-3.1131300138677354,0.3414213562373095,0,1080.5439453125
49035,10,208,4,65,2,61.149765257450426,-2.9852239436968624,0.382842712474619,0,1080.5439453125
49035,10,208,4,66,2,56.58552450406101,-2.833819419722912,0.3414213562373095,0,1080.5439453125
49035,10,209,11,1,,,,,0,1081.0279541015625
49035,10,209,11,2,,,,,0,1081.0279541015625
49035,10,209,11,3,,,,,0,1081.0279541015625
49035,10,209,11,4,,,,,0,1081.0279541015625
49035,10,209,11,5,,,,,0,1081.0279541015625
49035,10,209,11,6,,,,,0,1081.0279541015625
49035,10,209,11,7,,,,,0,1081.0279541015625
49035,10,209,11,8,,,,,0,1081.0279541015625
49035,10,209,11,9,,,,,0,1081.0279541015625
49035,10,209,11,10,2,5.720331419430206,-0.36783502232975684,0.7685569981889047,0,1081.0279541015625
49035,10,209,11,11,2,7.823728059783434,0.05343535479573147,0.6034068236642477,1,1081.0279541015625
49035,10,209,11,12,,,,,0,1081.0279541015625
49035,10,209,11,13,2,7.730940530561932,-0.8087105193595336,0.7195315787953919,0,1081.0279541015625
49035,10,209,11,14,,,,,0,1081.0279541015625
49035,10,209,11,15,,,,,0,1081.0279541015625
49035,10,209,11,16,2,10.488593341854575,-0.5623814375278502,0.6466890965784271,0,1081.0279541015625
49035,10,209,11,17,,,,,0,1081.0279541015625
49035,10,209,11,18,2,34.10970101403515,3.636457961271698,0.37888543819998316,0,1081.0279541015625
49035,10,209,11,19,2,42.94606273315464,3.8156644376001676,0.3414213562373095,0,1081.0279541015625
49035,10,209,11,20,2,33.026657445305396,3.782019637356985,0.482842712474619,0,1081.0279541015625
49035,10,209,11,21,2,23.17662399356383,3.7196474722073187,0.3414213562373095,0,1081.0279541015625
49035,10,209,11,22,2,37.68090500356216,-2.3501213536535985,0.4242640687119285,0,1081.0279541015625
49035,10,209,11,23,2,27.681156038304618,-2.347927404791819,0.4242640687119285,0,1081.0279541015625
49035,10,209,11,24,2,47.966063033155635,-2.246966185280244,0.37888543819998316,0,1081.0279541015625
49035,10,209,11,25,2,42.99931513135303,-2.234289918650078,0.482842712474619,0,1081.0279541015625
49035,10,209,11,26,2,33.09587435761288,-2.197539041350324,0.4242640687119285,0,1081.0279541015625
49035,10,209,11,27,2,23.275151926988357,-2.129607254970046,0.482842712474619,0,1081.0279541015625
49035,10,209,11,28,2,18.437206840764574,-2.0686456034424126,0.37888543819998316,0,1081.0279541015625
49035,10,209,11,29,2,39.04391629143812,-2.0911181556156944,0.4242640687119285,0,1081.0279541015625
49035,10,209,11,30,2,29.509713605901354,-2.002222577286334,0.4242640687119285,0,1081.0279541015625
49035,10,209,11,31,2,45.31575773669417,-2.013463412982925,0.3414213562373095,0,1081.0279541015625
49035,10,209,11,32,2,36.05431592722637,-1.9201183857995658,0.482842712474619,0,1081.0279541015625
49035,10,209,11,33,2,27.318665683187042,-1.7648811881766726,0.3414213562373095,0,1081.0279541015625
49035,10,209,11,34,2,38.43438689146641,-1.8019260708952671,0.4308640753373011,0,1081.0279541015625
49035,10,209,11,35,2,23.046216819023858,-1.1251493716498442,0.613407053921902,0,1081.0279541015625
49035,10,209,11,36,2,28.23618405387996,-1.251129785066101,0.682842712474619,0,1081.0279541015625
49035,10,209,11,37,2,26.37195458795823,-1.0809067478784369,0.8513997106635237,0,1081.0279541015625
49035,10,209,11,38,2,25.37080778481594,-0.8912371491768014,0.682842712474619,0,1081.0279541015625
49035,10,209,11,39,2,29.538538195521728,-1.1372551688691621,0.848528137423857,0,1081.0279541015625
49035,10,209,11,40,2,28.20856496869421,-0.9700859296020321,0.848528137423857,0,1081.0279541015625
49035,10,209,11,41,2,34.28676070237517,-1.2768522653515675,0.613407053921902,0,1081.0279541015625
49035,10,209,11,42,2,32.78064198070655,-1.1825788804528168,0.8513997106635237,0,1081.0279541015625
49035,10,209,11,43,2,31.189235122586876,-1.0342027606581516,0.848528137423857,0,1081.0279541015625
49035,10,209,11,44,2,30.347426355405375,-0.8738309232914907,0.8513997106635237,0,1081.0279541015625
49035,10,209,11,45,2,30.239953961639475,-0.7582853465355375,0.613407053921902,0,1081.0279541015625
49035,10,209,11,46,2,34.27555451733745,-1.086958829226351,0.848528137423857,0,1081.0279541015625
49035,10,209,11,47,2,33.13625712623135,-0.9423726114101945,0.848528137423857,0,1081.0279541015625
49035,10,209,11,48,2,37.44140605546133,-1.1308991564348505,0.682842712474619,0,1081.0279541015625
49035,10,209,11,49,2,36.056300229983144,-1.000048754115074,0.8513997106635237,0,1081.0279541015625
49035,10,209,11,50,2,35.3306479581033,-0.86133188249861,0.682842712474619,0,1081.0279541015625
49035,10,209,11,51,2,39.48301743021366,-0.9811655599370139,0.613407053921902,0,1081.0279541015625
49035,10,209,11,52,2,45.34636253990892,-1.7661973769574326,0.4308640753373011,0,1081.0279541015625
49035,10,209,11,53,2,56.45516093869575,-1.7911556105527209,0.3414213562373095,0,1081.0279541015625
49035,10,209,11,54,2,48.307152620947654,-1.6800848567545519,0.482842712474619,0,1081.0279541015625
49035,10,209,11,55,2,40.98751995514028,-1.526813803513009,0.3414213562373095,0,1081.0279541015625
49035,10,209,11,56,2,55.3414084950994,-1.6661482014590827,0.4242640687119285,0,1081.0279541015625
49035,10,209,11,57,2,48.052755300304604,-1.5332838864639016,0.4242640687119285,0,1081.0279541015625
49035,10,209,11,58,2,62.38398828304735,-1.655356467446958,0.382842712474619,0,1081.0279541015625
49035,10,209,11,59,2,55.119486498232924,-1.538095103762272,0.4242640687119285,0,1081.0279541015625
49035,10,209,11,60,2,48.8318911118377,-1.3880716568666707,0.482842712474619,0,1081.0279541015625
49035,10,209,11,61,2,46.1817224497216,-1.2987593374238482,0.37888543819998316,0,1081.0279541015625
49035,10,209,11,62,2,62.18720360095645,-1.5418127799845693,0.4242640687119285,0,1081.0279541015625
49035,10,209,11,63,2,55.80003664368244,-1.411100210862464,0.4242640687119285,0,1081.0279541015625
49035,10,209,11,64,2,69.25560476658002,-1.5447716196625911,0.3414213562373095,0,1081.0279541015625
49035,10,209,11,65,2,62.79119834271546,-1.4290085895226892,0.382842712474619,0,1081.0279541015625
49035,10,209,11,66,2,57.35094059423721,-1.2890717137626189,0.3414213562373095,0,1081.0279541015625
49035,10,210,16,1,,,,,0,1081.47705078125
49035,10,210,16,2,,,,,0,1081.47705078125
49035,10,210,16,3,,,,,0,1081.47705078125
49035,10,210,16,4,,,,,0,1081.47705078125
49035,10,210,16,5,,,,,0,1081.47705078125
49035,10,210,16,6,,,,,0,1081.47705078125
49035,10,210,16,7,,,,,0,1081.47705078125
49035,10,210,16,8,,,,,0,1081.47705078125
49035,10,210,16,9,2,6.748670636193756,-2.1101532138746966,0.6242640687119285,0,1081.47705078125
49035,10,210,16,10,2,2.2561611330888027,-1.5399768298914296,0.682842712474619,0,1081.47705078125
49035,10,210,16,11,,,,,0,1081.47705078125
49035,10,210,16,12,,,,,0,1081.47705078125
49035,10,210,16,13,2,5.791040959313354,-1.5587908144006715,0.848528137423857,0,1081.47705078125
49035,10,210,16,14,,,,,0,1081.47705078125
49035,10,210,16,15,,,,,0,1081.47705078125
49035,10,210,16,16,2,6.821125671695693,-1.0139478170550646,0.6242640687119285,1,1081.47705078125
49035,10,210,16,17,,,,,0,1081.47705078125
49035,10,210,16,18,2,38.90961104956187,3.5766014541220907,0.37888543819998316,0,1081.47705078125
49035,10,210,16,19,2,47.28957505617405,3.7493542096664956,0.3414213562373095,0,1081.47705078125
49035,10,210,16,20,2,37.48860259330551,3.702201381441453,0.482842712474619,0,1081.47705078125
49035,10,210,16,21,2,27.829601862119155,3.622020530152846,0.3414213562373095,0,1081.47705078125
49035,10,210,16,22,2,41.68077625316929,3.8463807941319152,0.4242640687119285,0,1081.47705078125
49035,10,210,16,23,2,31.723469615917406,3.820995361540547,0.4242640687119285,0,1081.47705078125
49035,10,210,16,24,2,51.57163160141526,-2.324315962667603,0.37888543819998316,0,1081.47705078125
49035,10,210,16,25,2,46.57444464225773,-2.320894215949447,0.482842712474619,0,1081.47705078125
49035,10,210,16,26,2,36.58237702965737,-2.311246540282924,0.4242640687119285,0,1081.47705078125
49035,10,210,16,27,2,26.596272756634097,-2.2943513329264786,0.482842712474619,0,1081.47705078125
49035,10,210,16,28,2,21.608040916471666,-2.2800497469356307,0.37888543819998316,0,1081.47705078125
49035,10,210,16,29,2,42.07329430657852,-2.1976218276174047,0.4242640687119285,0,1081.47705078125
49035,10,210,16,30,2,32.23745506725439,-2.1486191527700282,0.4242640687119285,0,1081.47705078125
49035,10,210,16,31,2,47.979723618169594,-2.1110663634051128,0.3414213562373095,0,1081.47705078125
49035,10,210,16,32,2,38.35551191003992,-2.0477526901090863,0.482842712474619,0,1081.47705078125
49035,10,210,16,33,2,28.986836827885995,-1.9428319515719998,0.3414213562373095,0,1081.47705078125
49035,10,210,16,34,2,40.15697680667483,-1.9288372321869902,0.4308640753373011,0,1081.47705078125
49035,10,210,16,35,2,21.505640480492207,-1.352104117191073,0.613407053921902,0,1081.47705078125
49035,10,210,16,36,2,27.243404879584567,-1.4380793785482946,0.682842712474619,0,1081.47705078125
49035,10,210,16,37,2,24.53056903407683,-1.2754308926874902,0.8513997106635237,0,1081.47705078125
49035,10,210,16,38,2,22.611822678374374,-1.079070552212807,0.682842712474619,0,1081.47705078125
49035,10,210,16,39,2,27.931965728705766,-1.3122843577102756,0.848528137423857,0,1081.47705078125
49035,10,210,16,40,2,25.78256033004151,-1.1438609893907434,0.848528137423857,0,1081.47705078125
49035,10,210,16,41,2,33.34229455828935,-1.4304016840991518,0.613407053921902,0,1081.47705078125
49035,10,210,16,42,2,31.363045161520553,-1.3411067181881386,0.8513997106635237,0,1081.47705078125
49035,10,210,16,43,2,29.037670524789252,-1.194299816689202,0.848528137423857,0,1081.47705078125
49035,10,210,16,44,2,27.43596211560388,-1.0262924205115527,0.8513997106635237,0,1081.47705078125
49035,10,210,16,45,2,26.81723350013377,-0.8992060759997231,0.613407053921902,0,1081.47705078125
49035,10,210,16,46,2,32.35169550178474,-1.2344906250053773,0.848528137423857,0,1081.47705078125
49035,10,210,16,47,2,30.515207840400425,-1.0863439806437916,0.848528137423857,0,1081.47705078125
49035,10,210,16,48,2,35.708235663137756,-1.267170508633964,0.682842712474619,0,1081.47705078125
49035,10,210,16,49,2,33.68417732225058,-1.135246428756461,0.8513997106635237,0,1081.47705078125
49035,10,210,16,50,2,32.31361183123076,-0.9893690682532044,0.682842712474619,0,1081.47705078125
49035,10,210,16,51,2,36.99162130180622,-1.102810602045123,0.613407053921902,0,1081.47705078125
49035,10,210,16,52,2,46.84521929631442,-1.8759152380867392,0.4308640753373011,0,1081.47705078125
49035,10,210,16,53,2,58.024310835072576,-1.8791197426459085,0.3414213562373095,0,1081.47705078125
49035,10,210,16,54,2,49.354959865148246,-1.7859482459639735,0.482842712474619,0,1081.47705078125
49035,10,210,16,55,2,41.29168776758426,-1.6548348945215743,0.3414213562373095,0,1081.47705078125
49035,10,210,16,56,2,56.28324660108337,-1.759122773409627,0.4242640687119285,0,1081.47705078125
49035,10,210,16,57,2,48.341444572578055,-1.6425564426355659,0.4242640687119285,0,1081.47705078125
49035,10,210,16,58,2,63.243146922226536,-1.7381891530430478,0.382842712474619,0,1081.47705078125
49035,10,210,16,59,2,55.39663390524378,-1.633404400277164,0.4242640687119285,0,1081.47705078125
49035,10,210,16,60,2,48.35161283180612,-1.496167892503125,0.482842712474619,0,1081.47705078125
49035,10,210,16,61,2,45.2484714784877,-1.4123254417998083,0.37888543819998316,0,1081.47705078125
49035,10,210,16,62,2,62.455414758846764,-1.6263206194070778,0.4242640687119285,0,1081.47705078125
49035,10,210,16,63,2,55.405507380628215,-1.505683570741406,0.4242640687119285,0,1081.47705078125
49035,10,210,16,64,2,69.51669308423368,-1.6206756958603385,0.3414213562373095,0,1081.47705078125
49035,10,210,16,65,2,62.463285478533834,-1.51304942739585,0.382842712474619,0,1081.47705078125
49035,10,210,16,66,2,56.30944368556743,-1.3800442275871907,0.3414213562373095,0,1081.47705078125
49035,10,211,13,1,,,,,0,1081.876953125
49035,10,211,13,2,,,,,0,1081.876953125
49035,10,211,13,3,,,,,0,1081.876953125
49035,10,211,13,4,,,,,0,1081.876953125
49035,10,211,13,5,,,,,0,1081.876953125
49035,10,211,13,6,2,5.73516979348447,4.380556692362722,0.765685424949238,0,1081.876953125
49035,10,211,13,7,,,,,0,1081.876953125
49035,10,211,13,8,,,,,0,1081.876953125
49035,10,211,13,9,2,6.4354274142441685,4.959019244701807,0.765685424949238,0,1081.876953125
49035,10,211,13,10,2,2.2436399075535953,4.225382598450082,0.765685424949238,0,1081.876953125
49035,10,211,13,11,,,,,0,1081.876953125
49035,10,211,13,12,,,,,0,1081.876953125
49035,10,211,13,13,2,3.6819116609005977,-0.8645395027833676,0.765685424949238,1,1081.876953125
49035,10,211,13,14,,,,,0,1081.876953125
49035,10,211,13,15,,,,,0,1081.876953125
49035,10,211,13,16,,,,,0,1081.876953125
49035,10,211,13,17,,,,,0,1081.876953125
49035,10,211,13,18,2,39.908729108601015,4.825994208698448,0.37888543819998316,0,1081.876953125
49035,10,211,13,19,2,47.65640116417472,5.011088896012318,0.3414213562373095,0,1081.876953125
49035,10,211,13,20,2,38.057469174687334,4.945243851019136,0.482842712474619,0,1081.876953125
49035,10,211,13,21,2,28.73341866266178,4.835896317914381,0.3414213562373095,0,1081.876953125
49035,10,211,13,22,2,41.71829415100879,5.097216559416438,0.4242640687119285,0,1081.876953125
49035,10,211,13,23,2,31.90069677815232,5.045093865679056,0.4242640687119285,0,1081.876953125
49035,10,211,13,24,2,51.17462241899934,5.2263983530966325,0.37888543819998316,0,1081.876953125
49035,10,211,13,25,2,46.17857916564683,5.222307292794113,0.482842712474619,0,1081.876953125
49035,10,211,13,26,2,36.18977150825127,5.210737031652285,0.4242640687119285,0,1081.876953125
49035,10,211,13,27,2,26.209501137582883,5.190350405156319,0.482842712474619,0,1081.876953125
49035,10,211,13,28,2,21.226331381369704,5.172971674626134,0.37888543819998316,0,1081.876953125
49035,10,211,13,29,2,41.25220804644586,-0.9445918469986978,0.4242640687119285,0,1081.876953125
49035,10,211,13,30,2,31.28870493914339,-0.9208322460079001,0.4242640687119285,0,1081.876953125
49035,10,211,13,31,2,46.83790959890364,-0.8459111778502022,0.3414213562373095,0,1081.876953125
49035,10,211,13,32,2,37.02739747344651,-0.7993828555602711,0.482842712474619,0,1081.876953125
49035,10,211,13,33,2,27.354461276327793,-0.7196586543603161,0.3414213562373095,0,1081.876953125
49035,10,211,13,34,2,38.42775643431675,-0.6720498205113388,0.4308640753373011,0,1081.876953125
49035,10,211,13,35,2,18.336786114380967,-0.10100316202359005,0.613407053921902,0,1081.876953125
49035,10,211,13,36,2,24.224647399225407,-0.17727859272611513,0.682842712474619,0,1081.876953125
49035,10,211,13,37,2,21.223871834506543,-0.0006665304450925724,0.8513997106635237,0,1081.876953125
49035,10,211,13,38,2,19.080669004998796,0.22428719402657493,0.682842712474619,0,1081.876953125
49035,10,211,13,39,2,24.67742468515442,-0.03374341072753806,0.848528137423857,0,1081.876953125
49035,10,211,13,40,2,22.306825931141134,0.1541667040732162,0.848528137423857,0,1081.876953125
49035,10,211,13,41,2,30.293801456962186,-0.153487100846589,0.613407053921902,0,1081.876953125
49035,10,211,13,42,2,28.15133820150256,-0.05867878681285399,0.8513997106635237,0,1081.876953125
49035,10,211,13,43,2,25.6147816029366,0.10195242517225145,0.848528137423857,0,1081.876953125
49035,10,211,13,44,2,23.869148091142694,0.29172466977334555,0.8513997106635237,0,1081.876953125
49035,10,211,13,45,2,23.21679707492905,0.4379280841805382,0.613407053921902,0,1081.876953125
49035,10,211,13,46,2,28.976535162266174,0.06176407626981195,0.848528137423857,0,1081.876953125
49035,10,211,13,47,2,26.98627028770018,0.22597587627147164,0.848528137423857,0,1081.876953125
49035,10,211,13,48,2,32.37533232962955,0.029970978794958025,0.682842712474619,0,1081.876953125
49035,10,211,13,49,2,30.195717204344035,0.17401674967274516,0.8513997106635237,0,1081.876953125
49035,10,211,13,50,2,28.729784745373223,0.33649377183030027,0.682842712474619,0,1081.876953125
49035,10,211,13,51,2,33.47381585848443,0.21259438076571646,0.613407053921902,0,1081.876953125
49035,10,211,13,52,2,44.9303635803561,-0.605186590277131,0.4308640753373011,0,1081.876953125
49035,10,211,13,53,2,56.09958542021541,-0.5952576988341449,0.3414213562373095,0,1081.876953125
49035,10,211,13,54,2,47.1635650940593,-0.5079674418365547,0.482842712474619,0,1081.876953125
49035,10,211,13,55,2,38.75100334756627,-0.3814208181345937,0.3414213562373095,0,1081.876953125
49035,10,211,13,56,2,54.0041385383508,-0.4724840364333507,0.4242640687119285,0,1081.876953125
49035,10,211,13,57,2,45.75680678686953,-0.3586577290039976,0.4242640687119285,0,1081.876953125
49035,10,211,13,58,2,60.89738981399124,-0.44500530001223737,0.382842712474619,0,1081.876953125
49035,10,211,13,59,2,52.780019649662194,-0.34194577187826036,0.4242640687119285,0,1081.876953125
49035,10,211,13,60,2,45.4199170219437,-0.2035705697087704,0.482842712474619,0,1081.876953125
49035,10,211,13,61,2,42.14959141333416,-0.11710186855417293,0.37888543819998316,0,1081.876953125
49035,10,211,13,62,2,59.81450978739644,-0.32916173285385275,0.4242640687119285,0,1081.876953125
49035,10,211,13,63,2,52.48822695774804,-0.20761491938291599,0.4242640687119285,0,1081.876953125
49035,10,211,13,64,2,66.85671759811696,-0.31906947989498535,0.3414213562373095,0,1081.876953125
49035,10,211,13,65,2,59.55719164010242,-0.21069924575936883,0.382842712474619,0,1081.876953125
49035,10,211,13,66,2,53.14411975108261,-0.07420991031869395,0.3414213562373095,0,1081.876953125
49035,10,212,10,1,,,,,0,1082.2769775390625
49035,10,212,10,2,,,,,0,1082.2769775390625
49035,10,212,10,3,2,10.781245412367502,-0.7690750516980196,0.765685424949238,0,1082.2769775390625
49035,10,212,10,4,,,,,0,1082.2769775390625
49035,10,212,10,5,2,10.107302104986445,-0.435044131629827,0.765685424949238,0,1082.2769775390625
49035,10,212,10,6,2,7.5685698858083965,-0.9326599753694191,0.848528137423857,0,1082.2769775390625
49035,10,212,10,7,,,,,0,1082.2769775390625
49035,10,212,10,8,,,,,0,1082.2769775390625
49035,10,212,10,9,2,6.573093131557912,-0.44691817749167484,0.765685424949238,0,1082.2769775390625
49035,10,212,10,10,2,4.830243015732864,-1.3046822409554277,0.6242640687119285,1,1082.2769775390625
49035,10,212,10,11,,,,,0,1082.2769775390625
49035,10,212,10,12,,,,,0,1082.2769775390625
49035,10,212,10,13,,,,,0,1082.2769775390625
49035,10,212,10,14,,,,,0,1082.2769775390625
49035,10,212,10,15,,,,,0,1082.2769775390625
49035,10,212,10,16,,,,,0,1082.2769775390625
49035,10,212,10,17,,,,,0,1082.2769775390625
49035,10,212,10,18,2,39.76858666892004,-0.1488081592571997,0.37888543819998316,0,1082.2769775390625
49035,10,212,10,19,2,46.88559904456845,0.051209998517093513,0.3414213562373095,0,1082.2769775390625
49035,10,212,10,20,2,37.530131711970355,-0.03301536520573167,0.482842712474619,0,1082.2769775390625
49035,10,212,10,21,2,28.61402059948318,-0.17130031472313467,0.3414213562373095,0,1082.2769775390625
49035,10,212,10,22,2,40.68605894796618,0.1290948933932765,0.4242640687119285,0,1082.2769775390625
49035,10,212,10,23,2,31.07421408929249,0.05147947133470465,0.4242640687119285,0,1082.2769775390625
49035,10,212,10,24,2,49.719958817782754,0.27567964111087884,0.37888543819998316,0,1082.2769775390625
49035,10,212,10,25,2,44.7459495274926,0.2648851091207831,0.482842712474619,0,1082.2769775390625
49035,10,212,10,26,2,34.820272653537906,0.23405374225680298,0.4242640687119285,0,1082.2769775390625
49035,10,212,10,27,2,24.95401322866774,0.17874946664691693,0.482842712474619,0,1082.2769775390625
49035,10,212,10,28,2,20.07058719847097,0.1307820921651226,0.37888543819998316,0,1082.2769775390625
49035,10,212,10,29,2,39.48792212900364,-5.905764701441231,0.4242640687119285,0,1082.2769775390625
49035,10,212,10,30,2,29.488088826101645,-5.9040726178827185,0.4242640687119285,0,1082.2769775390625
49035,10,212,10,31,2,44.78996093396144,-5.794461265365658,0.3414213562373095,0,1082.2769775390625
49035,10,212,10,32,2,34.876811623421034,-5.761186276661345,0.482842712474619,0,1082.2769775390625
49035,10,212,10,33,2,25.032845974147676,-5.701624857353432,0.3414213562373095,0,1082.2769775390625
49035,10,212,10,34,2,35.963346475127075,-5.623271246582975,0.4308640753373011,0,1082.2769775390625
49035,10,212,10,35,2,15.060937927860882,-5.0214291331790175,0.613407053921902,0,1082.2769775390625
49035,10,212,10,36,2,20.996079811814468,-5.101455993077694,0.682842712474619,0,1082.2769775390625
49035,10,212,10,37,2,17.915386173314417,-4.898050244914063,0.8513997106635237,0,1082.2769775390625
49035,10,212,10,38,2,15.845717276724576,-4.6270820568254765,0.682842712474619,0,1082.2769775390625
49035,10,212,10,39,2,21.374830173331283,-4.935333809547645,0.848528137423857,0,1082.2769775390625
49035,10,212,10,40,2,19.026535659800388,-4.716005059000363,0.848528137423857,0,1082.2769775390625
49035,10,212,10,41,2,27.045659210788152,-5.067554188884261,0.613407053921902,0,1082.2769775390625
49035,10,212,10,42,2,24.85569689504846,-4.962203910519905,0.8513997106635237,0,1082.2769775390625
49035,10,212,10,43,2,22.314375689528575,-4.779109082703448,0.848528137423857,0,1082.2769775390625
49035,10,212,10,44,2,20.689539789186377,-4.5585893024912725,0.8513997106635237,0,1082.2769775390625
49035,10,212,10,45,2,20.221153346947297,-4.388809016924862,0.613407053921902,0,1082.2769775390625
49035,10,212,10,46,2,25.668144958551096,-4.8258709993160105,0.848528137423857,0,1082.2769775390625
49035,10,212,10,47,2,23.748249617352734,-4.638607034544879,0.848528137423857,0,1082.2769775390625
49035,10,212,10,48,2,29.065029998487187,-4.861766601884835,0.682842712474619,0,1082.2769775390625
49035,10,212,10,49,2,26.92399790313211,-4.700069140105205,0.8513997106635237,0,1082.2769775390625
49035,10,212,10,50,2,25.593502248867086,-4.5162038092063845,0.682842712474619,0,1082.2769775390625
49035,10,212,10,51,2,30.2246732581176,-4.659252609457845,0.613407053921902,0,1082.2769775390625
49035,10,212,10,52,2,42.310836627152284,-5.543369701722314,0.4308640753373011,0,1082.2769775390625
49035,10,212,10,53,2,53.45021803710631,-5.523263823194384,0.3414213562373095,0,1082.2769775390625
49035,10,212,10,54,2,44.35287134745629,-5.437964995122609,0.482842712474619,0,1082.2769775390625
49035,10,212,10,55,2,35.74113296069131,-5.31020953038785,0.3414213562373095,0,1082.2769775390625
49035,10,212,10,56,2,51.127505348525915,-5.395418289206382,0.4242640687119285,0,1082.2769775390625
49035,10,212,10,57,2,42.71151123190738,-5.279775586729455,0.4242640687119285,0,1082.2769775390625
49035,10,212,10,58,2,57.97297999553828,-5.362871533981092,0.382842712474619,0,1082.2769775390625
49035,10,212,10,59,2,49.71033894586605,-5.257895581013933,0.4242640687119285,0,1082.2769775390625
49035,10,212,10,60,2,42.206269518434006,-5.113467564198972,0.482842712474619,0,1082.2769775390625
49035,10,212,10,61,2,38.87794851760563,-5.021323222818346,0.37888543819998316,0,1082.2769775390625
49035,10,212,10,62,2,56.72708704413107,-5.241422043212838,0.4242640687119285,0,1082.2769775390625
49035,10,212,10,63,2,49.27690932944382,-5.115173501573051,0.4242640687119285,0,1082.2769775390625
49035,10,212,10,64,2,63.755839033863865,-5.2285778765062325,0.3414213562373095,0,1082.2769775390625
49035,10,212,10,65,2,56.34765655696574,-5.116451305152862,0.382842712474619,0,1082.2769775390625
49035,10,212,10,66,2,49.852881441412876,-4.972862283536287,0.3414213562373095,0,1082.2769775390625
49035,10,213,6,1,,,,,0,1082.5269775390625
49035,10,213,6,2,,,,,0,1082.5269775390625
49035,10,213,6,3,2,8.47360153625818,0.6017282240865225,0.765685424949238,0,1082.5269775390625
49035,10,213,6,4,,,,,0,1082.5269775390625
49035,10,213,6,5,2,8.009158923981555,1.0304531988633003,0.765685424949238,0,1082.5269775390625
49035,10,213,6,6,2,5.27979337088321,0.3745235823312434,0.765685424949238,1,1082.5269775390625
49035,10,213,6,7,,,,,0,1082.5269775390625
49035,10,213,6,8,,,,,0,1082.5269775390625
49035,10,213,6,9,2,4.496767918576486,1.0977629249092995,0.765685424949238,0,1082.5269775390625
49035,10,213,6,10,,,,,0,1082.5269775390625
49035,10,213,6,11,,,,,0,1082.5269775390625
49035,10,213,6,12,,,,,0,1082.5269775390625
49035,10,213,6,13,,,,,0,1082.5269775390625
49035,10,213,6,14,,,,,0,1082.5269775390625
49035,10,213,6,15,,,,,0,1082.5269775390625
49035,10,213,6,16,,,,,0,1082.5269775390625
49035,10,213,6,17,,,,,0,1082.5269775390625
49035,10,213,6,18,2,37.981395147374194,1.2466635466653921,0.37888543819998316,0,1082.5269775390625
49035,10,213,6,19,2,45.42627206055967,1.4478118100019974,0.3414213562373095,0,1082.5269775390625
49035,10,213,6,20,2,35.93056325830757,1.3701810735305309,0.482842712474619,0,1082.5269775390625
49035,10,213,6,21,2,26.80418920240826,1.2383674838743677,0.3414213562373095,0,1082.5269775390625
49035,10,213,6,22,2,39.37886213957781,1.534482039790371,0.4242640687119285,0,1082.5269775390625
49035,10,213,6,23,2,29.633662719062126,1.4688093556446258,0.4242640687119285,0,1082.5269775390625
49035,10,213,6,24,2,48.699636542656854,1.6755928919724299,0.37888543819998316,0,1082.5269775390625
49035,10,213,6,25,2,43.70794196432163,1.6693489611190266,0.482842712474619,0,1082.5269775390625
49035,10,213,6,26,2,33.73193403135618,1.6513190632584005,0.4242640687119285,0,1082.5269775390625
49035,10,213,6,27,2,23.77609211445445,1.6181701603419711,0.482842712474619,0,1082.5269775390625
49035,10,213,6,28,2,18.81574201578699,1.588457371200518,0.37888543819998316,0,1082.5269775390625
49035,10,213,6,29,2,38.697968691449404,-4.492429373574471,0.4242640687119285,0,1082.5269775390625
49035,10,213,6,30,2,28.722673336297508,-4.47135826268831,0.4242640687119285,0,1082.5269775390625
49035,10,213,6,31,2,44.24050393240374,-4.386258152988923,0.3414213562373095,0,1082.5269775390625
49035,10,213,6,32,2,34.41920061437059,-4.3380238478269115,0.482842712474619,0,1082.5269775390625
49035,10,213,6,33,2,24.741474363334667,-4.251701828216243,0.3414213562373095,0,1082.5269775390625
49035,10,213,6,34,2,35.82039041733842,-4.201224833046516,0.4308640753373011,0,1082.5269775390625
49035,10,213,6,35,2,16.31024298145719,-3.5395313251125673,0.613407053921902,0,1082.5269775390625
49035,10,213,6,36,2,22.05533345581807,-3.648201676465381,0.682842712474619,0,1082.5269775390625
49035,10,213,6,37,2,19.36923656773691,-3.443807418904587,0.8513997106635237,0,1082.5269775390625
49035,10,213,6,38,2,17.71713624112502,-3.1883644225584007,0.682842712474619,0,1082.5269775390625
49035,10,213,6,39,2,22.748890717819034,-3.4932731885128865,0.848528137423857,0,1082.5269775390625
49035,10,213,6,40,2,20.76635789590707,-3.281691599245028,0.848528137423857,0,1082.5269775390625
49035,10,213,6,41,2,28.151305806424848,-3.6362208498899715,0.613407053921902,0,1082.5269775390625
49035,10,213,6,42,2,26.16976752983468,-3.5298779241665654,0.8513997106635237,0,1082.5269775390625
49035,10,213,6,43,2,23.949662292717584,-3.3506863806096447,0.848528137423857,0,1082.5269775390625
49035,10,213,6,44,2,22.634396729421514,-3.1431259277557753,0.8513997106635237,0,1082.5269775390625
49035,10,213,6,45,2,22.342261059785052,-2.98787358665583,0.613407053921902,0,1082.5269775390625
49035,10,213,6,46,2,27.220048266113245,-3.4033054908258755,0.848528137423857,0,1082.5269775390625
49035,10,213,6,47,2,25.58633656816004,-3.2240025667638545,0.848528137423857,0,1082.5269775390625
49035,10,213,6,48,2,30.54956188366457,-3.444549475137463,0.682842712474619,0,1082.5269775390625
49035,10,213,6,49,2,28.670635197942165,-3.287825391868023,0.8513997106635237,0,1082.5269775390625
49035,10,213,6,50,2,27.58142335020274,-3.11407246144433,0.682842712474619,0,1082.5269775390625
49035,10,213,6,51,2,32.02574935510898,-3.2549348074991933,0.613407053921902,0,1082.5269775390625
49035,10,213,6,52,2,42.34134831342978,-4.130997111104584,0.4308640753373011,0,1082.5269775390625
49035,10,213,6,53,2,53.51401305245372,-4.122295561203941,0.3414213562373095,0,1082.5269775390625
49035,10,213,6,54,2,44.62296242650688,-4.02859766608935,0.482842712474619,0,1082.5269775390625
49035,10,213,6,55,2,36.313468003713204,-3.8902793552006125,0.3414213562373095,0,1082.5269775390625
49035,10,213,6,56,2,51.48687389098388,-3.993149190491187,0.4242640687119285,0,1082.5269775390625
49035,10,213,6,57,2,43.34002037153808,-3.870310321285441,0.4242640687119285,0,1082.5269775390625
49035,10,213,6,58,2,58.400236218826294,-3.9660657711336222,0.382842712474619,0,1082.5269775390625
49035,10,213,6,59,2,50.37903108589891,-3.8559169972618736,0.4242640687119285,0,1082.5269775390625
49035,10,213,6,60,2,43.19150328355366,-3.706730477721587,0.482842712474619,0,1082.5269775390625
49035,10,213,6,61,2,40.052909348296474,-3.6131171571890954,0.37888543819998316,0,1082.5269775390625
49035,10,213,6,62,2,57.42591906537153,-3.8450543468133853,0.4242640687119285,0,1082.5269775390625
49035,10,213,6,63,2,50.251322004917036,-3.715288468802097,0.4242640687119285,0,1082.5269775390625
49035,10,213,6,64,2,64.4781016148214,-3.836567037188577,0.3414213562373095,0,1082.5269775390625
49035,10,213,6,65,2,57.31391428432097,-3.7217376976649676,0.382842712474619,0,1082.5269775390625
49035,10,213,6,66,2,51.111094229430755,-3.576687254194125,0.3414213562373095,0,1082.5269775390625
49035,10,214,9,1,,,,,0,1082.927001953125
49035,10,214,9,2,,,,,0,1082.927001953125
49035,10,214,9,3,2,5.851374461181812,0.6565733844480728,0.6093338188813542,0,1082.927001953125
49035,10,214,9,4,,,,,0,1082.927001953125
49035,10,214,9,5,2,7.402646922444959,1.1441123815941303,0.765685424949238,0,1082.927001953125
49035,10,214,9,6,,,,,0,1082.927001953125
49035,10,214,9,7,,,,,0,1082.927001953125
49035,10,214,9,8,,,,,0,1082.927001953125
49035,10,214,9,9,2,5.168798401400121,-4.692341285613294,0.765685424949238,1,1082.927001953125
49035,10,214,9,10,,,,,0,1082.927001953125
49035,10,214,9,11,,,,,0,1082.927001953125
49035,10,214,9,12,2,8.501592514801537,-4.51409307985738,0.765685424949238,0,1082.927001953125
49035,10,214,9,13,,,,,0,1082.927001953125
49035,10,214,9,14,,,,,0,1082.927001953125
49035,10,214,9,15,2,8.318315378949162,-4.091087974786155,0.6093338188813542,0,1082.927001953125
49035,10,214,9,16,,,,,0,1082.927001953125
49035,10,214,9,17,,,,,0,1082.927001953125
49035,10,214,9,18,2,37.29802424969937,0.8826604292191238,0.37888543819998316,0,1082.927001953125
49035,10,214,9,19,2,45.61696079963536,1.0639980475838828,0.3414213562373095,0,1082.927001953125
49035,10,214,9,20,2,35.82765003123297,1.0134842123637129,0.482842712474619,0,1082.927001953125
49035,10,214,9,21,2,26.19797513025667,0.9254512433177879,0.3414213562373095,0,1082.927001953125
49035,10,214,9,22,2,39.996771163524365,1.1645001053010344,0.4242640687119285,0,1082.927001953125
49035,10,214,9,23,2,30.04089042742197,1.1374297489882945,0.4242640687119285,0,1082.927001953125
49035,10,214,9,24,2,49.894951680221524,-5.0022469538335015,0.37888543819998316,0,1082.927001953125
49035,10,214,9,25,2,44.898361888315705,-4.998345979434163,0.482842712474619,0,1082.927001953125
49035,10,214,9,26,2,34.90811215776641,-4.987194275274048,0.4242640687119285,0,1082.927001953125
49035,10,214,9,27,2,24.925683312283304,-4.967105897307025,0.482842712474619,0,1082.927001953125
49035,10,214,9,28,2,19.941072831388933,-4.949523184356418,0.37888543819998316,0,1082.927001953125
49035,10,214,9,29,2,40.43139239707217,-4.869604045780883,0.4242640687119285,0,1082.927001953125
49035,10,214,9,30,2,30.617166513756047,-4.815066808548567,0.4242640687119285,0,1082.927001953125
49035,10,214,9,31,2,46.376919776035706,-4.781182024324506,0.3414213562373095,0,1082.927001953125
49035,10,214,9,32,2,36.7903802926511,-4.7122749654654825,0.482842712474619,0,1082.927001953125
49035,10,214,9,33,2,27.499917749748448,-4.595896866091712,0.3414213562373095,0,1082.927001953125
49035,10,214,9,34,2,38.67828817188315,-4.589462600588826,0.4308640753373011,0,1082.927001953125
49035,10,214,9,35,2,20.743356273000707,-3.962066856589014,0.613407053921902,0,1082.927001953125
49035,10,214,9,36,2,26.342259927095476,-4.066044376001798,0.682842712474619,0,1082.927001953125
49035,10,214,9,37,2,23.88035500467235,-3.8923130222769124,0.8513997106635237,0,1082.927001953125
49035,10,214,9,38,2,22.28515317945334,-3.6865354453749264,0.682842712474619,0,1082.927001953125
49035,10,214,9,39,2,27.218228331810884,-3.9380359029403302,0.848528137423857,0,1082.927001953125
49035,10,214,9,40,2,25.341441367947333,-3.761345447717334,0.848528137423857,0,1082.927001953125
49035,10,214,9,41,2,32.44522867754583,-4.06814529253513,0.613407053921902,0,1082.927001953125
49035,10,214,9,42,2,30.60053188910294,-3.97371272732556,0.8513997106635237,0,1082.927001953125
49035,10,214,9,43,2,28.508757408531952,-3.8198028099793007,0.848528137423857,0,1082.927001953125
49035,10,214,9,44,2,27.186503012727563,-3.646380336581359,0.8513997106635237,0,1082.927001953125
49035,10,214,9,45,2,26.782562125734138,-3.5174502280023123,0.613407053921902,0,1082.927001953125
49035,10,214,9,46,2,31.75389499497563,-3.8664455041474266,0.848528137423857,0,1082.927001953125
49035,10,214,9,47,2,30.160678779405117,-3.7131507815884186,0.848528137423857,0,1082.927001953125
49035,10,214,9,48,2,35.05524847616048,-3.904373117222909,0.682842712474619,0,1082.927001953125
49035,10,214,9,49,2,33.24495665221826,-3.767739740976069,0.8513997106635237,0,1082.927001953125
49035,10,214,9,50,2,32.118278906105644,-3.618522741539352,0.682842712474619,0,1082.927001953125
49035,10,214,9,51,2,36.60207191524017,-3.7393630013301578,0.613407053921902,0,1082.927001953125
49035,10,214,9,52,2,45.41069447447443,-4.537867008384927,0.4308640753373011,0,1082.927001953125
49035,10,214,9,53,2,56.58529554856428,-4.544932914345298,0.3414213562373095,0,1082.927001953125
49035,10,214,9,54,2,48.006344023299754,-4.446307244239732,0.482842712474619,0,1082.927001953125
49035,10,214,9,55,2,40.09142627356187,-4.306880602584178,0.3414213562373095,0,1082.927001953125
49035,10,214,9,56,2,54.96117050455016,-4.421448485106927,0.4242640687119285,0,1082.927001953125
49035,10,214,9,57,2,47.1534055757935,-4.2986376427572734,0.4242640687119285,0,1082.927001953125
49035,10,214,9,58,2,61.94232365658444,-4.402183320644392,0.382842712474619,0,1082.927001953125
49035,10,214,9,59,2,54.21775404922358,-4.2925424009706195,0.4242640687119285,0,1082.927001953125
49035,10,214,9,60,2,47.35270053869303,-4.148914389138115,0.482842712474619,0,1082.927001953125
49035,10,214,9,61,2,44.36930183572487,-4.061349698954423,0.37888543819998316,0,1082.927001953125
49035,10,214,9,62,2,61.283652395144706,-4.287852558398426,0.4242640687119285,0,1082.927001953125
49035,10,214,9,63,2,54.39117065346144,-4.1622777749807565,0.4242640687119285,0,1082.927001953125
49035,10,214,9,64,2,68.35061995063214,-4.284132440194982,0.3414213562373095,0,1082.927001953125
49035,10,214,9,65,2,61.43712755167506,-4.172577487668517,0.382842712474619,0,1082.927001953125
49035,10,214,9,66,2,55.47282249864189,-4.034976589784856,0.3414213562373095,0,1082.927001953125
49035,10,215,15,1,,,,,0,1083.1429443359375
49035,10,215,15,2,,,,,0,1083.1429443359375
49035,10,215,15,3,2,4.278333648739575,4.976819192860956,0.5093338188813542,0,1083.1429443359375
49035,10,215,15,4,,,,,0,1083.1429443359375
49035,10,215,15,5,2,5.094740756683148,5.731409009112532,0.6093338188813542,0,1083.1429443359375
49035,10,215,15,6,,,,,0,1083.1429443359375
49035,10,215,15,7,,,,,0,1083.1429443359375
49035,10,215,15,8,,,,,0,1083.1429443359375
49035,10,215,15,9,,,,,0,1083.1429443359375
49035,10,215,15,10,,,,,0,1083.1429443359375
49035,10,215,15,11,,,,,0,1083.1429443359375
49035,10,215,15,12,2,6.4223965737384185,0.31811299275988025,0.6366888663207728,0,1083.1429443359375
49035,10,215,15,13,,,,,0,1083.1429443359375
49035,10,215,15,14,,,,,0,1083.1429443359375
49035,10,215,15,15,2,6.991832918130586,0.8449023148689523,0.6950481045956398,1,1083.1429443359375
49035,10,215,15,16,,,,,0,1083.1429443359375
49035,10,215,15,17,2,10.336308993825867,0.9663410795633651,0.5455602275610756,0,1083.1429443359375
49035,10,215,15,18,2,35.18244901430146,5.530234934523172,0.37888543819998316,0,1083.1429443359375
49035,10,215,15,19,2,43.3373153592011,5.726423535903663,0.3414213562373095,0,1083.1429443359375
49035,10,215,15,20,2,33.58713314673463,5.668194296195111,0.482842712474619,0,1083.1429443359375
49035,10,215,15,21,2,24.043047300417495,5.56310272976408,0.3414213562373095,0,1083.1429443359375
49035,10,215,15,22,2,37.661651612113644,5.830863359051017,0.4242640687119285,0,1083.1429443359375
49035,10,215,15,23,2,27.719534855871142,5.797609701648228,0.4242640687119285,0,1083.1429443359375
49035,10,215,15,24,2,47.525973804343536,-0.3278512744215414,0.37888543819998316,0,1083.1429443359375
49035,10,215,15,25,2,42.528866564816475,-0.3240687106801521,0.482842712474619,0,1083.1429443359375
49035,10,215,15,26,2,32.53731860128608,-0.3130184297747802,0.4242640687119285,0,1083.1429443359375
49035,10,215,15,27,2,22.553263893175867,-0.2921797443285361,0.482842712474619,0,1083.1429443359375
49035,10,215,15,28,2,17.568039659337256,-0.27288254415570146,0.37888543819998316,0,1083.1429443359375
49035,10,215,15,29,2,38.06549081382427,-0.18765574851875,0.4242640687119285,0,1083.1429443359375
49035,10,215,15,30,2,28.265777919083927,-0.12693648845161665,0.4242640687119285,0,1083.1429443359375
49035,10,215,15,31,2,44.037325986407055,-0.09514107015039563,0.3414213562373095,0,1083.1429443359375
49035,10,215,15,32,2,34.485630203125396,-0.0191515730456584,0.482842712474619,0,1083.1429443359375
49035,10,215,15,33,2,25.28302396827459,0.11346604286083473,0.3414213562373095,0,1083.1429443359375
49035,10,215,15,34,2,36.46298787646555,0.11044622776157942,0.4308640753373011,0,1083.1429443359375
49035,10,215,15,35,2,19.5273717989678,0.81648284497152,0.613407053921902,0,1083.1429443359375
49035,10,215,15,36,2,24.895491563716863,0.6846782100566875,0.682842712474619,0,1083.1429443359375
49035,10,215,15,37,2,22.798504456124174,0.8754907923067363,0.8513997106635237,0,1083.1429443359375
49035,10,215,15,38,2,21.67390390937291,1.095098930927815,0.682842712474619,0,1083.1429443359375
49035,10,215,15,39,2,26.027371169670303,0.8163559738974884,0.848528137423857,0,1083.1429443359375
49035,10,215,15,40,2,24.544049283698104,1.0055575751393997,0.848528137423857,0,1083.1429443359375
49035,10,215,15,41,2,30.98121819596325,0.6680236699519546,0.613407053921902,0,1083.1429443359375
49035,10,215,15,42,2,29.32705738003143,0.7703958809438092,0.8513997106635237,0,1083.1429443359375
49035,10,215,15,43,2,27.56923284765959,0.9351994907327508,0.848528137423857,0,1083.1429443359375
49035,10,215,15,44,2,26.646742859968626,1.116756042092019,0.8513997106635237,0,1083.1429443359375
49035,10,215,15,45,2,26.54786844006615,1.2483910452025597,0.613407053921902,0,1083.1429443359375
49035,10,215,15,46,2,30.70366174214964,0.878973057836566,0.848528137423857,0,1083.1429443359375
49035,10,215,15,47,2,29.456767467140043,1.0401526500197598,0.848528137423857,0,1083.1429443359375
49035,10,215,15,48,2,33.91706191497451,0.8332779946422422,0.682842712474619,0,1083.1429443359375
49035,10,215,15,49,2,32.40915602389286,0.977189482308402,0.8513997106635237,0,1083.1429443359375
49035,10,215,15,50,2,31.628147265020875,1.1315964523984618,0.682842712474619,0,1083.1429443359375
49035,10,215,15,51,2,35.82327386269745,0.9998053174151638,0.613407053921902,0,1083.1429443359375
49035,10,215,15,52,2,43.2418081723581,0.16111810118068925,0.4308640753373011,0,1083.1429443359375
49035,10,215,15,53,2,54.40746417463271,0.14930832392697502,0.3414213562373095,0,1083.1429443359375
49035,10,215,15,54,2,45.93631208953951,0.25565563304235583,0.482842712474619,0,1083.1429443359375
49035,10,215,15,55,2,38.211482290814196,0.4073745006364371,0.3414213562373095,0,1083.1429443359375
49035,10,215,15,56,2,52.9192711356016,0.2782257690834955,0.4242640687119285,0,1083.1429443359375
49035,10,215,15,57,2,45.28158420370194,0.410184142172787,0.4242640687119285,0,1083.1429443359375
49035,10,215,15,58,2,59.922898349955155,0.2955272104587987,0.382842712474619,0,1083.1429443359375
49035,10,215,15,59,2,52.35194702332179,0.4122348873296291,0.4242640687119285,0,1083.1429443359375
49035,10,215,15,60,2,45.72416174853645,0.5654354332927531,0.482842712474619,0,1083.1429443359375
49035,10,215,15,61,2,42.903208188236235,0.6586755192801612,0.37888543819998316,0,1083.1429443359375
49035,10,215,15,62,2,59.42247761805656,0.41379761183943753,0.4242640687119285,0,1083.1429443359375
49035,10,215,15,63,2,52.73522026826157,0.5467145449224069,0.4242640687119285,0,1083.1429443359375
49035,10,215,15,64,2,66.49312246694522,0.41502798958463805,0.3414213562373095,0,1083.1429443359375
49035,10,215,15,65,2,59.760421232432826,0.5323910816785307,0.382842712474619,0,1083.1429443359375
49035,10,215,15,66,2,54.04887192487408,0.6769476324950898,0.3414213562373095,0,1083.1429443359375
49035,10,216,12,1,,,,,0,1083.5260009765625
49035,10,216,12,2,,,,,0,1083.5260009765625
49035,10,216,12,3,2,6.812781025953977,3.5804897563971814,0.48340789295542824,0,1083.5260009765625
49035,10,216,12,4,,,,,0,1083.5260009765625
49035,10,216,12,5,2,5.181012065831104,4.114742046410342,0.5714911539102063,0,1083.5260009765625
49035,10,216,12,6,,,,,0,1083.5260009765625
49035,10,216,12,7,,,,,0,1083.5260009765625
49035,10,216,12,8,,,,,0,1083.5260009765625
49035,10,216,12,9,,,,,0,1083.5260009765625
49035,10,216,12,10,,,,,0,1083.5260009765625
49035,10,216,12,11,,,,,0,1083.5260009765625
49035,10,216,12,12,2,2.970754819104532,-0.9515518144328288,0.48033726025288903,1,1083.5260009765625
49035,10,216,12,13,,,,,0,1083.5260009765625
49035,10,216,12,14,,,,,0,1083.5260009765625
49035,10,216,12,15,,,,,0,1083.5260009765625
49035,10,216,12,16,,,,,0,1083.5260009765625
49035,10,216,12,17,2,6.7094508243037945,0.3241925060108619,0.34849438328237714,0,1083.5260009765625
49035,10,216,12,18,2,34.72320274082308,4.589293336948156,0.37888543819998316,0,1083.5260009765625
49035,10,216,12,19,2,42.07652449152751,4.81007524362266,0.3414213562373095,0,1083.5260009765625
49035,10,216,12,20,2,32.598823701925944,4.723927890668958,0.482842712474619,0,1083.5260009765625
49035,10,216,12,21,2,23.557009577032133,4.569633946893769,0.3414213562373095,0,1083.5260009765625
49035,10,216,12,22,2,36.035275886090105,4.904480817325954,0.4242640687119285,0,1083.5260009765625
49035,10,216,12,23,2,26.28289370769059,4.83260320082588,0.4242640687119285,0,1083.5260009765625
49035,10,216,12,24,2,45.423278315115446,5.0546963256772655,0.37888543819998316,0,1083.5260009765625
49035,10,216,12,25,2,40.42769978151125,5.049790537253189,0.482842712474619,0,1083.5260009765625
49035,10,216,12,26,2,30.44089852627776,5.035149441138611,0.4242640687119285,0,1083.5260009765625
49035,10,216,12,27,2,20.466990412619886,5.006226418739758,0.482842712474619,0,1083.5260009765625
49035,10,216,12,28,2,15.492656108035241,4.977811713517749,0.37888543819998316,0,1083.5260009765625
49035,10,216,12,29,2,35.53176191134514,-1.0986797823714756,0.4242640687119285,0,1083.5260009765625
49035,10,216,12,30,2,25.588190596203795,-1.0634957452300113,0.4242640687119285,0,1083.5260009765625
49035,10,216,12,31,2,41.21121092569224,-0.9885442394741,0.3414213562373095,0,1083.5260009765625
49035,10,216,12,32,2,31.474009903808415,-0.9252967515093109,0.482842712474619,0,1083.5260009765625
49035,10,216,12,33,2,21.974136908833643,-0.806479476452769,0.3414213562373095,0,1083.5260009765625
49035,10,216,12,34,2,33.12998336241622,-0.7790652227251067,0.4308640753373011,0,1083.5260009765625
49035,10,216,12,35,2,15.654521094638953,0.030648379645243473,0.613407053921902,0,1083.5260009765625
49035,10,216,12,36,2,20.954166237032442,-0.13668732527589822,0.682842712474619,0,1083.5260009765625
49035,10,216,12,37,2,18.978982570748034,0.09415763891649442,0.8513997106635237,0,1083.5260009765625
49035,10,216,12,38,2,18.20237556343471,0.3606918385211253,0.682842712474619,0,1083.5260009765625
49035,10,216,12,39,2,22.150184652490974,0.017899841710863562,0.848528137423857,0,1083.5260009765625
49035,10,216,12,40,2,20.898693185723697,0.24337212483486015,0.848528137423857,0,1083.5260009765625
49035,10,216,12,41,2,27.037423936944112,-0.15743948405925923,0.613407053921902,0,1083.5260009765625
49035,10,216,12,42,2,25.417702116008357,-0.039016161729441334,0.8513997106635237,0,1083.5260009765625
49035,10,216,12,43,2,23.815630950904975,0.15379001814295234,0.848528137423857,0,1083.5260009765625
49035,10,216,12,44,2,23.201486467924212,0.36527994345278225,0.8513997106635237,0,1083.5260009765625
49035,10,216,12,45,2,23.406115910876107,0.5153553650175688,0.613407053921902,0,1083.5260009765625
49035,10,216,12,46,2,26.88146533037944,0.08418233031263211,0.848528137423857,0,1083.5260009765625
49035,10,216,12,47,2,25.85996664808289,0.2700899521661291,0.848528137423857,0,1083.5260009765625
49035,10,216,12,48,2,30.05065854564723,0.029033703385814125,0.682842712474619,0,1083.5260009765625
49035,10,216,12,49,2,28.708304996266296,0.19319966227762086,0.8513997106635237,0,1083.5260009765625
49035,10,216,12,50,2,28.200912618038014,0.36824134542172726,0.682842712474619,0,1083.5260009765625
49035,10,216,12,51,2,32.15283073816223,0.2136293259566906,0.613407053921902,0,1083.5260009765625
49035,10,216,12,52,2,39.79263247174473,-0.7138255259683335,0.4308640753373011,0,1083.5260009765625
49035,10,216,12,53,2,50.972411201915534,-0.7163127251062706,0.3414213562373095,0,1083.5260009765625
49035,10,216,12,54,2,42.313545079564044,-0.6085467732440095,0.482842712474619,0,1083.5260009765625
49035,10,216,12,55,2,34.390194687780316,-0.44844426840350393,0.3414213562373095,0,1083.5260009765625
49035,10,216,12,56,2,49.25742480720726,-0.5793012853772013,0.4242640687119285,0,1083.5260009765625
49035,10,216,12,57,2,41.45531681341745,-0.4407660438432506,0.4242640687119285,0,1083.5260009765625
49035,10,216,12,58,2,56.23301254667986,-0.5572963513036069,0.382842712474619,0,1083.5260009765625
49035,10,216,12,59,2,48.522171154413414,-0.43532411204287613,0.4242640687119285,0,1083.5260009765625
49035,10,216,12,60,2,41.79294781421052,-0.2708751268716225,0.482842712474619,0,1083.5260009765625
49035,10,216,12,61,2,38.95863426421531,-0.1687497561275253,0.37888543819998316,0,1083.5260009765625
49035,10,216,12,62,2,55.59009709449667,-0.4312658980013928,0.4242640687119285,0,1083.5260009765625
49035,10,216,12,63,2,48.81094435102339,-0.2900206555299023,0.4242640687119285,0,1083.5260009765625
49035,10,216,12,64,2,62.65873200450952,-0.42812326913502186,0.3414213562373095,0,1083.5260009765625
49035,10,216,12,65,2,55.84233241794329,-0.30434897136595196,0.382842712474619,0,1083.5260009765625
49035,10,216,12,66,2,50.10604238352112,-0.1493413491837139,0.3414213562373095,0,1083.5260009765625
49035,10,217,3,1,,,,,0,1083.97705078125
49035,10,217,3,2,,,,,0,1083.97705078125
49035,10,217,3,3,2,10.258819019748996,-1.4503404959437003,0.44635950564868465,1,1083.97705078125
49035,10,217,3,4,,,,,0,1083.97705078125
49035,10,217,3,5,2,8.010583582821754,-1.148193974664284,0.4979822603169414,0,1083.97705078125
49035,10,217,3,6,,,,,0,1083.97705078125
49035,10,217,3,7,,,,,0,1083.97705078125
49035,10,217,3,8,,,,,0,1083.97705078125
49035,10,217,3,9,,,,,0,1083.97705078125
49035,10,217,3,10,,,,,0,1083.97705078125
49035,10,217,3,11,,,,,0,1083.97705078125
49035,10,217,3,12,,,,,0,1083.97705078125
49035,10,217,3,13,,,,,0,1083.97705078125
49035,10,217,3,14,2,4.540209050132402,0.11125735717700502,0.3797802096105348,0,1083.97705078125
49035,10,217,3,15,,,,,0,1083.97705078125
49035,10,217,3,16,,,,,0,1083.97705078125
49035,10,217,3,17,2,3.2850995700420853,-4.40392535147506,0.35849461354003137,0,1083.97705078125
49035,10,217,3,18,2,35.80799645017731,-0.4350456752018399,0.37888543819998316,0,1083.97705078125
49035,10,217,3,19,2,42.37214850796958,-0.20216950034887615,0.3414213562373095,0,1083.97705078125
49035,10,217,3,20,2,33.23748752538363,-0.3106526218500063,0.482842712474619,0,1083.97705078125
49035,10,217,3,21,2,24.780278142479265,-0.49686002596915557,0.3414213562373095,0,1083.97705078125
49035,10,217,3,22,2,36.02197579693334,-0.12253098914860949,0.4242640687119285,0,1083.97705078125
49035,10,217,3,23,2,26.587860916844267,-0.22973944980159278,0.4242640687119285,0,1083.97705078125
49035,10,217,3,24,2,44.84160010214141,0.04864485512267169,0.37888543819998316,0,1083.97705078125
49035,10,217,3,25,2,39.88025706574208,0.033970562044887576,0.482842712474619,0,1083.97705078125
49035,10,217,3,26,2,29.996108271712085,-0.009915559684039454,0.4242640687119285,0,1083.97705078125
49035,10,217,3,27,2,20.226174113432272,-0.09652696977972308,0.482842712474619,0,1083.97705078125
49035,10,217,3,28,2,15.451987677194788,-0.18058789190907332,0.37888543819998316,0,1083.97705078125
49035,10,217,3,29,2,34.53431155768265,0.15876521994299742,0.4242640687119285,0,1083.97705078125
49035,10,217,3,30,2,24.534675106503798,0.15583583112655308,0.4242640687119285,0,1083.97705078125
49035,10,217,3,31,2,39.81797129535749,-5.997609793138127,0.3414213562373095,0,1083.97705078125
49035,10,217,3,32,2,29.913248668382987,-5.9577045084585,0.482842712474619,0,1083.97705078125
49035,10,217,3,33,2,20.103085676460715,-5.878603040508599,0.3414213562373095,0,1083.97705078125
49035,10,217,3,34,2,31.101775079899177,-5.798309193252499,0.4308640753373011,0,1083.97705078125
49035,10,217,3,35,2,12.130738758805363,-4.92944582960532,0.613407053921902,0,1083.97705078125
49035,10,217,3,36,2,17.564213503085348,-5.120174440410278,0.682842712474619,0,1083.97705078125
49035,10,217,3,37,2,15.432673128504584,-4.8445889840450445,0.8513997106635237,0,1083.97705078125
49035,10,217,3,38,2,14.759173547342318,-4.514818372967646,0.682842712474619,0,1083.97705078125
49035,10,217,3,39,2,18.630445017462065,-4.933556326970272,0.848528137423857,0,1083.97705078125
49035,10,217,3,40,2,17.37122003366427,-4.66376234533906,0.848528137423857,0,1083.97705078125
49035,10,217,3,41,2,23.664393093201767,-5.129711994642431,0.613407053921902,0,1083.97705078125
49035,10,217,3,42,2,21.93215819763497,-4.9961168924345465,0.8513997106635237,0,1083.97705078125
49035,10,217,3,43,2,20.265373599205827,-4.7720483906331665,0.848528137423857,0,1083.97705078125
49035,10,217,3,44,2,19.757306775587868,-4.52281876626237,0.8513997106635237,0,1083.97705078125
49035,10,217,3,45,2,20.14614687133005,-4.348251455778287,0.613407053921902,0,1083.97705078125
49035,10,217,3,46,2,23.336911723122196,-4.852582508850359,0.848528137423857,0,1083.97705078125
49035,10,217,3,47,2,22.344512809235738,-4.637565712398024,0.848528137423857,0,1083.97705078125
49035,10,217,3,48,2,26.524281902253414,-4.914085347393188,0.682842712474619,0,1083.97705078125
49035,10,217,3,49,2,25.163531833578322,-4.727583950556402,0.8513997106635237,0,1083.97705078125
49035,10,217,3,50,2,24.756193937049602,-4.527588416292484,0.682842712474619,0,1083.97705078125
49035,10,217,3,51,2,28.613212182423602,-4.705545000079132,0.613407053921902,0,1083.97705078125
49035,10,217,3,52,2,37.55226459796342,-5.713521838070124,0.4308640753373011,0,1083.97705078125
49035,10,217,3,53,2,48.71713185154658,-5.699774493590608,0.3414213562373095,0,1083.97705078125
49035,10,217,3,54,2,39.783043418767974,-5.597684883690711,0.482842712474619,0,1083.97705078125
49035,10,217,3,55,2,31.496383149151928,-5.439391373370563,0.3414213562373095,0,1083.97705078125
49035,10,217,3,56,2,46.64271333203502,-5.5578443443864245,0.4242640687119285,0,1083.97705078125
49035,10,217,3,57,2,38.534066938139304,-5.4196912981275585,0.4242640687119285,0,1083.97705078125
49035,10,217,3,58,2,53.55739790439054,-5.528253849599347,0.382842712474619,0,1083.97705078125
49035,10,217,3,59,2,45.58208505660771,-5.406079368265626,0.4242640687119285,0,1083.97705078125
49035,10,217,3,60,2,38.56239211883028,-5.236000301125308,0.482842712474619,0,1083.97705078125
49035,10,217,3,61,2,35.59106474714862,-5.127399688243714,0.37888543819998316,0,1083.97705078125
49035,10,217,3,62,2,52.63628635668211,-5.396114465042711,0.4242640687119285,0,1083.97705078125
49035,10,217,3,63,2,45.60603303556716,-5.250836926625548,0.4242640687119285,0,1083.97705078125
49035,10,217,3,64,2,59.694478846351096,-5.388505420775918,0.3414213562373095,0,1083.97705078125
49035,10,217,3,65,2,52.6570262411016,-5.261702068045318,0.382842712474619,0,1083.97705078125
49035,10,217,3,66,2,46.71288923171704,-5.099381893065392,0.3414213562373095,0,1083.97705078125
49035,10,218,5,1,,,,,0,1084.7110595703125
49035,10,218,5,2,,,,,0,1084.7110595703125
49035,10,218,5,3,,,,,0,1084.7110595703125
49035,10,218,5,4,,,,,0,1084.7110595703125
49035,10,218,5,5,2,3.139180071409134,1.3392005948700458,0.563179972727508,1,1084.7110595703125
49035,10,218,5,6,,,,,0,1084.7110595703125
49035,10,218,5,7,2,9.398659586085508,-4.620054173283847,0.6034068236642477,0,1084.7110595703125
49035,10,218,5,8,2,6.056983668512309,-4.482003509805549,0.7685569981889047,0,1084.7110595703125
49035,10,218,5,9,,,,,0,1084.7110595703125
49035,10,218,5,10,,,,,0,1084.7110595703125
49035,10,218,5,11,,,,,0,1084.7110595703125
49035,10,218,5,12,,,,,0,1084.7110595703125
49035,10,218,5,13,,,,,0,1084.7110595703125
49035,10,218,5,14,2,9.168955732236189,-3.950628867980752,0.5276927682076162,0,1084.7110595703125
49035,10,218,5,15,,,,,0,1084.7110595703125
49035,10,218,5,16,,,,,0,1084.7110595703125
49035,10,218,5,17,2,10.75663221646818,-3.3481552447455085,0.3712501974171229,0,1084.7110595703125
49035,10,218,5,18,2,33.1805886488907,1.0278828433977687,0.37888543819998316,0,1084.7110595703125
49035,10,218,5,19,2,41.3630168579056,1.2339047169128616,0.3414213562373095,0,1084.7110595703125
49035,10,218,5,20,2,31.596426398344107,1.1744804272133844,0.482842712474619,0,1084.7110595703125
49035,10,218,5,21,2,22.04017147629687,1.0627918120633455,0.3414213562373095,0,1084.7110595703125
49035,10,218,5,22,2,35.7351278215954,1.345312347197673,0.4242640687119285,0,1084.7110595703125
49035,10,218,5,23,2,25.776624255017477,1.3153259040643224,0.4242640687119285,0,1084.7110595703125
49035,10,218,5,24,2,45.6831157094856,-4.811497292704341,0.37888543819998316,0,1084.7110595703125
49035,10,218,5,25,2,40.68985819225163,-4.80547664560659,0.482842712474619,0,1084.7110595703125
49035,10,218,5,26,2,30.709926038076688,-4.787563547039818,0.4242640687119285,0,1084.7110595703125
49035,10,218,5,27,2,20.749326611307996,-4.752430241902644,0.482842712474619,0,1084.7110595703125
49035,10,218,5,28,2,15.787718441941859,-4.7182603522224875,0.4538461538461539,0,1084.7110595703125
49035,10,218,5,29,2,36.356082799772665,-4.660079379096387,0.4242640687119285,0,1084.7110595703125
49035,10,218,5,30,2,26.630804608620434,-4.585248855485762,0.4242640687119285,0,1084.7110595703125
49035,10,218,5,31,2,42.43147364661886,-4.567931639819719,0.3414213562373095,0,1084.7110595703125
49035,10,218,5,32,2,32.9827978404244,-4.480372904624849,0.482842712474619,0,1084.7110595703125
49035,10,218,5,33,2,23.98541121058587,-4.325050899362506,0.3414213562373095,0,1084.7110595703125
49035,10,218,5,34,2,35.14609013021771,-4.347878027126378,0.4308640753373011,0,1084.7110595703125
49035,10,218,5,35,2,19.56527420599046,-3.581504331849568,0.613407053921902,0,1084.7110595703125
49035,10,218,5,36,2,24.647522078652372,-3.735549232407312,0.682842712474619,0,1084.7110595703125
49035,10,218,5,37,2,22.939438602480074,-3.537599507354077,0.8513997106635237,0,1084.7110595703125
49035,10,218,5,38,2,22.24714233730368,-3.317959491489209,0.682842712474619,0,1084.7110595703125
49035,10,218,5,39,2,26.039401741146925,-3.6071734788450316,0.848528137423857,0,1084.7110595703125
49035,10,218,5,40,2,24.93527504993964,-3.4155023961962927,0.848528137423857,0,1084.7110595703125
49035,10,218,5,41,2,30.68437376794955,-3.768204641624238,0.613407053921902,0,1084.7110595703125
49035,10,218,5,42,2,29.238383037998837,-3.6617418961640222,0.8513997106635237,0,1084.7110595703125
49035,10,218,5,43,2,27.81367543953936,-3.49347873179419,0.848528137423857,0,1084.7110595703125
49035,10,218,5,44,2,27.24551413050104,-3.312777039481226,0.8513997106635237,0,1084.7110595703125
49035,10,218,5,45,2,27.389236743305567,-3.184673506485377,0.613407053921902,0,1084.7110595703125
49035,10,218,5,46,2,30.82909569053117,-3.5565256343234566,0.848528137423857,0,1084.7110595703125
49035,10,218,5,47,2,29.902351744891646,-3.3945234425799056,0.848528137423857,0,1084.7110595703125
49035,10,218,5,48,2,33.94504000197702,-3.6081733546384873,0.682842712474619,0,1084.7110595703125
49035,10,218,5,49,2,32.725880271050265,-3.462557065803801,0.8513997106635237,0,1084.7110595703125
49035,10,218,5,50,2,32.244390803586505,-3.309201395029934,0.682842712474619,0,1084.7110595703125
49035,10,218,5,51,2,36.17873862030674,-3.445918468365602,0.613407053921902,0,1084.7110595703125
49035,10,218,5,52,2,41.99896249577091,-4.302506502073877,0.4308640753373011,0,1084.7110595703125
49035,10,218,5,53,2,53.140008950146594,-4.322330789640413,0.3414213562373095,0,1084.7110595703125
49035,10,218,5,54,2,44.84746981469806,-4.207787399033966,0.482842712474619,0,1084.7110595703125
49035,10,218,5,55,2,37.39960623240367,-4.044669293533833,0.3414213562373095,0,1084.7110595703125
49035,10,218,5,56,2,51.86483151481396,-4.189751259975939,0.4242640687119285,0,1084.7110595703125
49035,10,218,5,57,2,44.46791816150867,-4.049509780539057,0.4242640687119285,0,1084.7110595703125
49035,10,218,5,58,2,58.895041789099906,-4.176017391203657,0.382842712474619,0,1084.7110595703125
49035,10,218,5,59,2,51.53698618369547,-4.053022441769752,0.4242640687119285,0,1084.7110595703125
49035,10,218,5,60,2,45.20504332988756,-3.8924945774733404,0.482842712474619,0,1084.7110595703125
49035,10,218,5,61,2,42.57010031978206,-3.795589202581474,0.37888543819998316,0,1084.7110595703125
49035,10,218,5,62,2,58.60653670178953,-4.055687683646066,0.4242640687119285,0,1084.7110595703125
49035,10,218,5,63,2,52.17433412835086,-3.917109757325264,0.4242640687119285,0,1084.7110595703125
49035,10,218,5,64,2,65.67641390528253,-4.057779126572135,0.3414213562373095,0,1084.7110595703125
49035,10,218,5,65,2,59.16778127508739,-3.935915321177702,0.382842712474619,0,1084.7110595703125
49035,10,218,5,66,2,53.742546818839685,-3.7868073223748153,0.3414213562373095,0,1084.7110595703125
49035,10,219,8,1,,,,,0,1084.9439697265625
49035,10,219,8,2,,,,,0,1084.9439697265625
49035,10,219,8,3,,,,,0,1084.9439697265625
49035,10,219,8,4,,,,,0,1084.9439697265625
49035,10,219,8,5,,,,,0,1084.9439697265625
49035,10,219,8,6,,,,,0,1084.9439697265625
49035,10,219,8,7,2,8.704027226120406,-5.0604421369492325,0.6034068236642477,0,1084.9439697265625
49035,10,219,8,8,2,5.895171181019373,-4.767891485538029,0.5871183110269644,1,1084.9439697265625
49035,10,219,8,9,,,,,0,1084.9439697265625
49035,10,219,8,10,,,,,0,1084.9439697265625
49035,10,219,8,11,,,,,0,1084.9439697265625
49035,10,219,8,12,,,,,0,1084.9439697265625
49035,10,219,8,13,,,,,0,1084.9439697265625
49035,10,219,8,14,2,10.101150449185283,-4.415712031452362,0.5276927682076162,0,1084.9439697265625
49035,10,219,8,15,,,,,0,1084.9439697265625
49035,10,219,8,16,,,,,0,1084.9439697265625
49035,10,219,8,17,2,12.759227371299962,-3.926916346217529,0.3712501974171229,0,1084.9439697265625
49035,10,219,8,18,2,31.037395642160895,0.361077825762826,0.37888543819998316,0,1084.9439697265625
49035,10,219,8,19,2,39.531798794915105,0.5689847575885003,0.3414213562373095,0,1084.9439697265625
49035,10,219,8,20,2,29.674907335855032,0.5197621884068431,0.482842712474619,0,1084.9439697265625
49035,10,219,8,21,2,19.960890130991515,0.42216321142122526,0.3414213562373095,0,1084.9439697265625
49035,10,219,8,22,2,34.116884644119715,0.6928876750292061,0.4242640687119285,0,1084.9439697265625
49035,10,219,8,23,2,24.12050636388265,0.6835065096518824,0.4242640687119285,0,1084.9439697265625
49035,10,219,8,24,2,44.31032617273083,-5.472104414286223,0.37888543819998316,0,1084.9439697265625
49035,10,219,8,25,2,39.336033229708875,-5.45997549384912,0.482842712474619,0,1084.9439697265625
49035,10,219,8,26,2,29.41361112952118,-5.423424869611817,0.4242640687119285,0,1084.9439697265625
49035,10,219,8,27,2,19.570322662353423,-5.34990885761583,0.482842712474619,0,1084.9439697265625
49035,10,219,8,28,2,14.72806958917528,-5.276499177442853,0.4538461538461539,0,1084.9439697265625
49035,10,219,8,29,2,35.334433801990954,-5.303442158700571,0.4242640687119285,0,1084.9439697265625
49035,10,219,8,30,2,25.81393463881887,-5.202097738331453,0.4242640687119285,0,1084.9439697265625
49035,10,219,8,31,2,41.61590927200642,-5.218741941002329,0.3414213562373095,0,1084.9439697265625
49035,10,219,8,32,2,32.399396814845204,-5.113021870070865,0.482842712474619,0,1084.9439697265625
49035,10,219,8,33,2,23.823474209185637,-4.927628962251921,0.3414213562373095,0,1084.9439697265625
49035,10,219,8,34,2,34.88554301009741,-4.983897056225544,0.4308640753373011,0,1084.9439697265625
49035,10,219,8,35,2,21.131201902098514,-4.192529369464066,0.613407053921902,0,1084.9439697265625
49035,10,219,8,36,2,25.883495264603933,-4.356461604130481,0.682842712474619,0,1084.9439697265625
49035,10,219,8,37,2,24.573844465767664,-4.164836210760686,0.8513997106635237,0,1084.9439697265625
49035,10,219,8,38,2,24.244428979514158,-3.9600777686148882,0.682842712474619,0,1084.9439697265625
49035,10,219,8,39,2,27.53279277592512,-4.239248159313723,0.848528137423857,0,1084.9439697265625
49035,10,219,8,40,2,26.776354919163296,-4.056966592090996,0.848528137423857,0,1084.9439697265625
49035,10,219,8,41,2,31.83147139162519,-4.404127251189458,0.613407053921902,0,1084.9439697265625
49035,10,219,8,42,2,30.614302609341422,-4.298958375365297,0.8513997106635237,0,1084.9439697265625
49035,10,219,8,43,2,29.515318547684604,-4.136512266105425,0.848528137423857,0,1084.9439697265625
49035,10,219,8,44,2,29.24162330798789,-3.9663677806491293,0.8513997106635237,0,1084.9439697265625
49035,10,219,8,45,2,29.556141273629354,-3.847726029688948,0.613407053921902,0,1084.9439697265625
49035,10,219,8,46,2,32.4088703164055,-4.20221122759915,0.848528137423857,0,1084.9439697265625
49035,10,219,8,47,2,31.76874847866304,-4.047513990852762,0.848528137423857,0,1084.9439697265625
49035,10,219,8,48,2,35.419143431199515,-4.256947136384398,0.682842712474619,0,1084.9439697265625
49035,10,219,8,49,2,34.473674392423696,-4.116323457097481,0.8513997106635237,0,1084.9439697265625
49035,10,219,8,50,2,34.23963683846275,-3.9708216026729506,0.682842712474619,0,1084.9439697265625
49035,10,219,8,51,2,37.95102586380687,-4.105333096684435,0.613407053921902,0,1084.9439697265625
49035,10,219,8,52,2,41.8373374336602,-4.950043360335763,0.4308640753373011,0,1084.9439697265625
49035,10,219,8,53,2,52.91319297917645,-4.982455378666448,0.3414213562373095,0,1084.9439697265625
49035,10,219,8,54,2,44.91818118180544,-4.859169313751346,0.482842712474619,0,1084.9439697265625
49035,10,219,8,55,2,37.88772901760452,-4.686570784720981,0.3414213562373095,0,1084.9439697265625
49035,10,219,8,56,2,51.97119099183786,-4.8487167107630285,0.4242640687119285,0,1084.9439697265625
49035,10,219,8,57,2,44.931522370603254,-4.701608976361014,0.4242640687119285,0,1084.9439697265625
49035,10,219,8,58,2,59.028521796998085,-4.840762787785052,0.382842712474619,0,1084.9439697265625
49035,10,219,8,59,2,51.98272208117433,-4.71256940397198,0.4242640687119285,0,1084.9439697265625
49035,10,219,8,60,2,46.0438964945251,-4.5479317994503,0.482842712474619,0,1084.9439697265625
49035,10,219,8,61,2,43.634377606578816,-4.450150045475693,0.37888543819998316,0,1084.9439697265625
49035,10,219,8,62,2,59.03867450576104,-4.720910792956028,0.4242640687119285,0,1084.9439697265625
49035,10,219,8,63,2,52.94716325571304,-4.578946881209953,0.4242640687119285,0,1084.9439697265625
49035,10,219,8,64,2,66.09785760390261,-4.7274708571205615,0.3414213562373095,0,1084.9439697265625
49035,10,219,8,65,2,59.88959666966976,-4.602790113602962,0.382842712474619,0,1084.9439697265625
49035,10,219,8,66,2,54.81423901401578,-4.4522650376794255,0.3414213562373095,0,1084.9439697265625
49035,10,220,14,1,,,,,0,1085.2110595703125
49035,10,220,14,2,2,3.044725489853884,4.043219798296578,0.3532891032037997,0,1085.2110595703125
49035,10,220,14,3,,,,,0,1085.2110595703125
49035,10,220,14,4,,,,,0,1085.2110595703125
49035,10,220,14,5,,,,,0,1085.2110595703125
49035,10,220,14,6,,,,,0,1085.2110595703125
49035,10,220,14,7,2,5.164116424037346,-0.6274499700421017,0.4815389220537701,0,1085.2110595703125
49035,10,220,14,8,,,,,0,1085.2110595703125
49035,10,220,14,9,,,,,0,1085.2110595703125
49035,10,220,14,10,,,,,0,1085.2110595703125
49035,10,220,14,11,,,,,0,1085.2110595703125
49035,10,220,14,12,,,,,0,1085.2110595703125
49035,10,220,14,13,,,,,0,1085.2110595703125
49035,10,220,14,14,2,7.287082283970117,0.342973474043927,0.42769276820761626,1,1085.2110595703125
49035,10,220,14,15,,,,,0,1085.2110595703125
49035,10,220,14,16,,,,,0,1085.2110595703125
49035,10,220,14,17,2,11.35483583079187,0.8485520662014967,0.35680269384357455,0,1085.2110595703125
49035,10,220,14,18,2,29.141724757342963,4.76238866066452,0.37888543819998316,0,1085.2110595703125
49035,10,220,14,19,2,37.00913566481539,5.004871114569848,0.3414213562373095,0,1085.2110595703125
49035,10,220,14,20,2,27.31585124584494,4.927554410227737,0.482842712474619,0,1085.2110595703125
49035,10,220,14,21,2,17.962052664257122,4.767729657419936,0.3414213562373095,0,1085.2110595703125
49035,10,220,14,22,2,31.3022608356539,5.127614673322057,0.4242640687119285,0,1085.2110595703125
49035,10,220,14,23,2,21.36144049570932,5.085601395706533,0.4242640687119285,0,1085.2110595703125
49035,10,220,14,24,2,41.23430045783834,-1.0125557848896292,0.37888543819998316,0,1085.2110595703125
49035,10,220,14,25,2,36.242341778112184,-1.0052232772161336,0.482842712474619,0,1085.2110595703125
49035,10,220,14,26,2,26.26760255885401,-0.9822006335858191,0.4242640687119285,0,1085.2110595703125
49035,10,220,14,27,2,16.32380319712081,-0.9310676667371749,0.482842712474619,0,1085.2110595703125
49035,10,220,14,28,2,11.38886974780819,-0.872091936629511,0.44328887294614544,0,1085.2110595703125
49035,10,220,14,29,2,31.994730008676385,-0.8390194460590261,0.4242640687119285,0,1085.2110595703125
49035,10,220,14,30,2,22.36386270205832,-0.7383420910494372,0.4242640687119285,0,1085.2110595703125
49035,10,220,14,31,2,38.17510383045842,-0.7406768863669115,0.3414213562373095,0,1085.2110595703125
49035,10,220,14,32,2,28.875909666964585,-0.6298531563611345,0.482842712474619,0,1085.2110595703125
49035,10,220,14,33,2,20.25580819723362,-0.4198769422353923,0.3414213562373095,0,1085.2110595703125
49035,10,220,14,34,2,31.316669148347998,-0.48461177849045045,0.4308640753373011,0,1085.2110595703125
49035,10,220,14,35,2,18.728520105813327,0.44223219112244383,0.613407053921902,0,1085.2110595703125
49035,10,220,14,36,2,23.034942744802294,0.23363038507392875,0.682842712474619,0,1085.2110595703125
49035,10,220,14,37,2,22.22269989381418,0.45212203478403,0.8513997106635237,0,1085.2110595703125
49035,10,220,14,38,2,22.518618827200257,0.6757076005720255,0.682842712474619,0,1085.2110595703125
49035,10,220,14,39,2,24.96369949826389,0.3572744734272031,0.848528137423857,0,1085.2110595703125
49035,10,220,14,40,2,24.72703168505734,0.5586359755820449,0.848528137423857,0,1085.2110595703125
49035,10,220,14,41,2,28.861849081248522,0.16319282256223766,0.613407053921902,0,1085.2110595703125
49035,10,220,14,42,2,27.88412083442317,0.28172561729023315,0.8513997106635237,0,1085.2110595703125
49035,10,220,14,43,2,27.216979957793285,0.4618440137270414,0.848528137423857,0,1085.2110595703125
49035,10,220,14,44,2,27.459129653671297,0.6447814142803561,0.8513997106635237,0,1085.2110595703125
49035,10,220,14,45,2,28.16064032754008,0.7681701325010541,0.613407053921902,0,1085.2110595703125
49035,10,220,14,46,2,29.918253627042024,0.3818864499204546,0.848528137423857,0,1085.2110595703125
49035,10,220,14,47,2,29.721064977658898,0.5496281273902257,0.848528137423857,0,1085.2110595703125
49035,10,220,14,48,2,32.77864857130484,0.31551757328315166,0.682842712474619,0,1085.2110595703125
49035,10,220,14,49,2,32.21303471384393,0.468550827868047,0.8513997106635237,0,1085.2110595703125
49035,10,220,14,50,2,32.41788717343441,0.6233007563530442,0.682842712474619,0,1085.2110595703125
49035,10,220,14,51,2,35.71093012919138,0.4721289136948017,0.613407053921902,0,1085.2110595703125
49035,10,220,14,52,2,38.26760471580727,-0.44711820402607394,0.4308640753373011,0,1085.2110595703125
49035,10,220,14,53,2,49.344154380324014,-0.48209653659853036,0.3414213562373095,0,1085.2110595703125
49035,10,220,14,54,2,41.3681662409354,-0.3484908368631525,0.482842712474619,0,1085.2110595703125
49035,10,220,14,55,2,34.464543878689085,-0.1565956852942314,0.3414213562373095,0,1085.2110595703125
49035,10,220,14,56,2,48.425210193409086,-0.33854574651801483,0.4242640687119285,0,1085.2110595703125
49035,10,220,14,57,2,41.490728951228,-0.17763119937020955,0.4242640687119285,0,1085.2110595703125
49035,10,220,14,58,2,55.48582509446926,-0.33113111155670083,0.382842712474619,0,1085.2110595703125
49035,10,220,14,59,2,48.529953565220445,-0.1925694558804234,0.4242640687119285,0,1085.2110595703125
49035,10,220,14,60,2,42.79761675223132,-0.012531672279502803,0.482842712474619,0,1085.2110595703125
49035,10,220,14,61,2,40.55706847129215,0.09480857029503276,0.37888543819998316,0,1085.2110595703125
49035,10,220,14,62,2,55.577263311363545,-0.20372129946054685,0.4242640687119285,0,1085.2110595703125
49035,10,220,14,63,2,49.65190634617219,-0.05022451994679633,0.4242640687119285,0,1085.2110595703125
49035,10,220,14,64,2,62.62992895827697,-0.2123624392109149,0.3414213562373095,0,1085.2110595703125
49035,10,220,14,65,2,56.559593420985955,-0.07874312537876804,0.382842712474619,0,1085.2110595703125
49035,10,220,14,66,2,51.72491870052244,0.08327362131707483,0.3414213562373095,0,1085.2110595703125
49035,10,221,17,1,2,12.40712635202562,2.393017950405792,0.3058589465963431,0,1085.7110595703125
49035,10,221,17,2,2,7.4642476545016585,2.7672298907135797,0.4171354873076078,0,1085.7110595703125
49035,10,221,17,3,,,,,0,1085.7110595703125
49035,10,221,17,4,,,,,0,1085.7110595703125
49035,10,221,17,5,,,,,0,1085.7110595703125
49035,10,221,17,6,,,,,0,1085.7110595703125
49035,10,221,17,7,2,3.535795213483246,3.7110857224899445,0.4046490596890924,0,1085.7110595703125
49035,10,221,17,8,,,,,0,1085.7110595703125
49035,10,221,17,9,,,,,0,1085.7110595703125
49035,10,221,17,10,,,,,0,1085.7110595703125
49035,10,221,17,11,,,,,0,1085.7110595703125
49035,10,221,17,12,,,,,0,1085.7110595703125
49035,10,221,17,13,,,,,0,1085.7110595703125
49035,10,221,17,14,,,,,0,1085.7110595703125
49035,10,221,17,15,,,,,0,1085.7110595703125
49035,10,221,17,16,,,,,0,1085.7110595703125
49035,10,221,17,17,2,8.48827673064575,0.5184082622704809,0.2761453428205367,1,1085.7110595703125
49035,10,221,17,18,2,29.72067614790627,3.8346338098880275,0.37888543819998316,0,1085.7110595703125
49035,10,221,17,19,2,36.276833495265834,4.11132391061601,0.3414213562373095,0,1085.7110595703125
49035,10,221,17,20,2,27.096761613991035,3.984754268445523,0.482842712474619,0,1085.7110595703125
49035,10,221,17,21,2,18.773926906421973,3.7383505623819917,0.3414213562373095,0,1085.7110595703125
49035,10,221,17,22,2,30.017286161161923,4.211037505600881,0.4242640687119285,0,1085.7110595703125
49035,10,221,17,23,2,20.4759202480206,4.090209554033665,0.4242640687119285,0,1085.7110595703125
49035,10,221,17,24,2,39.16283348068165,4.398882994192158,0.37888543819998316,0,1085.7110595703125
49035,10,221,17,25,2,34.17368061822882,4.3898851092157685,0.482842712474619,0,1085.7110595703125
49035,10,221,17,26,2,24.208806011840505,4.360769447150067,0.4242640687119285,0,1085.7110595703125
49035,10,221,17,27,2,14.293079795521388,4.291109596620935,0.482842712474619,0,1085.7110595703125
49035,10,221,17,28,2,9.402396013902527,4.201383459044283,0.44328887294614544,0,1085.7110595703125
49035,10,221,17,29,2,29.203925541518384,-1.733908107176298,0.4242640687119285,0,1085.7110595703125
49035,10,221,17,30,2,19.26382902116728,-1.6878255937850382,0.4242640687119285,0,1085.7110595703125
49035,10,221,17,31,2,34.92380628668895,-1.6036409812058414,0.3414213562373095,0,1085.7110595703125
49035,10,221,17,32,2,25.2566444143396,-1.5174675958703694,0.482842712474619,0,1085.7110595703125
49035,10,221,17,33,2,16.003872299996914,-1.3285297466464332,0.3414213562373095,0,1085.7110595703125
49035,10,221,17,34,2,27.181132911435554,-1.3411101178765144,0.4308640753373011,0,1085.7110595703125
49035,10,221,17,35,2,14.121025456307596,-0.1873905268216225,0.613407053921902,0,1085.7110595703125
49035,10,221,17,36,2,18.060497464640672,-0.4803392080788571,0.682842712474619,0,1085.7110595703125
49035,10,221,17,37,2,17.61517781435659,-0.20021336827460146,0.8513997106635237,0,1085.7110595703125
49035,10,221,17,38,2,18.558216783745923,0.07220526537614913,0.682842712474619,0,1085.7110595703125
49035,10,221,17,39,2,20.154304222404033,-0.3308789092049038,0.848528137423857,0,1085.7110595703125
49035,10,221,17,40,2,20.379129015988916,-0.0837866219793697,0.848528137423857,0,1085.7110595703125
49035,10,221,17,41,2,23.83208810436571,-0.5760362618869448,0.613407053921902,0,1085.7110595703125
49035,10,221,17,42,2,22.958603353580234,-0.4310153512934767,0.8513997106635237,0,1085.7110595703125
49035,10,221,17,43,2,22.609962156273813,-0.21165400525818923,0.848528137423857,0,1085.7110595703125
49035,10,221,17,44,2,23.35215856123888,0.003951533933246987,0.8513997106635237,0,1085.7110595703125
49035,10,221,17,45,2,24.47350310033319,0.14275075591930553,0.613407053921902,0,1085.7110595703125
49035,10,221,17,46,2,25.141835214756032,-0.31520176076976014,0.848528137423857,0,1085.7110595703125
49035,10,221,17,47,2,25.3224169211206,-0.11684467264824328,0.848528137423857,0,1085.7110595703125
49035,10,221,17,48,2,27.892890980028564,-0.3990859413133512,0.682842712474619,0,1085.7110595703125
49035,10,221,17,49,2,27.606634854412576,-0.21895392607148834,0.8513997106635237,0,1085.7110595703125
49035,10,221,17,50,2,28.21771090549295,-0.04091777142263564,0.682842712474619,0,1085.7110595703125
49035,10,221,17,51,2,31.104942010532355,-0.22266828415745699,0.613407053921902,0,1085.7110595703125
49035,10,221,17,52,2,33.99436666368047,-1.2788564362757548,0.4308640753373011,0,1085.7110595703125
49035,10,221,17,53,2,45.14761369794938,-1.298712486781357,0.3414213562373095,0,1085.7110595703125
49035,10,221,17,54,2,36.83113987024409,-1.1624293772519634,0.482842712474619,0,1085.7110595703125
49035,10,221,17,55,2,29.576320015574964,-0.9535233347026284,0.3414213562373095,0,1085.7110595703125
49035,10,221,17,56,2,43.85585300341459,-1.1423163557598,0.4242640687119285,0,1085.7110595703125
49035,10,221,17,57,2,36.6273352044525,-0.969691657633883,0.4242640687119285,0,1085.7110595703125
49035,10,221,17,58,2,50.89340646068736,-1.1277611948854678,0.382842712474619,0,1085.7110595703125
49035,10,221,17,59,2,43.68483332570871,-0.9806379786287764,0.4242640687119285,0,1085.7110595703125
49035,10,221,17,60,2,37.77023304425281,-0.7818039940120114,0.482842712474619,0,1085.7110595703125
49035,10,221,17,61,2,35.50638569297466,-0.6599908944460713,0.37888543819998316,0,1085.7110595703125
49035,10,221,17,62,2,50.746109616507304,-0.9885386972397932,0.4242640687119285,0,1085.7110595703125
49035,10,221,17,63,2,44.64743534328475,-0.8218506616915908,0.4242640687119285,0,1085.7110595703125
49035,10,221,17,64,2,57.809779620114455,-0.9945089679728754,0.3414213562373095,0,1085.7110595703125
49035,10,221,17,65,2,51.577092407855034,-0.8511734552118528,0.382842712474619,0,1085.7110595703125
49035,10,221,17,66,2,46.673571780726554,-0.673309378538216,0.3414213562373095,0,1085.7110595703125
49035,10,222,4,1,2,14.897337501548561,2.0061743122818694,0.41088180128838653,0,1086.1610107421875
49035,10,222,4,2,2,11.516366863825711,2.396583092474945,0.42769276820761626,0,1086.1610107421875
49035,10,222,4,3,,,,,0,1086.1610107421875
49035,10,222,4,4,2,13.409060900686393,1.5842604763947605,0.3333092552685269,1,1086.1610107421875
49035,10,222,4,5,,,,,0,1086.1610107421875
49035,10,222,4,6,,,,,0,1086.1610107421875
49035,10,222,4,7,2,8.733324378758937,2.9450559609147406,0.4046490596890924,0,1086.1610107421875
49035,10,222,4,8,,,,,0,1086.1610107421875
49035,10,222,4,9,,,,,0,1086.1610107421875
49035,10,222,4,10,,,,,0,1086.1610107421875
49035,10,222,4,11,,,,,0,1086.1610107421875
49035,10,222,4,12,,,,,0,1086.1610107421875
49035,10,222,4,13,,,,,0,1086.1610107421875
49035,10,222,4,14,,,,,0,1086.1610107421875
49035,10,222,4,15,,,,,0,1086.1610107421875
49035,10,222,4,16,,,,,0,1086.1610107421875
49035,10,222,4,17,,,,,0,1086.1610107421875
49035,10,222,4,18,2,34.84069948537081,3.081488705474997,0.37888543819998316,0,1086.1610107421875
49035,10,222,4,19,2,40.982972733439674,3.329348312990321,0.3414213562373095,0,1086.1610107421875
49035,10,222,4,20,2,32.04341215547984,3.2056015312536355,0.482842712474619,0,1086.1610107421875
49035,10,222,4,21,2,23.95738865281538,2.9928512743856093,0.3414213562373095,0,1086.1610107421875
49035,10,222,4,22,2,34.51228882954507,3.405182914000801,0.4242640687119285,0,1086.1610107421875
49035,10,222,4,23,2,25.264090894984434,3.2762663096023514,0.4242640687119285,0,1086.1610107421875
49035,10,222,4,24,2,43.09092472544402,3.5913739942530603,0.37888543819998316,0,1086.1610107421875
49035,10,222,4,25,2,38.14991347227317,3.572486835218384,0.482842712474619,0,1086.1610107421875
49035,10,222,4,26,2,28.330056590801643,3.5150026482720387,0.4242640687119285,0,1086.1610107421875
49035,10,222,4,27,2,18.702093864969168,3.3975367732967126,0.482842712474619,0,1086.1610107421875
49035,10,222,4,28,2,14.08390638928576,3.279391150002345,0.44328887294614544,0,1086.1610107421875
49035,10,222,4,29,2,32.663587128881176,3.6989429005941474,0.4242640687119285,0,1086.1610107421875
49035,10,222,4,30,2,22.67346759148467,3.682611995683989,0.4242640687119285,0,1086.1610107421875
49035,10,222,4,31,2,37.83157070244375,-2.446842817339469,0.3414213562373095,0,1086.1610107421875
49035,10,222,4,32,2,27.89989158240752,-2.410922218050823,0.482842712474619,0,1086.1610107421875
49035,10,222,4,33,2,18.043839913005982,-2.3355542482352956,0.3414213562373095,0,1086.1610107421875
49035,10,222,4,34,2,29.00534213289216,-2.239297295137578,0.4308640753373011,0,1086.1610107421875
49035,10,222,4,35,2,10.624131497076549,-1.2276490090767032,0.613407053921902,0,1086.1610107421875
49035,10,222,4,36,2,15.76604614906197,-1.4823871380275178,0.682842712474619,0,1086.1610107421875
49035,10,222,4,37,2,14.041236249789355,-1.165641086793026,0.8513997106635237,0,1086.1610107421875
49035,10,222,4,38,2,13.990869153503134,-0.8070059065828057,0.682842712474619,0,1086.1610107421875
49035,10,222,4,39,2,17.082600044091436,-1.2821112331030817,0.848528137423857,0,1086.1610107421875
49035,10,222,4,40,2,16.291204022859688,-0.9850781583950976,0.848528137423857,0,1086.1610107421875
49035,10,222,4,41,2,21.845193067051483,-1.5116037359228882,0.613407053921902,0,1086.1610107421875
49035,10,222,4,42,2,20.284825192995548,-1.3626371771573793,0.8513997106635237,0,1086.1610107421875
49035,10,222,4,43,2,18.975305988532405,-1.1160557318849826,0.848528137423857,0,1086.1610107421875
49035,10,222,4,44,2,18.938065941549592,-0.8515331945263733,0.8513997106635237,0,1086.1610107421875
49035,10,222,4,45,2,19.682784726255417,-0.6741690840713022,0.613407053921902,0,1086.1610107421875
49035,10,222,4,46,2,21.902537437530565,-1.213352561340509,0.848528137423857,0,1086.1610107421875
49035,10,222,4,47,2,21.291060341149635,-0.9830428863743053,0.848528137423857,0,1086.1610107421875
49035,10,222,4,48,2,24.98759802474864,-1.2871892512002976,0.682842712474619,0,1086.1610107421875
49035,10,222,4,49,2,23.93675331565392,-1.0869769136062697,0.8513997106635237,0,1086.1610107421875
49035,10,222,4,50,2,23.90724290968149,-0.8775855534654282,0.682842712474619,0,1086.1610107421875
49035,10,222,4,51,2,27.418101769628283,-1.0728911838505084,0.613407053921902,0,1086.1610107421875
49035,10,222,4,52,2,35.43483723589142,-2.1474646112102347,0.4308640753373011,0,1086.1610107421875
49035,10,222,4,53,2,46.59782616575647,-2.132141679633694,0.3414213562373095,0,1086.1610107421875
49035,10,222,4,54,2,37.663425386841176,-2.0248692179889236,0.482842712474619,0,1086.1610107421875
49035,10,222,4,55,2,29.422947173358523,-1.8544816445298788,0.3414213562373095,0,1086.1610107421875
49035,10,222,4,56,2,44.52921995227562,-1.9835647433727785,0.4242640687119285,0,1086.1610107421875
49035,10,222,4,57,2,36.46954397924705,-1.836538237222651,0.4242640687119285,0,1086.1610107421875
49035,10,222,4,58,2,51.450648657195075,-1.9533326148057537,0.382842712474619,0,1086.1610107421875
49035,10,222,4,59,2,43.52407903382015,-1.8244085712338698,0.4242640687119285,0,1086.1610107421875
49035,10,222,4,60,2,36.62678888789347,-1.642810255842383,0.482842712474619,0,1086.1610107421875
49035,10,222,4,61,2,33.765511524133075,-1.5261470199899574,0.37888543819998316,0,1086.1610107421875
49035,10,222,4,62,2,50.58323114857542,-1.8156634165991965,0.4242640687119285,0,1086.1610107421875
49035,10,222,4,63,2,43.65592149899375,-1.6620406282884963,0.4242640687119285,0,1086.1610107421875
49035,10,222,4,64,2,57.64530415496304,-1.8090605766763141,0.3414213562373095,0,1086.1610107421875
49035,10,222,4,65,2,50.69671882493277,-1.6759335597059637,0.382842712474619,0,1086.1610107421875
49035,10,222,4,66,2,44.91473597952444,-1.5047425123898999,0.3414213562373095,0,1086.1610107421875
49035,10,223,1,1,2,7.5330100758090195,1.1062917000498624,0.3356838586201657,1,1087.31103515625
49035,10,223,1,2,2,10.351798631752244,1.7293401961127193,0.42197367236582256,0,1087.31103515625
49035,10,223,1,3,,,,,0,1087.31103515625
49035,10,223,1,4,,,,,0,1087.31103515625
49035,10,223,1,5,,,,,0,1087.31103515625
49035,10,223,1,6,,,,,0,1087.31103515625
49035,10,223,1,7,2,13.986734856325697,-4.143520866028485,0.40634097938554925,0,1087.31103515625
49035,10,223,1,8,,,,,0,1087.31103515625
49035,10,223,1,9,,,,,0,1087.31103515625
49035,10,223,1,10,,,,,0,1087.31103515625
49035,10,223,1,11,2,4.497503456535286,-1.9523023260607586,0.4008815710307323,0,1087.31103515625
49035,10,223,1,12,,,,,0,1087.31103515625
49035,10,223,1,13,2,6.118606827199595,-3.2392183911223835,0.5309697704789792,0,1087.31103515625
49035,10,223,1,14,,,,,0,1087.31103515625
49035,10,223,1,15,,,,,0,1087.31103515625
49035,10,223,1,16,2,8.012275230566873,-2.8095047128636423,0.5173997746970819,0,1087.31103515625
49035,10,223,1,17,,,,,0,1087.31103515625
49035,10,223,1,18,2,37.14685307051232,1.5940746577595954,0.37888543819998316,0,1087.31103515625
49035,10,223,1,19,2,45.696530287967434,1.7691594971848417,0.3414213562373095,0,1087.31103515625
49035,10,223,1,20,2,35.846836614972474,1.726478803554462,0.482842712474619,0,1087.31103515625
49035,10,223,1,21,2,26.11165468219005,1.651738846192804,0.3414213562373095,0,1087.31103515625
49035,10,223,1,22,2,40.20809980698079,1.8732172440744785,0.4242640687119285,0,1087.31103515625
49035,10,223,1,23,2,30.224395858801465,1.8568472526349475,0.4242640687119285,0,1087.31103515625
49035,10,223,1,24,2,50.24913409607198,-4.3005213854853155,0.37888543819998316,0,1087.31103515625
49035,10,223,1,25,2,45.25910830844689,-4.293902176161837,0.482842712474619,0,1087.31103515625
49035,10,223,1,26,2,35.28752895595174,-4.275049804185893,0.4242640687119285,0,1087.31103515625
49035,10,223,1,27,2,25.33836053809597,-4.241371527750725,0.482842712474619,0,1087.31103515625
49035,10,223,1,28,2,20.382441517866354,-4.212219798807755,0.44328887294614544,0,1087.31103515625
49035,10,223,1,29,2,40.95003412214366,-4.163581773132312,0.4242640687119285,0,1087.31103515625
49035,10,223,1,30,2,31.20461679857865,-4.100850769850806,0.4242640687119285,0,1087.31103515625
49035,10,223,1,31,2,46.9957539506744,-4.079959978738325,0.3414213562373095,0,1087.31103515625
49035,10,223,1,32,2,37.48898110556933,-4.006044747025021,0.482842712474619,0,1087.31103515625
49035,10,223,1,33,2,28.32395663171268,-3.8832058610362727,0.3414213562373095,0,1087.31103515625
49035,10,223,1,34,2,39.503553088197464,-3.8870602971135417,0.4308640753373011,0,1087.31103515625
49035,10,223,1,35,2,21.997041724355597,-3.269731960422323,0.613407053921902,0,1087.31103515625
49035,10,223,1,36,2,27.555096420320297,-3.3721952060297715,0.682842712474619,0,1087.31103515625
49035,10,223,1,37,2,25.15342414471341,-3.205426040434986,0.8513997106635237,0,1087.31103515625
49035,10,223,1,38,2,23.581903096963032,-3.0102235079935804,0.682842712474619,0,1087.31103515625
49035,10,223,1,39,2,28.478808675884782,-3.2502935683922782,0.848528137423857,0,1087.31103515625
49035,10,223,1,40,2,26.635576792484773,-3.081336371088435,0.848528137423857,0,1087.31103515625
49035,10,223,1,41,2,33.656386552361155,-3.37730966554183,0.613407053921902,0,1087.31103515625
49035,10,223,1,42,2,31.849495145001107,-3.285723624962153,0.8513997106635237,0,1087.31103515625
49035,10,223,1,43,2,29.796002222817616,-3.137600561798742,0.848528137423857,0,1087.31103515625
49035,10,223,1,44,2,28.48180394449859,-2.971809983749,0.8513997106635237,0,1087.31103515625
49035,10,223,1,45,2,28.059777995599816,-2.8488296798133,0.613407053921902,0,1087.31103515625
49035,10,223,1,46,2,33.03255282075473,-3.1829604337926916,0.848528137423857,0,1087.31103515625
49035,10,223,1,47,2,31.45728776176761,-3.0356168132310897,0.848528137423857,0,1087.31103515625
49035,10,223,1,48,2,36.32488600463531,-3.2201633347333054,0.682842712474619,0,1087.31103515625
49035,10,223,1,49,2,34.538511124836475,-3.088222978452922,0.8513997106635237,0,1087.31103515625
49035,10,223,1,50,2,33.411377675743275,-2.944700889789649,0.682842712474619,0,1087.31103515625
49035,10,223,1,51,2,37.89767344179935,-3.06105544244962,0.613407053921902,0,1087.31103515625
49035,10,223,1,52,2,46.28419062033637,-3.840148942299505,0.4308640753373011,0,1087.31103515625
49035,10,223,1,53,2,57.45006952734285,-3.851172999970995,0.3414213562373095,0,1087.31103515625
49035,10,223,1,54,2,48.96257043536352,-3.751428359590543,0.482842712474619,0,1087.31103515625
49035,10,223,1,55,2,41.16012777651862,-3.6119870831722976,0.3414213562373095,0,1087.31103515625
49035,10,223,1,56,2,55.93772339330169,-3.729249097991481,0.4242640687119285,0,1087.31103515625
49035,10,223,1,57,2,48.227084852465815,-3.6065761667374208,0.4242640687119285,0,1087.31103515625
49035,10,223,1,58,2,62.9342871033996,-3.711994298410774,0.382842712474619,0,1087.31103515625
49035,10,223,1,59,2,55.295092984409884,-3.602548439949701,0.4242640687119285,0,1087.31103515625
49035,10,223,1,60,2,48.52185201634354,-3.460398889771411,0.482842712474619,0,1087.31103515625
49035,10,223,1,61,2,45.582688935237734,-3.3743640267687844,0.37888543819998316,0,1087.31103515625
49035,10,223,1,62,2,62.36379480870397,-3.5994337271418555,0.4242640687119285,0,1087.31103515625
49035,10,223,1,63,2,55.55236914735085,-3.474964104816074,0.4242640687119285,0,1087.31103515625
49035,10,223,1,64,2,69.43297845930081,-3.5969532310391337,0.3414213562373095,0,1087.31103515625
49035,10,223,1,65,2,62.592022755868314,-3.486255020267639,0.382842712474619,0,1087.31103515625
49035,10,223,1,66,2,56.697302648473,-3.350551715289007,0.3414213562373095,0,1087.31103515625
49035,10,224,2,1,,,,,0,1087.7440185546875
49035,10,224,2,2,2,7.480004831341642,-5.223519463055952,0.34757000736200605,1,1087.7440185546875
49035,10,224,2,3,,,,,0,1087.7440185546875
49035,10,224,2,4,,,,,0,1087.7440185546875
49035,10,224,2,5,,,,,0,1087.7440185546875
49035,10,224,2,6,,,,,0,1087.7440185546875
49035,10,224,2,7,2,12.859720530662704,-4.928551852422903,0.40634097938554925,0,1087.7440185546875
49035,10,224,2,8,,,,,0,1087.7440185546875
49035,10,224,2,9,,,,,0,1087.7440185546875
49035,10,224,2,10,2,7.760875725971549,-3.576697078344859,0.7685569981889047,0,1087.7440185546875
49035,10,224,2,11,2,9.616254842458536,-3.231451032751543,0.6034068236642477,0,1087.7440185546875
49035,10,224,2,12,,,,,0,1087.7440185546875
49035,10,224,2,13,2,9.72282576481468,-3.9169266178748168,0.7195315787953919,0,1087.7440185546875
49035,10,224,2,14,,,,,0,1087.7440185546875
49035,10,224,2,15,,,,,0,1087.7440185546875
49035,10,224,2,16,2,12.545688384658723,-3.7238856555863107,0.6466890965784271,0,1087.7440185546875
49035,10,224,2,17,,,,,0,1087.7440185546875
49035,10,224,2,18,2,33.07310425995249,0.5212749535821151,0.37888543819998316,0,1087.7440185546875
49035,10,224,2,19,2,42.23595287968036,0.692895716538787,0.3414213562373095,0,1087.7440185546875
49035,10,224,2,20,2,32.26442825156946,0.6724668284472739,0.482842712474619,0,1087.7440185546875
49035,10,224,2,21,2,22.31839925144201,0.633799692703946,0.3414213562373095,0,1087.7440185546875
49035,10,224,2,22,2,37.210181779166476,-5.464736515735028,0.4242640687119285,0,1087.7440185546875
49035,10,224,2,23,2,27.23444955905492,-5.442864700068451,0.4242640687119285,0,1087.7440185546875
49035,10,224,2,24,2,47.69321878740735,-5.372443519868664,0.37888543819998316,0,1087.7440185546875
49035,10,224,2,25,2,42.75747800884136,-5.354748984462088,0.482842712474619,0,1087.7440185546875
49035,10,224,2,26,2,32.944188264740205,-5.303496553289605,0.4242640687119285,0,1087.7440185546875
49035,10,224,2,27,2,23.290280272438544,-5.209306719061766,0.482842712474619,0,1087.7440185546875
49035,10,224,2,28,2,18.60096670987255,-5.125923557224885,0.44328887294614544,0,1087.7440185546875
49035,10,224,2,29,2,39.10145570257693,-5.206587946994379,0.4242640687119285,0,1087.7440185546875
49035,10,224,2,30,2,29.766448441268224,-5.101435168758885,0.4242640687119285,0,1087.7440185546875
49035,10,224,2,31,2,45.52502757493426,-5.136512405397337,0.3414213562373095,0,1087.7440185546875
49035,10,224,2,32,2,36.46430789751286,-5.032615283864649,0.482842712474619,0,1087.7440185546875
49035,10,224,2,33,2,28.049302401142043,-4.863484547858165,0.3414213562373095,0,1087.7440185546875
49035,10,224,2,34,2,39.07440153675556,-4.9195741399879855,0.4308640753373011,0,1087.7440185546875
49035,10,224,2,35,2,24.768968969743888,-4.24612438004659,0.613407053921902,0,1087.7440185546875
49035,10,224,2,36,2,29.802805068630356,-4.373232927716964,0.682842712474619,0,1087.7440185546875
49035,10,224,2,37,2,28.138336790432838,-4.210240152904123,0.8513997106635237,0,1087.7440185546875
49035,10,224,2,38,2,27.30063744136523,-4.032155695567084,0.682842712474619,0,1087.7440185546875
49035,10,224,2,39,2,31.24208933715535,-4.267352818212891,0.848528137423857,0,1087.7440185546875
49035,10,224,2,40,2,30.077017031677904,-4.108565208606709,0.848528137423857,0,1087.7440185546875
49035,10,224,2,41,2,35.81381199772837,-4.40559574518689,0.613407053921902,0,1087.7440185546875
49035,10,224,2,42,2,34.429207004660526,-4.314021481603578,0.8513997106635237,0,1087.7440185546875
49035,10,224,2,43,2,32.9989257755887,-4.171760809437251,0.848528137423857,0,1087.7440185546875
49035,10,224,2,44,2,32.287581354382354,-4.019993237690003,0.8513997106635237,0,1087.7440185546875
49035,10,224,2,45,2,32.24483020387907,-3.9114754435724266,0.613407053921902,0,1087.7440185546875
49035,10,224,2,46,2,36.03097627267102,-4.224502960182028,0.848528137423857,0,1087.7440185546875
49035,10,224,2,47,2,35.025562929592276,-4.086521297232331,0.848528137423857,0,1087.7440185546875
49035,10,224,2,48,2,39.14758485501694,-4.2689552701700215,0.682842712474619,0,1087.7440185546875
49035,10,224,2,49,2,37.895807252964,-4.1431923506193105,0.8513997106635237,0,1087.7440185546875
49035,10,224,2,50,2,37.27802321377631,-4.011086138318314,0.682842712474619,0,1087.7440185546875
49035,10,224,2,51,2,41.33831613480996,-4.127230206127165,0.613407053921902,0,1087.7440185546875
49035,10,224,2,52,2,46.04794407021387,-4.891982600499474,0.4308640753373011,0,1087.7440185546875
49035,10,224,2,53,2,57.10042594725925,-4.9248644345644905,0.3414213562373095,0,1087.7440185546875
49035,10,224,2,54,2,49.16885455351315,-4.809862784780114,0.482842712474619,0,1087.7440185546875
49035,10,224,2,55,2,42.127115648363876,-4.65369526705827,0.3414213562373095,0,1087.7440185546875
49035,10,224,2,56,2,56.22437688176251,-4.800949970486947,0.4242640687119285,0,1087.7440185546875
49035,10,224,2,57,2,49.17619516075399,-4.66593747701225,0.4242640687119285,0,1087.7440185546875
49035,10,224,2,58,2,63.28336948504251,-4.794025077365054,0.382842712474619,0,1087.7440185546875
49035,10,224,2,59,2,56.23079643866432,-4.67510902312684,0.4242640687119285,0,1087.7440185546875
49035,10,224,2,60,2,50.189840434819054,-4.52495972666919,0.482842712474619,0,1087.7440185546875
49035,10,224,2,61,2,47.67157318828113,-4.436623274785276,0.37888543819998316,0,1087.7440185546875
49035,10,224,2,62,2,63.28907303606558,-4.682235359702752,0.4242640687119285,0,1087.7440185546875
49035,10,224,2,63,2,57.11938708101249,-4.551250119624204,0.4242640687119285,0,1087.7440185546875
49035,10,224,2,64,2,70.34991871638789,-4.687931433896393,0.3414213562373095,0,1087.7440185546875
49035,10,224,2,65,2,64.07986172073467,-4.571840861044663,0.382842712474619,0,1087.7440185546875
49035,10,224,2,66,2,58.850202148289775,-4.432930624216462,0.3414213562373095,0,1087.7440185546875
49035,10,225,7,1,,,,,0,1088.2110595703125
49035,10,225,7,2,,,,,0,1088.2110595703125
49035,10,225,7,3,,,,,0,1088.2110595703125
49035,10,225,7,4,,,,,0,1088.2110595703125
49035,10,225,7,5,,,,,0,1088.2110595703125
49035,10,225,7,6,2,6.141737542971634,1.7902451291531074,0.765685424949238,0,1088.2110595703125
49035,10,225,7,7,2,8.886117898560833,0.12249684482471235,0.36014165410527055,1,1088.2110595703125
49035,10,225,7,8,,,,,0,1088.2110595703125
49035,10,225,7,9,2,6.749195222595377,1.242447166239933,0.765685424949238,0,1088.2110595703125
49035,10,225,7,10,2,9.664255739737337,1.7509014902833786,0.8513997106635237,0,1088.2110595703125
49035,10,225,7,11,2,12.515597508640381,1.9357215051095622,0.6034068236642477,0,1088.2110595703125
49035,10,225,7,12,,,,,0,1088.2110595703125
49035,10,225,7,13,2,10.061239243204739,1.3927109622888338,0.848528137423857,0,1088.2110595703125
49035,10,225,7,14,,,,,0,1088.2110595703125
49035,10,225,7,15,,,,,0,1088.2110595703125
49035,10,225,7,16,2,13.487232261116507,1.4676926080866213,0.6466890965784271,0,1088.2110595703125
49035,10,225,7,17,,,,,0,1088.2110595703125
49035,10,225,7,18,2,29.03362936086162,5.307014596973488,0.37888543819998316,0,1088.2110595703125
49035,10,225,7,19,2,37.891513868219334,5.5130539297962695,0.3414213562373095,0,1088.2110595703125
49035,10,225,7,20,2,27.954592269001918,5.478595672105968,0.482842712474619,0,1088.2110595703125
49035,10,225,7,21,2,18.087333541095145,5.406359864300061,0.3414213562373095,0,1088.2110595703125
49035,10,225,7,22,2,32.743253062853356,-0.632409508083426,0.4242640687119285,0,1088.2110595703125
49035,10,225,7,23,2,22.75550541822219,-0.6142796871894571,0.4242640687119285,0,1088.2110595703125
49035,10,225,7,24,2,43.18490257601177,-0.5260792737689957,0.37888543819998316,0,1088.2110595703125
49035,10,225,7,25,2,38.24633333209825,-0.5068527540146128,0.482842712474619,0,1088.2110595703125
49035,10,225,7,26,2,28.433684584496845,-0.4484208709969182,0.4242640687119285,0,1088.2110595703125
49035,10,225,7,27,2,18.819320517790675,-0.3294574491793827,0.482842712474619,0,1088.2110595703125
49035,10,225,7,28,2,14.213128705590435,-0.2104627972399511,0.44328887294614544,0,1088.2110595703125
49035,10,225,7,29,2,34.628540414845205,-0.339714866599901,0.4242640687119285,0,1088.2110595703125
49035,10,225,7,30,2,25.3934679979567,-0.21027077853156273,0.4242640687119285,0,1088.2110595703125
49035,10,225,7,31,2,41.10714297387355,-0.2646006451459355,0.3414213562373095,0,1088.2110595703125
49035,10,225,7,32,2,32.179024366427974,-0.14067535466471037,0.482842712474619,0,1088.2110595703125
49035,10,225,7,33,2,24.10771691545777,0.07168732245782206,0.3414213562373095,0,1088.2110595703125
49035,10,225,7,34,2,34.98567141327176,-0.017270968011893206,0.4308640753373011,0,1088.2110595703125
49035,10,225,7,35,2,23.011529653801954,0.7788456353665258,0.613407053921902,0,1088.2110595703125
49035,10,225,7,36,2,27.45705029133763,0.6122880620342652,0.682842712474619,0,1088.2110595703125
49035,10,225,7,37,2,26.49029659236351,0.7944369917923058,0.8513997106635237,0,1088.2110595703125
49035,10,225,7,38,2,26.44961278358773,0.983606136971954,0.682842712474619,0,1088.2110595703125
49035,10,225,7,39,2,29.318364716630136,0.7182824351267314,0.848528137423857,0,1088.2110595703125
49035,10,225,7,40,2,28.851563432640607,0.8896568789597221,0.848528137423857,0,1088.2110595703125
49035,10,225,7,41,2,33.29646923876555,0.5535697712974619,0.613407053921902,0,1088.2110595703125
49035,10,225,7,42,2,32.28617669782689,0.6558185942887276,0.8513997106635237,0,1088.2110595703125
49035,10,225,7,43,2,31.46813322416253,0.8107247748185777,0.848528137423857,0,1088.2110595703125
49035,10,225,7,44,2,31.43389271891064,0.9698663432572603,0.8513997106635237,0,1088.2110595703125
49035,10,225,7,45,2,31.87996162888567,1.079582812237767,0.613407053921902,0,1088.2110595703125
49035,10,225,7,46,2,34.25016941154596,0.7442542498656757,0.848528137423857,0,1088.2110595703125
49035,10,225,7,47,2,33.8514446895541,0.8907595052168267,0.848528137423857,0,1088.2110595703125
49035,10,225,7,48,2,37.16052745623447,0.6879776791099192,0.682842712474619,0,1088.2110595703125
49035,10,225,7,49,2,36.452037030540524,0.8225611284368162,0.8513997106635237,0,1088.2110595703125
49035,10,225,7,50,2,36.42248215767618,0.9598888019871963,0.682842712474619,0,1088.2110595703125
49035,10,225,7,51,2,39.94316362307168,0.8290884864783328,0.613407053921902,0,1088.2110595703125
49035,10,225,7,52,2,42.007839702242904,0.004383916897708229,0.4308640753373011,0,1088.2110595703125
49035,10,225,7,53,2,52.98559979665142,-0.040527496103909044,0.3414213562373095,0,1088.2110595703125
49035,10,225,7,54,2,45.31187693653388,0.09042692352389281,0.482842712474619,0,1088.2110595703125
49035,10,225,7,55,2,38.71509521119991,0.2701049674239915,0.3414213562373095,0,1088.2110595703125
49035,10,225,7,56,2,52.3815576679761,0.09330161962490546,0.4242640687119285,0,1088.2110595703125
49035,10,225,7,57,2,45.711267641842845,0.24570490456155714,0.4242640687119285,0,1088.2110595703125
49035,10,225,7,58,2,59.45156832191577,0.09549260977782525,0.382842712474619,0,1088.2110595703125
49035,10,225,7,59,2,52.72742532720617,0.22778998560419295,0.4242640687119285,0,1088.2110595703125
49035,10,225,7,60,2,47.179166878366836,0.3947902727964534,0.482842712474619,0,1088.2110595703125
49035,10,225,7,61,2,44.98577542053852,0.49236049914235647,0.37888543819998316,0,1088.2110595703125
49035,10,225,7,62,2,59.75652913153522,0.21408611936229116,0.4242640687119285,0,1088.2110595703125
49035,10,225,7,63,2,54.00495513884537,0.35821216594547556,0.4242640687119285,0,1088.2110595703125
49035,10,225,7,64,2,66.7944920338491,0.203268445048864,0.3414213562373095,0,1088.2110595703125
49035,10,225,7,65,2,60.88675202177083,0.3298715050246468,0.382842712474619,0,1088.2110595703125
49035,10,225,7,66,2,56.15059196002566,0.4806419969243765,0.3414213562373095,0,1088.2110595703125
49035,10,226,12,1,,,,,0,1088.7110595703125
49035,10,226,12,2,,,,,0,1088.7110595703125
49035,10,226,12,3,,,,,0,1088.7110595703125
49035,10,226,12,4,,,,,0,1088.7110595703125
49035,10,226,12,5,,,,,0,1088.7110595703125
49035,10,226,12,6,2,8.518946345088413,2.342428995855978,0.765685424949238,0,1088.7110595703125
49035,10,226,12,7,,,,,0,1088.7110595703125
49035,10,226,12,8,,,,,0,1088.7110595703125
49035,10,226,12,9,2,6.562609790263869,1.945972928967788,0.848528137423857,0,1088.7110595703125
49035,10,226,12,10,2,11.324718347534777,2.1229741669039264,0.8513997106635237,0,1088.7110595703125
49035,10,226,12,11,2,14.752159995241286,2.1778325611612925,0.6034068236642477,0,1088.7110595703125
49035,10,226,12,12,2,6.209931375469391,1.3876871445064949,0.765685424949238,1,1088.7110595703125
49035,10,226,12,13,2,9.937034068562047,1.815223086588066,0.848528137423857,0,1088.7110595703125
49035,10,226,12,14,,,,,0,1088.7110595703125
49035,10,226,12,15,2,9.707731275047468,1.4540499132173186,0.765685424949238,0,1088.7110595703125
49035,10,226,12,16,2,13.394829035872702,1.7513028696714046,0.682842712474619,0,1088.7110595703125
49035,10,226,12,17,,,,,0,1088.7110595703125
49035,10,226,12,18,2,26.990051114459245,5.021148445120651,0.37888543819998316,0,1088.7110595703125
49035,10,226,12,19,2,34.774592184912,5.28385003160965,0.3414213562373095,0,1088.7110595703125
49035,10,226,12,20,2,25.09252993243986,5.199140368265897,0.482842712474619,0,1088.7110595703125
49035,10,226,12,21,2,15.811320475970295,5.011966089682897,0.3414213562373095,0,1088.7110595703125
49035,10,226,12,22,2,29.07964682158183,5.415750234686094,0.4242640687119285,0,1088.7110595703125
49035,10,226,12,23,2,19.130829988565093,5.372905851360908,0.4242640687119285,0,1088.7110595703125
49035,10,226,12,24,2,39.06962070117593,-0.7183644928776736,0.37888543819998316,0,1088.7110595703125
49035,10,226,12,25,2,34.082497856311505,-0.7085369125563745,0.482842712474619,0,1088.7110595703125
49035,10,226,12,26,2,24.12425039061163,-0.6767001907866383,0.4242640687119285,0,1088.7110595703125
49035,10,226,12,27,2,14.224705750642881,-0.6003579266543824,0.482842712474619,0,1088.7110595703125
49035,10,226,12,28,2,9.355407638585092,-0.5018646424515141,0.37888543819998316,0,1088.7110595703125
49035,10,226,12,29,2,29.96615186784031,-0.5283889413112104,0.4242640687119285,0,1088.7110595703125
49035,10,226,12,30,2,20.453191793700967,-0.4037858507955012,0.4242640687119285,0,1088.7110595703125
49035,10,226,12,31,2,36.248600781602775,-0.42988674915139224,0.3414213562373095,0,1088.7110595703125
49035,10,226,12,32,2,27.098410569763324,-0.30108251644859774,0.482842712474619,0,1088.7110595703125
49035,10,226,12,33,2,18.833126458209424,-0.051264248468768425,0.3414213562373095,0,1088.7110595703125
49035,10,226,12,34,2,29.757285740751424,-0.15182733843792606,0.4308640753373011,0,1088.7110595703125
49035,10,226,12,35,2,19.144312638225657,0.8386004798072888,0.613407053921902,0,1088.7110595703125
49035,10,226,12,36,2,22.96505709709624,0.6111245002040484,0.682842712474619,0,1088.7110595703125
49035,10,226,12,37,2,22.640124687479393,0.8303787769589823,0.8513997106635237,0,1088.7110595703125
49035,10,226,12,38,2,23.40420142317053,1.045453798088157,0.682842712474619,0,1088.7110595703125
49035,10,226,12,39,2,25.160895180684367,0.7264635436193767,0.848528137423857,0,1088.7110595703125
49035,10,226,12,40,2,25.362414015332007,0.9245564688671584,0.848528137423857,0,1088.7110595703125
49035,10,226,12,41,2,28.612743102470116,0.5208305348483604,0.613407053921902,0,1088.7110595703125
49035,10,226,12,42,2,27.902796396099045,0.6421994651373955,0.8513997106635237,0,1088.7110595703125
49035,10,226,12,43,2,27.635980987001012,0.8222424474613297,0.848528137423857,0,1088.7110595703125
49035,10,226,12,44,2,28.26532935427438,0.9999514008400339,0.8513997106635237,0,1088.7110595703125
49035,10,226,12,45,2,29.211398843256575,1.117289387322222,0.613407053921902,0,1088.7110595703125
49035,10,226,12,46,2,30.153653933522772,0.7362295745518033,0.848528137423857,0,1088.7110595703125
49035,10,226,12,47,2,30.322009233135873,0.9016808729353241,0.848528137423857,0,1088.7110595703125
49035,10,226,12,48,2,32.85937074825727,0.6639156320570962,0.682842712474619,0,1088.7110595703125
49035,10,226,12,49,2,32.63310656929783,0.8165976750348023,0.8513997106635237,0,1088.7110595703125
49035,10,226,12,50,2,33.16777114541875,0.9678490721054958,0.682842712474619,0,1088.7110595703125
49035,10,226,12,51,2,36.13156769139192,0.8135754213734314,0.613407053921902,0,1088.7110595703125
49035,10,226,12,52,2,36.76257411436626,-0.12273317278039775,0.4308640753373011,0,1088.7110595703125
49035,10,226,12,53,2,47.77338440994203,-0.1690197932954498,0.3414213562373095,0,1088.7110595703125
49035,10,226,12,54,2,40.03322438629618,-0.02411112426625639,0.482842712474619,0,1088.7110595703125
49035,10,226,12,55,2,33.51151819221246,0.18322808728762396,0.3414213562373095,0,1088.7110595703125
49035,10,226,12,56,2,47.10254616919433,-0.02049266098877922,0.4242640687119285,0,1088.7110595703125
49035,10,226,12,57,2,40.484721221771196,0.1513979493321722,0.4242640687119285,0,1088.7110595703125
49035,10,226,12,58,2,54.17232371311598,-0.017818627480272742,0.382842712474619,0,1088.7110595703125
49035,10,226,12,59,2,47.48687664252172,0.12893730568669737,0.4242640687119285,0,1088.7110595703125
49035,10,226,12,60,2,42.13509523005166,0.31806770791764283,0.482842712474619,0,1088.7110595703125
49035,10,226,12,61,2,40.131629027953075,0.42952938212996283,0.37888543819998316,0,1088.7110595703125
49035,10,226,12,62,2,54.50682759177623,0.11225538424335291,0.4242640687119285,0,1088.7110595703125
49035,10,226,12,63,2,48.901503564850294,0.27283113214489596,0.4242640687119285,0,1088.7110595703125
49035,10,226,12,64,2,61.53848434091599,0.09938282994108238,0.3414213562373095,0,1088.7110595703125
49035,10,226,12,65,2,55.7435902302732,0.23864301033797553,0.382842712474619,0,1088.7110595703125
49035,10,226,12,66,2,51.261200225356184,0.4060644618783762,0.3414213562373095,0,1088.7110595703125
49035,10,227,9,1,,,,,0,1089.0439453125
49035,10,227,9,2,,,,,0,1089.0439453125
49035,10,227,9,3,,,,,0,1089.0439453125
49035,10,227,9,4,,,,,0,1089.0439453125
49035,10,227,9,5,,,,,0,1089.0439453125
49035,10,227,9,6,2,7.918309604659182,0.8257082419264767,0.765685424949238,0,1089.0439453125
49035,10,227,9,7,,,,,0,1089.0439453125
49035,10,227,9,8,,,,,0,1089.0439453125
49035,10,227,9,9,2,4.6912180156474825,0.5881845204846446,0.765685424949238,1,1089.0439453125
49035,10,227,9,10,2,9.627072498879409,0.4693201940064048,0.8513997106635237,0,1089.0439453125
49035,10,227,9,11,2,13.111125954643313,0.4396147587435565,0.6034068236642477,0,1089.0439453125
49035,10,227,9,12,,,,,0,1089.0439453125
49035,10,227,9,13,2,7.210299880988161,0.15833548218846547,0.848528137423857,0,1089.0439453125
49035,10,227,9,14,,,,,0,1089.0439453125
49035,10,227,9,15,2,6.0246430474240995,-0.3525690013279219,0.682842712474619,0,1089.0439453125
49035,10,227,9,16,2,10.342597462785655,-0.031831561128652985,0.682842712474619,0,1089.0439453125
49035,10,227,9,17,,,,,0,1089.0439453125
49035,10,227,9,18,2,30.084932171514815,2.9358694731190558,0.37888543819998316,0,1089.0439453125
49035,10,227,9,19,2,37.12204121928774,3.1965769759092257,0.3414213562373095,0,1089.0439453125
49035,10,227,9,20,2,27.73791522705315,3.088849560467828,0.482842712474619,0,1089.0439453125
49035,10,227,9,21,2,18.99310237954496,2.877124914722597,0.3414213562373095,0,1089.0439453125
49035,10,227,9,22,2,31.0323660086269,3.302512426749997,0.4242640687119285,0,1089.0439453125
49035,10,227,9,23,2,21.315574985209096,3.21060120692964,0.4242640687119285,0,1089.0439453125
49035,10,227,9,24,2,40.446885425397504,3.4729355020253165,0.37888543819998316,0,1089.0439453125
49035,10,227,9,25,2,35.44888628777465,3.4692002357309266,0.482842712474619,0,1089.0439453125
49035,10,227,9,26,2,25.45524574425215,3.457329748510583,0.4242640687119285,0,1089.0439453125
49035,10,227,9,27,2,15.469826526401535,3.4301259803709496,0.482842712474619,0,1089.0439453125
49035,10,227,9,28,2,10.487541713161447,3.397109710987474,0.37888543819998316,0,1089.0439453125
49035,10,227,9,29,2,30.685262502551,-2.655374118190637,0.4242640687119285,0,1089.0439453125
49035,10,227,9,30,2,20.80700198748373,-2.593799198467321,0.4242640687119285,0,1089.0439453125
49035,10,227,9,31,2,36.54040412749506,-2.5369087005367565,0.3414213562373095,0,1089.0439453125
49035,10,227,9,32,2,26.954538220072465,-2.4461290734340366,0.482842712474619,0,1089.0439453125
49035,10,227,9,33,2,17.829557692607988,-2.2592523278855534,0.3414213562373095,0,1089.0439453125
49035,10,227,9,34,2,28.997171035049043,-2.282707357838571,0.4308640753373011,0,1089.0439453125
49035,10,227,9,35,2,15.434946044323347,-1.2410057086755364,0.613407053921902,0,1089.0439453125
49035,10,227,9,36,2,19.69306271578411,-1.4924616223326477,0.682842712474619,0,1089.0439453125
49035,10,227,9,37,2,18.933824694344008,-1.2358235157901394,0.8513997106635237,0,1089.0439453125
49035,10,227,9,38,2,19.472100964829032,-0.9762063452606881,0.682842712474619,0,1089.0439453125
49035,10,227,9,39,2,21.628629568959024,-1.348980641319646,0.848528137423857,0,1089.0439453125
49035,10,227,9,40,2,21.528367691480778,-1.1167932617081004,0.848528137423857,0,1089.0439453125
49035,10,227,9,41,2,25.541817038075127,-1.570249474706566,0.613407053921902,0,1089.0439453125
49035,10,227,9,42,2,24.537838464427672,-1.4362190520924294,0.8513997106635237,0,1089.0439453125
49035,10,227,9,43,2,23.932791624352788,-1.2310490257027809,0.848528137423857,0,1089.0439453125
49035,10,227,9,44,2,24.36086027551235,-1.0243669569928886,0.8513997106635237,0,1089.0439453125
49035,10,227,9,45,2,25.252180346712183,-0.8877987068808014,0.613407053921902,0,1089.0439453125
49035,10,227,9,46,2,26.591096525148952,-1.323481856683328,0.848528137423857,0,1089.0439453125
49035,10,227,9,47,2,26.509609820556268,-1.1349059446388803,0.848528137423857,0,1089.0439453125
49035,10,227,9,48,2,29.434576842293595,-1.3986011931194984,0.682842712474619,0,1089.0439453125
49035,10,227,9,49,2,28.932115586545535,-1.2279244991991907,0.8513997106635237,0,1089.0439453125
49035,10,227,9,50,2,29.287203873732565,-1.0563804587641026,0.682842712474619,0,1089.0439453125
49035,10,227,9,51,2,32.43176637924936,-1.2263104956275725,0.613407053921902,0,1089.0439453125
49035,10,227,9,52,2,35.83924841547437,-2.2273316162172607,0.4308640753373011,0,1089.0439453125
49035,10,227,9,53,2,46.982917400986636,-2.2493814972351798,0.3414213562373095,0,1089.0439453125
49035,10,227,9,54,2,38.713570286975894,-2.117440440473717,0.482842712474619,0,1089.0439453125
49035,10,227,9,55,2,31.465640327527296,-1.9197179851934436,0.3414213562373095,0,1089.0439453125
49035,10,227,9,56,2,45.74228157093629,-2.099075822038178,0.4242640687119285,0,1089.0439453125
49035,10,227,9,57,2,38.51885668307806,-1.9341414245390993,0.4242640687119285,0,1089.0439453125
49035,10,227,9,58,2,52.78230880006115,-2.0856065082271567,0.382842712474619,0,1089.0439453125
49035,10,227,9,59,2,45.57760545620736,-1.9440988260746872,0.4242640687119285,0,1089.0439453125
49035,10,227,9,60,2,39.60636458927267,-1.755019577999382,0.482842712474619,0,1089.0439453125
49035,10,227,9,61,2,37.27381271625881,-1.639851742839166,0.37888543819998316,0,1089.0439453125
49035,10,227,9,62,2,52.63966107481979,-1.9513850579849863,0.4242640687119285,0,1089.0439453125
49035,10,227,9,63,2,46.50032166478623,-1.7916681567451582,0.4242640687119285,0,1089.0439453125
49035,10,227,9,64,2,59.70385010216756,-1.9569473086054843,0.3414213562373095,0,1089.0439453125
49035,10,227,9,65,2,53.44058115214301,-1.8188267401286509,0.382842712474619,0,1089.0439453125
49035,10,227,9,66,2,48.448340639649075,-1.6483339222452598,0.3414213562373095,0,1089.0439453125
49035,10,228,13,1,,,,,0,1089.2440185546875
49035,10,228,13,2,,,,,0,1089.2440185546875
49035,10,228,13,3,,,,,0,1089.2440185546875
49035,10,228,13,4,,,,,0,1089.2440185546875
49035,10,228,13,5,,,,,0,1089.2440185546875
49035,10,228,13,6,2,5.8922866692114395,0.6562180118698749,0.6366888663207728,0,1089.2440185546875
49035,10,228,13,7,,,,,0,1089.2440185546875
49035,10,228,13,8,,,,,0,1089.2440185546875
49035,10,228,13,9,,,,,0,1089.2440185546875
49035,10,228,13,10,2,7.251644302277873,0.15158419402919313,0.8513997106635237,0,1089.2440185546875
49035,10,228,13,11,2,10.72454092051108,0.10228330669454898,0.6034068236642477,0,1089.2440185546875
49035,10,228,13,12,,,,,0,1089.2440185546875
49035,10,228,13,13,2,4.875319874925202,-0.29232576522619474,0.848528137423857,1,1089.2440185546875
49035,10,228,13,14,,,,,0,1089.2440185546875
49035,10,228,13,15,2,4.46667020037547,-1.0638812899673777,0.6242640687119285,0,1089.2440185546875
49035,10,228,13,16,2,8.163090516307717,-0.4987965767379646,0.682842712474619,0,1089.2440185546875
49035,10,228,13,17,,,,,0,1089.2440185546875
49035,10,228,13,18,2,32.150317437393404,2.617280046310819,0.37888543819998316,0,1089.2440185546875
49035,10,228,13,19,2,39.42490082192744,2.8563170955356902,0.3414213562373095,0,1089.2440185546875
49035,10,228,13,20,2,29.961518870308232,2.7622506565603504,0.482842712474619,0,1089.2440185546875
49035,10,228,13,21,2,21.001486166765858,2.584998659670173,0.3414213562373095,0,1089.2440185546875
49035,10,228,13,22,2,33.39247535909848,2.958036590474993,0.4242640687119285,0,1089.2440185546875
49035,10,228,13,23,2,23.63106469893011,2.880719283643734,0.4242640687119285,0,1089.2440185546875
49035,10,228,13,24,2,42.84550506297774,3.1160322342341416,0.37888543819998316,0,1089.2440185546875
49035,10,228,13,25,2,37.84735404490203,3.112655817916677,0.482842712474619,0,1089.2440185546875
49035,10,228,13,26,2,27.85304321608653,3.1022679699398927,0.4242640687119285,0,1089.2440185546875
49035,10,228,13,27,2,17.865100744026197,3.0802598528812695,0.482842712474619,0,1089.2440185546875
49035,10,228,13,28,2,12.878149272807649,3.0564597939900624,0.37888543819998316,0,1089.2440185546875
49035,10,228,13,29,2,33.06292204251383,-3.023209098690066,0.4242640687119285,0,1089.2440185546875
49035,10,228,13,30,2,23.163044320347197,-2.9721974666704196,0.4242640687119285,0,1089.2440185546875
49035,10,228,13,31,2,38.865429517522514,-2.9104158662672215,0.3414213562373095,0,1089.2440185546875
49035,10,228,13,32,2,29.221420564006323,-2.8319259821854637,0.482842712474619,0,1089.2440185546875
49035,10,228,13,33,2,19.931413095301423,-2.6784290074207204,0.3414213562373095,0,1089.2440185546875
49035,10,228,13,34,2,31.111752143992234,-2.678255090222399,0.4308640753373011,0,1089.2440185546875
49035,10,228,13,35,2,15.663031394623498,-1.7525723321705016,0.613407053921902,0,1089.2440185546875
49035,10,228,13,36,2,20.46290398633396,-1.9635321846006084,0.682842712474619,0,1089.2440185546875
49035,10,228,13,37,2,19.115840124159675,-1.7194671330888642,0.8513997106635237,0,1089.2440185546875
49035,10,228,13,38,2,19.02893186048402,-1.456590678248804,0.682842712474619,0,1089.2440185546875
49035,10,228,13,39,2,22.058960593113053,-1.8149071440490978,0.848528137423857,0,1089.2440185546875
49035,10,228,13,40,2,21.407537143422765,-1.58628259403732,0.848528137423857,0,1089.2440185546875
49035,10,228,13,41,2,26.45469161369375,-2.0134473508710866,0.613407053921902,0,1089.2440185546875
49035,10,228,13,42,2,25.15512157085702,-1.8873871548864611,0.8513997106635237,0,1089.2440185546875
49035,10,228,13,43,2,24.07208020390234,-1.6886955691005443,0.848528137423857,0,1089.2440185546875
49035,10,228,13,44,2,24.00312374341343,-1.4803309743138398,0.8513997106635237,0,1089.2440185546875
49035,10,228,13,45,2,24.567852619033985,-1.3379705684096872,0.613407053921902,0,1089.2440185546875
49035,10,228,13,46,2,26.93784408855297,-1.7700307348509376,0.848528137423857,0,1089.2440185546875
49035,10,228,13,47,2,26.4070511083252,-1.583350485037771,0.848528137423857,0,1089.2440185546875
49035,10,228,13,48,2,29.94711743950108,-1.8353839863682697,0.682842712474619,0,1089.2440185546875
49035,10,228,13,49,2,29.043325343937127,-1.6684440425428626,0.8513997106635237,0,1089.2440185546875
49035,10,228,13,50,2,28.986197596999357,-1.4959152304422312,0.682842712474619,0,1089.2440185546875
49035,10,228,13,51,2,32.52844198877733,-1.6579538262138152,0.613407053921902,0,1089.2440185546875
49035,10,228,13,52,2,37.88543148838836,-2.6191439343262903,0.4308640753373011,0,1089.2440185546875
49035,10,228,13,53,2,49.050849254167055,-2.632539365394204,0.3414213562373095,0,1089.2440185546875
49035,10,228,13,54,2,40.612259488386535,-2.512248571054751,0.482842712474619,0,1089.2440185546875
49035,10,228,13,55,2,33.05639770073357,-2.3332301617358606,0.3414213562373095,0,1089.2440185546875
49035,10,228,13,56,2,47.61008735913226,-2.4891632682033,0.4242640687119285,0,1089.2440185546875
49035,10,228,13,57,2,40.12592960345251,-2.337276634839872,0.4242640687119285,0,1089.2440185546875
49035,10,228,13,58,2,54.62678112369764,-2.472001190569409,0.382842712474619,0,1089.2440185546875
49035,10,228,13,59,2,47.19592168962685,-2.3401108127404844,0.4242640687119285,0,1089.2440185546875
49035,10,228,13,60,2,40.87572424227382,-2.1634440187217314,0.482842712474619,0,1089.2440185546875
49035,10,228,13,61,2,38.308089699552,-2.0549690685226354,0.37888543819998316,0,1089.2440185546875
49035,10,228,13,62,2,54.26619409656028,-2.3422064812466394,0.4242640687119285,0,1089.2440185546875
49035,10,228,13,63,2,47.835025137681015,-2.1917644561318577,0.4242640687119285,0,1089.2440185546875
49035,10,228,13,64,2,61.33664988665191,-2.343819007808708,0.3414213562373095,0,1089.2440185546875
49035,10,228,13,65,2,54.82293705662565,-2.2128787874896925,0.382842712474619,0,1089.2440185546875
49035,10,228,13,66,2,49.48660662958978,-2.050332204411376,0.3414213562373095,0,1089.2440185546875
49035,10,229,16,1,,,,,0,1089.4599609375
49035,10,229,16,2,,,,,0,1089.4599609375
49035,10,229,16,3,,,,,0,1089.4599609375
49035,10,229,16,4,,,,,0,1089.4599609375
49035,10,229,16,5,,,,,0,1089.4599609375
49035,10,229,16,6,2,4.888814361343046,0.8986793219242803,0.563179972727508,0,1089.4599609375
49035,10,229,16,7,,,,,0,1089.4599609375
49035,10,229,16,8,,,,,0,1089.4599609375
49035,10,229,16,9,,,,,0,1089.4599609375
49035,10,229,16,10,2,5.850398139146556,0.25126227971348536,0.7685569981889047,0,1089.4599609375
49035,10,229,16,11,2,9.306252801320262,0.17614503513966237,0.6034068236642477,0,1089.4599609375
49035,10,229,16,12,,,,,0,1089.4599609375
49035,10,229,16,13,,,,,0,1089.4599609375
49035,10,229,16,14,,,,,0,1089.4599609375
49035,10,229,16,15,2,3.9020065858230972,-1.3315191600312426,0.4679124626440447,0,1089.4599609375
49035,10,229,16,16,2,6.895872636441571,-0.5389311989723379,0.5638463841038082,1,1089.4599609375
49035,10,229,16,17,,,,,0,1089.4599609375
49035,10,229,16,18,2,33.435873356868214,2.687274180220074,0.37888543819998316,0,1089.4599609375
49035,10,229,16,19,2,40.824364295400734,2.9148832725691873,0.3414213562373095,0,1089.4599609375
49035,10,229,16,20,2,31.32544537860593,2.8274474746001133,0.482842712474619,0,1089.4599609375
49035,10,229,16,21,2,22.26967301539152,2.666674176308666,0.3414213562373095,0,1089.4599609375
49035,10,229,16,22,2,34.817840616231514,3.013889492359788,0.4242640687119285,0,1089.4599609375
49035,10,229,16,23,2,25.038706700261788,2.9430864358087683,0.4242640687119285,0,1089.4599609375
49035,10,229,16,24,2,44.282650306461576,3.165596986346634,0.37888543819998316,0,1089.4599609375
49035,10,229,16,25,2,39.28460922787165,3.162241633885517,0.482842712474619,0,1089.4599609375
49035,10,229,16,26,2,29.290533116196638,3.1520959551161933,0.4242640687119285,0,1089.4599609375
49035,10,229,16,27,2,19.302594081507426,3.1314463723382797,0.482842712474619,0,1089.4599609375
49035,10,229,16,28,2,14.314941225784418,3.110320218703599,0.37888543819998316,0,1089.4599609375
49035,10,229,16,29,2,34.4809197562984,-2.9798413811985274,0.4242640687119285,0,1089.4599609375
49035,10,229,16,30,2,24.568040932982893,-2.934583806989574,0.4242640687119285,0,1089.4599609375
49035,10,229,16,31,2,40.24838287744697,-2.869969780351955,0.3414213562373095,0,1089.4599609375
49035,10,229,16,32,2,30.57101784851136,-2.798123641236219,0.482842712474619,0,1089.4599609375
49035,10,229,16,33,2,21.195328266824124,-2.6613846888324244,0.3414213562373095,0,1089.4599609375
49035,10,229,16,34,2,32.37148487983667,-2.649709574655593,0.4308640753373011,0,1089.4599609375
49035,10,229,16,35,2,15.915332976285056,-1.7918699382466377,0.613407053921902,0,1089.4599609375
49035,10,229,16,36,2,20.989248448809587,-1.9777228777011175,0.682842712474619,0,1089.4599609375
49035,10,229,16,37,2,19.30999623169493,-1.7432526995019368,0.8513997106635237,0,1089.4599609375
49035,10,229,16,38,2,18.846839482796295,-1.4815377571189088,0.682842712474619,0,1089.4599609375
49035,10,229,16,39,2,22.380241351976327,-1.8276111547494225,0.848528137423857,0,1089.4599609375
49035,10,229,16,40,2,21.405667637215334,-1.6030806858853377,0.848528137423857,0,1089.4599609375
49035,10,229,16,41,2,27.036924171617564,-2.0122289222979557,0.613407053921902,0,1089.4599609375
49035,10,229,16,42,2,25.570968919408386,-1.8912821854638149,0.8513997106635237,0,1089.4599609375
49035,10,229,16,43,2,24.211605801754796,-1.6976002430522994,0.848528137423857,0,1089.4599609375
49035,10,229,16,44,2,23.843851608366116,-1.4896906176314937,0.8513997106635237,0,1089.4599609375
49035,10,229,16,45,2,24.20554569385568,-1.3446560129793548,0.613407053921902,0,1089.4599609375
49035,10,229,16,46,2,27.18825305171712,-1.7719745204078865,0.848528137423857,0,1089.4599609375
49035,10,229,16,47,2,26.391826538275485,-1.5874387739252545,0.848528137423857,0,1089.4599609375
49035,10,229,16,48,2,30.285315790145624,-1.831413253195804,0.682842712474619,0,1089.4599609375
49035,10,229,16,49,2,29.146659440338283,-1.667360863423406,0.8513997106635237,0,1089.4599609375
49035,10,229,16,50,2,28.841899392260515,-1.4950180988744621,0.682842712474619,0,1089.4599609375
49035,10,229,16,51,2,32.61297115034303,-1.651647982244793,0.613407053921902,0,1089.4599609375
49035,10,229,16,52,2,39.10129832032143,-2.5887021104144345,0.4308640753373011,0,1089.4599609375
49035,10,229,16,53,2,50.27506960036786,-2.597344717711111,0.3414213562373095,0,1089.4599609375
49035,10,229,16,54,2,41.74011776895539,-2.4835288157681803,0.482842712474619,0,1089.4599609375
49035,10,229,16,55,2,34.01311863694212,-2.3148609803396307,0.3414213562373095,0,1089.4599609375
49035,10,229,16,56,2,48.7158693689802,-2.4578678948357324,0.4242640687119285,0,1089.4599609375
49035,10,229,16,57,2,41.0839474298658,-2.3133056926914985,0.4242640687119285,0,1089.4599609375
49035,10,229,16,58,2,55.7156569142357,-2.438644603950612,0.382842712474619,0,1089.4599609375
49035,10,229,16,59,2,48.154846416837984,-2.312207149625954,0.4242640687119285,0,1089.4599609375
49035,10,229,16,60,2,41.63585043533622,-2.142652103719318,0.482842712474619,0,1089.4599609375
49035,10,229,16,61,2,38.93419378253394,-2.0381083692452884,0.37888543819998316,0,1089.4599609375
49035,10,229,16,62,2,55.225788635731874,-2.311389914008041,0.4242640687119285,0,1089.4599609375
49035,10,229,16,63,2,48.62656206727929,-2.166276971098969,0.4242640687119285,0,1089.4599609375
49035,10,229,16,64,2,62.2967593655385,-2.3107581981001086,0.3414213562373095,0,1089.4599609375
49035,10,229,16,65,2,55.63758653547296,-2.183955688714107,0.382842712474619,0,1089.4599609375
49035,10,229,16,66,2,50.10185469158478,-2.026056022859217,0.3414213562373095,0,1089.4599609375
49035,10,230,15,1,,,,,0,1089.7440185546875
49035,10,230,15,2,,,,,0,1089.7440185546875
49035,10,230,15,3,2,8.563568374447273,2.6199645429415046,0.5256680940246072,0,1089.7440185546875
49035,10,230,15,4,,,,,0,1089.7440185546875
49035,10,230,15,5,,,,,0,1089.7440185546875
49035,10,230,15,6,2,5.706807646522249,2.3208851024862764,0.7195315787953919,0,1089.7440185546875
49035,10,230,15,7,,,,,0,1089.7440185546875
49035,10,230,15,8,,,,,0,1089.7440185546875
49035,10,230,15,9,,,,,0,1089.7440185546875
49035,10,230,15,10,2,4.098853952628234,1.6577625315414848,0.7099783544262142,0,1089.7440185546875
49035,10,230,15,11,2,6.85001131123079,1.2465533572572791,0.5409644648731183,0,1089.7440185546875
49035,10,230,15,12,,,,,0,1089.7440185546875
49035,10,230,15,13,,,,,0,1089.7440185546875
49035,10,230,15,14,,,,,0,1089.7440185546875
49035,10,230,15,15,2,3.0337271805618276,-1.7496851026257585,0.36931648795672345,1,1089.7440185546875
49035,10,230,15,16,,,,,0,1089.7440185546875
49035,10,230,15,17,,,,,0,1089.7440185546875
49035,10,230,15,18,2,37.20587178633865,3.3896548801277238,0.37888543819998316,0,1089.7440185546875
49035,10,230,15,19,2,44.4538894866642,3.599357223790901,0.3414213562373095,0,1089.7440185546875
49035,10,230,15,20,2,35.03157567156512,3.514450473791184,0.482842712474619,0,1089.7440185546875
49035,10,230,15,21,2,26.043699767364703,3.3691872063535877,0.3414213562373095,0,1089.7440185546875
49035,10,230,15,22,2,38.33554735377724,3.6852535170187393,0.4242640687119285,0,1089.7440185546875
49035,10,230,15,23,2,28.647464014354497,3.61045752617093,0.4242640687119285,0,1089.7440185546875
49035,10,230,15,24,2,47.55507949761814,3.8335154921427694,0.37888543819998316,0,1089.7440185546875
49035,10,230,15,25,2,42.56779402077115,3.825595297087161,0.482842712474619,0,1089.7440185546875
49035,10,230,15,26,2,32.604909006694676,3.8024898756259673,0.4242640687119285,0,1089.7440185546875
49035,10,230,15,27,2,22.67472370007799,3.759103771862575,0.482842712474619,0,1089.7440185546875
49035,10,230,15,28,2,17.739069779582525,3.7192332778549617,0.37888543819998316,0,1089.7440185546875
49035,10,230,15,29,2,37.489771781326475,-2.3343338981111654,0.4242640687119285,0,1089.7440185546875
49035,10,230,15,30,2,27.505381141805362,-2.316940747700562,0.4242640687119285,0,1089.7440185546875
49035,10,230,15,31,2,42.98704322347661,-2.2234903593971413,0.3414213562373095,0,1089.7440185546875
49035,10,230,15,32,2,33.15039801626951,-2.175800279586837,0.482842712474619,0,1089.7440185546875
49035,10,230,15,33,2,23.45233233981483,-2.0883081135343455,0.3414213562373095,0,1089.7440185546875
49035,10,230,15,34,2,34.52366271542185,-2.033566665660991,0.4308640753373011,0,1089.7440185546875
49035,10,230,15,35,2,15.237162325500215,-1.3220267690643879,0.613407053921902,0,1089.7440185546875
49035,10,230,15,36,2,20.903198152900185,-1.44922201525458,0.682842712474619,0,1089.7440185546875
49035,10,230,15,37,2,18.370497946148035,-1.2287775517460215,0.8513997106635237,0,1089.7440185546875
49035,10,230,15,38,2,16.970760046605125,-0.9560785472370599,0.682842712474619,0,1089.7440185546875
49035,10,230,15,39,2,21.70660367791288,-1.28740881476108,0.848528137423857,0,1089.7440185546875
49035,10,230,15,40,2,19.917533607352105,-1.0623875861301835,0.848528137423857,0,1089.7440185546875
49035,10,230,15,41,2,27.004741073217478,-1.4430974443237696,0.613407053921902,0,1089.7440185546875
49035,10,230,15,42,2,25.097372206478763,-1.3303136586388762,0.8513997106635237,0,1089.7440185546875
49035,10,230,15,43,2,23.030622949467787,-1.140656798496226,0.848528137423857,0,1089.7440185546875
49035,10,230,15,44,2,21.93036924473849,-0.9232003248227445,0.8513997106635237,0,1089.7440185546875
49035,10,230,15,45,2,21.818871337665144,-0.7631073276196068,0.613407053921902,0,1089.7440185546875
49035,10,230,15,46,2,26.250924590975917,-1.2000167427285893,0.848528137423857,0,1089.7440185546875
49035,10,230,15,47,2,24.79198547214651,-1.0122765203891941,0.848528137423857,0,1089.7440185546875
49035,10,230,15,48,2,29.54340011443598,-1.246280249414161,0.682842712474619,0,1089.7440185546875
49035,10,230,15,49,2,27.80906312862185,-1.082487275249372,0.8513997106635237,0,1089.7440185546875
49035,10,230,15,50,2,26.904934377576446,-0.9024640584709873,0.682842712474619,0,1089.7440185546875
49035,10,230,15,51,2,31.195321302199492,-1.0524382645615422,0.613407053921902,0,1089.7440185546875
49035,10,230,15,52,2,41.04005584997798,-1.960617181989726,0.4308640753373011,0,1089.7440185546875
49035,10,230,15,53,2,52.21261896592045,-1.951610260126543,0.3414213562373095,0,1089.7440185546875
49035,10,230,15,54,2,43.326903683744064,-1.8551237236045157,0.482842712474619,0,1089.7440185546875
49035,10,230,15,55,2,35.046876984411526,-1.711104265218046,0.3414213562373095,0,1089.7440185546875
49035,10,230,15,56,2,50.19585122001158,-1.8191283011893007,0.4242640687119285,0,1089.7440185546875
49035,10,230,15,57,2,42.079525701243085,-1.6919358186148754,0.4242640687119285,0,1089.7440185546875
49035,10,230,15,58,2,57.11415215673469,-1.7918246097068025,0.382842712474619,0,1089.7440185546875
49035,10,230,15,59,2,49.12320612625647,-1.6782605306480973,0.4242640687119285,0,1089.7440185546875
49035,10,230,15,60,2,42.00181405204685,-1.523551158673393,0.482842712474619,0,1089.7440185546875
49035,10,230,15,61,2,38.91893993202718,-1.4261497170838378,0.37888543819998316,0,1089.7440185546875
49035,10,230,15,62,2,56.17376858466756,-1.6680165720479843,0.4242640687119285,0,1089.7440185546875
49035,10,230,15,63,2,49.056653784617474,-1.5340989315344449,0.4242640687119285,0,1089.7440185546875
49035,10,230,15,64,2,63.228910902251734,-1.6600579880119732,0.3414213562373095,0,1089.7440185546875
49035,10,230,15,65,2,56.11557874088912,-1.5419937441982774,0.382842712474619,0,1089.7440185546875
49035,10,230,15,66,2,50.00021180920103,-1.3924831286559418,0.3414213562373095,0,1089.7440185546875
49035,10,231,10,1,,,,,0,1090.010986328125
49035,10,231,10,2,,,,,0,1090.010986328125
49035,10,231,10,3,2,10.869565720929826,3.643886588835308,0.7071067811865475,0,1090.010986328125
49035,10,231,10,4,,,,,0,1090.010986328125
49035,10,231,10,5,2,9.592843820134828,3.9681809075305443,0.6093338188813542,0,1090.010986328125
49035,10,231,10,6,2,8.012381088167874,3.420278377478178,0.765685424949238,0,1090.010986328125
49035,10,231,10,7,,,,,0,1090.010986328125
49035,10,231,10,8,,,,,0,1090.010986328125
49035,10,231,10,9,,,,,0,1090.010986328125
49035,10,231,10,10,2,5.937090402078083,3.002231113573023,0.7099783544262142,1,1090.010986328125
49035,10,231,10,11,2,7.938637234665631,2.580902216623505,0.5409644648731183,0,1090.010986328125
49035,10,231,10,12,,,,,0,1090.010986328125
49035,10,231,10,13,,,,,0,1090.010986328125
49035,10,231,10,14,,,,,0,1090.010986328125
49035,10,231,10,15,,,,,0,1090.010986328125
49035,10,231,10,16,,,,,0,1090.010986328125
49035,10,231,10,17,,,,,0,1090.010986328125
49035,10,231,10,18,2,38.66835785783795,4.396814622246662,0.37888543819998316,0,1090.010986328125
49035,10,231,10,19,2,45.506226919720106,4.60807541893889,0.3414213562373095,0,1090.010986328125
49035,10,231,10,20,2,36.26524348130206,4.513969094208553,0.482842712474619,0,1090.010986328125
49035,10,231,10,21,2,27.559373741926432,4.358179928346586,0.3414213562373095,0,1090.010986328125
49035,10,231,10,22,2,39.21630109979642,4.684568389769565,0.4242640687119285,0,1090.010986328125
49035,10,231,10,23,2,29.70302119716034,4.594241136890432,0.4242640687119285,0,1090.010986328125
49035,10,231,10,24,2,48.098784402489166,4.84106335945447,0.37888543819998316,0,1090.010986328125
49035,10,231,10,25,2,43.13546869041377,4.827790610815929,0.482842712474619,0,1090.010986328125
49035,10,231,10,26,2,33.24183892973927,4.789372676385103,0.4242640687119285,0,1090.010986328125
49035,10,231,10,27,2,23.43866574103124,4.718628429818383,0.482842712474619,0,1090.010986328125
49035,10,231,10,28,2,18.615763477878705,4.655475759254593,0.37888543819998316,0,1090.010986328125
49035,10,231,10,29,2,37.785847120615166,4.9423881809550085,0.4242640687119285,0,1090.010986328125
49035,10,231,10,30,2,27.787073233997926,4.937555574389065,0.4242640687119285,0,1090.010986328125
49035,10,231,10,31,2,43.017678108125196,-1.2227414920712165,0.3414213562373095,0,1090.010986328125
49035,10,231,10,32,2,33.088847458068656,-1.1911739231295344,0.482842712474619,0,1090.010986328125
49035,10,231,10,33,2,23.221176162985348,-1.1326707363417368,0.3414213562373095,0,1090.010986328125
49035,10,231,10,34,2,34.12913434940359,-1.0455136271066212,0.4308640753373011,0,1090.010986328125
49035,10,231,10,35,2,13.468615287518888,-0.3726276207723942,0.613407053921902,0,1090.010986328125
49035,10,231,10,36,2,19.32423839001343,-0.47935169282353685,0.682842712474619,0,1090.010986328125
49035,10,231,10,37,2,16.44997834340824,-0.24937513456572424,0.8513997106635237,0,1090.010986328125
49035,10,231,10,38,2,14.757282461318255,0.05374563148526068,0.682842712474619,0,1090.010986328125
49035,10,231,10,39,2,19.86144458730246,-0.30074253878966206,0.848528137423857,0,1090.010986328125
49035,10,231,10,40,2,17.79473459310415,-0.057968621431492284,0.848528137423857,0,1090.010986328125
49035,10,231,10,41,2,25.39841050123414,-0.45247809696980235,0.613407053921902,0,1090.010986328125
49035,10,231,10,42,2,23.309915801872226,-0.3369848861777982,0.8513997106635237,0,1090.010986328125
49035,10,231,10,43,2,20.98875348454271,-0.13643260180940908,0.848528137423857,0,1090.010986328125
49035,10,231,10,44,2,19.690184635483615,0.10164234641835423,0.8513997106635237,0,1090.010986328125
49035,10,231,10,45,2,19.505801436511316,0.28022324813787436,0.613407053921902,0,1090.010986328125
49035,10,231,10,46,2,24.277622750812938,-0.19391689304639104,0.848528137423857,0,1090.010986328125
49035,10,231,10,47,2,22.618102585657383,0.007701694952612526,0.848528137423857,0,1090.010986328125
49035,10,231,10,48,2,27.62748920960202,-0.2375778439048577,0.682842712474619,0,1090.010986328125
49035,10,231,10,49,2,25.699294896382032,-0.06422958292540604,0.8513997106635237,0,1090.010986328125
49035,10,231,10,50,2,24.650139072949237,0.1303096050972694,0.682842712474619,0,1090.010986328125
49035,10,231,10,51,2,29.054293106297045,-0.027741698284589278,0.613407053921902,0,1090.010986328125
49035,10,231,10,52,2,40.46663068049294,-0.961096579678699,0.4308640753373011,0,1090.010986328125
49035,10,231,10,53,2,51.605455018618464,-0.9400318418027973,0.3414213562373095,0,1090.010986328125
49035,10,231,10,54,2,42.51439972488988,-0.8510684985989447,0.482842712474619,0,1090.010986328125
49035,10,231,10,55,2,33.938553007704655,-0.7155588158778816,0.3414213562373095,0,1090.010986328125
49035,10,231,10,56,2,49.29730795042959,-0.8074210764664025,0.4242640687119285,0,1090.010986328125
49035,10,231,10,57,2,40.921580705644196,-0.6857094568502597,0.4242640687119285,0,1090.010986328125
49035,10,231,10,58,2,56.15135758244195,-0.7743783772738995,0.382842712474619,0,1090.010986328125
49035,10,231,10,59,2,47.93043036151797,-0.6645753042021065,0.4242640687119285,0,1090.010986328125
49035,10,231,10,60,2,40.51761778448218,-0.5121203783156119,0.482842712474619,0,1090.010986328125
49035,10,231,10,61,2,37.26731743866088,-0.41430576067182634,0.37888543819998316,0,1090.010986328125
49035,10,231,10,62,2,54.955223062345006,-0.6488385971216697,0.4242640687119285,0,1090.010986328125
49035,10,231,10,63,2,47.5860035947668,-0.5165552863291241,0.4242640687119285,0,1090.010986328125
49035,10,231,10,64,2,61.99053902833777,-0.6366713433192637,0.3414213562373095,0,1090.010986328125
49035,10,231,10,65,2,54.65508325227335,-0.5198430252142845,0.382842712474619,0,1090.010986328125
49035,10,231,10,66,2,48.28591224779743,-0.3696329342666618,0.3414213562373095,0,1090.010986328125
49035,10,232,6,1,,,,,0,1090.5770263671875
49035,10,232,6,2,,,,,0,1090.5770263671875
49035,10,232,6,3,2,6.340069944036539,1.1212504615134082,0.7071067811865475,0,1090.5770263671875
49035,10,232,6,4,,,,,0,1090.5770263671875
49035,10,232,6,5,2,5.888661869898184,1.703325628728104,0.765685424949238,0,1090.5770263671875
49035,10,232,6,6,2,3.4127019190454417,0.6917417378525534,0.6366888663207728,1,1090.5770263671875
49035,10,232,6,7,,,,,0,1090.5770263671875
49035,10,232,6,8,2,7.359088961325991,2.1967369244978663,0.5507551751186637,0,1090.5770263671875
49035,10,232,6,9,,,,,0,1090.5770263671875
49035,10,232,6,10,,,,,0,1090.5770263671875
49035,10,232,6,11,2,6.263043902163067,-0.6759607968095607,0.3438986205944199,0,1090.5770263671875
49035,10,232,6,12,,,,,0,1090.5770263671875
49035,10,232,6,13,,,,,0,1090.5770263671875
49035,10,232,6,14,,,,,0,1090.5770263671875
49035,10,232,6,15,,,,,0,1090.5770263671875
49035,10,232,6,16,,,,,0,1090.5770263671875
49035,10,232,6,17,,,,,0,1090.5770263671875
49035,10,232,6,18,2,36.007159202612705,1.8627268185404986,0.37888543819998316,0,1090.5770263671875
49035,10,232,6,19,2,43.686439789910416,2.067966326651341,0.3414213562373095,0,1090.5770263671875
49035,10,232,6,20,2,34.09465373131094,1.994673465863597,0.482842712474619,0,1090.5770263671875
49035,10,232,6,21,2,24.82711833053773,1.865461639763858,0.3414213562373095,0,1090.5770263671875
49035,10,232,6,22,2,37.76777881347313,2.1632532312330213,0.4242640687119285,0,1090.5770263671875
49035,10,232,6,23,2,27.93466498893368,2.10723492622163,0.4242640687119285,0,1090.5770263671875
49035,10,232,6,24,2,47.31167534740871,2.301129309003935,0.37888543819998316,0,1090.5770263671875
49035,10,232,6,25,2,42.31270282017995,2.2988639168406584,0.482842712474619,0,1090.5770263671875
49035,10,232,6,26,2,32.31571152689341,2.292230599000656,0.4242640687119285,0,1090.5770263671875
49035,10,232,6,27,2,22.321415793580815,2.2796561750775926,0.482842712474619,0,1090.5770263671875
49035,10,232,6,28,2,17.326736530581364,2.2679300759576577,0.3894427190999916,0,1090.5770263671875
49035,10,232,6,29,2,37.52685591592808,-3.853598169257358,0.4242640687119285,0,1090.5770263671875
49035,10,232,6,30,2,27.60806596767245,-3.8140819355868576,0.4242640687119285,0,1090.5770263671875
49035,10,232,6,31,2,43.26921097478276,-3.7511563054415173,0.3414213562373095,0,1090.5770263671875
49035,10,232,6,32,2,33.55838211119225,-3.688493335220011,0.482842712474619,0,1090.5770263671875
49035,10,232,6,33,2,24.085377336909538,-3.5757547423000116,0.3414213562373095,0,1090.5770263671875
49035,10,232,6,34,2,35.24336688139325,-3.551501898865287,0.4308640753373011,0,1090.5770263671875
49035,10,232,6,35,2,17.218445276868472,-2.830096296285306,0.613407053921902,0,1090.5770263671875
49035,10,232,6,36,2,22.713555235436818,-2.9644958818321365,0.682842712474619,0,1090.5770263671875
49035,10,232,6,37,2,20.442010351320707,-2.75741325467662,0.8513997106635237,0,1090.5770263671875
49035,10,232,6,38,2,19.231380162998356,-2.5121267929725413,0.682842712474619,0,1090.5770263671875
49035,10,232,6,39,2,23.714038857314463,-2.8182537854633685,0.848528137423857,0,1090.5770263671875
49035,10,232,6,40,2,22.120710537785264,-2.6109567576710093,0.848528137423857,0,1090.5770263671875
49035,10,232,6,41,2,28.81330167838724,-2.972610482564688,0.613407053921902,0,1090.5770263671875
49035,10,232,6,42,2,27.052458125814326,-2.8642153516354325,0.8513997106635237,0,1090.5770263671875
49035,10,232,6,43,2,25.175497739254357,-2.686400961281782,0.848528137423857,0,1090.5770263671875
49035,10,232,6,44,2,24.20280732042184,-2.487385159791007,0.8513997106635237,0,1090.5770263671875
49035,10,232,6,45,2,24.12270754348793,-2.342445045989445,0.613407053921902,0,1090.5770263671875
49035,10,232,6,46,2,28.342292393910526,-2.7452621079510475,0.848528137423857,0,1090.5770263671875
49035,10,232,6,47,2,27.023244326175607,-2.5707720188025984,0.848528137423857,0,1090.5770263671875
49035,10,232,6,48,2,31.587424552575282,-2.792165149240649,0.682842712474619,0,1090.5770263671875
49035,10,232,6,49,2,29.99559277018708,-2.638027851129629,0.8513997106635237,0,1090.5770263671875
49035,10,232,6,50,2,29.183998721990843,-2.4710821065006936,0.682842712474619,0,1090.5770263671875
49035,10,232,6,51,2,33.40114541577711,-2.6125127969414192,0.613407053921902,0,1090.5770263671875
49035,10,232,6,52,2,41.905305303528344,-3.489812744980732,0.4308640753373011,0,1090.5770263671875
49035,10,232,6,53,2,53.08525332196402,-3.4917974126939866,0.3414213562373095,0,1090.5770263671875
49035,10,232,6,54,2,44.40703223361835,-3.389415311208924,0.482842712474619,0,1090.5770263671875
49035,10,232,6,55,2,36.413251754521276,-3.2398607578993177,0.3414213562373095,0,1090.5770263671875
49035,10,232,6,56,2,51.34144734269822,-3.360440980021572,0.4242640687119285,0,1090.5770263671875
49035,10,232,6,57,2,43.472803070236694,-3.229721548667368,0.4242640687119285,0,1090.5770263671875
49035,10,232,6,58,2,58.308695052183154,-3.338375858607243,0.382842712474619,0,1090.5770263671875
49035,10,232,6,59,2,50.53557469970056,-3.2224158330613903,0.4242640687119285,0,1090.5770263671875
49035,10,232,6,60,2,43.678194808960946,-3.067339580882191,0.482842712474619,0,1090.5770263671875
49035,10,232,6,61,2,40.74008956224577,-2.971396219917783,0.37888543819998316,0,1090.5770263671875
49035,10,232,6,62,2,57.60038206187916,-3.216902002970058,0.4242640687119285,0,1090.5770263671875
49035,10,232,6,63,2,50.71236935122414,-3.0826673450241717,0.4242640687119285,0,1090.5770263671875
49035,10,232,6,64,2,64.66655795014827,-3.2125930675380605,0.3414213562373095,0,1090.5770263671875
49035,10,232,6,65,2,57.75555478618842,-3.0942589200375235,0.382842712474619,0,1090.5770263671875
49035,10,232,6,66,2,51.861782655448124,-2.9465150464921823,0.3414213562373095,0,1090.5770263671875
49035,10,233,5,1,,,,,0,1091.06103515625
49035,10,233,5,2,,,,,0,1091.06103515625
49035,10,233,5,3,2,6.1305772407040875,1.8288172020293088,0.5256680940246072,0,1091.06103515625
49035,10,233,5,4,,,,,0,1091.06103515625
49035,10,233,5,5,2,8.093416101690812,2.24937727998977,0.6921765313559731,1,1091.06103515625
49035,10,233,5,6,,,,,0,1091.06103515625
49035,10,233,5,7,,,,,0,1091.06103515625
49035,10,233,5,8,2,10.882223627824288,-3.801727482337991,0.6242640687119285,0,1091.06103515625
49035,10,233,5,9,,,,,0,1091.06103515625
49035,10,233,5,10,,,,,0,1091.06103515625
49035,10,233,5,11,2,3.82762430281585,-1.5994874048255259,0.2641265408223401,0,1091.06103515625
49035,10,233,5,12,,,,,0,1091.06103515625
49035,10,233,5,13,,,,,0,1091.06103515625
49035,10,233,5,14,2,12.974108830601118,-3.4171636089223574,0.41593382550672675,0,1091.06103515625
49035,10,233,5,15,,,,,0,1091.06103515625
49035,10,233,5,16,,,,,0,1091.06103515625
49035,10,233,5,17,,,,,0,1091.06103515625
49035,10,233,5,18,2,37.72769790347976,1.9125830503695278,0.37888543819998316,0,1091.06103515625
49035,10,233,5,19,2,46.207706151651834,2.0873138286267463,0.3414213562373095,0,1091.06103515625
49035,10,233,5,20,2,36.37696933443653,2.0426232109534057,0.482842712474619,0,1091.06103515625
49035,10,233,5,21,2,26.672376874205806,1.965148668397945,0.3414213562373095,0,1091.06103515625
49035,10,233,5,22,2,40.670907436892456,2.18881215223544,0.4242640687119285,0,1091.06103515625
49035,10,233,5,23,2,30.69616428646105,2.1687094927236865,0.4242640687119285,0,1091.06103515625
49035,10,233,5,24,2,50.65467037146176,-3.9834451352428384,0.37888543819998316,0,1091.06103515625
49035,10,233,5,25,2,45.661378927075916,-3.97806138312881,0.482842712474619,0,1091.06103515625
49035,10,233,5,26,2,35.68043323283989,-3.962774489531645,0.4242640687119285,0,1091.06103515625
49035,10,233,5,27,2,25.71429769300103,-3.9356269778266615,0.482842712474619,0,1091.06103515625
49035,10,233,5,28,2,20.743456821967847,-3.912279760268563,0.3894427190999916,0,1091.06103515625
49035,10,233,5,29,2,41.27871278837173,-3.8501588614250113,0.4242640687119285,0,1091.06103515625
49035,10,233,5,30,2,31.497046204779526,-3.7925149174425674,0.4242640687119285,0,1091.06103515625
49035,10,233,5,31,2,47.27336399333796,-3.7652376792929516,0.3414213562373095,0,1091.06103515625
49035,10,233,5,32,2,37.72138297315933,-3.695135670465838,0.482842712474619,0,1091.06103515625
49035,10,233,5,33,2,28.478667868579937,-3.5786010528643795,0.3414213562373095,0,1091.06103515625
49035,10,233,5,34,2,39.658636414658275,-3.5758896315793702,0.4308640753373011,0,1091.06103515625
49035,10,233,5,35,2,21.745305937870423,-2.970667391906387,0.613407053921902,0,1091.06103515625
49035,10,233,5,36,2,27.367420986542182,-3.068072494312035,0.682842712474619,0,1091.06103515625
49035,10,233,5,37,2,24.860443007621484,-2.902028458038688,0.8513997106635237,0,1091.06103515625
49035,10,233,5,38,2,23.175580286494714,-2.7055903414827336,0.682842712474619,0,1091.06103515625
49035,10,233,5,39,2,28.212781384083087,-2.944446943236837,0.848528137423857,0,1091.06103515625
49035,10,233,5,40,2,26.268363643490083,-2.7750346486358772,0.848528137423857,0,1091.06103515625
49035,10,233,5,41,2,33.47064854108055,-3.068890825496104,0.613407053921902,0,1091.06103515625
49035,10,233,5,42,2,31.605069851480067,-2.9778093662887115,0.8513997106635237,0,1091.06103515625
49035,10,233,5,43,2,29.46092896358668,-2.829646589055431,0.848528137423857,0,1091.06103515625
49035,10,233,5,44,2,28.053738262093827,-2.662561528858313,0.8513997106635237,0,1091.06103515625
49035,10,233,5,45,2,27.57006269551202,-2.5378380285586513,0.613407053921902,0,1091.06103515625
49035,10,233,5,46,2,32.72408504891114,-2.873477074326123,0.848528137423857,0,1091.06103515625
49035,10,233,5,47,2,31.063348779050468,-2.7254213089317654,0.848528137423857,0,1091.06103515625
49035,10,233,5,48,2,36.03866186721198,-2.9093038650062,0.682842712474619,0,1091.06103515625
49035,10,233,5,49,2,34.1738356679464,-2.777012612315227,0.8513997106635237,0,1091.06103515625
49035,10,233,5,50,2,32.96842336752505,-2.6323185905728885,0.682842712474619,0,1091.06103515625
49035,10,233,5,51,2,37.5171206312987,-2.748089756589454,0.613407053921902,0,1091.06103515625
49035,10,233,5,52,2,46.40739441136291,-3.526689147784474,0.4308640753373011,0,1091.06103515625
49035,10,233,5,53,2,57.57967675102883,-3.5348990635493673,0.3414213562373095,0,1091.06103515625
49035,10,233,5,54,2,49.02602334387424,-3.437360774500238,0.482842712474619,0,1091.06103515625
49035,10,233,5,55,2,41.130071177609636,-3.300603438502294,0.3414213562373095,0,1091.06103515625
49035,10,233,5,56,2,55.98562117808322,-3.413489433209562,0.4242640687119285,0,1091.06103515625
49035,10,233,5,57,2,48.19254681853796,-3.292776202608119,0.4242640687119285,0,1091.06103515625
49035,10,233,5,58,2,62.97006108046568,-3.394904837062796,0.382842712474619,0,1091.06103515625
49035,10,233,5,59,2,55.257220185589425,-3.286950116851967,0.4242640687119285,0,1091.06103515625
49035,10,233,5,60,2,48.38896746986698,-3.1462744850119075,0.482842712474619,0,1091.06103515625
49035,10,233,5,61,2,45.39337030757257,-3.060830659849337,0.37888543819998316,0,1091.06103515625
49035,10,233,5,62,2,62.32334391237725,-3.2824450108304983,0.4242640687119285,0,1091.06103515625
49035,10,233,5,63,2,55.42861162415655,-3.159132254751895,0.4242640687119285,0,1091.06103515625
49035,10,233,5,64,2,69.39047492417232,-3.2788574964408523,0.3414213562373095,0,1091.06103515625
49035,10,233,5,65,2,62.475353543323955,-3.1690908593385925,0.382842712474619,0,1091.06103515625
49035,10,233,5,66,2,56.491606372313875,-3.0341221206863693,0.3414213562373095,0,1091.06103515625
49035,10,234,3,1,,,,,0,1091.6259765625
49035,10,234,3,2,,,,,0,1091.6259765625
49035,10,234,3,3,2,4.717099701006944,-1.1718114731980678,0.33226810064997986,1,1091.6259765625
49035,10,234,3,4,,,,,0,1091.6259765625
49035,10,234,3,5,,,,,0,1091.6259765625
49035,10,234,3,6,,,,,0,1091.6259765625
49035,10,234,3,7,,,,,0,1091.6259765625
49035,10,234,3,8,2,4.859519205934698,-5.793904767014801,0.4428253815499883,0,1091.6259765625
49035,10,234,3,9,,,,,0,1091.6259765625
49035,10,234,3,10,,,,,0,1091.6259765625
49035,10,234,3,11,2,8.653562636934382,-2.7440142788181934,0.25866713246752315,0,1091.6259765625
49035,10,234,3,12,,,,,0,1091.6259765625
49035,10,234,3,13,,,,,0,1091.6259765625
49035,10,234,3,14,2,7.174080011658518,-5.024438828145002,0.45328910320379967,0,1091.6259765625
49035,10,234,3,15,,,,,0,1091.6259765625
49035,10,234,3,16,,,,,0,1091.6259765625
49035,10,234,3,17,2,8.786510784235174,-4.2648986777650695,0.3712501974171229,0,1091.6259765625
49035,10,234,3,18,2,33.28084188725173,-0.027434153883878487,0.37888543819998316,0,1091.6259765625
49035,10,234,3,19,2,41.018163467793585,0.19143538798284698,0.3414213562373095,0,1091.6259765625
49035,10,234,3,20,2,31.39214764594929,0.11591794626940244,0.482842712474619,0,1091.6259765625
49035,10,234,3,21,2,22.10077223491349,-0.02456793022433601,0.3414213562373095,0,1091.6259765625
49035,10,234,3,22,2,35.16860576065944,0.2960814282485802,0.4242640687119285,0,1091.6259765625
49035,10,234,3,23,2,25.294426870422097,0.24305623796020015,0.4242640687119285,0,1091.6259765625
49035,10,234,3,24,2,44.85204709592501,-5.846277855989264,0.37888543819998316,0,1091.6259765625
49035,10,234,3,25,2,39.852160900913475,-5.845479932743439,0.482842712474619,0,1091.6259765625
49035,10,234,3,26,2,29.852502877091226,-5.843082242898722,0.4242640687119285,0,1091.6259765625
49035,10,234,3,27,2,19.853189355395347,-5.838269242975539,0.482842712474619,0,1091.6259765625
49035,10,234,3,28,2,14.85387920236343,-5.833432792593938,0.3894427190999916,0,1091.6259765625
49035,10,234,3,29,2,35.2496216341445,-5.702132358950109,0.4242640687119285,0,1091.6259765625
49035,10,234,3,30,2,25.406948358761852,-5.643083575312089,0.4242640687119285,0,1091.6259765625
49035,10,234,3,31,2,41.15701304363518,-5.600057900106262,0.3414213562373095,0,1091.6259765625
49035,10,234,3,32,2,31.573357791473494,-5.520825151840333,0.482842712474619,0,1091.6259765625
49035,10,234,3,33,2,22.357417600940483,-5.374600298507746,0.3414213562373095,0,1091.6259765625
49035,10,234,3,34,2,33.53698584144422,-5.379397322883685,0.4308640753373011,0,1091.6259765625
49035,10,234,3,35,2,17.47221128951878,-4.563187269568061,0.613407053921902,0,1091.6259765625
49035,10,234,3,36,2,22.55074977775566,-4.733927594358734,0.682842712474619,0,1091.6259765625
49035,10,234,3,37,2,20.85725090504903,-4.516578872535305,0.8513997106635237,0,1091.6259765625
49035,10,234,3,38,2,20.28579589499486,-4.2745031602546195,0.682842712474619,0,1091.6259765625
49035,10,234,3,39,2,23.941738950585286,-4.593925601112845,0.848528137423857,0,1091.6259765625
49035,10,234,3,40,2,22.906231985099478,-4.384664389855597,0.848528137423857,0,1091.6259765625
49035,10,234,3,41,2,28.59364951865574,-4.767653584603039,0.613407053921902,0,1091.6259765625
49035,10,234,3,42,2,27.136484898375784,-4.653350430535519,0.8513997106635237,0,1091.6259765625
49035,10,234,3,43,2,25.746405815511388,-4.471394534263819,0.848528137423857,0,1091.6259765625
49035,10,234,3,44,2,25.285687892446592,-4.275954206593746,0.8513997106635237,0,1091.6259765625
49035,10,234,3,45,2,25.54717268188939,-4.138522908277342,0.613407053921902,0,1091.6259765625
49035,10,234,3,46,2,28.741248425891364,-4.540485150056427,0.848528137423857,0,1091.6259765625
49035,10,234,3,47,2,27.88454699033184,-4.366258544357559,0.848528137423857,0,1091.6259765625
49035,10,234,3,48,2,31.84715544190104,-4.5963251195073465,0.682842712474619,0,1091.6259765625
49035,10,234,3,49,2,30.671320635372528,-4.440673697365275,0.8513997106635237,0,1091.6259765625
49035,10,234,3,50,2,30.2856155508692,-4.2769261407492545,0.682842712474619,0,1091.6259765625
49035,10,234,3,51,2,34.13175438632491,-4.424454109719312,0.613407053921902,0,1091.6259765625
49035,10,234,3,52,2,40.32484738536326,-5.325518211662613,0.4308640753373011,0,1091.6259765625
49035,10,234,3,53,2,51.48755785817798,-5.339292085456002,0.3414213562373095,0,1091.6259765625
49035,10,234,3,54,2,43.05747105617872,-5.224987788111452,0.482842712474619,0,1091.6259765625
49035,10,234,3,55,2,35.453110065382305,-5.058581169334936,0.3414213562373095,0,1091.6259765625
49035,10,234,3,56,2,50.05306894764073,-5.202792957814545,0.4242640687119285,0,1091.6259765625
49035,10,234,3,57,2,42.52395690233589,-5.060020901223631,0.4242640687119285,0,1091.6259765625
49035,10,234,3,58,2,57.06727265605818,-5.186047467444363,0.382842712474619,0,1091.6259765625
49035,10,234,3,59,2,49.594866750051146,-5.0610500997644605,0.4242640687119285,0,1091.6259765625
49035,10,234,3,60,2,43.158174283787446,-4.895442457893864,0.482842712474619,0,1091.6259765625
49035,10,234,3,61,2,40.48600507937272,-4.794299435289414,0.37888543819998316,0,1091.6259765625
49035,10,234,3,62,2,56.66581602058632,-5.061822445317607,0.4242640687119285,0,1091.6259765625
49035,10,234,3,63,2,50.13972382087261,-4.919553860860406,0.4242640687119285,0,1091.6259765625
49035,10,234,3,64,2,63.73679159325911,-5.062423422748905,0.3414213562373095,0,1091.6259765625
49035,10,234,3,65,2,57.14329183864882,-4.937763536561315,0.382842712474619,0,1091.6259765625
49035,10,234,3,66,2,51.65590964944313,-4.783738958666791,0.3414213562373095,0,1091.6259765625
49035,10,235,8,1,,,,,0,1091.81005859375
49035,10,235,8,2,,,,,0,1091.81005859375
49035,10,235,8,3,,,,,0,1091.81005859375
49035,10,235,8,4,,,,,0,1091.81005859375
49035,10,235,8,5,,,,,0,1091.81005859375
49035,10,235,8,6,,,,,0,1091.81005859375
49035,10,235,8,7,,,,,0,1091.81005859375
49035,10,235,8,8,2,4.4412631436868955,-4.443448533843431,0.4014040253126788,1,1091.81005859375
49035,10,235,8,9,,,,,0,1091.81005859375
49035,10,235,8,10,,,,,0,1091.81005859375
49035,10,235,8,11,2,10.022419359324232,-2.1010351504399867,0.22672597831956315,0,1091.81005859375
49035,10,235,8,12,,,,,0,1091.81005859375
49035,10,235,8,13,,,,,0,1091.81005859375
49035,10,235,8,14,2,8.267927348057714,-3.9059231760680007,0.45328910320379967,0,1091.81005859375
49035,10,235,8,15,,,,,0,1091.81005859375
49035,10,235,8,16,,,,,0,1091.81005859375
49035,10,235,8,17,2,10.933896374024995,-3.320147030611779,0.3712501974171229,0,1091.81005859375
49035,10,235,8,18,2,31.413920227286738,0.8646228613760025,0.37888543819998316,0,1091.81005859375
49035,10,235,8,19,2,39.50534874984799,1.084078293725953,0.3414213562373095,0,1091.81005859375
49035,10,235,8,20,2,29.756817510742373,1.01907060799942,0.482842712474619,0,1091.81005859375
49035,10,235,8,21,2,20.254969683712975,0.8920272515295313,0.3414213562373095,0,1091.81005859375
49035,10,235,8,22,2,33.86302095839441,1.2006686401724045,0.4242640687119285,0,1091.81005859375
49035,10,235,8,23,2,23.906061928916,1.1680931812047308,0.4242640687119285,0,1091.81005859375
49035,10,235,8,24,2,43.82399324832734,-4.950621368697425,0.37888543819998316,0,1091.81005859375
49035,10,235,8,25,2,38.83220555788319,-4.943677474036757,0.482842712474619,0,1091.81005859375
49035,10,235,8,26,2,28.857161970821075,-4.922585357501142,0.4242640687119285,0,1091.81005859375
49035,10,235,8,27,2,18.90850088004625,-4.8792583387386586,0.482842712474619,0,1091.81005859375
49035,10,235,8,28,2,13.96170511760522,-4.834481522131951,0.3894427190999916,0,1091.81005859375
49035,10,235,8,29,2,34.55389698820145,-4.789831340893925,0.4242640687119285,0,1091.81005859375
49035,10,235,8,30,2,24.875035790763096,-4.70405863016186,0.4242640687119285,0,1091.81005859375
49035,10,235,8,31,2,40.68424507266016,-4.695807341443357,0.3414213562373095,0,1091.81005859375
49035,10,235,8,32,2,31.305006079743542,-4.598581521272974,0.482842712474619,0,1091.81005859375
49035,10,235,8,33,2,22.467732733261894,-4.421885638126821,0.3414213562373095,0,1091.81005859375
49035,10,235,8,34,2,33.595196233599665,-4.4614195106757935,0.4308640753373011,0,1091.81005859375
49035,10,235,8,35,2,19.23450993843424,-3.630540655577162,0.613407053921902,0,1091.81005859375
49035,10,235,8,36,2,24.01795643547498,-3.8071296652422406,0.682842712474619,0,1091.81005859375
49035,10,235,8,37,2,22.67730221160859,-3.6003637535143755,0.8513997106635237,0,1091.81005859375
49035,10,235,8,38,2,22.397719523578328,-3.3783988509577147,0.682842712474619,0,1091.81005859375
49035,10,235,8,39,2,25.639384462719566,-3.6804378362875947,0.848528137423857,0,1091.81005859375
49035,10,235,8,40,2,24.895297545669127,-3.4844225639926663,0.848528137423857,0,1091.81005859375
49035,10,235,8,41,2,29.984455517409103,-3.855012987912578,0.613407053921902,0,1091.81005859375
49035,10,235,8,42,2,28.731446807595038,-3.7436136128459583,0.8513997106635237,0,1091.81005859375
49035,10,235,8,43,2,27.620532940512152,-3.5703427638048817,0.848528137423857,0,1091.81005859375
49035,10,235,8,44,2,27.391452027560913,-3.3885030830378966,0.8513997106635237,0,1091.81005859375
49035,10,235,8,45,2,27.77084995386977,-3.262265795355775,0.613407053921902,0,1091.81005859375
49035,10,235,8,46,2,30.512486623486367,-3.6404166170910996,0.848528137423857,0,1091.81005859375
49035,10,235,8,47,2,29.889958919488137,-3.4759546044178204,0.848528137423857,0,1091.81005859375
49035,10,235,8,48,2,33.52804557350387,-3.698128526460379,0.682842712474619,0,1091.81005859375
49035,10,235,8,49,2,32.581093355490786,-3.5494489797955806,0.8513997106635237,0,1091.81005859375
49035,10,235,8,50,2,32.387118558146845,-3.395490729886398,0.682842712474619,0,1091.81005859375
49035,10,235,8,51,2,36.05996820941622,-3.5382468825234716,0.613407053921902,0,1091.81005859375
49035,10,235,8,52,2,40.49534800486476,-4.419520942750404,0.4308640753373011,0,1091.81005859375
49035,10,235,8,53,2,51.611155827358544,-4.445759551013677,0.3414213562373095,0,1091.81005859375
49035,10,235,8,54,2,43.45695588000146,-4.323452874365101,0.482842712474619,0,1091.81005859375
49035,10,235,8,55,2,36.239517420585244,-4.14881524361234,0.3414213562373095,0,1091.81005859375
49035,10,235,8,56,2,50.49498009126678,-4.308876708331952,0.4242640687119285,0,1091.81005859375
49035,10,235,8,57,2,43.29594233802905,-4.160297668057384,0.4242640687119285,0,1091.81005859375
49035,10,235,8,58,2,57.54110717112127,-4.297868470946749,0.382842712474619,0,1091.81005859375
49035,10,235,8,59,2,50.35647548229494,-4.168561016681885,0.4242640687119285,0,1091.81005859375
49035,10,235,8,60,2,44.27832688256727,-4.000195402379969,0.482842712474619,0,1091.81005859375
49035,10,235,8,61,2,41.808707654981795,-3.8991077459625103,0.37888543819998316,0,1091.81005859375
49035,10,235,8,62,2,57.41960138367391,-4.1747917758696875,0.4242640687119285,0,1091.81005859375
49035,10,235,8,63,2,51.203576355373016,-4.030199702785128,0.4242640687119285,0,1091.81005859375
49035,10,235,8,64,2,64.48446807659222,-4.1796574170000715,0.3414213562373095,0,1091.81005859375
49035,10,235,8,65,2,58.16392551781173,-4.0530395709253675,0.382842712474619,0,1091.81005859375
49035,10,235,8,66,2,52.989035093706484,-3.8987532761129167,0.3414213562373095,0,1091.81005859375
49035,10,236,14,1,,,,,0,1092.260986328125
49035,10,236,14,2,,,,,0,1092.260986328125
49035,10,236,14,3,,,,,0,1092.260986328125
49035,10,236,14,4,,,,,0,1092.260986328125
49035,10,236,14,5,,,,,0,1092.260986328125
49035,10,236,14,6,,,,,0,1092.260986328125
49035,10,236,14,7,,,,,0,1092.260986328125
49035,10,236,14,8,,,,,0,1092.260986328125
49035,10,236,14,9,,,,,0,1092.260986328125
49035,10,236,14,10,,,,,0,1092.260986328125
49035,10,236,14,11,2,12.973521728672475,2.055080072909887,0.19955840722750853,0,1092.260986328125
49035,10,236,14,12,,,,,0,1092.260986328125
49035,10,236,14,13,,,,,0,1092.260986328125
49035,10,236,14,14,2,8.067194240682163,0.6095003916504338,0.34024562494293015,1,1092.260986328125
49035,10,236,14,15,,,,,0,1092.260986328125
49035,10,236,14,16,,,,,0,1092.260986328125
49035,10,236,14,17,2,12.232547421019714,1.0624224508482603,0.35680269384357455,0,1092.260986328125
49035,10,236,14,18,2,28.521181679138312,4.997976890190545,0.37888543819998316,0,1092.260986328125
49035,10,236,14,19,2,36.55539772212451,5.239355285043877,0.3414213562373095,0,1092.260986328125
49035,10,236,14,20,2,26.807564353244963,5.168055027771621,0.482842712474619,0,1092.260986328125
49035,10,236,14,21,2,17.34917607507729,5.017380356098137,0.3414213562373095,0,1092.260986328125
49035,10,236,14,22,2,30.946066095175862,5.36744652413012,0.4242640687119285,0,1092.260986328125
49035,10,236,14,23,2,20.97635360823366,5.336920738278547,0.4242640687119285,0,1092.260986328125
49035,10,236,14,24,2,40.9938813119139,-0.777966692830764,0.37888543819998316,0,1092.260986328125
49035,10,236,14,25,2,36.00933916334228,-0.7677414545240198,0.482842712474619,0,1092.260986328125
49035,10,236,14,26,2,26.058029682063076,-0.7355642525697026,0.4242640687119285,0,1092.260986328125
49035,10,236,14,27,2,16.166920388309713,-0.663845363684862,0.482842712474619,0,1092.260986328125
49035,10,236,14,28,2,11.293516582857455,-0.581081741967512,0.37888543819998316,0,1092.260986328125
49035,10,236,14,29,2,31.906651518529852,-0.5976294625339427,0.4242640687119285,0,1092.260986328125
49035,10,236,14,30,2,22.36923814204604,-0.485041162130341,0.4242640687119285,0,1092.260986328125
49035,10,236,14,31,2,38.171296956463586,-0.503626779478719,0.3414213562373095,0,1092.260986328125
49035,10,236,14,32,2,28.97233706950805,-0.38563337710995205,0.482842712474619,0,1092.260986328125
49035,10,236,14,33,2,20.536424206756504,-0.16504149753872,0.3414213562373095,0,1092.260986328125
49035,10,236,14,34,2,31.537026135134326,-0.24351961293549262,0.4308640753373011,0,1092.260986328125
49035,10,236,14,35,2,19.538713824827163,0.6739371850219407,0.613407053921902,0,1092.260986328125
49035,10,236,14,36,2,23.758546409417153,0.4689226247508633,0.682842712474619,0,1092.260986328125
49035,10,236,14,37,2,23.03568382865507,0.6808004119342079,0.8513997106635237,0,1092.260986328125
49035,10,236,14,38,2,23.384117075893474,0.896123791552847,0.682842712474619,0,1092.260986328125
49035,10,236,14,39,2,25.741978936371076,0.5873390085514802,0.848528137423857,0,1092.260986328125
49035,10,236,14,40,2,25.56997617374534,0.7824203041738229,0.848528137423857,0,1092.260986328125
49035,10,236,14,41,2,29.547999734189307,0.3959925789903904,0.613407053921902,0,1092.260986328125
49035,10,236,14,42,2,28.629639006934468,0.5121777456301262,0.8513997106635237,0,1092.260986328125
49035,10,236,14,43,2,28.03266722295108,0.6876342052407673,0.848528137423857,0,1092.260986328125
49035,10,236,14,44,2,28.319686325912013,0.8650312833986387,0.8513997106635237,0,1092.260986328125
49035,10,236,14,45,2,29.035780943067127,0.9845759123370561,0.613407053921902,0,1092.260986328125
49035,10,236,14,46,2,30.70565390509584,0.6087378824728915,0.848528137423857,0,1092.260986328125
49035,10,236,14,47,2,30.561599822405555,0.7720714037022254,0.848528137423857,0,1092.260986328125
49035,10,236,14,48,2,33.538693055131695,0.5428145713698265,0.682842712474619,0,1092.260986328125
49035,10,236,14,49,2,33.030563631456104,0.6924001085531029,0.8513997106635237,0,1092.260986328125
49035,10,236,14,50,2,33.27449978252119,0.8431823734476713,0.682842712474619,0,1092.260986328125
49035,10,236,14,51,2,36.529433684864856,0.6949602477556971,0.613407053921902,0,1092.260986328125
49035,10,236,14,52,2,38.51749625380352,-0.21114533636977573,0.4308640753373011,0,1092.260986328125
49035,10,236,14,53,2,49.562453691378714,-0.25084877081540835,0.3414213562373095,0,1092.260986328125
49035,10,236,14,54,2,41.69874362424753,-0.11485696185454497,0.482842712474619,0,1092.260986328125
49035,10,236,14,55,2,34.94472240226538,0.07863269992594013,0.3414213562373095,0,1092.260986328125
49035,10,236,14,56,2,48.76267753163629,-0.10781478029195224,0.4242640687119285,0,1092.260986328125
49035,10,236,14,57,2,41.95410735535927,0.05429255064981353,0.4242640687119285,0,1092.260986328125
49035,10,236,14,58,2,55.828417676555816,-0.10255493122863335,0.382842712474619,0,1092.260986328125
49035,10,236,14,59,2,48.98122726309166,0.03692837737390109,0.4242640687119285,0,1092.260986328125
49035,10,236,14,60,2,43.37636485609759,0.2168406069888822,0.482842712474619,0,1092.260986328125
49035,10,236,14,61,2,41.202951715801014,0.32340420069025044,0.37888543819998316,0,1092.260986328125
49035,10,236,14,62,2,56.019408461820234,0.02392427159679933,0.4242640687119285,0,1092.260986328125
49035,10,236,14,63,2,50.20480582915266,0.17748578517003955,0.4242640687119285,0,1092.260986328125
49035,10,236,14,64,2,63.0649476700479,0.013824367279676064,0.3414213562373095,0,1092.260986328125
49035,10,236,14,65,2,57.09234649720174,0.14758891000633012,0.382842712474619,0,1092.260986328125
49035,10,236,14,66,2,52.36300633545794,0.30891103884123505,0.3414213562373095,0,1092.260986328125
49035,10,237,17,1,,,,,0,1092.677001953125
49035,10,237,17,2,,,,,0,1092.677001953125
49035,10,237,17,3,,,,,0,1092.677001953125
49035,10,237,17,4,2,11.797520112417821,2.2312247196315744,0.28181638027579353,0,1092.677001953125
49035,10,237,17,5,,,,,0,1092.677001953125
49035,10,237,17,6,,,,,0,1092.677001953125
49035,10,237,17,7,,,,,0,1092.677001953125
49035,10,237,17,8,,,,,0,1092.677001953125
49035,10,237,17,9,,,,,0,1092.677001953125
49035,10,237,17,10,,,,,0,1092.677001953125
49035,10,237,17,11,2,13.010646620447549,1.7436105720181287,0.29394192016659787,0,1092.677001953125
49035,10,237,17,12,,,,,0,1092.677001953125
49035,10,237,17,13,,,,,0,1092.677001953125
49035,10,237,17,14,,,,,0,1092.677001953125
49035,10,237,17,15,,,,,0,1092.677001953125
49035,10,237,17,16,,,,,0,1092.677001953125
49035,10,237,17,17,2,7.606393682922589,0.6035017117457815,0.2761453428205367,1,1092.677001953125
49035,10,237,17,18,2,30.93132728747965,4.121288842256151,0.37888543819998316,0,1092.677001953125
49035,10,237,17,19,2,37.7231694097063,4.382015711220298,0.3414213562373095,0,1092.677001953125
49035,10,237,17,20,2,28.449507983171582,4.267741948628842,0.482842712474619,0,1092.677001953125
49035,10,237,17,21,2,19.892498552361044,4.049788552062033,0.3414213562373095,0,1092.677001953125
49035,10,237,17,22,2,31.52512496594316,4.480752227411604,0.4242640687119285,0,1092.677001953125
49035,10,237,17,23,2,21.912793028034454,4.375793944722345,0.4242640687119285,0,1092.677001953125
49035,10,237,17,24,2,40.74461935846929,4.657452252221912,0.37888543819998316,0,1092.677001953125
49035,10,237,17,25,2,35.753216690979315,4.649773273450918,0.482842712474619,0,1092.677001953125
49035,10,237,17,26,2,25.78040918843734,4.625498660955817,0.4242640687119285,0,1092.677001953125
49035,10,237,17,27,2,15.84192198233557,4.570691873416541,0.482842712474619,0,1092.677001953125
49035,10,237,17,28,2,10.914897579912433,4.505953698888918,0.37888543819998316,0,1092.677001953125
49035,10,237,17,29,2,30.807279944147187,-1.4809972191385108,0.4242640687119285,0,1092.677001953125
49035,10,237,17,30,2,20.86685150491554,-1.4380074576986863,0.4242640687119285,0,1092.677001953125
49035,10,237,17,31,2,36.51776960865549,-1.3565873161694584,0.3414213562373095,0,1092.677001953125
49035,10,237,17,32,2,26.830663267276584,-1.2772759683571464,0.482842712474619,0,1092.677001953125
49035,10,237,17,33,2,17.499185281981777,-1.1111776960982271,0.3414213562373095,0,1092.677001953125
49035,10,237,17,34,2,28.679469801259323,-1.1096070518776506,0.4308640753373011,0,1092.677001953125
49035,10,237,17,35,2,14.279100900442225,-0.04786093871335728,0.613407053921902,0,1092.677001953125
49035,10,237,17,36,2,18.649757991539484,-0.3096554706345125,0.682842712474619,0,1092.677001953125
49035,10,237,17,37,2,17.775881700454754,-0.03844076933413243,0.8513997106635237,0,1092.677001953125
49035,10,237,17,38,2,18.27978302152773,0.238406315423221,0.682842712474619,0,1092.677001953125
49035,10,237,17,39,2,20.511252278821416,-0.15582022723554934,0.848528137423857,0,1092.677001953125
49035,10,237,17,40,2,20.344040088709715,0.08942537907127002,0.848528137423857,0,1092.677001953125
49035,10,237,17,41,2,24.54532586669917,-0.38345879680466655,0.613407053921902,0,1092.677001953125
49035,10,237,17,42,2,23.46147842448023,-0.2446669996087938,0.8513997106635237,0,1092.677001953125
49035,10,237,17,43,2,22.772998637595414,-0.030002759165555615,0.848528137423857,0,1092.677001953125
49035,10,237,17,44,2,23.168469177602,0.18741963444435727,0.8513997106635237,0,1092.677001953125
49035,10,237,17,45,2,24.06752816542226,0.3307878034185754,0.613407053921902,0,1092.677001953125
49035,10,237,17,46,2,25.462501188312533,-0.12534119640438757,0.848528137423857,0,1092.677001953125
49035,10,237,17,47,2,25.327997628126635,0.07179452104791428,0.848528137423857,0,1092.677001953125
49035,10,237,17,48,2,28.33846267145964,-0.20191466957535176,0.682842712474619,0,1092.677001953125
49035,10,237,17,49,2,27.771153445027863,-0.02460175844157453,0.8513997106635237,0,1092.677001953125
49035,10,237,17,50,2,28.09636027589435,0.15425546355463693,0.682842712474619,0,1092.677001953125
49035,10,237,17,51,2,31.27021284498772,-0.02184841684746841,0.613407053921902,0,1092.677001953125
49035,10,237,17,52,2,35.45378664846866,-1.0460293453552882,0.4308640753373011,0,1092.677001953125
49035,10,237,17,53,2,46.61825275858537,-1.0606788523940835,0.3414213562373095,0,1092.677001953125
49035,10,237,17,54,2,38.20469191649757,-0.9325220981717908,0.482842712474619,0,1092.677001953125
49035,10,237,17,55,2,30.75606409483563,-0.7375682575320734,0.3414213562373095,0,1092.677001953125
49035,10,237,17,56,2,45.211253953725766,-0.9095927370018586,0.4242640687119285,0,1092.677001953125
49035,10,237,17,57,2,37.82055629204079,-0.7465074193282955,0.4242640687119285,0,1092.677001953125
49035,10,237,17,58,2,52.23520349057782,-0.8928229453889043,0.382842712474619,0,1092.677001953125
49035,10,237,17,59,2,44.88711928686464,-0.7526323722091615,0.4242640687119285,0,1092.677001953125
49035,10,237,17,60,2,38.745199341910194,-0.5631174071188423,0.482842712474619,0,1092.677001953125
49035,10,237,17,61,2,36.322981280863075,-0.44645348647560024,0.37888543819998316,0,1092.677001953125
49035,10,237,17,62,2,51.954908117587934,-0.7570910163052313,0.4242640687119285,0,1092.677001953125
49035,10,237,17,63,2,45.66891143522196,-0.5972577867224693,0.4242640687119285,0,1092.677001953125
49035,10,237,17,64,2,59.02348242132781,-0.7604817923420439,0.3414213562373095,0,1092.677001953125
49035,10,237,17,65,2,52.63181995059582,-0.6223881751323104,0.382842712474619,0,1092.677001953125
49035,10,237,17,66,2,47.50205748684028,-0.4505001993299671,0.3414213562373095,0,1092.677001953125
49035,10,238,11,1,2,15.000612176207394,1.8122857408993063,0.3050368962411526,0,1093.0770263671875
49035,10,238,11,2,,,,,0,1093.0770263671875
49035,10,238,11,3,,,,,0,1093.0770263671875
49035,10,238,11,4,2,13.346965743268122,1.394040408100799,0.37619989321488284,0,1093.0770263671875
49035,10,238,11,5,,,,,0,1093.0770263671875
49035,10,238,11,6,,,,,0,1093.0770263671875
49035,10,238,11,7,,,,,0,1093.0770263671875
49035,10,238,11,8,,,,,0,1093.0770263671875
49035,10,238,11,9,,,,,0,1093.0770263671875
49035,10,238,11,10,,,,,0,1093.0770263671875
49035,10,238,11,11,2,12.275130236310783,0.9202058385958418,0.29394192016659787,1,1093.0770263671875
49035,10,238,11,12,,,,,0,1093.0770263671875
49035,10,238,11,13,,,,,0,1093.0770263671875
49035,10,238,11,14,,,,,0,1093.0770263671875
49035,10,238,11,15,,,,,0,1093.0770263671875
49035,10,238,11,16,,,,,0,1093.0770263671875
49035,10,238,11,17,,,,,0,1093.0770263671875
49035,10,238,11,18,2,35.226045704696276,2.8646868151861766,0.37888543819998316,0,1093.0770263671875
49035,10,238,11,19,2,41.380065997262946,3.1097843933243734,0.3414213562373095,0,1093.0770263671875
49035,10,238,11,20,2,32.437633327310515,2.987541911101338,0.482842712474619,0,1093.0770263671875
49035,10,238,11,21,2,24.33290467281403,2.7786604117750606,0.3414213562373095,0,1093.0770263671875
49035,10,238,11,22,2,34.90817552945351,3.1847525794733462,0.4242640687119285,0,1093.0770263671875
49035,10,238,11,23,2,25.660688079908258,3.0575080264127563,0.4242640687119285,0,1093.0770263671875
49035,10,238,11,24,2,43.47431753051016,3.3694460662116734,0.37888543819998316,0,1093.0770263671875
49035,10,238,11,25,2,38.53519666114639,3.350440992136513,0.482842712474619,0,1093.0770263671875
49035,10,238,11,26,2,28.72022938021973,3.2928760372342873,0.4242640687119285,0,1093.0770263671875
49035,10,238,11,27,2,19.09821378013257,3.1765268351169755,0.482842712474619,0,1093.0770263671875
49035,10,238,11,28,2,14.480568585564937,3.0611497979403275,0.37888543819998316,0,1093.0770263671875
49035,10,238,11,29,2,33.03380448223498,3.475032355172264,0.4242640687119285,0,1093.0770263671875
49035,10,238,11,30,2,23.04609364967817,3.4570696955590536,0.4242640687119285,0,1093.0770263671875
49035,10,238,11,31,2,38.17869695901915,-2.67145561412776,0.3414213562373095,0,1093.0770263671875
49035,10,238,11,32,2,28.240097298483715,-2.637757188073376,0.482842712474619,0,1093.0770263671875
49035,10,238,11,33,2,18.368268545702293,-2.567670439850123,0.3414213562373095,0,1093.0770263671875
49035,10,238,11,34,2,29.30578194342411,-2.467741918107637,0.4308640753373011,0,1093.0770263671875
49035,10,238,11,35,2,10.568919913115701,-1.4842999872603815,0.613407053921902,0,1093.0770263671875
49035,10,238,11,36,2,15.809332784201738,-1.726928766150994,0.682842712474619,0,1093.0770263671875
49035,10,238,11,37,2,13.959946276803516,-1.4129428129176576,0.8513997106635237,0,1093.0770263671875
49035,10,238,11,38,2,13.777706522525612,-1.0506761065142154,0.682842712474619,0,1093.0770263671875
49035,10,238,11,39,2,17.046126583781014,-1.5248224703717348,0.848528137423857,0,1093.0770263671875
49035,10,238,11,40,2,16.140493439789573,-1.2272733730799206,0.848528137423857,0,1093.0770263671875
49035,10,238,11,41,2,21.89861171605652,-1.7491331044569558,0.613407053921902,0,1093.0770263671875
49035,10,238,11,42,2,20.27956515730382,-1.601752926669308,0.8513997106635237,0,1093.0770263671875
49035,10,238,11,43,2,18.873416753172584,-1.3558755806825658,0.848528137423857,0,1093.0770263671875
49035,10,238,11,44,2,18.73902230396613,-1.089311945841159,0.8513997106635237,0,1093.0770263671875
49035,10,238,11,45,2,19.425821083991874,-0.9091904542157239,0.613407053921902,0,1093.0770263671875
49035,10,238,11,46,2,21.837953003841296,-1.450806578102759,0.848528137423857,0,1093.0770263671875
49035,10,238,11,47,2,21.138620777325695,-1.2198655031208878,0.848528137423857,0,1093.0770263671875
49035,10,238,11,48,2,24.951683767974988,-1.5225660127783922,0.682842712474619,0,1093.0770263671875
49035,10,238,11,49,2,23.82292215129435,-1.3224467902056267,0.8513997106635237,0,1093.0770263671875
49035,10,238,11,50,2,23.716591593149204,-1.111753007853894,0.682842712474619,0,1093.0770263671875
49035,10,238,11,51,2,27.298528380629197,-1.3062709053056154,0.613407053921902,0,1093.0770263671875
49035,10,238,11,52,2,35.71007586429373,-2.3750497690781742,0.4308640753373011,0,1093.0770263671875
49035,10,238,11,53,2,46.868380430542935,-2.3579000084089263,0.3414213562373095,0,1093.0770263671875
49035,10,238,11,54,2,37.901652709628756,-2.2528165429725764,0.482842712474619,0,1093.0770263671875
49035,10,238,11,55,2,29.604483985716044,-2.085986719223938,0.3414213562373095,0,1093.0770263671875
49035,10,238,11,56,2,44.753948887661295,-2.210437090712575,0.4242640687119285,0,1093.0770263671875
49035,10,238,11,57,2,36.64431927295974,-2.0658306321903948,0.4242640687119285,0,1093.0770263671875
49035,10,238,11,58,2,51.665235932467105,-2.1793517946960437,0.382842712474619,0,1093.0770263671875
49035,10,238,11,59,2,43.69424215954202,-2.0521746292795493,0.4242640687119285,0,1093.0770263671875
49035,10,238,11,60,2,36.7297834439016,-1.8728049048183941,0.482842712474619,0,1093.0770263671875
49035,10,238,11,61,2,33.82339558361213,-1.7573105416596715,0.37888543819998316,0,1093.0770263671875
49035,10,238,11,62,2,50.75004887499903,-2.042314392746783,0.4242640687119285,0,1093.0770263671875
49035,10,238,11,63,2,43.76594172132023,-1.8903082502206694,0.4242640687119285,0,1093.0770263671875
49035,10,238,11,64,2,57.80958505068931,-2.0348617779363054,0.3414213562373095,0,1093.0770263671875
49035,10,238,11,65,2,50.81179309640716,-1.902960399890832,0.382842712474619,0,1093.0770263671875
49035,10,238,11,66,2,44.963635435886395,-1.7330502257768383,0.3414213562373095,0,1093.0770263671875
49035,10,239,4,1,2,11.179113969451462,0.677217204427399,0.4163412096432035,0,1094.177001953125
49035,10,239,4,2,2,12.742846057637111,1.1766832442291817,0.4541838746143514,0,1094.177001953125
49035,10,239,4,3,,,,,0,1094.177001953125
49035,10,239,4,4,2,5.826897510373043,0.31175554161114927,0.35812728826201445,1,1094.177001953125
49035,10,239,4,5,,,,,0,1094.177001953125
49035,10,239,4,6,,,,,0,1094.177001953125
49035,10,239,4,7,2,14.935558707918517,1.5925400853853116,0.47153869179611585,0,1094.177001953125
49035,10,239,4,8,,,,,0,1094.177001953125
49035,10,239,4,9,,,,,0,1094.177001953125
49035,10,239,4,10,,,,,0,1094.177001953125
49035,10,239,4,11,,,,,0,1094.177001953125
49035,10,239,4,12,2,9.110986773490092,-4.442677437103289,0.37461816441109536,0,1094.177001953125
49035,10,239,4,13,,,,,0,1094.177001953125
49035,10,239,4,14,,,,,0,1094.177001953125
49035,10,239,4,15,,,,,0,1094.177001953125
49035,10,239,4,16,,,,,0,1094.177001953125
49035,10,239,4,17,,,,,0,1094.177001953125
49035,10,239,4,18,2,39.64172297564448,1.2302739484346097,0.37888543819998316,0,1094.177001953125
49035,10,239,4,19,2,47.62756337385676,1.4105974447840308,0.3414213562373095,0,1094.177001953125
49035,10,239,4,20,2,37.946770638336226,1.3516311275166972,0.482842712474619,0,1094.177001953125
49035,10,239,4,21,2,28.487365810587857,1.2529433080560122,0.3414213562373095,0,1094.177001953125
49035,10,239,4,22,2,41.80505111592827,1.5005458673232932,0.4242640687119285,0,1094.177001953125
49035,10,239,4,23,2,31.92545861460928,1.4581932734448737,0.4242640687119285,0,1094.177001953125
49035,10,239,4,24,2,51.425488731351685,1.6234760078989627,0.37888543819998316,0,1094.177001953125
49035,10,239,4,25,2,46.42593236255203,1.6221128947405827,0.482842712474619,0,1094.177001953125
49035,10,239,4,26,2,36.42718496782327,1.6182641805576263,0.4242640687119285,0,1094.177001953125
49035,10,239,4,27,2,26.42938541903242,1.6115034836458888,0.482842712474619,0,1094.177001953125
49035,10,239,4,28,2,21.43125563520814,1.6057578418587515,0.44328887294614544,0,1094.177001953125
49035,10,239,4,29,2,41.64906603522928,-4.542438500694551,0.4242640687119285,0,1094.177001953125
49035,10,239,4,30,2,31.72092858909782,-4.509513278380608,0.4242640687119285,0,1094.177001953125
49035,10,239,4,31,2,47.35345392401455,-4.448313829479806,0.3414213562373095,0,1094.177001953125
49035,10,239,4,32,2,37.60215695251435,-4.395783990387527,0.482842712474619,0,1094.177001953125
49035,10,239,4,33,2,28.026680438990226,-4.306954408292015,0.3414213562373095,0,1094.177001953125
49035,10,239,4,34,2,39.146052277110655,-4.271750297061067,0.4308640753373011,0,1094.177001953125
49035,10,239,4,35,2,19.53566716730944,-3.7006944699966455,0.613407053921902,0,1094.177001953125
49035,10,239,4,36,2,25.37813681456038,-3.7799878704582826,0.682842712474619,0,1094.177001953125
49035,10,239,4,37,2,22.468558757793563,-3.609496548347199,0.8513997106635237,0,1094.177001953125
49035,10,239,4,38,2,20.386820181830682,-3.3966877869962895,0.682842712474619,0,1094.177001953125
49035,10,239,4,39,2,25.90730748487503,-3.6435511997080754,0.848528137423857,0,1094.177001953125
49035,10,239,4,40,2,23.600315370556782,-3.4639115504781106,0.848528137423857,0,1094.177001953125
49035,10,239,4,41,2,31.460143299857805,-3.7619696980068733,0.613407053921902,0,1094.177001953125
49035,10,239,4,42,2,29.369048836816315,-3.6696023527623156,0.8513997106635237,0,1094.177001953125
49035,10,239,4,43,2,26.89474547292052,-3.514852328574541,0.848528137423857,0,1094.177001953125
49035,10,239,4,44,2,25.18161310414914,-3.334105972491024,0.8513997106635237,0,1094.177001953125
49035,10,239,4,45,2,24.52374465000746,-3.19566355478488,0.613407053921902,0,1094.177001953125
49035,10,239,4,46,2,30.243673429605384,-3.5545966729443155,0.848528137423857,0,1094.177001953125
49035,10,239,4,47,2,28.292509379524745,-3.3970562523399295,0.848528137423857,0,1094.177001953125
49035,10,239,4,48,2,33.63082263311527,-3.5863774164143027,0.682842712474619,0,1094.177001953125
49035,10,239,4,49,2,31.49315061174311,-3.4473786753888045,0.8513997106635237,0,1094.177001953125
49035,10,239,4,50,2,30.04338263125197,-3.2916542081451947,0.682842712474619,0,1094.177001953125
49035,10,239,4,51,2,34.77804445960792,-3.410872912724807,0.613407053921902,0,1094.177001953125
49035,10,239,4,52,2,45.71781169094995,-4.210045515010714,0.4308640753373011,0,1094.177001953125
49035,10,239,4,53,2,56.89496373372746,-4.204810945310864,0.3414213562373095,0,1094.177001953125
49035,10,239,4,54,2,48.04799170839419,-4.115622183214906,0.482842712474619,0,1094.177001953125
49035,10,239,4,55,2,39.75150457728199,-3.987790678902755,0.3414213562373095,0,1094.177001953125
49035,10,239,4,56,2,54.920983277221076,-4.083268556034028,0.4242640687119285,0,1094.177001953125
49035,10,239,4,57,2,46.77485449559999,-3.968771676254666,0.4242640687119285,0,1094.177001953125
49035,10,239,4,58,2,61.83865539501709,-4.058131862783331,0.382842712474619,0,1094.177001953125
49035,10,239,4,59,2,53.81070441846521,-3.954722180492478,0.4242640687119285,0,1094.177001953125
49035,10,239,4,60,2,46.55281429687344,-3.817168755896117,0.482842712474619,0,1094.177001953125
49035,10,239,4,61,2,43.33532996797257,-3.731932655493921,0.37888543819998316,0,1094.177001953125
49035,10,239,4,62,2,60.85471885514147,-3.9439234407197192,0.4242640687119285,0,1094.177001953125
49035,10,239,4,63,2,53.61780875684929,-3.8230335337769032,0.4242640687119285,0,1094.177001953125
49035,10,239,4,64,2,67.90435703152774,-3.9353660576924003,0.3414213562373095,0,1094.177001953125
49035,10,239,4,65,2,60.684217987982215,-3.8275325827975806,0.382842712474619,0,1094.177001953125
49035,10,239,4,66,2,54.35206455840199,-3.6926640591559003,0.3414213562373095,0,1094.177001953125
49035,10,240,1,1,2,9.00494936602893,0.8496576452542752,0.3701418843629248,1,1094.47802734375
49035,10,240,1,2,2,12.315565234726714,1.3414843222495543,0.46911412444492573,0,1094.47802734375
49035,10,240,1,3,,,,,0,1094.47802734375
49035,10,240,1,4,,,,,0,1094.47802734375
49035,10,240,1,5,,,,,0,1094.47802734375
49035,10,240,1,6,,,,,0,1094.47802734375
49035,10,240,1,7,2,15.9496722795173,-4.5900321474587695,0.47153869179611585,0,1094.47802734375
49035,10,240,1,8,,,,,0,1094.47802734375
49035,10,240,1,9,2,7.775347564015321,-4.380391099464423,0.7071067811865475,0,1094.47802734375
49035,10,240,1,10,,,,,0,1094.47802734375
49035,10,240,1,11,,,,,0,1094.47802734375
49035,10,240,1,12,2,11.13227202986448,-4.261062327876777,0.6366888663207728,0,1094.47802734375
49035,10,240,1,13,2,7.235155222001381,-3.910227123251383,0.5771236166328253,0,1094.47802734375
49035,10,240,1,14,,,,,0,1094.47802734375
49035,10,240,1,15,,,,,0,1094.47802734375
49035,10,240,1,16,,,,,0,1094.47802734375
49035,10,240,1,17,,,,,0,1094.47802734375
49035,10,240,1,18,2,39.03648818799275,1.1901296278934266,0.37888543819998316,0,1094.47802734375
49035,10,240,1,19,2,47.66938557526282,1.355009185383537,0.3414213562373095,0,1094.47802734375
49035,10,240,1,20,2,37.804897859962225,1.3163581403897584,0.482842712474619,0,1094.47802734375
49035,10,240,1,21,2,28.036588296033415,1.250610460924072,0.3414213562373095,0,1094.47802734375
49035,10,240,1,22,2,42.20371078250708,1.455071176160992,0.4242640687119285,0,1094.47802734375
49035,10,240,1,23,2,32.21790162149929,1.4406285977428486,0.4242640687119285,0,1094.47802734375
49035,10,240,1,24,2,52.24630240395278,-4.723420312854832,0.37888543819998316,0,1094.47802734375
49035,10,240,1,25,2,47.25564628089254,-4.717271282864018,0.482842712474619,0,1094.47802734375
49035,10,240,1,26,2,37.281846608020025,-4.700036194438767,0.4242640687119285,0,1094.47802734375
49035,10,240,1,27,2,27.32720380103013,-4.670229429986973,0.482842712474619,0,1094.47802734375
49035,10,240,1,28,2,22.36506333821987,-4.645387090963651,0.44328887294614544,0,1094.47802734375
49035,10,240,1,29,2,42.917117658520155,-4.593204709646984,0.4242640687119285,0,1094.47802734375
49035,10,240,1,30,2,33.14693001160687,-4.5366833028862255,0.4242640687119285,0,1094.47802734375
49035,10,240,1,31,2,48.926699150122424,-4.511864862815604,0.3414213562373095,0,1094.47802734375
49035,10,240,1,32,2,39.37844424054475,-4.4441503968142175,0.482842712474619,0,1094.47802734375
49035,10,240,1,33,2,30.12477139971013,-4.334034581102167,0.3414213562373095,0,1094.47802734375
49035,10,240,1,34,2,41.30405262146284,-4.329672901278169,0.4308640753373011,0,1094.47802734375
49035,10,240,1,35,2,23.010510278991827,-3.767448008929966,0.613407053921902,0,1094.47802734375
49035,10,240,1,36,2,28.723990274083665,-3.8509524442529086,0.682842712474619,0,1094.47802734375
49035,10,240,1,37,2,26.04779468218382,-3.696392374591113,0.8513997106635237,0,1094.47802734375
49035,10,240,1,38,2,24.122761001692048,-3.5120406081458837,0.682842712474619,0,1094.47802734375
49035,10,240,1,39,2,29.444168499226937,-3.7318591226975713,0.848528137423857,0,1094.47802734375
49035,10,240,1,40,2,27.30163088810664,-3.572350895372555,0.848528137423857,0,1094.47802734375
49035,10,240,1,41,2,34.82508458049809,-3.8457910567058677,0.613407053921902,0,1094.47802734375
49035,10,240,1,42,2,32.86990278988564,-3.759962597924175,0.8513997106635237,0,1094.47802734375
49035,10,240,1,43,2,30.558967586554402,-3.6199479869386977,0.848528137423857,0,1094.47802734375
49035,10,240,1,44,2,28.935626664989194,-3.4607435650186975,0.8513997106635237,0,1094.47802734375
49035,10,240,1,45,2,28.273918792295472,-3.3405125522513437,0.613407053921902,0,1094.47802734375
49035,10,240,1,46,2,33.872141219027576,-3.658307127852866,0.848528137423857,0,1094.47802734375
49035,10,240,1,47,2,32.02720626750478,-3.5170960187311886,0.848528137423857,0,1094.47802734375
49035,10,240,1,48,2,37.22624613854331,-3.689793567630945,0.682842712474619,0,1094.47802734375
49035,10,240,1,49,2,35.20246286990388,-3.563408500316844,0.8513997106635237,0,1094.47802734375
49035,10,240,1,50,2,33.80286056898902,-3.4241442994661146,0.682842712474619,0,1094.47802734375
49035,10,240,1,51,2,38.50606986713363,-3.532010692116603,0.613407053921902,0,1094.47802734375
49035,10,240,1,52,2,48.04131206126556,-4.281471748100008,0.4308640753373011,0,1094.47802734375
49035,10,240,1,53,2,59.215627799084224,-4.288352044164457,0.3414213562373095,0,1094.47802734375
49035,10,240,1,54,2,50.629344818186006,-4.194700074538008,0.482842712474619,0,1094.47802734375
49035,10,240,1,55,2,42.66345670240375,-4.064536574244833,0.3414213562373095,0,1094.47802734375
49035,10,240,1,56,2,57.57841139116384,-4.170476522086246,0.4242640687119285,0,1094.47802734375
49035,10,240,1,57,2,49.72035236610062,-4.054821095345338,0.4242640687119285,0,1094.47802734375
49035,10,240,1,58,2,64.55398020216441,-4.15147883337616,0.382842712474619,0,1094.47802734375
49035,10,240,1,59,2,56.78077439609763,-4.047521211215095,0.4242640687119285,0,1094.47802734375
49035,10,240,1,60,2,49.80859686941239,-3.9126216524234634,0.482842712474619,0,1094.47802734375
49035,10,240,1,61,2,46.73666989248579,-3.8308335054272025,0.37888543819998316,0,1094.47802734375
49035,10,240,1,62,2,63.843552866611866,-4.041836196418223,0.4242640687119285,0,1094.47802734375
49035,10,240,1,63,2,56.85806208191558,-3.923000098178308,0.4242640687119285,0,1094.47802734375
49035,10,240,1,64,2,70.90798364248691,-4.037283832887254,0.3414213562373095,0,1094.47802734375
49035,10,240,1,65,2,63.91230026624213,-3.931088246698904,0.382842712474619,0,1094.47802734375
49035,10,240,1,66,2,57.80676523038973,-3.8007002513164148,0.3414213562373095,0,1094.47802734375
49035,10,241,2,1,,,,,0,1095.010986328125
49035,10,241,2,2,2,7.692591313012219,-5.810769528459588,0.43175884674785275,1,1095.010986328125
49035,10,241,2,3,,,,,0,1095.010986328125
49035,10,241,2,4,,,,,0,1095.010986328125
49035,10,241,2,5,,,,,0,1095.010986328125
49035,10,241,2,6,,,,,0,1095.010986328125
49035,10,241,2,7,2,13.02802917766815,-5.513639143706783,0.47153869179611585,0,1095.010986328125
49035,10,241,2,8,,,,,0,1095.010986328125
49035,10,241,2,9,2,7.548526976166274,-4.846049502837528,0.7071067811865475,0,1095.010986328125
49035,10,241,2,10,,,,,0,1095.010986328125
49035,10,241,2,11,,,,,0,1095.010986328125
49035,10,241,2,12,2,10.826149702615659,-4.9928173806558895,0.6366888663207728,0,1095.010986328125
49035,10,241,2,13,2,9.663457389068853,-4.512782109615847,0.765685424949238,0,1095.010986328125
49035,10,241,2,14,,,,,0,1095.010986328125
49035,10,241,2,15,,,,,0,1095.010986328125
49035,10,241,2,16,2,12.441244226796163,-4.312972869538178,0.5507551751186637,0,1095.010986328125
49035,10,241,2,17,,,,,0,1095.010986328125
49035,10,241,2,18,2,33.31721312364767,-0.05002899561227192,0.37888543819998316,0,1095.010986328125
49035,10,241,2,19,2,42.477174043793525,0.12058310380418469,0.3414213562373095,0,1095.010986328125
49035,10,241,2,20,2,32.50637010495843,0.10003340304193786,0.482842712474619,0,1095.010986328125
49035,10,241,2,21,2,22.561424601614668,0.061336837194179594,0.3414213562373095,0,1095.010986328125
49035,10,241,2,22,2,37.44482091221168,-6.037967283695073,0.4242640687119285,0,1095.010986328125
49035,10,241,2,23,2,27.46758809581602,-6.016938014476544,0.4242640687119285,0,1095.010986328125
49035,10,241,2,24,2,47.92064521234842,-5.945724405528374,0.37888543819998316,0,1095.010986328125
49035,10,241,2,25,2,42.983312214098575,-5.928336447491354,0.482842712474619,0,1095.010986328125
49035,10,241,2,26,2,33.16502542662201,-5.878069568035567,0.4242640687119285,0,1095.010986328125
49035,10,241,2,27,2,23.50048285040741,-5.786038313117722,0.482842712474619,0,1095.010986328125
49035,10,241,2,28,2,18.800254932558683,-5.704888883833199,0.44328887294614544,0,1095.010986328125
49035,10,241,2,29,2,39.31118705019672,-5.781199271206168,0.4242640687119285,0,1095.010986328125
49035,10,241,2,30,2,29.962029469803326,-5.677752026425468,0.4242640687119285,0,1095.010986328125
49035,10,241,2,31,2,45.725484612441505,-5.710990712342275,0.3414213562373095,0,1095.010986328125
49035,10,241,2,32,2,36.64933458736234,-5.6083961437752965,0.482842712474619,0,1095.010986328125
49035,10,241,2,33,2,28.20509720511954,-5.441591254331595,0.3414213562373095,0,1095.010986328125
49035,10,241,2,34,2,39.24029985576573,-5.495572221195456,0.4308640753373011,0,1095.010986328125
49035,10,241,2,35,2,24.787573732157043,-4.827372600896092,0.613407053921902,0,1095.010986328125
49035,10,241,2,36,2,29.85190287321731,-4.95267466779129,0.682842712474619,0,1095.010986328125
49035,10,241,2,37,2,28.148054932426575,-4.7903320635811255,0.8513997106635237,0,1095.010986328125
49035,10,241,2,38,2,27.267010980410163,-4.612442441977013,0.682842712474619,0,1095.010986328125
49035,10,241,2,39,2,31.265608171798597,-4.846551859323811,0.848528137423857,0,1095.010986328125
49035,10,241,2,40,2,30.061855326631846,-4.68809260187785,0.848528137423857,0,1095.010986328125
49035,10,241,2,41,2,35.870457040538824,-4.9836452469125625,0.613407053921902,0,1095.010986328125
49035,10,241,2,42,2,34.46394510537026,-4.892460710833857,0.8513997106635237,0,1095.010986328125
49035,10,241,2,43,2,32.999097011174086,-4.7505830590460825,0.848528137423857,0,1095.010986328125
49035,10,241,2,44,2,32.25084952183094,-4.598896692926074,0.8513997106635237,0,1095.010986328125
49035,10,241,2,45,2,32.18215528532258,-4.490224116794369,0.613407053921902,0,1095.010986328125
49035,10,241,2,46,2,36.04394070334727,-4.802691860148562,0.848528137423857,0,1095.010986328125
49035,10,241,2,47,2,35.00489326870342,-4.6648925019932195,0.848528137423857,0,1095.010986328125
49035,10,241,2,48,2,39.1713022415639,-4.846584128281888,0.682842712474619,0,1095.010986328125
49035,10,241,2,49,2,37.88888769318589,-4.7210565891164125,0.8513997106635237,0,1095.010986328125
49035,10,241,2,50,2,37.23902122711817,-4.588978418053346,0.682842712474619,0,1095.010986328125
49035,10,241,2,51,2,41.327436353815074,-4.704554848266003,0.613407053921902,0,1095.010986328125
49035,10,241,2,52,2,46.20878323995859,-5.4673881789361385,0.4308640753373011,0,1095.010986328125
49035,10,241,2,53,2,57.26713955609835,-5.49940726071419,0.3414213562373095,0,1095.010986328125
49035,10,241,2,54,2,49.314085772641604,-5.385271983563828,0.482842712474619,0,1095.010986328125
49035,10,241,2,55,2,42.24018037657109,-5.230248601647732,0.3414213562373095,0,1095.010986328125
49035,10,241,2,56,2,56.36780616041858,-5.375883206954731,0.4242640687119285,0,1095.010986328125
49035,10,241,2,57,2,49.29181832710508,-5.241728707415385,0.4242640687119285,0,1095.010986328125
49035,10,241,2,58,2,63.425389924584564,-5.368583350455168,0.382842712474619,0,1095.010986328125
49035,10,241,2,59,2,56.34832623724863,-5.250334412404451,0.4242640687119285,0,1095.010986328125
49035,10,241,2,60,2,50.27412507834632,-5.100944983074786,0.482842712474619,0,1095.010986328125
49035,10,241,2,61,2,47.735359469895215,-5.012987203898281,0.37888543819998316,0,1095.010986328125
49035,10,241,2,62,2,63.40807823524123,-5.257024234694001,0.4242640687119285,0,1095.010986328125
49035,10,241,2,63,2,57.20959856650177,-5.126642516916323,0.4242640687119285,0,1095.010986328125
49035,10,241,2,64,2,70.47009934173175,-5.262373443484073,0.3414213562373095,0,1095.010986328125
49035,10,241,2,65,2,64.17467322774111,-5.146772983199707,0.382842712474619,0,1095.010986328125
49035,10,241,2,66,2,58.91300761751313,-5.0083611829465555,0.3414213562373095,0,1095.010986328125
49035,10,242,7,1,,,,,0,1095.47802734375
49035,10,242,7,2,,,,,0,1095.47802734375
49035,10,242,7,3,,,,,0,1095.47802734375
49035,10,242,7,4,,,,,0,1095.47802734375
49035,10,242,7,5,,,,,0,1095.47802734375
49035,10,242,7,6,,,,,0,1095.47802734375
49035,10,242,7,7,2,8.332922302243917,-0.21910181330809841,0.42533936651583715,1,1095.47802734375
49035,10,242,7,8,,,,,0,1095.47802734375
49035,10,242,7,9,2,5.248754141529899,1.0649931407928221,0.765685424949238,0,1095.47802734375
49035,10,242,7,10,,,,,0,1095.47802734375
49035,10,242,7,11,,,,,0,1095.47802734375
49035,10,242,7,12,2,7.469753990591048,0.6220568862379714,0.765685424949238,0,1095.47802734375
49035,10,242,7,13,2,8.582372765935787,1.2406896423960645,0.848528137423857,0,1095.47802734375
49035,10,242,7,14,,,,,0,1095.47802734375
49035,10,242,7,15,2,10.094797022981686,0.895647935816954,0.765685424949238,0,1095.47802734375
49035,10,242,7,16,2,12.031825486962704,1.317015709156091,0.6242640687119285,0,1095.47802734375
49035,10,242,7,17,,,,,0,1095.47802734375
49035,10,242,7,18,2,29.955358680312223,5.0875316573669505,0.37888543819998316,0,1095.47802734375
49035,10,242,7,19,2,38.54814165865948,5.2984181035819,0.3414213562373095,0,1095.47802734375
49035,10,242,7,20,2,28.664944105355058,5.252569105351092,0.482842712474619,0,1095.47802734375
49035,10,242,7,21,2,18.904994466811683,5.1589770917100175,0.3414213562373095,0,1095.47802734375
49035,10,242,7,22,2,33.21407276812913,5.428238453670366,0.4242640687119285,0,1095.47802734375
49035,10,242,7,23,2,23.214099704137304,5.427402572876481,0.4242640687119285,0,1095.47802734375
49035,10,242,7,24,2,43.494946160634555,-0.7392873671318188,0.37888543819998316,0,1095.47802734375
49035,10,242,7,25,2,38.53141885695392,-0.7245619530118028,0.482842712474619,0,1095.47802734375
49035,10,242,7,26,2,28.642451612197494,-0.6798261440551157,0.4242640687119285,0,1095.47802734375
49035,10,242,7,27,2,18.870872517828253,-0.5883855933421231,0.482842712474619,0,1095.47802734375
49035,10,242,7,28,2,14.105662947825282,-0.4955436490887575,0.44328887294614544,0,1095.47802734375
49035,10,242,7,29,2,34.668222389394614,-0.5623412545645392,0.4242640687119285,0,1095.47802734375
49035,10,242,7,30,2,25.25085026028971,-0.4485991662827602,0.4242640687119285,0,1095.47802734375
49035,10,242,7,31,2,41.0290293929063,-0.48042175741795523,0.3414213562373095,0,1095.47802734375
49035,10,242,7,32,2,31.9233621060035,-0.36614258691519597,0.482842712474619,0,1095.47802734375
49035,10,242,7,33,2,23.55463528433567,-0.16618673571929676,0.3414213562373095,0,1095.47802734375
49035,10,242,7,34,2,34.546440555402995,-0.23787574272719159,0.4308640753373011,0,1095.47802734375
49035,10,242,7,35,2,21.67516309476613,0.5689602820005688,0.613407053921902,0,1095.47802734375
49035,10,242,7,36,2,26.253602655617897,0.3995748322439161,0.682842712474619,0,1095.47802734375
49035,10,242,7,37,2,25.141828692690446,0.5896039521106353,0.8513997106635237,0,1095.47802734375
49035,10,242,7,38,2,24.999428946000304,0.7892920294717671,0.682842712474619,0,1095.47802734375
49035,10,242,7,39,2,28.024263677290723,0.5124549238581189,0.848528137423857,0,1095.47802734375
49035,10,242,7,40,2,27.444840175665835,0.6917707683190741,0.848528137423857,0,1095.47802734375
49035,10,242,7,41,2,32.14584313665722,0.34479930365123734,0.613407053921902,0,1095.47802734375
49035,10,242,7,42,2,31.042022474317612,0.4499910572548167,0.8513997106635237,0,1095.47802734375
49035,10,242,7,43,2,30.107591350182187,0.6108352729291338,0.848528137423857,0,1095.47802734375
49035,10,242,7,44,2,29.988780477423393,0.7773804227576573,0.8513997106635237,0,1095.47802734375
49035,10,242,7,45,2,30.398665807113282,0.892567235984896,0.613407053921902,0,1095.47802734375
49035,10,242,7,46,2,32.93500966374974,0.5434140284296698,0.848528137423857,0,1095.47802734375
49035,10,242,7,47,2,32.443408562677476,0.6957802517737952,0.848528137423857,0,1095.47802734375
49035,10,242,7,48,2,35.888196753152876,0.4868652075096689,0.682842712474619,0,1095.47802734375
49035,10,242,7,49,2,35.08308087677788,0.6260498637988083,0.8513997106635237,0,1095.47802734375
49035,10,242,7,50,2,34.981172956607146,0.7688678459903322,0.682842712474619,0,1095.47802734375
49035,10,242,7,51,2,38.56969559945241,0.6343632195742666,0.613407053921902,0,1095.47802734375
49035,10,242,7,52,2,41.53254343682121,-0.2090229431347348,0.4308640753373011,0,1095.47802734375
49035,10,242,7,53,2,52.56983808232019,-0.24717776038461414,0.3414213562373095,0,1095.47802734375
49035,10,242,7,54,2,44.713618409030744,-0.11947749363590221,0.482842712474619,0,1095.47802734375
49035,10,242,7,55,2,37.88175638028764,0.05818858030662799,0.3414213562373095,0,1095.47802734375
49035,10,242,7,56,2,51.77647419931044,-0.1123968754946798,0.4242640687119285,0,1095.47802734375
49035,10,242,7,57,2,44.90571317481675,0.03843092647454993,0.4242640687119285,0,1095.47802734375
49035,10,242,7,58,2,58.841302584114395,-0.10701631922022736,0.382842712474619,0,1095.47802734375
49035,10,242,7,59,2,51.942455515910666,0.024022061415040596,0.4242640687119285,0,1095.47802734375
49035,10,242,7,60,2,46.19240717097788,0.1912437219489509,0.482842712474619,0,1095.47802734375
49035,10,242,7,61,2,43.893033363655036,0.28988712335719447,0.37888543819998316,0,1095.47802734375
49035,10,242,7,62,2,58.98740793004728,0.013053094137482013,0.4242640687119285,0,1095.47802734375
49035,10,242,7,63,2,53.058779570706825,0.15712421838292512,0.4242640687119285,0,1095.47802734375
49035,10,242,7,64,2,66.03794290852231,0.00442546715790737,0.3414213562373095,0,1095.47802734375
49035,10,242,7,65,2,59.97274129816231,0.1308466537333728,0.382842712474619,0,1095.47802734375
49035,10,242,7,66,2,55.06768103019551,0.28263136430680147,0.3414213562373095,0,1095.47802734375
49035,10,243,12,1,,,,,0,1096.0780029296875
49035,10,243,12,2,,,,,0,1096.0780029296875
49035,10,243,12,3,,,,,0,1096.0780029296875
49035,10,243,12,4,,,,,0,1096.0780029296875
49035,10,243,12,5,,,,,0,1096.0780029296875
49035,10,243,12,6,2,11.354561891827693,2.2431919050653533,0.765685424949238,0,1096.0780029296875
49035,10,243,12,7,,,,,0,1096.0780029296875
49035,10,243,12,8,,,,,0,1096.0780029296875
49035,10,243,12,9,2,9.230930302235281,1.9662046321622895,0.848528137423857,0,1096.0780029296875
49035,10,243,12,10,2,14.097882286662863,2.0666844280477052,0.765685424949238,0,1096.0780029296875
49035,10,243,12,11,,,,,0,1096.0780029296875
49035,10,243,12,12,2,8.15438978306197,1.5755677707163227,0.765685424949238,1,1096.0780029296875
49035,10,243,12,13,2,12.451276378668268,1.829987470075677,0.848528137423857,0,1096.0780029296875
49035,10,243,12,14,,,,,0,1096.0780029296875
49035,10,243,12,15,2,11.67554204083743,1.5429172762281576,0.765685424949238,0,1096.0780029296875
49035,10,243,12,16,2,15.80691281279299,1.750601710713033,0.682842712474619,0,1096.0780029296875
49035,10,243,12,17,,,,,0,1096.0780029296875
49035,10,243,12,18,2,24.50804330813771,4.8645661953152946,0.37888543819998316,0,1096.0780029296875
49035,10,243,12,19,2,32.010497856928694,5.161607808348606,0.3414213562373095,0,1096.0780029296875
49035,10,243,12,20,2,22.399830233646647,5.058371908904592,0.482842712474619,0,1096.0780029296875
49035,10,243,12,21,2,13.37283873917368,4.8091225848779935,0.3414213562373095,0,1096.0780029296875
49035,10,243,12,22,2,26.25491175903949,5.30341934829832,0.4242640687119285,0,1096.0780029296875
49035,10,243,12,23,2,16.321789513490977,5.247637147189323,0.4242640687119285,0,1096.0780029296875
49035,10,243,12,24,2,36.24014593968729,-0.8165358827531315,0.37888543819998316,0,1096.0780029296875
49035,10,243,12,25,2,31.255213780323274,-0.8050107943283438,0.482842712474619,0,1096.0780029296875
49035,10,243,12,26,2,21.306543828163775,-0.7657957333698286,0.4242640687119285,0,1096.0780029296875
49035,10,243,12,27,2,11.447673621710996,-0.658550092878468,0.482842712474619,0,1096.0780029296875
49035,10,243,12,28,2,6.677532633622594,-0.4869381086989386,0.37888543819998316,0,1096.0780029296875
49035,10,243,12,29,2,27.231173439281378,-0.6053784324391787,0.4242640687119285,0,1096.0780029296875
49035,10,243,12,30,2,17.84985233350622,-0.44815355814314684,0.4242640687119285,0,1096.0780029296875
49035,10,243,12,31,2,33.60215475023861,-0.503922340559849,0.3414213562373095,0,1096.0780029296875
49035,10,243,12,32,2,24.620829094625087,-0.35089469737953616,0.482842712474619,0,1096.0780029296875
49035,10,243,12,33,2,16.830497519517692,-0.04166047533163786,0.3414213562373095,0,1096.0780029296875
49035,10,243,12,34,2,27.51896496980535,-0.1942045802487713,0.4308640753373011,0,1096.0780029296875
49035,10,243,12,35,2,19.495562288365775,0.8811536430988598,0.613407053921902,0,1096.0780029296875
49035,10,243,12,36,2,22.63984283530958,0.6315163196122491,0.682842712474619,0,1096.0780029296875
49035,10,243,12,37,2,22.93692861591097,0.8509835265579315,0.8513997106635237,0,1096.0780029296875
49035,10,243,12,38,2,24.28256380729334,1.0553854130910112,0.682842712474619,0,1096.0780029296875
49035,10,243,12,39,2,25.147299911139076,0.7360254021529244,0.848528137423857,0,1096.0780029296875
49035,10,243,12,40,2,25.902256726869425,0.9299927550587739,0.848528137423857,0,1096.0780029296875
49035,10,243,12,41,2,27.99897397769142,0.5154507908729318,0.613407053921902,0,1096.0780029296875
49035,10,243,12,42,2,27.634592294987005,0.6406748594373808,0.8513997106635237,0,1096.0780029296875
49035,10,243,12,43,2,27.878502507022006,0.8208433952182723,0.848528137423857,0,1096.0780029296875
49035,10,243,12,44,2,28.995708523123024,0.9924682894592791,0.8513997106635237,0,1096.0780029296875
49035,10,243,12,45,2,30.248624105314658,1.10287377847515,0.613407053921902,0,1096.0780029296875
49035,10,243,12,46,2,30.141249153334904,0.7270934046278819,0.848528137423857,0,1096.0780029296875
49035,10,243,12,47,2,30.7739355826857,0.8901258005974872,0.848528137423857,0,1096.0780029296875
49035,10,243,12,48,2,32.630950017012864,0.6470291457451705,0.682842712474619,0,1096.0780029296875
49035,10,243,12,49,2,32.837769560928905,0.7997923786619521,0.8513997106635237,0,1096.0780029296875
49035,10,243,12,50,2,33.791408974183746,0.9472703739256361,0.682842712474619,0,1096.0780029296875
49035,10,243,12,51,2,36.31590361162055,0.7884808608158513,0.613407053921902,0,1096.0780029296875
49035,10,243,12,52,2,34.5667677110275,-0.17562170199576643,0.4308640753373011,0,1096.0780029296875
49035,10,243,12,53,2,45.485043874256256,-0.23632174141831808,0.3414213562373095,0,1096.0780029296875
49035,10,243,12,54,2,38.02590745387637,-0.07599972572074964,0.482842712474619,0,1096.0780029296875
49035,10,243,12,55,2,31.985153730106166,0.15301007944867262,0.3414213562373095,0,1096.0780029296875
49035,10,243,12,56,2,45.09476282972924,-0.08027098925299203,0.4242640687119285,0,1096.0780029296875
49035,10,243,12,57,2,38.86667024736341,0.10688189930265812,0.4242640687119285,0,1096.0780029296875
49035,10,243,12,58,2,52.1642179242466,-0.08338458793857306,0.382842712474619,0,1096.0780029296875
49035,10,243,12,59,2,45.80596089043482,0.07467760326025408,0.4242640687119285,0,1096.0780029296875
49035,10,243,12,60,2,40.93001923458866,0.27665639132249553,0.482842712474619,0,1096.0780029296875
49035,10,243,12,61,2,39.22762655664595,0.39405064110213384,0.37888543819998316,0,1096.0780029296875
49035,10,243,12,62,2,52.78024298991814,0.05096466389698051,0.4242640687119285,0,1096.0780029296875
49035,10,243,12,63,2,47.569259732757644,0.22150588111138703,0.4242640687119285,0,1096.0780029296875
49035,10,243,12,64,2,59.77727032119787,0.03279468157435117,0.3414213562373095,0,1096.0780029296875
49035,10,243,12,65,2,54.317607352508794,0.1799573540400572,0.382842712474619,0,1096.0780029296875
49035,10,243,12,66,2,50.27407771356001,0.3552025545261315,0.3414213562373095,0,1096.0780029296875
49035,10,244,9,1,,,,,0,1096.64404296875
49035,10,244,9,2,,,,,0,1096.64404296875
49035,10,244,9,3,,,,,0,1096.64404296875
49035,10,244,9,4,,,,,0,1096.64404296875
49035,10,244,9,5,2,4.385795161521177,0.9770207339666936,0.6242640687119285,0,1096.64404296875
49035,10,244,9,6,2,8.34672191912838,0.46718380679687155,0.765685424949238,0,1096.64404296875
49035,10,244,9,7,,,,,0,1096.64404296875
49035,10,244,9,8,,,,,0,1096.64404296875
49035,10,244,9,9,2,5.156159670423916,0.2344644209316193,0.848528137423857,1,1096.64404296875
49035,10,244,9,10,2,10.100423265553857,0.13125589011444344,0.765685424949238,0,1096.64404296875
49035,10,244,9,11,,,,,0,1096.64404296875
49035,10,244,9,12,,,,,0,1096.64404296875
49035,10,244,9,13,2,7.677028454746639,-0.16214140879748046,0.848528137423857,0,1096.64404296875
49035,10,244,9,14,,,,,0,1096.64404296875
49035,10,244,9,15,2,6.391790175423276,-0.6367705394694815,0.682842712474619,0,1096.64404296875
49035,10,244,9,16,2,10.78367049028637,-0.34791068035326683,0.682842712474619,0,1096.64404296875
49035,10,244,9,17,,,,,0,1096.64404296875
49035,10,244,9,18,2,29.684736476329018,2.5942317281042073,0.37888543819998316,0,1096.64404296875
49035,10,244,9,19,2,36.668616602974794,2.8596381704357112,0.3414213562373095,0,1096.64404296875
49035,10,244,9,20,2,27.302977470760034,2.748808986742306,0.482842712474619,0,1096.64404296875
49035,10,244,9,21,2,18.60961348232953,2.529113509271498,0.3414213562373095,0,1096.64404296875
49035,10,244,9,22,2,30.56614156664406,2.9663863693410315,0.4242640687119285,0,1096.64404296875
49035,10,244,9,23,2,20.86034864198096,2.870995436782343,0.4242640687119285,0,1096.64404296875
49035,10,244,9,24,2,39.97115052358371,3.1395544776368602,0.37888543819998316,0,1096.64404296875
49035,10,244,9,25,2,34.97321034413944,3.1357162639221046,0.482842712474619,0,1096.64404296875
49035,10,244,9,26,2,24.979803381297714,3.123432636441077,0.4242640687119285,0,1096.64404296875
49035,10,244,9,27,2,14.995189634051442,3.094780390038852,0.482842712474619,0,1096.64404296875
49035,10,244,9,28,2,10.014403614674185,3.059042769644305,0.37888543819998316,0,1096.64404296875
49035,10,244,9,29,2,30.213027131877876,-2.986438250744465,0.4242640687119285,0,1096.64404296875
49035,10,244,9,30,2,20.339423385741785,-2.922492311213057,0.4242640687119285,0,1096.64404296875
49035,10,244,9,31,2,36.07857314216964,-2.8667544753452074,0.3414213562373095,0,1096.64404296875
49035,10,244,9,32,2,26.505255614080685,-2.7732672842391786,0.482842712474619,0,1096.64404296875
49035,10,244,9,33,2,17.418200548869184,-2.578682225606221,0.3414213562373095,0,1096.64404296875
49035,10,244,9,34,2,28.57967064658876,-2.607784556936371,0.4308640753373011,0,1096.64404296875
49035,10,244,9,35,2,15.426960555455643,-1.5431804362038908,0.613407053921902,0,1096.64404296875
49035,10,244,9,36,2,19.565194702659127,-1.8021208634004524,0.682842712474619,0,1096.64404296875
49035,10,244,9,37,2,18.92694934080493,-1.543698950886177,0.8513997106635237,0,1096.64404296875
49035,10,244,9,38,2,19.58729126106598,-1.2855752219245855,0.682842712474619,0,1096.64404296875
49035,10,244,9,39,2,21.56728140264888,-1.6601428641766556,0.848528137423857,0,1096.64404296875
49035,10,244,9,40,2,21.57730740146879,-1.4278425781279898,0.848528137423857,0,1096.64404296875
49035,10,244,9,41,2,25.377412112648273,-1.885721258981136,0.613407053921902,0,1096.64404296875
49035,10,244,9,42,2,24.434930792877072,-1.7502568815246096,0.8513997106635237,0,1096.64404296875
49035,10,244,9,43,2,23.926939011271955,-1.5441765420047626,0.848528137423857,0,1096.64404296875
49035,10,244,9,44,2,24.452627221743747,-1.338247488748388,0.8513997106635237,0,1096.64404296875
49035,10,244,9,45,2,25.406372731326055,-1.2030370012893923,0.613407053921902,0,1096.64404296875
49035,10,244,9,46,2,26.54084825699389,-1.638681718195173,0.848528137423857,0,1096.64404296875
49035,10,244,9,47,2,26.548996097728654,-1.4500424533008764,0.848528137423857,0,1096.64404296875
49035,10,244,9,48,2,29.34850663922142,-1.7156903506477021,0.682842712474619,0,1096.64404296875
49035,10,244,9,49,2,28.926932252640604,-1.5444890308173205,0.8513997106635237,0,1096.64404296875
49035,10,244,9,50,2,29.363241938609143,-1.3733744732982862,0.682842712474619,0,1096.64404296875
49035,10,244,9,51,2,32.42692876173553,-1.5446504346464602,0.613407053921902,0,1096.64404296875
49035,10,244,9,52,2,35.43492635480964,-2.5533009966424696,0.4308640753373011,0,1096.64404296875
49035,10,244,9,53,2,46.57293065373537,-2.5772292829476515,0.3414213562373095,0,1096.64404296875
49035,10,244,9,54,2,38.33931408972407,-2.4428238293965805,0.482842712474619,0,1096.64404296875
49035,10,244,9,55,2,31.15715230991731,-2.241158118199747,0.3414213562373095,0,1096.64404296875
49035,10,244,9,56,2,45.37333397904336,-2.4254916671405287,0.4242640687119285,0,1096.64404296875
49035,10,244,9,57,2,38.20477158113475,-2.2578352905295938,0.4242640687119285,0,1096.64404296875
49035,10,244,9,58,2,52.417324119770804,-2.412814794527191,0.382842712474619,0,1096.64404296875
49035,10,244,9,59,2,45.25970617525016,-2.2693157125195986,0.4242640687119285,0,1096.64404296875
49035,10,244,9,60,2,39.36122633077949,-2.077702857384469,0.482842712474619,0,1096.64404296875
49035,10,244,9,61,2,37.07746897860322,-1.9612049073475033,0.37888543819998316,0,1096.64404296875
49035,10,244,9,62,2,52.31899688041881,-2.2776989466914603,0.4242640687119285,0,1096.64404296875
49035,10,244,9,63,2,46.24005373878954,-2.11609046072284,0.4242640687119285,0,1096.64404296875
49035,10,244,9,64,2,59.38109013883603,-2.2840885372510757,0.3414213562373095,0,1096.64404296875
49035,10,244,9,65,2,53.16934268231497,-2.1445056206152007,0.382842712474619,0,1096.64404296875
49035,10,244,9,66,2,48.247737112348716,-1.972422663184409,0.3414213562373095,0,1096.64404296875
49035,10,245,6,1,,,,,0,1096.843994140625
49035,10,245,6,2,,,,,0,1096.843994140625
49035,10,245,6,3,2,6.446878354742746,1.2286055900475203,0.7071067811865475,0,1096.843994140625
49035,10,245,6,4,,,,,0,1096.843994140625
49035,10,245,6,5,2,3.5889326785573377,1.664761753738639,0.6242640687119285,0,1096.843994140625
49035,10,245,6,6,2,5.874780197608739,0.6538035992249427,0.765685424949238,1,1096.843994140625
49035,10,245,6,7,,,,,0,1096.843994140625
49035,10,245,6,8,,,,,0,1096.843994140625
49035,10,245,6,9,,,,,0,1096.843994140625
49035,10,245,6,10,2,7.243192957500235,0.14870030585877256,0.765685424949238,0,1096.843994140625
49035,10,245,6,11,,,,,0,1096.843994140625
49035,10,245,6,12,,,,,0,1096.843994140625
49035,10,245,6,13,2,4.876683449840395,-0.29694091939355477,0.848528137423857,0,1096.843994140625
49035,10,245,6,14,,,,,0,1096.843994140625
49035,10,245,6,15,2,4.483328977480174,-1.067275821220978,0.6242640687119285,0,1096.843994140625
49035,10,245,6,16,2,8.16901727990047,-0.5014602592897428,0.682842712474619,0,1096.843994140625
49035,10,245,6,17,,,,,0,1096.843994140625
49035,10,245,6,18,2,32.14387367333616,2.6179520900757876,0.37888543819998316,0,1096.843994140625
49035,10,245,6,19,2,39.423754319307626,2.8568882043904016,0.3414213562373095,0,1096.843994140625
49035,10,245,6,20,2,29.958264532965273,2.7629952732597536,0.482842712474619,0,1096.843994140625
49035,10,245,6,21,2,20.99435216969371,2.5860171538502463,0.3414213562373095,0,1096.843994140625
49035,10,245,6,22,2,33.393622270245814,2.9587108494205276,0.4242640687119285,0,1096.843994140625
49035,10,245,6,23,2,23.630472223928482,2.8816729965114507,0.4242640687119285,0,1096.843994140625
49035,10,245,6,24,2,42.850178508724916,3.1165469635646006,0.37888543819998316,0,1096.843994140625
49035,10,245,6,25,2,37.85195375180243,3.113238928598234,0.482842712474619,0,1096.843994140625
49035,10,245,6,26,2,27.857415745660756,3.1030619560844546,0.4242640687119285,0,1096.843994140625
49035,10,245,6,27,2,17.868990492598787,3.0815027367073915,0.482842712474619,0,1096.843994140625
49035,10,245,6,28,2,12.8815148885364,3.0581905713207442,0.37888543819998316,0,1096.843994140625
49035,10,245,6,29,2,33.07071221681384,-3.022569301225455,0.4242640687119285,0,1096.843994140625
49035,10,245,6,30,2,23.17190574219821,-2.97130266914951,0.4242640687119285,0,1096.843994140625
49035,10,245,6,31,2,38.875550170101164,-2.9098975957401465,0.3414213562373095,0,1096.843994140625
49035,10,245,6,32,2,29.233091013884433,-2.831266015113273,0.482842712474619,0,1096.843994140625
49035,10,245,6,33,2,19.945897308069366,-2.6775625303727315,0.3414213562373095,0,1096.843994140625
49035,10,245,6,34,2,31.12623667142853,-2.6776999269653183,0.4308640753373011,0,1096.843994140625
49035,10,245,6,35,2,15.685545322069512,-1.7526475223021725,0.613407053921902,0,1096.843994140625
49035,10,245,6,36,2,20.485166018890588,-1.9633583454664119,0.682842712474619,0,1096.843994140625
49035,10,245,6,37,2,19.138302730924412,-1.7195676614623698,0.8513997106635237,0,1096.843994140625
49035,10,245,6,38,2,19.050124304568403,-1.4569946094595119,0.682842712474619,0,1096.843994140625
49035,10,245,6,39,2,22.081504221200035,-1.8148969372086723,0.848528137423857,0,1096.843994140625
49035,10,245,6,40,2,21.429545801763368,-1.5865107709040833,0.848528137423857,0,1096.843994140625
49035,10,245,6,41,2,26.47674834079785,-2.0132710669742013,0.613407053921902,0,1096.843994140625
49035,10,245,6,42,2,25.177589755996127,-1.8873133860017985,0.8513997106635237,0,1096.843994140625
49035,10,245,6,43,2,24.09447302848187,-1.6888040640704853,0.848528137423857,0,1096.843994140625
49035,10,245,6,44,2,24.024492400865398,-1.4806302414311998,0.8513997106635237,0,1096.843994140625
49035,10,245,6,45,2,24.58798605698601,-1.3383833163898666,0.613407053921902,0,1096.843994140625
49035,10,245,6,46,2,26.960375141503622,-1.7700598954990823,0.848528137423857,0,1096.843994140625
49035,10,245,6,47,2,26.429045241355304,-1.5835379392419033,0.848528137423857,0,1096.843994140625
49035,10,245,6,48,2,29.969651733394777,-1.8353610656756574,0.682842712474619,0,1096.843994140625
49035,10,245,6,49,2,29.065660660304484,-1.6685495639048424,0.8513997106635237,0,1096.843994140625
49035,10,245,6,50,2,29.007675436321517,-1.496151577649972,0.682842712474619,0,1096.843994140625
49035,10,245,6,51,2,32.550743908392995,-1.658055242502799,0.613407053921902,0,1096.843994140625
49035,10,245,6,52,2,37.90091032978647,-2.6187113709283256,0.4308640753373011,0,1096.843994140625
49035,10,245,6,53,2,49.066106364049794,-2.632201038822719,0.3414213562373095,0,1096.843994140625
49035,10,245,6,54,2,40.62939825946535,-2.511887997669801,0.482842712474619,0,1096.843994140625
49035,10,245,6,55,2,33.07587054219804,-2.332886574845586,0.3414213562373095,0,1096.843994140625
49035,10,245,6,56,2,47.62755922180958,-2.4888640628973966,0.4242640687119285,0,1096.843994140625
49035,10,245,6,57,2,40.14535597830684,-2.3369915923902735,0.4242640687119285,0,1096.843994140625
49035,10,245,6,58,2,54.644494616820374,-2.471745931229574,0.382842712474619,0,1096.843994140625
49035,10,245,6,59,2,47.215315323798364,-2.339867287146396,0.4242640687119285,0,1096.843994140625
49035,10,245,6,60,2,40.89683618965784,-2.1632505808112366,0.482842712474619,0,1096.843994140625
49035,10,245,6,61,2,38.32993366707939,-2.0548235176710175,0.37888543819998316,0,1096.843994140625
49035,10,245,6,62,2,54.2855634181542,-2.3419939246961192,0.4242640687119285,0,1096.843994140625
49035,10,245,6,63,2,47.855904597284955,-2.191586722071288,0.4242640687119285,0,1096.843994140625
49035,10,245,6,64,2,61.35600044109112,-2.343630436706379,0.3414213562373095,0,1096.843994140625
49035,10,245,6,65,2,54.843632258678596,-2.2127156958947327,0.382842712474619,0,1096.843994140625
49035,10,245,6,66,2,49.50847612806488,-2.050221564584239,0.3414213562373095,0,1096.843994140625
49035,10,246,5,1,,,,,0,1097.1610107421875
49035,10,246,5,2,,,,,0,1097.1610107421875
49035,10,246,5,3,2,4.637228605566053,0.7485318695420684,0.5507551751186637,0,1097.1610107421875
49035,10,246,5,4,,,,,0,1097.1610107421875
49035,10,246,5,5,2,3.944456955306079,1.5831947860961082,0.5507551751186637,1,1097.1610107421875
49035,10,246,5,6,,,,,0,1097.1610107421875
49035,10,246,5,7,,,,,0,1097.1610107421875
49035,10,246,5,8,,,,,0,1097.1610107421875
49035,10,246,5,9,,,,,0,1097.1610107421875
49035,10,246,5,10,2,4.157306056170824,-1.1173439196105355,0.6242640687119285,0,1097.1610107421875
49035,10,246,5,11,,,,,0,1097.1610107421875
49035,10,246,5,12,,,,,0,1097.1610107421875
49035,10,246,5,13,2,3.3672013864123174,-2.074532545159874,0.848528137423857,0,1097.1610107421875
49035,10,246,5,14,,,,,0,1097.1610107421875
49035,10,246,5,15,2,5.5129753045555585,-2.738860032998456,0.6242640687119285,0,1097.1610107421875
49035,10,246,5,16,2,6.835766045503188,-1.9316579074386793,0.682842712474619,0,1097.1610107421875
49035,10,246,5,17,,,,,0,1097.1610107421875
49035,10,246,5,18,2,34.12632528196717,1.6907202994422545,0.37888543819998316,0,1097.1610107421875
49035,10,246,5,19,2,41.968809604209426,1.9016650343027466,0.3414213562373095,0,1097.1610107421875
49035,10,246,5,20,2,32.3117715551904,1.831142436738175,0.482842712474619,0,1097.1610107421875
49035,10,246,5,21,2,22.950385235878745,1.7019270782626406,0.3414213562373095,0,1097.1610107421875
49035,10,246,5,22,2,36.15467167737492,2.0050242018520414,0.4242640687119285,0,1097.1610107421875
49035,10,246,5,23,2,26.264612800100554,1.9570318441777543,0.4242640687119285,0,1097.1610107421875
49035,10,246,5,24,2,45.86867325792764,-4.1421338246664705,0.37888543819998316,0,1097.1610107421875
49035,10,246,5,25,2,40.8689367021304,-4.140948372951659,0.482842712474619,0,1097.1610107421875
49035,10,246,5,26,2,30.869719606811636,-4.13742549047659,0.4242640687119285,0,1097.1610107421875
49035,10,246,5,27,2,20.871252718598384,-4.130527135743009,0.482842712474619,0,1097.1610107421875
49035,10,246,5,28,2,15.872743643233681,-4.123819089885997,0.37888543819998316,0,1097.1610107421875
49035,10,246,5,29,2,36.27739367246682,-4.00117611245325,0.4242640687119285,0,1097.1610107421875
49035,10,246,5,30,2,26.43329137863019,-3.9443693122901893,0.4242640687119285,0,1097.1610107421875
49035,10,246,5,31,2,42.1800781736011,-3.9016050442321504,0.3414213562373095,0,1097.1610107421875
49035,10,246,5,32,2,32.58571153391514,-3.825542674793099,0.482842712474619,0,1097.1610107421875
49035,10,246,5,33,2,23.334485158493635,-3.687747058795525,0.3414213562373095,0,1097.1610107421875
49035,10,246,5,34,2,34.51482435064258,-3.6878860035901537,0.4308640753373011,0,1097.1610107421875
49035,10,246,5,35,2,17.931270303356587,-2.9143313018022203,0.613407053921902,0,1097.1610107421875
49035,10,246,5,36,2,23.152900609227103,-3.0695674155158033,0.682842712474619,0,1097.1610107421875
49035,10,246,5,37,2,21.269499461458036,-2.86046833323458,0.8513997106635237,0,1097.1610107421875
49035,10,246,5,38,2,20.46280547875043,-2.623386039589116,0.682842712474619,0,1097.1610107421875
49035,10,246,5,39,2,24.422253353713003,-2.9306865551516372,0.848528137423857,0,1097.1610107421875
49035,10,246,5,40,2,23.190111245812535,-2.726712568199761,0.848528137423857,0,1097.1610107421875
49035,10,246,5,41,2,29.220146301837335,-3.0950279397890004,0.613407053921902,0,1097.1610107421875
49035,10,246,5,42,2,27.667694345661122,-2.9846485469599946,0.8513997106635237,0,1097.1610107421875
49035,10,246,5,43,2,26.11199171118786,-2.8076292353873256,0.848528137423857,0,1097.1610107421875
49035,10,246,5,44,2,25.45920092707857,-2.6150694815783173,0.8513997106635237,0,1097.1610107421875
49035,10,246,5,45,2,25.58036888611086,-2.4778952915065413,0.613407053921902,0,1097.1610107421875
49035,10,246,5,46,2,29.170035355774353,-2.8719319290436482,0.848528137423857,0,1097.1610107421875
49035,10,246,5,47,2,28.146505349285203,-2.7009213396469205,0.848528137423857,0,1097.1610107421875
49035,10,246,5,48,2,32.32562163654565,-2.9238619098495295,0.682842712474619,0,1097.1610107421875
49035,10,246,5,49,2,31.004525716567944,-2.771389874783867,0.8513997106635237,0,1097.1610107421875
49035,10,246,5,50,2,30.456779469102408,-2.6094819232229822,0.682842712474619,0,1097.1610107421875
49035,10,246,5,51,2,34.447667084408614,-2.752163808158907,0.613407053921902,0,1097.1610107421875
49035,10,246,5,52,2,41.28417133744693,-3.6337438379732756,0.4308640753373011,0,1097.1610107421875
49035,10,246,5,53,2,52.45147953455102,-3.64534090226722,0.3414213562373095,0,1097.1610107421875
49035,10,246,5,54,2,43.975303373642056,-3.5348029891165975,0.482842712474619,0,1097.1610107421875
49035,10,246,5,55,2,36.283562507618846,-3.374650972895199,0.3414213562373095,0,1097.1610107421875
49035,10,246,5,56,2,50.96015119549607,-3.5115476024270693,0.4242640687119285,0,1097.1610107421875
49035,10,246,5,57,2,43.354430123209426,-3.3733094108845236,0.4242640687119285,0,1097.1610107421875
49035,10,246,5,58,2,57.96590992067479,-3.493905792691452,0.382842712474619,0,1097.1610107421875
49035,10,246,5,59,2,50.42535388445195,-3.372344090102793,0.4242640687119285,0,1097.1610107421875
49035,10,246,5,60,2,43.87921963541106,-3.2114590879602076,0.482842712474619,0,1097.1610107421875
49035,10,246,5,61,2,41.13053265559368,-3.113104312682382,0.37888543819998316,0,1097.1610107421875
49035,10,246,5,62,2,57.496313076893706,-3.3716162011768045,0.4242640687119285,0,1097.1610107421875
49035,10,246,5,63,2,50.877260331867404,-3.232912302942088,0.4242640687119285,0,1097.1610107421875
49035,10,246,5,64,2,64.5672960600035,-3.3710477391587705,0.3414213562373095,0,1097.1610107421875
49035,10,246,5,65,2,57.893050722349855,-3.249171933252036,0.382842712474619,0,1097.1610107421875
49035,10,246,5,66,2,52.29029473411871,-3.098484113232951,0.3414213562373095,0,1097.1610107421875
49035,10,247,8,1,,,,,0,1097.3280029296875
49035,10,247,8,2,,,,,0,1097.3280029296875
49035,10,247,8,3,2,3.4993166774632662,-0.3301622213516555,0.4093338188813542,0,1097.3280029296875
49035,10,247,8,4,,,,,0,1097.3280029296875
49035,10,247,8,5,,,,,0,1097.3280029296875
49035,10,247,8,6,,,,,0,1097.3280029296875
49035,10,247,8,7,,,,,0,1097.3280029296875
49035,10,247,8,8,2,5.577688750858881,-4.871513115620363,0.4093338188813542,1,1097.3280029296875
49035,10,247,8,9,,,,,0,1097.3280029296875
49035,10,247,8,10,2,4.876331722620584,-2.3228932564024274,0.6242640687119285,0,1097.3280029296875
49035,10,247,8,11,,,,,0,1097.3280029296875
49035,10,247,8,12,,,,,0,1097.3280029296875
49035,10,247,8,13,2,4.5509678492798,-3.0888023571058847,0.848528137423857,0,1097.3280029296875
49035,10,247,8,14,,,,,0,1097.3280029296875
49035,10,247,8,15,2,6.53023779515884,-3.632879163426102,0.6242640687119285,0,1097.3280029296875
49035,10,247,8,16,2,7.998625212816891,-2.9588723623363427,0.682842712474619,0,1097.3280029296875
49035,10,247,8,17,,,,,0,1097.3280029296875
49035,10,247,8,18,2,33.22412423156237,0.7178996065159922,0.37888543819998316,0,1097.3280029296875
49035,10,247,8,19,2,41.24771297796747,0.9286130536963961,0.3414213562373095,0,1097.3280029296875
49035,10,247,8,20,2,31.528428840974044,0.8633593745597663,0.482842712474619,0,1097.3280029296875
49035,10,247,8,21,2,22.061500956370626,0.7411390754479648,0.3414213562373095,0,1097.3280029296875
49035,10,247,8,22,2,35.53740592351458,1.0375943118229651,0.4242640687119285,0,1097.3280029296875
49035,10,247,8,23,2,25.604203151830898,0.9993386470696208,0.4242640687119285,0,1097.3280029296875
49035,10,247,8,24,2,45.39205453304736,-5.114016148708027,0.37888543819998316,0,1097.3280029296875
49035,10,247,8,25,2,40.39520533881384,-5.109871498660867,0.482842712474619,0,1097.3280029296875
49035,10,247,8,26,2,30.404615005497313,-5.0974958481418025,0.4242640687119285,0,1097.3280029296875
49035,10,247,8,27,2,20.423237081816648,-5.073016177615022,0.482842712474619,0,1097.3280029296875
49035,10,247,8,28,2,15.441587111883273,-5.048915912987589,0.3894427190999916,0,1097.3280029296875
49035,10,247,8,29,2,35.962563982908634,-4.96520098998789,0.4242640687119285,0,1097.3280029296875
49035,10,247,8,30,2,26.191105503440966,-4.895924397203292,0.4242640687119285,0,1097.3280029296875
49035,10,247,8,31,2,41.97822534144437,-4.869513807781887,0.3414213562373095,0,1097.3280029296875
49035,10,247,8,32,2,32.47829124330067,-4.784917564200898,0.482842712474619,0,1097.3280029296875
49035,10,247,8,33,2,23.398876070278224,-4.632743910394796,0.3414213562373095,0,1097.3280029296875
49035,10,247,8,34,2,34.56933317712008,-4.649269159966739,0.4308640753373011,0,1097.3280029296875
49035,10,247,8,35,2,18.802090648316284,-3.866161369111082,0.613407053921902,0,1097.3280029296875
49035,10,247,8,36,2,23.886694812635035,-4.0256282995891475,0.682842712474619,0,1097.3280029296875
49035,10,247,8,37,2,22.1790033298558,-3.8211039757204883,0.8513997106635237,0,1097.3280029296875
49035,10,247,8,38,2,21.523061778927822,-3.593744502481554,0.682842712474619,0,1097.3280029296875
49035,10,247,8,39,2,25.275301897344317,-3.8932048110179713,0.848528137423857,0,1097.3280029296875
49035,10,247,8,40,2,24.190388290304192,-3.6954915108290214,0.848528137423857,0,1097.3280029296875
49035,10,247,8,41,2,29.92640612493233,-4.05849008581266,0.613407053921902,0,1097.3280029296875
49035,10,247,8,42,2,28.474086171430326,-3.949346353925704,0.8513997106635237,0,1097.3280029296875
49035,10,247,8,43,2,27.05748663368105,-3.7763754508241423,0.848528137423857,0,1097.3280029296875
49035,10,247,8,44,2,26.522473160804932,-3.5905334664136985,0.8513997106635237,0,1097.3280029296875
49035,10,247,8,45,2,26.704407544622107,-3.4591034233214977,0.613407053921902,0,1097.3280029296875
49035,10,247,8,46,2,30.067262599511306,-3.8414249455632485,0.848528137423857,0,1097.3280029296875
49035,10,247,8,47,2,29.16117761445447,-3.6751717264341917,0.848528137423857,0,1097.3280029296875
49035,10,247,8,48,2,33.180912849469856,-3.894457227462534,0.682842712474619,0,1097.3280029296875
49035,10,247,8,49,2,31.973535574876657,-3.7453540949288797,0.8513997106635237,0,1097.3280029296875
49035,10,247,8,50,2,31.52207126430134,-3.588340994234847,0.682842712474619,0,1097.3280029296875
49035,10,247,8,51,2,35.42875319731355,-3.7287719523428855,0.613407053921902,0,1097.3280029296875
49035,10,247,8,52,2,41.39932597160273,-4.600874179656955,0.4308640753373011,0,1097.3280029296875
49035,10,247,8,53,2,52.54936332498726,-4.618510694511503,0.3414213562373095,0,1097.3280029296875
49035,10,247,8,54,2,44.20524386460383,-4.5040966813873275,0.482842712474619,0,1097.3280029296875
49035,10,247,8,55,2,36.698386672940714,-4.339884503839272,0.3414213562373095,0,1097.3280029296875
49035,10,247,8,56,2,51.21492926599996,-4.484557487720002,0.4242640687119285,0,1097.3280029296875
49035,10,247,8,57,2,43.767990346701524,-4.343474752114842,0.4242640687119285,0,1097.3280029296875
49035,10,247,8,58,2,58.23945719453148,-4.469727137910603,0.382842712474619,0,1097.3280029296875
49035,10,247,8,59,2,50.83800127445259,-4.346066439053934,0.4242640687119285,0,1097.3280029296875
49035,10,247,8,60,2,44.465383984047875,-4.183800617685726,0.482842712474619,0,1097.3280029296875
49035,10,247,8,61,2,41.815121337652606,-4.085434567270283,0.37888543819998316,0,1097.3280029296875
49035,10,247,8,62,2,57.90827029167361,-4.348025276261755,0.4242640687119285,0,1097.3280029296875
49035,10,247,8,63,2,51.43963226385961,-4.208184230649961,0.4242640687119285,0,1097.3280029296875
49035,10,247,8,64,2,64.97871315104518,-4.349557829600169,0.3414213562373095,0,1097.3280029296875
49035,10,247,8,65,2,58.43715566344234,-4.226737178025021,0.382842712474619,0,1097.3280029296875
49035,10,247,8,66,2,52.98649980231728,-4.075926411625597,0.3414213562373095,0,1097.3280029296875
49035,10,248,15,1,,,,,0,1097.56103515625
49035,10,248,15,2,,,,,0,1097.56103515625
49035,10,248,15,3,2,3.5550467143209574,4.128325218205698,0.36791246264404465,0,1097.56103515625
49035,10,248,15,4,,,,,0,1097.56103515625
49035,10,248,15,5,,,,,0,1097.56103515625
49035,10,248,15,6,,,,,0,1097.56103515625
49035,10,248,15,7,,,,,0,1097.56103515625
49035,10,248,15,8,,,,,0,1097.56103515625
49035,10,248,15,9,,,,,0,1097.56103515625
49035,10,248,15,10,2,7.189426195693816,2.841594208845645,0.6242640687119285,0,1097.56103515625
49035,10,248,15,11,,,,,0,1097.56103515625
49035,10,248,15,12,,,,,0,1097.56103515625
49035,10,248,15,13,2,6.297094145526596,2.327505332953759,0.848528137423857,0,1097.56103515625
49035,10,248,15,14,,,,,0,1097.56103515625
49035,10,248,15,15,2,7.253891392343988,1.8184282128220348,0.6242640687119285,1,1097.56103515625
49035,10,248,15,16,2,9.832504290300994,2.3312648232958253,0.682842712474619,0,1097.56103515625
49035,10,248,15,17,,,,,0,1097.56103515625
49035,10,248,15,18,2,30.95646252770001,5.831532796569064,0.37888543819998316,0,1097.56103515625
49035,10,248,15,19,2,38.9252419806303,6.057928937009876,0.3414213562373095,0,1097.56103515625
49035,10,248,15,20,2,29.211177035928454,5.987504829200933,0.482842712474619,0,1097.56103515625
49035,10,248,15,21,2,19.784116467461576,5.848613805665675,0.3414213562373095,0,1097.56103515625
49035,10,248,15,22,2,33.22986540949192,6.174518995166264,0.4242640687119285,0,1097.56103515625
49035,10,248,15,23,2,23.28824501130727,6.135730284750245,0.4242640687119285,0,1097.56103515625
49035,10,248,15,24,2,43.14042009710471,0.028120676598008654,0.37888543819998316,0,1097.56103515625
49035,10,248,15,25,2,38.14649454984745,0.03419436907389972,0.482842712474619,0,1097.56103515625
49035,10,248,15,26,2,28.165110456294535,0.05280144356457983,0.4242640687119285,0,1097.56103515625
49035,10,248,15,27,2,18.204171159077863,0.09179984904173821,0.482842712474619,0,1097.56103515625
49035,10,248,15,28,2,13.245793591773484,0.13326322771159171,0.37888543819998316,0,1097.56103515625
49035,10,248,15,29,2,33.82609256659518,0.1901840858463748,0.4242640687119285,0,1097.56103515625
49035,10,248,15,30,2,24.131368359411283,0.27603355613718206,0.4242640687119285,0,1097.56103515625
49035,10,248,15,31,2,39.93914908498251,0.28691269925280105,0.3414213562373095,0,1097.56103515625
49035,10,248,15,32,2,30.549206703385764,0.3854158013387785,0.482842712474619,0,1097.56103515625
49035,10,248,15,33,2,21.71111307095793,0.5673280803234433,0.3414213562373095,0,1097.56103515625
49035,10,248,15,34,2,32.836630792480044,0.5259092087976236,0.4308640753373011,0,1097.56103515625
49035,10,248,15,35,2,18.7559966601248,1.3868403123533746,0.613407053921902,0,1097.56103515625
49035,10,248,15,36,2,23.440806610365794,1.2000056350631387,0.682842712474619,0,1097.56103515625
49035,10,248,15,37,2,22.215548942833575,1.4128330059420735,0.8513997106635237,0,1097.56103515625
49035,10,248,15,38,2,22.081435984063607,1.6389834354715924,0.682842712474619,0,1097.56103515625
49035,10,248,15,39,2,25.129587352078243,1.3280725545497403,0.848528137423857,0,1097.56103515625
49035,10,248,15,40,2,24.50623106013236,1.5283183025672706,0.848528137423857,0,1097.56103515625
49035,10,248,15,41,2,29.38316296689691,1.1469493061409035,0.613407053921902,0,1097.56103515625
49035,10,248,15,42,2,28.186197085453504,1.2612971574419025,0.8513997106635237,0,1097.56103515625
49035,10,248,15,43,2,27.17574113850242,1.438460765059693,0.848528137423857,0,1097.56103515625
49035,10,248,15,44,2,27.066217074311623,1.623037933006505,0.8513997106635237,0,1097.56103515625
49035,10,248,15,45,2,27.53491505188574,1.75017597449155,0.613407053921902,0,1097.56103515625
49035,10,248,15,46,2,30.02476398044104,1.365152000627007,0.848528137423857,0,1097.56103515625
49035,10,248,15,47,2,29.50501063155299,1.5324264293431582,0.848528137423857,0,1097.56103515625
49035,10,248,15,48,2,33.00684774005974,1.3048116603673383,0.682842712474619,0,1097.56103515625
49035,10,248,15,49,2,32.14826897396424,1.456169406625691,0.8513997106635237,0,1097.56103515625
49035,10,248,15,50,2,32.05573892939012,1.6120541977189615,0.682842712474619,0,1097.56103515625
49035,10,248,15,51,2,35.633613374722096,1.4656228187312141,0.613407053921902,0,1097.56103515625
49035,10,248,15,52,2,39.738840107761604,0.5684353946559413,0.4308640753373011,0,1097.56103515625
49035,10,248,15,53,2,50.85319364732141,0.5414533868664684,0.3414213562373095,0,1097.56103515625
49035,10,248,15,54,2,42.71025292252086,0.6660834012057388,0.482842712474619,0,1097.56103515625
49035,10,248,15,55,2,35.52863781908099,0.8449610004031682,0.3414213562373095,0,1097.56103515625
49035,10,248,15,56,2,49.75034468236673,0.680426202704282,0.4242640687119285,0,1097.56103515625
49035,10,248,15,57,2,42.58186464432982,0.8320549244645967,0.4242640687119285,0,1097.56103515625
49035,10,248,15,58,2,56.798132780249816,0.6912113381025597,0.382842712474619,0,1097.56103515625
49035,10,248,15,59,2,49.64016808892391,0.8228178669265307,0.4242640687119285,0,1097.56103515625
49035,10,248,15,60,2,43.61495945739661,0.9945527344137592,0.482842712474619,0,1097.56103515625
49035,10,248,15,61,2,41.186452733359005,1.0977198153375314,0.37888543819998316,0,1097.56103515625
49035,10,248,15,62,2,56.70165234986731,0.8158810550597329,0.4242640687119285,0,1097.56103515625
49035,10,248,15,63,2,50.529157718874984,0.9630002223127927,0.4242640687119285,0,1097.56103515625
49035,10,248,15,64,2,63.76526068725672,0.8104808823736671,0.3414213562373095,0,1097.56103515625
49035,10,248,15,65,2,57.48153504463444,0.939060975827652,0.382842712474619,0,1097.56103515625
49035,10,248,15,66,2,52.36645177650733,1.0958400071516743,0.3414213562373095,0,1097.56103515625
49035,10,249,16,1,,,,,0,1098.0780029296875
49035,10,249,16,2,,,,,0,1098.0780029296875
49035,10,249,16,3,2,8.126003379393014,2.1607496423425676,0.35735518174403624,0,1098.0780029296875
49035,10,249,16,4,,,,,0,1098.0780029296875
49035,10,249,16,5,,,,,0,1098.0780029296875
49035,10,249,16,6,,,,,0,1098.0780029296875
49035,10,249,16,7,,,,,0,1098.0780029296875
49035,10,249,16,8,,,,,0,1098.0780029296875
49035,10,249,16,9,,,,,0,1098.0780029296875
49035,10,249,16,10,2,7.8756479873708765,1.2458242276412,0.6242640687119285,0,1098.0780029296875
49035,10,249,16,11,,,,,0,1098.0780029296875
49035,10,249,16,12,,,,,0,1098.0780029296875
49035,10,249,16,13,2,4.8792094126470245,0.9419391121248685,0.7195315787953919,0,1098.0780029296875
49035,10,249,16,14,2,3.445495738771989,-1.5523847758266958,0.39033749051054323,0,1098.0780029296875
49035,10,249,16,15,,,,,0,1098.0780029296875
49035,10,249,16,16,2,7.70088531546857,0.5926345220071096,0.6466890965784271,1,1098.0780029296875
49035,10,249,16,17,2,6.1993548179356575,-0.2921151760998606,0.4815389220537701,0,1098.0780029296875
49035,10,249,16,18,2,32.8508712641165,3.4560890225663043,0.37888543819998316,0,1098.0780029296875
49035,10,249,16,19,2,39.73695197768032,3.7004831828365776,0.3414213562373095,0,1098.0780029296875
49035,10,249,16,20,2,30.437765132029252,3.594687113912162,0.482842712474619,0,1098.0780029296875
49035,10,249,16,21,2,21.769008704777512,3.400713873332623,0.3414213562373095,0,1098.0780029296875
49035,10,249,16,22,2,33.54130666470143,3.793864729730286,0.4242640687119285,0,1098.0780029296875
49035,10,249,16,23,2,23.925957588603385,3.696863545426285,0.4242640687119285,0,1098.0780029296875
49035,10,249,16,24,2,42.71843703180702,3.962770232941025,0.37888543819998316,0,1098.0780029296875
49035,10,249,16,25,2,37.730371841773746,3.9541702704568125,0.482842712474619,0,1098.0780029296875
49035,10,249,16,26,2,27.767123601025308,3.9277062176819504,0.4242640687119285,0,1098.0780029296875
49035,10,249,16,27,2,17.845037036406513,3.871729669172642,0.482842712474619,0,1098.0780029296875
49035,10,249,16,28,2,12.929092919024594,3.8116159317663585,0.37888543819998316,0,1098.0780029296875
49035,10,249,16,29,2,32.7043553615965,-2.1873027243859777,0.4242640687119285,0,1098.0780029296875
49035,10,249,16,30,2,22.737789104785207,-2.157339846436187,0.4242640687119285,0,1098.0780029296875
49035,10,249,16,31,2,38.316270253778015,-2.0657025215185785,0.3414213562373095,0,1098.0780029296875
49035,10,249,16,32,2,28.558164505385456,-1.999601566223677,0.482842712474619,0,1098.0780029296875
49035,10,249,16,33,2,19.052583910660548,-1.8663702363223167,0.3414213562373095,0,1098.0780029296875
49035,10,249,16,34,2,30.213350746609986,-1.8388077132084453,0.4308640753373011,0,1098.0780029296875
49035,10,249,16,35,2,13.977138074521662,-0.8738535363180207,0.613407053921902,0,1098.0780029296875
49035,10,249,16,36,2,18.84114524838938,-1.1015248135634195,0.682842712474619,0,1098.0780029296875
49035,10,249,16,37,2,17.42712974499695,-0.836077439810788,0.8513997106635237,0,1098.0780029296875
49035,10,249,16,38,2,17.39025439799571,-0.5478758591484552,0.682842712474619,0,1098.0780029296875
49035,10,249,16,39,2,20.383466447600167,-0.9390064818409809,0.848528137423857,0,1098.0780029296875
49035,10,249,16,40,2,19.728198125994517,-0.6911859599934891,0.848528137423857,0,1098.0780029296875
49035,10,249,16,41,2,24.857901960489144,-1.1488473020305978,0.613407053921902,0,1098.0780029296875
49035,10,249,16,42,2,23.500352288676996,-1.015274668808961,0.8513997106635237,0,1098.0780029296875
49035,10,249,16,43,2,22.382641813914148,-0.8023793836000732,0.848528137423857,0,1098.0780029296875
49035,10,249,16,44,2,22.35394263766528,-0.5783843360056726,0.8513997106635237,0,1098.0780029296875
49035,10,249,16,45,2,22.99021572892838,-0.4264206655922873,0.613407053921902,0,1098.0780029296875
49035,10,249,16,46,2,25.253980039618753,-0.8891728007274777,0.848528137423857,0,1098.0780029296875
49035,10,249,16,47,2,24.728113650651036,-0.6898700566945644,0.848528137423857,0,1098.0780029296875
49035,10,249,16,48,2,28.276215466588642,-0.9578437160154416,0.682842712474619,0,1098.0780029296875
49035,10,249,16,49,2,27.354349891580288,-0.7809131686506725,0.8513997106635237,0,1098.0780029296875
49035,10,249,16,50,2,27.330871827825952,-0.5977946639778364,0.682842712474619,0,1098.0780029296875
49035,10,249,16,51,2,30.839988981608162,-0.7700081629261952,0.613407053921902,0,1098.0780029296875
49035,10,249,16,52,2,36.897266428295836,-1.7696786295210956,0.4308640753373011,0,1098.0780029296875
49035,10,249,16,53,2,48.07550186472903,-1.7748289345371862,0.3414213562373095,0,1098.0780029296875
49035,10,249,16,54,2,39.48019849622931,-1.6574498617707554,0.482842712474619,0,1098.0780029296875
49035,10,249,16,55,2,31.719367381109148,-1.4790068696974927,0.3414213562373095,0,1098.0780029296875
49035,10,249,16,56,2,46.44618154213149,-1.6290865000505002,0.4242640687119285,0,1098.0780029296875
49035,10,249,16,57,2,38.79020460890532,-1.477378903578349,0.4242640687119285,0,1098.0780029296875
49035,10,249,16,58,2,53.43977438563532,-1.6081335121727762,0.382842712474619,0,1098.0780029296875
49035,10,249,16,59,2,45.8611129405263,-1.4762529378045568,0.4242640687119285,0,1098.0780029296875
49035,10,249,16,60,2,39.37859664716116,-1.2968382313282034,0.482842712474619,0,1098.0780029296875
49035,10,249,16,61,2,36.73404375749917,-1.1852100764409363,0.37888543819998316,0,1098.0780029296875
49035,10,249,16,62,2,52.93206388085276,-1.4754277963822653,0.4242640687119285,0,1098.0780029296875
49035,10,249,16,63,2,46.35984879659101,-1.3231325209308022,0.4242640687119285,0,1098.0780029296875
49035,10,249,16,64,2,60.003042366447104,-1.474797129991337,0.3414213562373095,0,1098.0780029296875
49035,10,249,16,65,2,53.36475697485888,-1.342534424546698,0.382842712474619,0,1098.0780029296875
49035,10,249,16,66,2,47.908553315059024,-1.1766042440565978,0.3414213562373095,0,1098.0780029296875
49035,10,250,13,1,,,,,0,1098.5279541015625
49035,10,250,13,2,,,,,0,1098.5279541015625
49035,10,250,13,3,2,10.976706388317295,2.008808055856883,0.35735518174403624,0,1098.5279541015625
49035,10,250,13,4,,,,,0,1098.5279541015625
49035,10,250,13,5,,,,,0,1098.5279541015625
49035,10,250,13,6,,,,,0,1098.5279541015625
49035,10,250,13,7,,,,,0,1098.5279541015625
49035,10,250,13,8,,,,,0,1098.5279541015625
49035,10,250,13,9,,,,,0,1098.5279541015625
49035,10,250,13,10,2,6.45343151790371,1.351262155630576,0.5256680940246072,0,1098.5279541015625
49035,10,250,13,11,,,,,0,1098.5279541015625
49035,10,250,13,12,,,,,0,1098.5279541015625
49035,10,250,13,13,2,3.2943322757080855,1.6972794919385525,0.563179972727508,1,1098.5279541015625
49035,10,250,13,14,2,7.1543672749794185,3.277885608196721,0.3797802096105348,0,1098.5279541015625
49035,10,250,13,15,,,,,0,1098.5279541015625
49035,10,250,13,16,,,,,0,1098.5279541015625
49035,10,250,13,17,2,3.4508126589474393,-1.9853225855870917,0.423692325950598,0,1098.5279541015625
49035,10,250,13,18,2,38.24495639162807,2.811784472556492,0.37888543819998316,0,1098.5279541015625
49035,10,250,13,19,2,44.96904359830834,3.027590858158478,0.3414213562373095,0,1098.5279541015625
49035,10,250,13,20,2,35.776554945865115,2.9294028726060444,0.482842712474619,0,1098.5279541015625
49035,10,250,13,21,2,27.160796848444168,2.766376866719974,0.3414213562373095,0,1098.5279541015625
49035,10,250,13,22,2,38.64419202632529,3.1034527755654366,0.4242640687119285,0,1098.5279541015625
49035,10,250,13,23,2,29.173970916134344,3.007764533071506,0.4242640687119285,0,1098.5279541015625
49035,10,250,13,24,2,47.46484773088951,3.264032718080856,0.37888543819998316,0,1098.5279541015625
49035,10,250,13,25,2,42.506296838709694,3.249729074232659,0.482842712474619,0,1098.5279541015625
49035,10,250,13,26,2,32.627170772049034,3.20810160723304,0.4242640687119285,0,1098.5279541015625
49035,10,250,13,27,2,22.85343025097983,3.1306213529250093,0.482842712474619,0,1098.5279541015625
49035,10,250,13,28,2,18.05970030372527,3.0606452429310145,0.37888543819998316,0,1098.5279541015625
49035,10,250,13,29,2,37.120667641644715,3.36514466251793,0.4242640687119285,0,1098.5279541015625
49035,10,250,13,30,2,27.123623795676675,3.357482246171459,0.4242640687119285,0,1098.5279541015625
49035,10,250,13,31,2,42.32440973876005,-2.797181801128439,0.3414213562373095,0,1098.5279541015625
49035,10,250,13,32,2,32.389854297023255,-2.766331648439072,0.482842712474619,0,1098.5279541015625
49035,10,250,13,33,2,22.513321901273148,-2.708310883225051,0.3414213562373095,0,1098.5279541015625
49035,10,250,13,34,2,33.41239075222497,-2.6174175209139947,0.4308640753373011,0,1098.5279541015625
49035,10,250,13,35,2,12.872098438806843,-1.9118964086035528,0.613407053921902,0,1098.5279541015625
49035,10,250,13,36,2,18.686012241038476,-2.0317044584453465,0.682842712474619,0,1098.5279541015625
49035,10,250,13,37,2,15.90724848288397,-1.790016868563796,0.8513997106635237,0,1098.5279541015625
49035,10,250,13,38,2,14.384507468807856,-1.473862794932524,0.682842712474619,0,1098.5279541015625
49035,10,250,13,39,2,19.293688115099027,-1.8480132847280912,0.848528137423857,0,1098.5279541015625
49035,10,250,13,40,2,17.35280674434796,-1.595509826006537,0.848528137423857,0,1098.5279541015625
49035,10,250,13,41,2,24.768746381123737,-2.0084466252050017,0.613407053921902,0,1098.5279541015625
49035,10,250,13,42,2,22.725585754149716,-1.8885974736445386,0.8513997106635237,0,1098.5279541015625
49035,10,250,13,43,2,20.50184744585685,-1.6807526740607215,0.848528137423857,0,1098.5279541015625
49035,10,250,13,44,2,19.34423039350911,-1.4358914957555808,0.8513997106635237,0,1098.5279541015625
49035,10,250,13,45,2,19.27850357506889,-1.254433938811887,0.613407053921902,0,1098.5279541015625
49035,10,250,13,46,2,23.759873641913295,-1.7429737811705155,0.848528137423857,0,1098.5279541015625
49035,10,250,13,47,2,22.21272374797068,-1.535639939884973,0.848528137423857,0,1098.5279541015625
49035,10,250,13,48,2,27.087588343486487,-1.7900542285857917,0.682842712474619,0,1098.5279541015625
49035,10,250,13,49,2,25.25095925089104,-1.612002669227877,0.8513997106635237,0,1098.5279541015625
49035,10,250,13,50,2,24.320453201248828,-1.413436606414406,0.682842712474619,0,1098.5279541015625
49035,10,250,13,51,2,28.62622188078686,-1.5775562999992594,0.613407053921902,0,1098.5279541015625
49035,10,250,13,52,2,39.74669230706332,-2.5311525155962165,0.4308640753373011,0,1098.5279541015625
49035,10,250,13,53,2,50.88553568649337,-2.5097529212788414,0.3414213562373095,0,1098.5279541015625
49035,10,250,13,54,2,41.79814282655797,-2.4192238881930472,0.482842712474619,0,1098.5279541015625
49035,10,250,13,55,2,33.23900939253889,-2.280376692356258,0.3414213562373095,0,1098.5279541015625
49035,10,250,13,56,2,48.58494043757116,-2.3751765552765756,0.4242640687119285,0,1098.5279541015625
49035,10,250,13,57,2,40.22739662183332,-2.2508906326386127,0.4242640687119285,0,1098.5279541015625
49035,10,250,13,58,2,55.44283660578105,-2.3419740759329,0.382842712474619,0,1098.5279541015625
49035,10,250,13,59,2,47.2403972521748,-2.2301453435898226,0.4242640687119285,0,1098.5279541015625
49035,10,250,13,60,2,39.86730658310433,-2.0743209883162863,0.482842712474619,0,1098.5279541015625
49035,10,250,13,61,2,36.65072489071954,-1.9741356637926626,0.37888543819998316,0,1098.5279541015625
49035,10,250,13,62,2,54.26846990763866,-2.2147680535753453,0.4242640687119285,0,1098.5279541015625
49035,10,250,13,63,2,46.9341435179575,-2.0799749831607657,0.4242640687119285,0,1098.5279541015625
49035,10,250,13,64,2,61.306431307728886,-2.2029190902139577,0.3414213562373095,0,1098.5279541015625
49035,10,250,13,65,2,54.00208812015726,-2.084149062484561,0.382842712474619,0,1098.5279541015625
49035,10,250,13,66,2,47.68618796868942,-1.931218977024356,0.3414213562373095,0,1098.5279541015625
49035,10,251,10,1,,,,,0,1098.8780517578125
49035,10,251,10,2,,,,,0,1098.8780517578125
49035,10,251,10,3,2,10.34455492068317,0.698848091631485,0.30493814941137515,0,1098.8780517578125
49035,10,251,10,4,,,,,0,1098.8780517578125
49035,10,251,10,5,,,,,0,1098.8780517578125
49035,10,251,10,6,,,,,0,1098.8780517578125
49035,10,251,10,7,,,,,0,1098.8780517578125
49035,10,251,10,8,,,,,0,1098.8780517578125
49035,10,251,10,9,,,,,0,1098.8780517578125
49035,10,251,10,10,2,4.096500474895543,0.1845974072680414,0.33226810064997986,1,1098.8780517578125
49035,10,251,10,11,,,,,0,1098.8780517578125
49035,10,251,10,12,,,,,0,1098.8780517578125
49035,10,251,10,13,,,,,0,1098.8780517578125
49035,10,251,10,14,2,9.968089944813874,-4.419141275368034,0.3427318223037913,0,1098.8780517578125
49035,10,251,10,15,,,,,0,1098.8780517578125
49035,10,251,10,16,,,,,0,1098.8780517578125
49035,10,251,10,17,2,6.608469320063664,-3.7805466122520968,0.3712501974171229,0,1098.8780517578125
49035,10,251,10,18,2,39.806366564539736,1.2728809096356732,0.37888543819998316,0,1098.8780517578125
49035,10,251,10,19,2,47.086392090258805,1.4691914261097057,0.3414213562373095,0,1098.8780517578125
49035,10,251,10,20,2,37.66415164532529,1.3896257068248592,0.482842712474619,0,1098.8780517578125
49035,10,251,10,21,2,28.636485787305194,1.2585604861951678,0.3414213562373095,0,1098.8780517578125
49035,10,251,10,22,2,40.9499672736301,1.5492254211199263,0.4242640687119285,0,1098.8780517578125
49035,10,251,10,23,2,31.27874388136213,1.4781521799930855,0.4242640687119285,0,1098.8780517578125
49035,10,251,10,24,2,50.09472348180451,1.6913612781090968,0.37888543819998316,0,1098.8780517578125
49035,10,251,10,25,2,45.11331644050006,1.6822992949187854,0.482842712474619,0,1098.8780517578125
49035,10,251,10,26,2,35.16633787224887,1.6564790474411963,0.4242640687119285,0,1098.8780517578125
49035,10,251,10,27,2,25.261261220090294,1.610356226744432,0.482842712474619,0,1098.8780517578125
49035,10,251,10,28,2,20.343581739012283,1.5704953715257157,0.37888543819998316,0,1098.8780517578125
49035,10,251,10,29,2,39.93723600719611,-4.487329344893491,0.4242640687119285,0,1098.8780517578125
49035,10,251,10,30,2,29.940654952404667,-4.479767890649441,0.4242640687119285,0,1098.8780517578125
49035,10,251,10,31,2,45.313290770410816,-4.3793028229558875,0.3414213562373095,0,1098.8780517578125
49035,10,251,10,32,2,35.42251147968295,-4.34251107560892,0.482842712474619,0,1098.8780517578125
49035,10,251,10,33,2,25.616680476063703,-4.2773989163568,0.3414213562373095,0,1098.8780517578125
49035,10,251,10,34,2,36.58955888801918,-4.207360567112631,0.4308640753373011,0,1098.8780517578125
49035,10,251,10,35,2,15.887361875354596,-3.614096043229852,0.613407053921902,0,1098.8780517578125
49035,10,251,10,36,2,21.811861861847586,-3.6928894005154693,0.682842712474619,0,1098.8780517578125
49035,10,251,10,37,2,18.74799502407011,-3.497181294271394,0.8513997106635237,0,1098.8780517578125
49035,10,251,10,38,2,16.649844352569605,-3.239591360696302,0.682842712474619,0,1098.8780517578125
49035,10,251,10,39,2,22.20682479998471,-3.533080608514269,0.848528137423857,0,1098.8780517578125
49035,10,251,10,40,2,19.846235593669956,-3.3227374447765383,0.848528137423857,0,1098.8780517578125
49035,10,251,10,41,2,27.86642815813158,-3.661673584000355,0.613407053921902,0,1098.8780517578125
49035,10,251,10,42,2,25.686549358990867,-3.559280024658278,0.8513997106635237,0,1098.8780517578125
49035,10,251,10,43,2,23.141495576433915,-3.3825261041785373,0.848528137423857,0,1098.8780517578125
49035,10,251,10,44,2,21.476936863909312,-3.1706445489263704,0.8513997106635237,0,1098.8780517578125
49035,10,251,10,45,2,20.952799735021383,-3.0073324448128753,0.613407053921902,0,1098.8780517578125
49035,10,251,10,46,2,26.498765401217632,-3.427293065114701,0.848528137423857,0,1098.8780517578125
49035,10,251,10,47,2,24.554318710381782,-3.246459562835057,0.848528137423857,0,1098.8780517578125
49035,10,251,10,48,2,29.897162374771067,-3.4619396861716147,0.682842712474619,0,1098.8780517578125
49035,10,251,10,49,2,27.741130431286738,-3.305132317926631,0.8513997106635237,0,1098.8780517578125
49035,10,251,10,50,2,26.36854787711867,-3.1271303412400746,0.682842712474619,0,1098.8780517578125
49035,10,251,10,51,2,31.034647857994944,-3.2647647068694075,0.613407053921902,0,1098.8780517578125
49035,10,251,10,52,2,42.977986460153524,-4.130904052346278,0.4308640753373011,0,1098.8780517578125
49035,10,251,10,53,2,54.12659994102918,-4.113452995572853,0.3414213562373095,0,1098.8780517578125
49035,10,251,10,54,2,45.06826844089633,-4.027653670899207,0.482842712474619,0,1098.8780517578125
49035,10,251,10,55,2,36.50491500257417,-3.900248854598836,0.3414213562373095,0,1098.8780517578125
49035,10,251,10,56,2,51.8600069495754,-3.9869473276645433,0.4242640687119285,0,1098.8780517578125
49035,10,251,10,57,2,43.4847136347301,-3.8718249152073976,0.4242640687119285,0,1098.8780517578125
49035,10,251,10,58,2,58.71773004263129,-3.9557070846083104,0.382842712474619,0,1098.8780517578125
49035,10,251,10,59,2,50.489918007893394,-3.851275331411939,0.4242640687119285,0,1098.8780517578125
49035,10,251,10,60,2,43.01966782215165,-3.708510455124836,0.482842712474619,0,1098.8780517578125
49035,10,251,10,61,2,39.70417886155696,-3.6179209887090455,0.37888543819998316,0,1098.8780517578125
49035,10,251,10,62,2,57.51124516990668,-3.8357380947370174,0.4242640687119285,0,1098.8780517578125
49035,10,251,10,63,2,50.08995228663716,-3.710777780903788,0.4242640687119285,0,1098.8780517578125
49035,10,251,10,64,2,64.54343360515018,-3.8235840844388043,0.3414213562373095,0,1098.8780517578125
49035,10,251,10,65,2,57.16043054969848,-3.7124841985196575,0.382842712474619,0,1098.8780517578125
49035,10,251,10,66,2,50.68308218440721,-3.570819227732782,0.3414213562373095,0,1098.8780517578125
49035,10,252,3,1,,,,,0,1098.9610595703125
49035,10,252,3,2,,,,,0,1098.9610595703125
49035,10,252,3,3,2,9.157934221754095,0.14303240581234178,0.22676234637743323,1,1098.9610595703125
49035,10,252,3,4,,,,,0,1098.9610595703125
49035,10,252,3,5,,,,,0,1098.9610595703125
49035,10,252,3,6,,,,,0,1098.9610595703125
49035,10,252,3,7,,,,,0,1098.9610595703125
49035,10,252,3,8,,,,,0,1098.9610595703125
49035,10,252,3,9,,,,,0,1098.9610595703125
49035,10,252,3,10,,,,,0,1098.9610595703125
49035,10,252,3,11,,,,,0,1098.9610595703125
49035,10,252,3,12,,,,,0,1098.9610595703125
49035,10,252,3,13,,,,,0,1098.9610595703125
49035,10,252,3,14,2,9.706738447848265,-4.872589213724767,0.3427318223037913,0,1098.9610595703125
49035,10,252,3,15,,,,,0,1098.9610595703125
49035,10,252,3,16,,,,,0,1098.9610595703125
49035,10,252,3,17,2,7.118565011328439,-4.194746650007975,0.35680269384357455,0,1098.9610595703125
49035,10,252,3,18,2,38.898609063468115,0.7204100050721269,0.37888543819998316,0,1098.9610595703125
49035,10,252,3,19,2,46.34856849650467,0.9170633371786221,0.3414213562373095,0,1098.9610595703125
49035,10,252,3,20,2,36.85522744824146,0.8410065507239688,0.482842712474619,0,1098.9610595703125
49035,10,252,3,21,2,27.72049384206631,0.7136181778174038,0.3414213562373095,0,1098.9610595703125
49035,10,252,3,22,2,40.29211832551727,1.0015413034206269,0.4242640687119285,0,1098.9610595703125
49035,10,252,3,23,2,30.554423374429934,0.936680761367561,0.4242640687119285,0,1098.9610595703125
49035,10,252,3,24,2,49.58369503939925,1.1407733994668066,0.37888543819998316,0,1098.9610595703125
49035,10,252,3,25,2,44.59374180368091,1.1340360472191233,0.482842712474619,0,1098.9610595703125
49035,10,252,3,26,2,34.622533076593115,1.1147375731393452,0.4242640687119285,0,1098.9610595703125
49035,10,252,3,27,2,24.674638502442345,1.0798551049462835,0.482842712474619,0,1098.9610595703125
49035,10,252,3,28,2,19.720466006649616,1.0492355648108478,0.37888543819998316,0,1098.9610595703125
49035,10,252,3,29,2,39.54575584731765,-5.031169885233647,0.4242640687119285,0,1098.9610595703125
49035,10,252,3,30,2,29.56323382382388,-5.013885647854828,0.4242640687119285,0,1098.9610595703125
49035,10,252,3,31,2,45.04457586026904,-4.925790423824441,0.3414213562373095,0,1098.9610595703125
49035,10,252,3,32,2,35.20130399598796,-4.881499473707123,0.482842712474619,0,1098.9610595703125
49035,10,252,3,33,2,25.480380523147293,-4.803146759475107,0.3414213562373095,0,1098.9610595703125
49035,10,252,3,34,2,36.528588888801124,-4.746964851438587,0.4308640753373011,0,1098.9610595703125
49035,10,252,3,35,2,16.521034429775746,-4.123688798543881,0.613407053921902,0,1098.9610595703125
49035,10,252,3,36,2,22.355755110686456,-4.216891395564357,0.682842712474619,0,1098.9610595703125
49035,10,252,3,37,2,19.489453067292487,-4.0203034677992076,0.8513997106635237,0,1098.9610595703125
49035,10,252,3,38,2,17.603913631786806,-3.7696385488408586,0.682842712474619,0,1098.9610595703125
49035,10,252,3,39,2,22.910964303366487,-4.0624555134679525,0.848528137423857,0,1098.9610595703125
49035,10,252,3,40,2,20.73574883150706,-3.855534950829804,0.848528137423857,0,1098.9610595703125
49035,10,252,3,41,2,28.43755428571208,-4.196601299081572,0.613407053921902,0,1098.9610595703125
49035,10,252,3,42,2,26.362583138950374,-4.0936136877717555,0.8513997106635237,0,1098.9610595703125
49035,10,252,3,43,2,23.98009141040299,-3.9185561557072983,0.848528137423857,0,1098.9610595703125
49035,10,252,3,44,2,22.474513973487753,-3.712812558190836,0.8513997106635237,0,1098.9610595703125
49035,10,252,3,45,2,22.043027794514646,-3.5566045554351033,0.613407053921902,0,1098.9610595703125
49035,10,252,3,46,2,27.29685491955475,-3.96641609096544,0.848528137423857,0,1098.9610595703125
49035,10,252,3,47,2,25.498574132535985,-3.7893463185502267,0.848528137423857,0,1098.9610595703125
49035,10,252,3,48,2,30.66254707207406,-4.003840097785874,0.682842712474619,0,1098.9610595703125
49035,10,252,3,49,2,28.640020726954273,-3.8493816470153854,0.8513997106635237,0,1098.9610595703125
49035,10,252,3,50,2,27.391783102485007,-3.6763036654741788,0.682842712474619,0,1098.9610595703125
49035,10,252,3,51,2,31.963181779552723,-3.8130743465125083,0.613407053921902,0,1098.9610595703125
49035,10,252,3,52,2,43.005637015429954,-4.675374667653681,0.4308640753373011,0,1098.9610595703125
49035,10,252,3,53,2,54.17169768158997,-4.663671333227249,0.3414213562373095,0,1098.9610595703125
49035,10,252,3,54,2,45.218257576912514,-4.57365328836697,0.482842712474619,0,1098.9610595703125
49035,10,252,3,55,2,36.80772754298249,-4.440959203514447,0.3414213562373095,0,1098.9610595703125
49035,10,252,3,56,2,52.05610268919371,-4.536528481175109,0.4242640687119285,0,1098.9610595703125
49035,10,252,3,57,2,43.81730041632307,-4.417788015657376,0.4242640687119285,0,1098.9610595703125
49035,10,252,3,58,2,58.94900199395876,-4.508053693277014,0.382842712474619,0,1098.9610595703125
49035,10,252,3,59,2,50.84390646547706,-4.401014276114994,0.4242640687119285,0,1098.9610595703125
49035,10,252,3,60,2,43.5341338866022,-4.2558408231955625,0.482842712474619,0,1098.9610595703125
49035,10,252,3,61,2,40.314759177624,-4.16449058474599,0.37888543819998316,0,1098.9610595703125
49035,10,252,3,62,2,57.88134270700753,-4.388316483780683,0.4242640687119285,0,1098.9610595703125
49035,10,252,3,63,2,50.6000772939378,-4.261575521237344,0.4242640687119285,0,1098.9610595703125
49035,10,252,3,64,2,64.92608753391758,-4.378372889758739,0.3414213562373095,0,1098.9610595703125
49035,10,252,3,65,2,57.66727695191055,-4.265904744620188,0.382842712474619,0,1098.9610595703125
49035,10,252,3,66,2,51.33841465837039,-4.123488530737003,0.3414213562373095,0,1098.9610595703125
49035,10,253,14,1,,,,,0,1099.56103515625
49035,10,253,14,2,,,,,0,1099.56103515625
49035,10,253,14,3,,,,,0,1099.56103515625
49035,10,253,14,4,2,2.7659760366223547,-1.3221103503449605,0.30401993338718164,0,1099.56103515625
49035,10,253,14,5,,,,,0,1099.56103515625
49035,10,253,14,6,,,,,0,1099.56103515625
49035,10,253,14,7,,,,,0,1099.56103515625
49035,10,253,14,8,,,,,0,1099.56103515625
49035,10,253,14,9,,,,,0,1099.56103515625
49035,10,253,14,10,,,,,0,1099.56103515625
49035,10,253,14,11,2,6.317595294612262,-2.5933677096606704,0.3164982883492972,0,1099.56103515625
49035,10,253,14,12,,,,,0,1099.56103515625
49035,10,253,14,13,,,,,0,1099.56103515625
49035,10,253,14,14,2,11.377355483394226,-4.430915902922766,0.34024562494293015,1,1099.56103515625
49035,10,253,14,15,,,,,0,1099.56103515625
49035,10,253,14,16,,,,,0,1099.56103515625
49035,10,253,14,17,2,11.976500553701229,-3.904534869648411,0.35680269384357455,0,1099.56103515625
49035,10,253,14,18,2,35.07492519975866,0.714206510097489,0.37888543819998316,0,1099.56103515625
49035,10,253,14,19,2,43.54399808524887,0.9012452795356545,0.3414213562373095,0,1099.56103515625
49035,10,253,14,20,2,33.707782197135494,0.8541934928283754,0.482842712474619,0,1099.56103515625
49035,10,253,14,21,2,24.00727789756456,0.7687794174278437,0.3414213562373095,0,1099.56103515625
49035,10,253,14,22,2,38.0409171528461,1.0103984835664983,0.4242640687119285,0,1099.56103515625
49035,10,253,14,23,2,28.05790778427835,0.9925628791810648,0.4242640687119285,0,1099.56103515625
49035,10,253,14,24,2,48.09304283687187,-5.158297075556144,0.37888543819998316,0,1099.56103515625
49035,10,253,14,25,2,43.104618952147995,-5.150828670229167,0.482842712474619,0,1099.56103515625
49035,10,253,14,26,2,33.1382405448938,-5.129149599266006,0.4242640687119285,0,1099.56103515625
49035,10,253,14,27,2,23.200814593729472,-5.088864475717182,0.482842712474619,0,1099.56103515625
49035,10,253,14,28,2,18.257743658877843,-5.052306990780012,0.37888543819998316,0,1099.56103515625
49035,10,253,14,29,2,38.84636126577905,-5.012764767759238,0.4242640687119285,0,1099.56103515625
49035,10,253,14,30,2,29.14060045697045,-4.941180897986511,0.4242640687119285,0,1099.56103515625
49035,10,253,14,31,2,44.943704573294745,-4.92703964390688,0.3414213562373095,0,1099.56103515625
49035,10,253,14,32,2,35.49748430766555,-4.84485794221944,0.482842712474619,0,1099.56103515625
49035,10,253,14,33,2,26.461409704970922,-4.70497676973125,0.3414213562373095,0,1099.56103515625
49035,10,253,14,34,2,37.63024840542275,-4.721043657364941,0.4308640753373011,0,1099.56103515625
49035,10,253,14,35,2,21.16392885126713,-4.039222116091113,0.613407053921902,0,1099.56103515625
49035,10,253,14,36,2,26.500366426474468,-4.164368819438324,0.682842712474619,0,1099.56103515625
49035,10,253,14,37,2,24.4404751680097,-3.9851095681479913,0.8513997106635237,0,1099.56103515625
49035,10,253,14,38,2,23.289573464080068,-3.780809339750709,0.682842712474619,0,1099.56103515625
49035,10,253,14,39,2,27.663789057686706,-4.040983925937274,0.848528137423857,0,1099.56103515625
49035,10,253,14,40,2,26.17924045362795,-3.863333065621353,0.848528137423857,0,1099.56103515625
49035,10,253,14,41,2,32.579693669950245,-4.182752591911965,0.613407053921902,0,1099.56103515625
49035,10,253,14,42,2,30.955348869270956,-4.085090295207353,0.8513997106635237,0,1099.56103515625
49035,10,253,14,43,2,29.21131680220798,-3.9291002579990124,0.848528137423857,0,1099.56103515625
49035,10,253,14,44,2,28.255414260273053,-3.7580642006558933,0.8513997106635237,0,1099.56103515625
49035,10,253,14,45,2,28.100989644674797,-3.633895453681638,0.613407053921902,0,1099.56103515625
49035,10,253,14,46,2,32.345779135909616,-3.982316059250355,0.848528137423857,0,1099.56103515625
49035,10,253,14,47,2,31.085637095123683,-3.8295759146702886,0.848528137423857,0,1099.56103515625
49035,10,253,14,48,2,35.55555971292161,-4.026029756832896,0.682842712474619,0,1099.56103515625
49035,10,253,14,49,2,34.04798426044951,-3.8889056015665706,0.8513997106635237,0,1099.56103515625
49035,10,253,14,50,2,33.23150068685585,-3.7421244647496197,0.682842712474619,0,1099.56103515625
49035,10,253,14,51,2,37.45918010603568,-3.866968607723681,0.613407053921902,0,1099.56103515625
49035,10,253,14,52,2,44.46270788238158,-4.676511401953116,0.4308640753373011,0,1099.56103515625
49035,10,253,14,53,2,55.61260453991963,-4.6930924672304855,0.3414213562373095,0,1099.56103515625
49035,10,253,14,54,2,47.25353526578574,-4.585971533795613,0.482842712474619,0,1099.56103515625
49035,10,253,14,55,2,39.66145996450741,-4.43548822095452,0.3414213562373095,0,1099.56103515625
49035,10,253,14,56,2,54.25673591633607,-4.566669391403047,0.4242640687119285,0,1099.56103515625
49035,10,253,14,57,2,46.732517626342364,-4.4357665106213595,0.4242640687119285,0,1099.56103515625
49035,10,253,14,58,2,61.27552683963809,-4.551784631430776,0.382842712474619,0,1099.56103515625
49035,10,253,14,59,2,53.803577956085554,-4.435971652636708,0.4242640687119285,0,1099.56103515625
49035,10,253,14,60,2,47.275361577442666,-4.285631360718398,0.482842712474619,0,1099.56103515625
49035,10,253,14,61,2,44.4974967608137,-4.194958148996752,0.37888543819998316,0,1099.56103515625
49035,10,253,14,62,2,60.87464002404245,-4.436129136981858,0.4242640687119285,0,1099.56103515625
49035,10,253,14,63,2,54.27574605160318,-4.305319953193195,0.4242640687119285,0,1099.56103515625
49035,10,253,14,64,2,67.94570328752899,-4.4362538427515865,0.3414213562373095,0,1099.56103515625
49035,10,253,14,65,2,61.292360100083386,-4.320505548347168,0.382842712474619,0,1099.56103515625
49035,10,253,14,66,2,55.64969198512838,-4.179026069626367,0.3414213562373095,0,1099.56103515625
49035,10,254,17,1,2,11.607708952223804,2.5764722396224533,0.3058589465963431,0,1100.427978515625
49035,10,254,17,2,,,,,0,1100.427978515625
49035,10,254,17,3,,,,,0,1100.427978515625
49035,10,254,17,4,2,11.850196644876684,2.050451744291016,0.397155639372335,0,1100.427978515625
49035,10,254,17,5,,,,,0,1100.427978515625
49035,10,254,17,6,,,,,0,1100.427978515625
49035,10,254,17,7,,,,,0,1100.427978515625
49035,10,254,17,8,,,,,0,1100.427978515625
49035,10,254,17,9,,,,,0,1100.427978515625
49035,10,254,17,10,,,,,0,1100.427978515625
49035,10,254,17,11,2,13.06684209293068,1.5650720496835369,0.33022445026534875,0,1100.427978515625
49035,10,254,17,12,,,,,0,1100.427978515625
49035,10,254,17,13,,,,,0,1100.427978515625
49035,10,254,17,14,,,,,0,1100.427978515625
49035,10,254,17,15,,,,,0,1100.427978515625
49035,10,254,17,16,,,,,0,1100.427978515625
49035,10,254,17,17,2,7.624198513230491,0.4315205908436729,0.2761453428205367,1,1100.427978515625
49035,10,254,17,18,2,30.895228323533033,3.9408494667671023,0.37888543819998316,0,1100.427978515625
49035,10,254,17,19,2,37.67705699000561,4.202116106210276,0.3414213562373095,0,1100.427978515625
49035,10,254,17,20,2,28.407439728749488,4.087381217121501,0.482842712474619,0,1100.427978515625
49035,10,254,17,21,2,19.85962337147759,3.8684421010084407,0.3414213562373095,0,1100.427978515625
49035,10,254,17,22,2,31.47600874419483,4.30083098799154,0.4242640687119285,0,1100.427978515625
49035,10,254,17,23,2,21.86689586976244,4.195253096533988,0.4242640687119285,0,1100.427978515625
49035,10,254,17,24,2,40.69133343513729,4.477955620433221,0.37888543819998316,0,1100.427978515625
49035,10,254,17,25,2,35.70007872521746,4.470200069295521,0.482842712474619,0,1100.427978515625
49035,10,254,17,26,2,25.727759900565157,4.445665308556652,0.4242640687119285,0,1100.427978515625
49035,10,254,17,27,2,15.79049201309233,4.390172758074908,0.482842712474619,0,1100.427978515625
49035,10,254,17,28,2,10.865111240697669,4.324458109392063,0.37888543819998316,0,1100.427978515625
49035,10,254,17,29,2,30.751814971204922,-1.6603880243032194,0.4242640687119285,0,1100.427978515625
49035,10,254,17,30,2,20.81096183595625,-1.617455182741429,0.4242640687119285,0,1100.427978515625
49035,10,254,17,31,2,36.461357881259964,-1.535730632856134,0.3414213562373095,0,1100.427978515625
49035,10,254,17,32,2,26.774103664917003,-1.4562925757981755,0.482842712474619,0,1100.427978515625
49035,10,254,17,33,2,17.443469711445783,-1.2896509088654546,0.3414213562373095,0,1100.427978515625
49035,10,254,17,34,2,28.62376854711865,-1.2882950061441896,0.4308640753373011,0,1100.427978515625
49035,10,254,17,35,2,14.260623996123693,-0.22314555166852656,0.613407053921902,0,1100.427978515625
49035,10,254,17,36,2,18.618046128612008,-0.48617287397968156,0.682842712474619,0,1100.427978515625
49035,10,254,17,37,2,17.757889680486436,-0.21445344732794025,0.8513997106635237,0,1100.427978515625
49035,10,254,17,38,2,18.27713462667299,0.0624665041152328,0.682842712474619,0,1100.427978515625
49035,10,254,17,39,2,20.487090890738344,-0.3323562815962793,0.848528137423857,0,1100.427978515625
49035,10,254,17,40,2,20.33302479766786,-0.0868777159764611,0.848528137423857,0,1100.427978515625
49035,10,254,17,41,2,24.51023128096469,-0.5606811946845744,0.613407053921902,0,1100.427978515625
49035,10,254,17,42,2,23.43286453736336,-0.4216170076625738,0.8513997106635237,0,1100.427978515625
49035,10,254,17,43,2,22.755442089390915,-0.20667166538054205,0.848528137423857,0,1100.427978515625
49035,10,254,17,44,2,23.162926173970888,0.010818641622948544,0.8513997106635237,0,1100.427978515625
49035,10,254,17,45,2,24.07008209210902,0.1541045538931487,0.613407053921902,0,1100.427978515625
49035,10,254,17,46,2,25.439897640216063,-0.3023348627281015,0.848528137423857,0,1100.427978515625
49035,10,254,17,47,2,25.315990918821903,-0.10505353931774786,0.848528137423857,0,1100.427978515625
49035,10,254,17,48,2,28.31195223232969,-0.37918157274549524,0.682842712474619,0,1100.427978515625
49035,10,254,17,49,2,27.75387618807363,-0.2016926418857008,0.8513997106635237,0,1100.427978515625
49035,10,254,17,50,2,28.08894173371654,-0.022779379509907605,0.682842712474619,0,1100.427978515625
49035,10,254,17,51,2,31.25307813013669,-0.19915498227789996,0.613407053921902,0,1100.427978515625
49035,10,254,17,52,2,35.39882230189465,-1.2246835041558073,0.4308640753373011,0,1100.427978515625
49035,10,254,17,53,2,46.563098163953896,-1.2394406454779492,0.3414213562373095,0,1100.427978515625
49035,10,254,17,54,2,38.151593926603,-1.1110424988274838,0.482842712474619,0,1100.427978515625
49035,10,254,17,55,2,30.70775354295418,-0.9156419383371934,0.3414213562373095,0,1100.427978515625
49035,10,254,17,56,2,45.158616161951926,-1.088165489270467,0.4242640687119285,0,1100.427978515625
49035,10,254,17,57,2,37.77198197310951,-0.9247715746401359,0.4242640687119285,0,1100.427978515625
49035,10,254,17,58,2,52.18291969777659,-1.071440496810003,0.382842712474619,0,1100.427978515625
49035,10,254,17,59,2,44.838366570371456,-0.9310240002978294,0.4242640687119285,0,1100.427978515625
49035,10,254,17,60,2,38.70272761981265,-0.7411836163307564,0.482842712474619,0,1100.427978515625
49035,10,254,17,61,2,36.28515026110008,-0.6243261169582051,0.37888543819998316,0,1100.427978515625
49035,10,254,17,62,2,51.90602673313668,-0.935573872445344,0.4242640687119285,0,1100.427978515625
49035,10,254,17,63,2,45.625186243296625,-0.7755026158507257,0.4242640687119285,0,1100.427978515625
49035,10,254,17,64,2,58.97450386178076,-0.9390331391596554,0.3414213562373095,0,1100.427978515625
49035,10,254,17,65,2,52.587204853059056,-0.8007581768174663,0.382842712474619,0,1100.427978515625
49035,10,254,17,66,2,47.46405084663552,-0.6286488454364763,0.3414213562373095,0,1100.427978515625
49035,10,255,11,1,2,14.070109362458728,2.221441483429939,0.41088180128838653,0,1100.81103515625
49035,10,255,11,2,2,10.895759147099053,2.6456273716779055,0.3532891032037997,0,1100.81103515625
49035,10,255,11,3,,,,,0,1100.81103515625
49035,10,255,11,4,2,12.510898109706822,1.7729436466071484,0.42769276820761626,0,1100.81103515625
49035,10,255,11,5,,,,,0,1100.81103515625
49035,10,255,11,6,,,,,0,1100.81103515625
49035,10,255,11,7,,,,,0,1100.81103515625
49035,10,255,11,8,,,,,0,1100.81103515625
49035,10,255,11,9,,,,,0,1100.81103515625
49035,10,255,11,10,,,,,0,1100.81103515625
49035,10,255,11,11,2,11.729396406792597,1.26791448498478,0.3164982883492972,1,1100.81103515625
49035,10,255,11,12,,,,,0,1100.81103515625
49035,10,255,11,13,,,,,0,1100.81103515625
49035,10,255,11,14,,,,,0,1100.81103515625
49035,10,255,11,15,,,,,0,1100.81103515625
49035,10,255,11,16,,,,,0,1100.81103515625
49035,10,255,11,17,,,,,0,1100.81103515625
49035,10,255,11,18,2,34.75710320011428,3.298214913091817,0.37888543819998316,0,1100.81103515625
49035,10,255,11,19,2,41.11965023997382,3.5419982747265633,0.3414213562373095,0,1100.81103515625
49035,10,255,11,20,2,32.07227213618724,3.4246335465349507,0.482842712474619,0,1100.81103515625
49035,10,255,11,21,2,23.799908489267878,3.220918904429462,0.3414213562373095,0,1100.81103515625
49035,10,255,11,22,2,34.717467578035894,3.621472727253,0.4242640687119285,0,1100.81103515625
49035,10,255,11,23,2,25.359565436967696,3.502584011455135,0.4242640687119285,0,1100.81103515625
49035,10,255,11,24,2,43.4519501061386,3.8014058622092524,0.37888543819998316,0,1100.81103515625
49035,10,255,11,25,2,38.496421523127246,3.785136796301007,0.482842712474619,0,1100.81103515625
49035,10,255,11,26,2,28.631791320246936,3.7357386276872213,0.4242640687119285,0,1100.81103515625
49035,10,255,11,27,2,18.90990423894423,3.6350456048014643,0.482842712474619,0,1100.81103515625
49035,10,255,11,28,2,14.194610962825907,3.533489261216547,0.37888543819998316,0,1100.81103515625
49035,10,255,11,29,2,33.112707368327484,3.913624740724733,0.4242640687119285,0,1100.81103515625
49035,10,255,11,30,2,23.113986964181713,3.9078424044589997,0.4242640687119285,0,1100.81103515625
49035,10,255,11,31,2,38.3812884660587,-2.2371729033729664,0.3414213562373095,0,1100.81103515625
49035,10,255,11,32,2,28.47680298830407,-2.1954632795812437,0.482842712474619,0,1100.81103515625
49035,10,255,11,33,2,18.674402602347325,-2.1096575615711024,0.3414213562373095,0,1100.81103515625
49035,10,255,11,34,2,29.690111578586922,-2.0284524088432057,0.4308640753373011,0,1100.81103515625
49035,10,255,11,35,2,11.486407662228482,-1.0595530349996092,0.613407053921902,0,1100.81103515625
49035,10,255,11,36,2,16.663947638628283,-1.2936660146546433,0.682842712474619,0,1100.81103515625
49035,10,255,11,37,2,14.885887711617391,-0.9958546740101631,0.8513997106635237,0,1100.81103515625
49035,10,255,11,38,2,14.67965105248821,-0.656273407449698,0.682842712474619,0,1100.81103515625
49035,10,255,11,39,2,17.95621370139157,-1.1031304688981627,0.848528137423857,0,1100.81103515625
49035,10,255,11,40,2,17.068336549001454,-0.821130266191424,0.848528137423857,0,1100.81103515625
49035,10,255,11,41,2,22.743786328912947,-1.3211160642290642,0.613407053921902,0,1100.81103515625
49035,10,255,11,42,2,21.17218855048299,-1.1784813736045665,0.8513997106635237,0,1100.81103515625
49035,10,255,11,43,2,19.803132834911235,-0.9430845160680873,0.848528137423857,0,1100.81103515625
49035,10,255,11,44,2,19.648576847626295,-0.689046710542962,0.8513997106635237,0,1100.81103515625
49035,10,255,11,45,2,20.286653829033305,-0.5164642710711825,0.613407053921902,0,1100.81103515625
49035,10,255,11,46,2,22.759613959913736,-1.0344433362489012,0.848528137423857,0,1100.81103515625
49035,10,255,11,47,2,22.065867978945146,-0.8130353157052242,0.848528137423857,0,1100.81103515625
49035,10,255,11,48,2,25.861863527817572,-1.1043589446215893,0.682842712474619,0,1100.81103515625
49035,10,255,11,49,2,24.75355504147631,-0.9113598672420592,0.8513997106635237,0,1100.81103515625
49035,10,255,11,50,2,24.63008301348848,-0.7085775060925154,0.682842712474619,0,1100.81103515625
49035,10,255,11,51,2,28.22925041816339,-0.8957832148540968,0.613407053921902,0,1100.81103515625
49035,10,255,11,52,2,36.168696971321246,-1.9419626174025661,0.4308640753373011,0,1100.81103515625
49035,10,255,11,53,2,47.338610600625444,-1.9302963012243368,0.3414213562373095,0,1100.81103515625
49035,10,255,11,54,2,38.45450633823714,-1.8226526731323354,0.482842712474619,0,1100.81103515625
49035,10,255,11,55,2,30.27464387630998,-1.6538614216980076,0.3414213562373095,0,1100.81103515625
49035,10,255,11,56,2,45.33675079636654,-1.7837754672113593,0.4242640687119285,0,1100.81103515625
49035,10,255,11,57,2,37.32594241130041,-1.6381430090099927,0.4242640687119285,0,1100.81103515625
49035,10,255,11,58,2,52.26942593740784,-1.7551768951189812,0.382842712474619,0,1100.81103515625
49035,10,255,11,59,2,44.38353176512698,-1.6274214902608701,0.4242640687119285,0,1100.81103515625
49035,10,255,11,60,2,37.51936694649723,-1.4489796484556763,0.482842712474619,0,1100.81103515625
49035,10,255,11,61,2,34.66418033252547,-1.3351017397846112,0.37888543819998316,0,1100.81103515625
49035,10,255,11,62,2,51.444822936816074,-1.6196425314160474,0.4242640687119285,0,1100.81103515625
49035,10,255,11,63,2,44.54632208297595,-1.4682697210358753,0.4242640687119285,0,1100.81103515625
49035,10,255,11,64,2,58.508475642890225,-1.613741571172846,0.3414213562373095,0,1100.81103515625
49035,10,255,11,65,2,51.58533440983543,-1.4822994870043824,0.382842712474619,0,1100.81103515625
49035,10,255,11,66,2,45.81322658681033,-1.3141249782594056,0.3414213562373095,0,1100.81103515625
49035,10,256,4,1,2,13.0815514762171,0.8856086062357671,0.4163412096432035,0,1101.7440185546875
49035,10,256,4,2,2,14.148796920172561,1.3309834363607747,0.4541838746143514,0,1101.7440185546875
49035,10,256,4,3,,,,,0,1101.7440185546875
49035,10,256,4,4,2,7.832090223668449,0.5767987311399445,0.35812728826201445,1,1101.7440185546875
49035,10,256,4,5,,,,,0,1101.7440185546875
49035,10,256,4,6,,,,,0,1101.7440185546875
49035,10,256,4,7,2,15.657606317968114,1.7309705976092984,0.47153869179611585,0,1101.7440185546875
49035,10,256,4,8,,,,,0,1101.7440185546875
49035,10,256,4,9,,,,,0,1101.7440185546875
49035,10,256,4,10,,,,,0,1101.7440185546875
49035,10,256,4,11,,,,,0,1101.7440185546875
49035,10,256,4,12,2,9.442745526630693,1.887724072542828,0.37461816441109536,0,1101.7440185546875
49035,10,256,4,13,,,,,0,1101.7440185546875
49035,10,256,4,14,,,,,0,1101.7440185546875
49035,10,256,4,15,,,,,0,1101.7440185546875
49035,10,256,4,16,,,,,0,1101.7440185546875
49035,10,256,4,17,,,,,0,1101.7440185546875
49035,10,256,4,18,2,40.91520385017076,1.452654971694847,0.37888543819998316,0,1101.7440185546875
49035,10,256,4,19,2,48.60068434170459,1.6349987636104493,0.3414213562373095,0,1101.7440185546875
49035,10,256,4,20,2,39.02793488599427,1.5685880626740019,0.482842712474619,0,1101.7440185546875
49035,10,256,4,21,2,29.737735025532917,1.4599183827058464,0.3414213562373095,0,1101.7440185546875
49035,10,256,4,22,2,42.62310295295369,1.7180164206631423,0.4242640687119285,0,1101.7440185546875
49035,10,256,4,23,2,32.83111463720792,1.6637693258089958,0.4242640687119285,0,1101.7440185546875
49035,10,256,4,24,2,52.0067449252409,1.8472099746875006,0.37888543819998316,0,1101.7440185546875
49035,10,256,4,25,2,47.013594940301786,1.841918753630914,0.482842712474619,0,1101.7440185546875
49035,10,256,4,26,2,37.03284072541787,1.8270569161578616,0.4242640687119285,0,1101.7440185546875
49035,10,256,4,27,2,27.066297773754854,1.801240296913355,0.482842712474619,0,1101.7440185546875
49035,10,256,4,28,2,22.09436730638074,1.7796051190845963,0.44328887294614544,0,1101.7440185546875
49035,10,256,4,29,2,42.011670950663806,-4.328745130024405,0.4242640687119285,0,1101.7440185546875
49035,10,256,4,30,2,32.0333213864914,-4.310817083168845,0.4242640687119285,0,1101.7440185546875
49035,10,256,4,31,2,47.52399078296697,-4.2295881610199135,0.3414213562373095,0,1101.7440185546875
49035,10,256,4,32,2,37.67867942116507,-4.188180098888276,0.482842712474619,0,1101.7440185546875
49035,10,256,4,33,2,27.94344405949858,-4.11771838729258,0.3414213562373095,0,1101.7440185546875
49035,10,256,4,34,2,38.97189600580536,-4.062055664235436,0.4308640753373011,0,1101.7440185546875
49035,10,256,4,35,2,18.335194963651684,-3.52474835597305,0.613407053921902,0,1101.7440185546875
49035,10,256,4,36,2,24.294872702249023,-3.5871181776585415,0.682842712474619,0,1101.7440185546875
49035,10,256,4,37,2,21.114389195763728,-3.416569883755252,0.8513997106635237,0,1101.7440185546875
49035,10,256,4,38,2,18.745506730997782,-3.194789305067685,0.682842712474619,0,1101.7440185546875
49035,10,256,4,39,2,24.598618519065745,-3.4429033021812696,0.848528137423857,0,1101.7440185546875
49035,10,256,4,40,2,22.037890655374063,-3.258193852698553,0.848528137423857,0,1101.7440185546875
49035,10,256,4,41,2,30.335013119144605,-3.5548627197472866,0.613407053921902,0,1101.7440185546875
49035,10,256,4,42,2,28.095669327902915,-3.462692333266359,0.8513997106635237,0,1101.7440185546875
49035,10,256,4,43,2,25.395732446113144,-3.304980753881721,0.848528137423857,0,1101.7440185546875
49035,10,256,4,44,2,23.46315873803574,-3.1157862035121004,0.8513997106635237,0,1101.7440185546875
49035,10,256,4,45,2,22.675392653942122,-2.967805597797616,0.613407053921902,0,1101.7440185546875
49035,10,256,4,46,2,28.796142596030187,-3.3407816839617945,0.848528137423857,0,1101.7440185546875
49035,10,256,4,47,2,26.64196726787651,-3.1776963342668747,0.848528137423857,0,1101.7440185546875
49035,10,256,4,48,2,32.225648641218136,-3.3689926667214714,0.682842712474619,0,1101.7440185546875
49035,10,256,4,49,2,29.900986970983812,-3.2262649768873715,0.8513997106635237,0,1101.7440185546875
49035,10,256,4,50,2,28.27800582308878,-3.0634455680175248,0.682842712474619,0,1101.7440185546875
49035,10,256,4,51,2,33.13920757341686,-3.184070195519941,0.613407053921902,0,1101.7440185546875
49035,10,256,4,52,2,45.413190618585574,-3.992700628431117,0.4308640753373011,0,1101.7440185546875
49035,10,256,4,53,2,56.5714636061413,-3.9788486272191497,0.3414213562373095,0,1101.7440185546875
49035,10,256,4,54,2,47.55505943140402,-3.895441846472478,0.482842712474619,0,1101.7440185546875
49035,10,256,4,55,2,39.02097974817863,-3.7743657113465057,0.3414213562373095,0,1101.7440185546875
49035,10,256,4,56,2,54.36021414046351,-3.857659199091689,0.4242640687119285,0,1101.7440185546875
49035,10,256,4,57,2,46.002022394460525,-3.747817947353817,0.4242640687119285,0,1101.7440185546875
49035,10,256,4,58,2,61.2256652497115,-3.82831551793063,0.382842712474619,0,1101.7440185546875
49035,10,256,4,59,2,53.00693603909896,-3.728275900791555,0.4242640687119285,0,1101.7440185546875
49035,10,256,4,60,2,45.50701540681971,-3.5934981615062505,0.482842712474619,0,1101.7440185546875
49035,10,256,4,61,2,42.1481321380702,-3.508903096302829,0.37888543819998316,0,1101.7440185546875
49035,10,256,4,62,2,60.02736436097964,-3.71330022999832,0.4242640687119285,0,1101.7440185546875
49035,10,256,4,63,2,52.5779198438775,-3.5944808291945076,0.4242640687119285,0,1101.7440185546875
49035,10,256,4,64,2,67.05843478637486,-3.7014627438742655,0.3414213562373095,0,1101.7440185546875
49035,10,256,4,65,2,59.64886301499709,-3.5952305211142015,0.382842712474619,0,1101.7440185546875
49035,10,256,4,66,2,53.09557459869218,-3.460910456136798,0.3414213562373095,0,1101.7440185546875
49035,10,257,1,1,2,8.369545767987983,0.4694859834575136,0.3701418843629248,1,1102.1610107421875
49035,10,257,1,2,2,11.515424624995996,1.0087357157514358,0.46911412444492573,0,1102.1610107421875
49035,10,257,1,3,,,,,0,1102.1610107421875
49035,10,257,1,4,,,,,0,1102.1610107421875
49035,10,257,1,5,,,,,0,1102.1610107421875
49035,10,257,1,6,,,,,0,1102.1610107421875
49035,10,257,1,7,2,15.157613507554665,-4.901604844078227,0.47153869179611585,0,1102.1610107421875
49035,10,257,1,8,,,,,0,1102.1610107421875
49035,10,257,1,9,2,7.041315290746502,-4.656580811415847,0.5419111275354579,0,1102.1610107421875
49035,10,257,1,10,,,,,0,1102.1610107421875
49035,10,257,1,11,,,,,0,1102.1610107421875
49035,10,257,1,12,2,10.442790397355486,-4.544061324830074,0.563179972727508,0,1102.1610107421875
49035,10,257,1,13,,,,,0,1102.1610107421875
49035,10,257,1,14,,,,,0,1102.1610107421875
49035,10,257,1,15,,,,,0,1102.1610107421875
49035,10,257,1,16,,,,,0,1102.1610107421875
49035,10,257,1,17,,,,,0,1102.1610107421875
49035,10,257,1,18,2,38.26365568680135,0.8615200143752226,0.37888543819998316,0,1102.1610107421875
49035,10,257,1,19,2,46.86720643404528,1.0303242277394544,0.3414213562373095,0,1102.1610107421875
49035,10,257,1,20,2,37.00765670969121,0.990219573683129,0.482842712474619,0,1102.1610107421875
49035,10,257,1,21,2,27.25065634720181,0.921209065942979,0.3414213562373095,0,1102.1610107421875
49035,10,257,1,22,2,41.39456674083148,1.1320288061629553,0.4242640687119285,0,1102.1610107421875
49035,10,257,1,23,2,31.409262517163455,1.1169989371419675,0.4242640687119285,0,1102.1610107421875
49035,10,257,1,24,2,51.43868046591477,-5.0446835646220585,0.37888543819998316,0,1102.1610107421875
49035,10,257,1,25,2,46.448397778394366,-5.038309265643347,0.482842712474619,0,1102.1610107421875
49035,10,257,1,26,2,36.47581763841474,-5.02033017733665,0.4242640687119285,0,1102.1610107421875
49035,10,257,1,27,2,26.52389278748173,-4.988841855735744,0.482842712474619,0,1102.1610107421875
49035,10,257,1,28,2,21.564616776267883,-4.962212395304914,0.44328887294614544,0,1102.1610107421875
49035,10,257,1,29,2,42.12396910204079,-4.911746104265503,0.4242640687119285,0,1102.1610107421875
49035,10,257,1,30,2,32.36449272150924,-4.852694644381532,0.4242640687119285,0,1102.1610107421875
49035,10,257,1,31,2,48.14947843360804,-4.829556881266191,0.3414213562373095,0,1102.1610107421875
49035,10,257,1,32,2,38.6186987046356,-4.759339797981591,0.482842712474619,0,1102.1610107421875
49035,10,257,1,33,2,29.40128408505929,-4.644187833311848,0.3414213562373095,0,1102.1610107421875
49035,10,257,1,34,2,40.5815622945161,-4.643112706525306,0.4308640753373011,0,1102.1610107421875
49035,10,257,1,35,2,22.601549313671285,-4.059171314886252,0.613407053921902,0,1102.1610107421875
49035,10,257,1,36,2,28.25572047054956,-4.150133048838042,0.682842712474619,0,1102.1610107421875
49035,10,257,1,37,2,25.68854895503641,-3.9907068896571367,0.8513997106635237,0,1102.1610107421875
49035,10,257,1,38,2,23.90433758799375,-3.8019380553529993,0.682842712474619,0,1102.1610107421875
49035,10,257,1,39,2,29.058102100355793,-4.0298935121079404,0.848528137423857,0,1102.1610107421875
49035,10,257,1,40,2,27.034960805966975,-3.866576630271743,0.848528137423857,0,1102.1610107421875
49035,10,257,1,41,2,34.358899607820284,-4.14901922657508,0.613407053921902,0,1102.1610107421875
49035,10,257,1,42,2,32.462979652738305,-4.060899634726257,0.8513997106635237,0,1102.1610107421875
49035,10,257,1,43,2,30.254931102872632,-3.9176340142103694,0.848528137423857,0,1102.1610107421875
49035,10,257,1,44,2,28.755463205190047,-3.755743266024895,0.8513997106635237,0,1102.1610107421875
49035,10,257,1,45,2,28.190206274854866,-3.6343522861925335,0.613407053921902,0,1102.1610107421875
49035,10,257,1,46,2,33.538524211702715,-3.9587844296234502,0.848528137423857,0,1102.1610107421875
49035,10,257,1,47,2,31.801704583314997,-3.8150951049988056,0.848528137423857,0,1102.1610107421875
49035,10,257,1,48,2,36.868744982144,-3.992549836548827,0.682842712474619,0,1102.1610107421875
49035,10,257,1,49,2,34.94023704361258,-3.8639318084633776,0.8513997106635237,0,1102.1610107421875
49035,10,257,1,50,2,33.65020018914161,-3.722933321056528,0.682842712474619,0,1102.1610107421875
49035,10,257,1,51,2,38.26737096667113,-3.834221111757924,0.613407053921902,0,1102.1610107421875
49035,10,257,1,52,2,47.33715980899667,-4.595457146208918,0.4308640753373011,0,1102.1610107421875
49035,10,257,1,53,2,58.50841299501995,-4.604020589787288,0.3414213562373095,0,1102.1610107421875
49035,10,257,1,54,2,49.96264612094477,-4.507931377777844,0.482842712474619,0,1102.1610107421875
49035,10,257,1,55,2,42.06301966832261,-4.374080394634409,0.3414213562373095,0,1102.1610107421875
49035,10,257,1,56,2,56.922838192816386,-4.484542439361644,0.4242640687119285,0,1102.1610107421875
49035,10,257,1,57,2,49.1247506267105,-4.36608913737314,0.4242640687119285,0,1102.1610107421875
49035,10,257,1,58,2,63.90737835684042,-4.466257667634016,0.382842712474619,0,1102.1610107421875
49035,10,257,1,59,2,56.18883007017758,-4.360106901433982,0.4242640687119285,0,1102.1610107421875
49035,10,257,1,60,2,49.297223460010706,-4.222319074361892,0.482842712474619,0,1102.1610107421875
49035,10,257,1,61,2,46.27885099018447,-4.138839980879561,0.37888543819998316,0,1102.1610107421875
49035,10,257,1,62,2,63.25447118721404,-4.355460982377947,0.4242640687119285,0,1102.1610107421875
49035,10,257,1,63,2,56.33968176503155,-4.234376571230308,0.4242640687119285,0,1102.1610107421875
49035,10,257,1,64,2,70.32120324406353,-4.351748753280853,0.3414213562373095,0,1102.1610107421875
49035,10,257,1,65,2,63.38851033037318,-4.24375359275234,0.382842712474619,0,1102.1610107421875
49035,10,257,1,66,2,57.368413418141216,-4.111244736485679,0.3414213562373095,0,1102.1610107421875
49035,10,258,2,1,,,,,0,1102.6610107421875
49035,10,258,2,2,2,7.914376306262868,-5.317940567659253,0.6466890965784271,1,1102.6610107421875
49035,10,258,2,3,,,,,0,1102.6610107421875
49035,10,258,2,4,,,,,0,1102.6610107421875
49035,10,258,2,5,2,6.770052500686901,-4.856862285127157,0.848528137423857,0,1102.6610107421875
49035,10,258,2,6,2,4.341914204048564,-4.027090538494074,0.6242640687119285,0,1102.6610107421875
49035,10,258,2,7,2,13.120527262592534,-5.004072312154602,0.6034068236642477,0,1102.6610107421875
49035,10,258,2,8,2,10.296177024202581,-4.825986561459644,0.8513997106635237,0,1102.6610107421875
49035,10,258,2,9,2,7.350501303107077,-4.357296430099431,0.848528137423857,0,1102.6610107421875
49035,10,258,2,10,,,,,0,1102.6610107421875
49035,10,258,2,11,,,,,0,1102.6610107421875
49035,10,258,2,12,2,10.686791841270185,-4.4894143470361385,0.765685424949238,0,1102.6610107421875
49035,10,258,2,13,,,,,0,1102.6610107421875
49035,10,258,2,14,,,,,0,1102.6610107421875
49035,10,258,2,15,,,,,0,1102.6610107421875
49035,10,258,2,16,,,,,0,1102.6610107421875
49035,10,258,2,17,,,,,0,1102.6610107421875
49035,10,258,2,18,2,33.701579990523626,0.48631299245419646,0.37888543819998316,0,1102.6610107421875
49035,10,258,2,19,2,42.81510465557361,0.657014353416923,0.3414213562373095,0,1102.6610107421875
49035,10,258,2,20,2,32.85072910688962,0.634526909320634,0.482842712474619,0,1102.6610107421875
49035,10,258,2,21,2,22.917408645847548,0.5925062550491393,0.3414213562373095,0,1102.6610107421875
49035,10,258,2,22,2,37.74288944632571,-5.503535922432774,0.4242640687119285,0,1102.6610107421875
49035,10,258,2,23,2,27.75901511120465,-5.485997738237556,0.4242640687119285,0,1102.6610107421875
49035,10,258,2,24,2,48.18570738888891,-5.409859748262455,0.37888543819998316,0,1102.6610107421875
49035,10,258,2,25,2,43.24212072344377,-5.393451784920398,0.482842712474619,0,1102.6610107421875
49035,10,258,2,26,2,33.405362157105984,-5.346100742693266,0.4242640687119285,0,1102.6610107421875
49035,10,258,2,27,2,23.705599275992412,-5.259650866206916,0.482842712474619,0,1102.6610107421875
49035,10,258,2,28,2,18.972981977728058,-5.183566931060506,0.4538461538461539,0,1102.6610107421875
49035,10,258,2,29,2,39.51295384745019,-5.247981885417943,0.4242640687119285,0,1102.6610107421875
49035,10,258,2,30,2,30.121599192892337,-5.148359468712135,0.4242640687119285,0,1102.6610107421875
49035,10,258,2,31,2,45.8980263481345,-5.1766233018903645,0.3414213562373095,0,1102.6610107421875
49035,10,258,2,32,2,36.77860844078488,-5.076713464857676,0.482842712474619,0,1102.6610107421875
49035,10,258,2,33,2,28.261338521504886,-4.914007050270419,0.3414213562373095,0,1102.6610107421875
49035,10,258,2,34,2,39.31971449333216,-4.963416858611197,0.4308640753373011,0,1102.6610107421875
49035,10,258,2,35,2,24.574278443169757,-4.300064530737039,0.613407053921902,0,1102.6610107421875
49035,10,258,2,36,2,29.68986846058405,-4.4233792845792115,0.682842712474619,0,1102.6610107421875
49035,10,258,2,37,2,27.919650737429457,-4.260784236228233,0.8513997106635237,0,1102.6610107421875
49035,10,258,2,38,2,26.97268072315592,-4.081640501292695,0.682842712474619,0,1102.6610107421875
49035,10,258,2,39,2,31.05937133542315,-4.315989811476309,0.848528137423857,0,1102.6610107421875
49035,10,258,2,40,2,29.794347716386863,-4.1568053587865625,0.848528137423857,0,1102.6610107421875
49035,10,258,2,41,2,35.72113061673836,-4.452085324361947,0.613407053921902,0,1102.6610107421875
49035,10,258,2,42,2,34.27626289727872,-4.360949693145675,0.8513997106635237,0,1102.6610107421875
49035,10,258,2,43,2,32.754859277619055,-4.2186826602400345,0.848528137423857,0,1102.6610107421875
49035,10,258,2,44,2,31.95151662112284,-4.065986098517074,0.8513997106635237,0,1102.6610107421875
49035,10,258,2,45,2,31.84748718588599,-3.9562598100639037,0.613407053921902,0,1102.6610107421875
49035,10,258,2,46,2,35.81980537005035,-4.2701410907082105,0.848528137423857,0,1102.6610107421875
49035,10,258,2,47,2,34.72862025536789,-4.131684054878614,0.848528137423857,0,1102.6610107421875
49035,10,258,2,48,2,38.964549364774484,-4.313393106138202,0.682842712474619,0,1102.6610107421875
49035,10,258,2,49,2,37.63315978353677,-4.187452088014499,0.8513997106635237,0,1102.6610107421875
49035,10,258,2,50,2,36.93607076269038,-4.054554640060227,0.682842712474619,0,1102.6610107421875
49035,10,258,2,51,2,41.06539238325645,-4.170016799189982,0.613407053921902,0,1102.6610107421875
49035,10,258,2,52,2,46.27521203344697,-4.933567467706416,0.4308640753373011,0,1102.6610107421875
49035,10,258,2,53,2,57.34746674048064,-4.963673843482979,0.3414213562373095,0,1102.6610107421875
49035,10,258,2,54,2,49.34338008017952,-4.850924275935589,0.482842712474619,0,1102.6610107421875
49035,10,258,2,55,2,42.19960158489154,-4.697424747115724,0.3414213562373095,0,1102.6610107421875
49035,10,258,2,56,2,56.392592231962325,-4.840393020485358,0.4242640687119285,0,1102.6610107421875
49035,10,258,2,57,2,49.25608261754989,-4.707381799628694,0.4242640687119285,0,1102.6610107421875
49035,10,258,2,58,2,63.446668624473084,-4.8322027725830345,0.382842712474619,0,1102.6610107421875
49035,10,258,2,59,2,56.3162230243668,-4.714842893108658,0.4242640687119285,0,1102.6610107421875
49035,10,258,2,60,2,50.17523484665263,-4.566235180793495,0.482842712474619,0,1102.6610107421875
49035,10,258,2,61,2,47.598033572932465,-4.478532460580026,0.37888543819998316,0,1102.6610107421875
49035,10,258,2,62,2,63.37879989896891,-4.720641407551499,0.4242640687119285,0,1102.6610107421875
49035,10,258,2,63,2,57.121882784271605,-4.590904010782822,0.4242640687119285,0,1102.6610107421875
49035,10,258,2,64,2,70.4430804091989,-4.725277061902644,0.3414213562373095,0,1102.6610107421875
49035,10,258,2,65,2,64.09574707984443,-4.610214429630101,0.382842712474619,0,1102.6610107421875
49035,10,258,2,66,2,58.773310353509174,-4.472171568506809,0.3414213562373095,0,1102.6610107421875
49035,10,259,8,1,,,,,0,1103.1280517578125
49035,10,259,8,2,,,,,0,1103.1280517578125
49035,10,259,8,3,,,,,0,1103.1280517578125
49035,10,259,8,4,,,,,0,1103.1280517578125
49035,10,259,8,5,2,2.9294275397484095,0.6760271281979957,0.765685424949238,0,1103.1280517578125
49035,10,259,8,6,2,5.427526941559948,1.8243016082888643,0.6242640687119285,0,1103.1280517578125
49035,10,259,8,7,2,8.383379196256964,-0.05361075769608403,0.5934065934065934,0,1103.1280517578125
49035,10,259,8,8,2,6.13551944351413,0.32266778287440046,0.8513997106635237,1,1103.1280517578125
49035,10,259,8,9,2,5.789741085097208,1.186144301696162,0.848528137423857,0,1103.1280517578125
49035,10,259,8,10,,,,,0,1103.1280517578125
49035,10,259,8,11,,,,,0,1103.1280517578125
49035,10,259,8,12,2,7.911014787217004,0.7651102229620119,0.848528137423857,0,1103.1280517578125
49035,10,259,8,13,,,,,0,1103.1280517578125
49035,10,259,8,14,,,,,0,1103.1280517578125
49035,10,259,8,15,2,10.607719410193328,1.015355275767305,0.6242640687119285,0,1103.1280517578125
49035,10,259,8,16,,,,,0,1103.1280517578125
49035,10,259,8,17,,,,,0,1103.1280517578125
49035,10,259,8,18,2,29.517016382577314,5.198394255597437,0.37888543819998316,0,1103.1280517578125
49035,10,259,8,19,2,38.190363436354225,5.40891080865681,0.3414213562373095,0,1103.1280517578125
49035,10,259,8,20,2,28.288811664371256,5.36632195045939,0.482842712474619,0,1103.1280517578125
49035,10,259,8,21,2,18.49350889808942,5.2782859498481205,0.3414213562373095,0,1103.1280517578125
49035,10,259,8,22,2,32.91478348165873,-0.7413781617873707,0.4242640687119285,0,1103.1280517578125
49035,10,259,8,23,2,22.915845557734055,-0.7360715374545617,0.4242640687119285,0,1103.1280517578125
49035,10,259,8,24,2,43.25081010704839,-0.6283530779768269,0.37888543819998316,0,1103.1280517578125
49035,10,259,8,25,2,38.295026803838134,-0.6120500841981475,0.482842712474619,0,1103.1280517578125
49035,10,259,8,26,2,28.42995047283985,-0.5624280563180091,0.4242640687119285,0,1103.1280517578125
49035,10,259,8,27,2,18.708690223251118,-0.460722603201531,0.482842712474619,0,1103.1280517578125
49035,10,259,8,28,2,13.99612778093622,-0.357421217772838,0.4538461538461539,0,1103.1280517578125
49035,10,259,8,29,2,34.516491567804714,-0.44746983587323985,0.4242640687119285,0,1103.1280517578125
49035,10,259,8,30,2,25.16229711556119,-0.32743405184823304,0.4242640687119285,0,1103.1280517578125
49035,10,259,8,31,2,40.920829615399306,-0.3676932431951281,0.3414213562373095,0,1103.1280517578125
49035,10,259,8,32,2,31.87894763623771,-0.24936357727921576,0.482842712474619,0,1103.1280517578125
49035,10,259,8,33,2,23.622453479167472,-0.043407907829223547,0.3414213562373095,0,1103.1280517578125
49035,10,259,8,34,2,34.5726757952999,-0.12239479874161274,0.4308640753373011,0,1103.1280517578125
49035,10,259,8,35,2,22.093057945345816,0.6850506111681007,0.613407053921902,0,1103.1280517578125
49035,10,259,8,36,2,26.604107443451962,0.5152777225807488,0.682842712474619,0,1103.1280517578125
49035,10,259,8,37,2,25.566678232681276,0.7030976105550744,0.8513997106635237,0,1103.1280517578125
49035,10,259,8,38,2,25.485908632893224,0.8992631322304605,0.682842712474619,0,1103.1280517578125
49035,10,259,8,39,2,28.420381577040132,0.6256480095018089,0.848528137423857,0,1103.1280517578125
49035,10,259,8,40,2,27.90330790381823,0.8024789989859378,0.848528137423857,0,1103.1280517578125
49035,10,259,8,41,2,32.47179684006045,0.458133389643407,0.613407053921902,0,1103.1280517578125
49035,10,259,8,42,2,31.41307279009275,0.5626341250721383,0.8513997106635237,0,1103.1280517578125
49035,10,259,8,43,2,30.539444086400596,0.7217486599595682,0.848528137423857,0,1103.1280517578125
49035,10,259,8,44,2,30.47185829740469,0.8858218168335992,0.8513997106635237,0,1103.1280517578125
49035,10,259,8,45,2,30.909508248929114,0.9990311925708557,0.613407053921902,0,1103.1280517578125
49035,10,259,8,46,2,33.34247588643489,0.6542099133802379,0.848528137423857,0,1103.1280517578125
49035,10,259,8,47,2,32.90284488046915,0.8047246740253655,0.848528137423857,0,1103.1280517578125
49035,10,259,8,48,2,36.27373362873741,0.5973605510981865,0.682842712474619,0,1103.1280517578125
49035,10,259,8,49,2,35.51985718382491,0.7351730398111254,0.8513997106635237,0,1103.1280517578125
49035,10,259,8,50,2,35.461764724136906,0.876161859091378,0.682842712474619,0,1103.1280517578125
49035,10,259,8,51,2,39.00912817324131,0.7425296548101068,0.613407053921902,0,1103.1280517578125
49035,10,259,8,52,2,41.57398246390551,-0.09625961632984703,0.4308640753373011,0,1103.1280517578125
49035,10,259,8,53,2,52.58940597858667,-0.13717977267912573,0.3414213562373095,0,1103.1280517578125
49035,10,259,8,54,2,44.80400235650887,-0.007797559642251706,0.482842712474619,0,1103.1280517578125
49035,10,259,8,55,2,38.06772429688302,0.17139929659572717,0.3414213562373095,0,1103.1280517578125
49035,10,259,8,56,2,51.8702682991351,-0.002392857110277369,0.4242640687119285,0,1103.1280517578125
49035,10,259,8,57,2,45.080791246446694,0.1495812079232084,0.4242640687119285,0,1103.1280517578125
49035,10,259,8,58,2,58.93768607339846,0.001715750191470189,0.382842712474619,0,1103.1280517578125
49035,10,259,8,59,2,52.10953699341332,0.13364296895786243,0.4242640687119285,0,1103.1280517578125
49035,10,259,8,60,2,46.44520267637291,0.3013548872638614,0.482842712474619,0,1103.1280517578125
49035,10,259,8,61,2,44.19313696310865,0.3999288092897251,0.37888543819998316,0,1103.1280517578125
49035,10,259,8,62,2,59.14837235233205,0.12149562415137893,0.4242640687119285,0,1103.1280517578125
49035,10,259,8,63,2,53.29430511707198,0.26602220208399796,0.4242640687119285,0,1103.1280517578125
49035,10,259,8,64,2,66.19407872455304,0.1119330378039689,0.3414213562373095,0,1103.1280517578125
49035,10,259,8,65,2,60.194759441115565,0.2387624284285499,0.382842712474619,0,1103.1280517578125
49035,10,259,8,66,2,55.36390584266266,0.3905782157146769,0.3414213562373095,0,1103.1280517578125
49035,10,260,7,1,,,,,0,1103.427978515625
49035,10,260,7,2,,,,,0,1103.427978515625
49035,10,260,7,3,,,,,0,1103.427978515625
49035,10,260,7,4,,,,,0,1103.427978515625
49035,10,260,7,5,2,2.310355123738763,2.2760511092577738,0.682842712474619,0,1103.427978515625
49035,10,260,7,6,2,7.305281957892481,2.3308694464197677,0.6242640687119285,0,1103.427978515625
49035,10,260,7,7,2,4.569158100607537,-0.15728320611719848,0.46153846153846156,1,1103.427978515625
49035,10,260,7,8,,,,,0,1103.427978515625
49035,10,260,7,9,2,5.502471446126488,1.8464458536649306,0.848528137423857,0,1103.427978515625
49035,10,260,7,10,,,,,0,1103.427978515625
49035,10,260,7,11,,,,,0,1103.427978515625
49035,10,260,7,12,2,5.673379905009469,1.2033787621318341,0.765685424949238,0,1103.427978515625
49035,10,260,7,13,,,,,0,1103.427978515625
49035,10,260,7,14,,,,,0,1103.427978515625
49035,10,260,7,15,2,9.06237776547726,1.343978076050214,0.6093338188813542,0,1103.427978515625
49035,10,260,7,16,,,,,0,1103.427978515625
49035,10,260,7,17,,,,,0,1103.427978515625
49035,10,260,7,18,2,28.04553928256611,5.043175323051359,0.37888543819998316,0,1103.427978515625
49035,10,260,7,19,2,35.94917196578652,5.292867909843023,0.3414213562373095,0,1103.427978515625
49035,10,260,7,20,2,26.237411693967417,5.215235378433977,0.482842712474619,0,1103.427978515625
49035,10,260,7,21,2,16.86595920105895,5.0491683979997575,0.3414213562373095,0,1103.427978515625
49035,10,260,7,22,2,30.28567099241808,5.421267004134135,0.4242640687119285,0,1103.427978515625
49035,10,260,7,23,2,20.329305812890926,5.383657029532035,0.4242640687119285,0,1103.427978515625
49035,10,260,7,24,2,40.28663002581286,-0.7187076079191175,0.37888543819998316,0,1103.427978515625
49035,10,260,7,25,2,35.29931957592454,-0.7092673173264226,0.482842712474619,0,1103.427978515625
49035,10,260,7,26,2,25.339707375901103,-0.6792457409306318,0.4242640687119285,0,1103.427978515625
49035,10,260,7,27,2,15.43241968290597,-0.6105321930988605,0.482842712474619,0,1103.427978515625
49035,10,260,7,28,2,10.544618578017273,-0.5279407329178802,0.44328887294614544,0,1103.427978515625
49035,10,260,7,29,2,31.15960309372622,-0.5362000449683504,0.4242640687119285,0,1103.427978515625
49035,10,260,7,30,2,21.60971245370006,-0.42182072779390944,0.4242640687119285,0,1103.427978515625
49035,10,260,7,31,2,37.41311214027521,-0.43949534854236383,0.3414213562373095,0,1103.427978515625
49035,10,260,7,32,2,28.20992320786881,-0.31901556384050345,0.482842712474619,0,1103.427978515625
49035,10,260,7,33,2,19.795418024555637,-0.08986031769806946,0.3414213562373095,0,1103.427978515625
49035,10,260,7,34,2,30.783912456714052,-0.17342625988319327,0.4308640753373011,0,1103.427978515625
49035,10,260,7,35,2,19.185961904472904,0.7751218930799593,0.613407053921902,0,1103.427978515625
49035,10,260,7,36,2,23.27265304251983,0.5601822806468575,0.682842712474619,0,1103.427978515625
49035,10,260,7,37,2,22.685805767572617,0.7767065239236381,0.8513997106635237,0,1103.427978515625
49035,10,260,7,38,2,23.187824111169952,0.994035573245929,0.682842712474619,0,1103.427978515625
49035,10,260,7,39,2,25.328952423169003,0.6787095592330281,0.848528137423857,0,1103.427978515625
49035,10,260,7,40,2,25.290022430628298,0.8765806494375361,0.848528137423857,0,1103.427978515625
49035,10,260,7,41,2,29.018878265806908,0.481011244076879,0.613407053921902,0,1103.427978515625
49035,10,260,7,42,2,28.168526379388165,0.5998312110064636,0.8513997106635237,0,1103.427978515625
49035,10,260,7,43,2,27.685651194667795,0.77827529255257,0.848528137423857,0,1103.427978515625
49035,10,260,7,44,2,28.098481912006097,0.9571690037629255,0.8513997106635237,0,1103.427978515625
49035,10,260,7,45,2,28.903205156866257,1.0767655747389262,0.613407053921902,0,1103.427978515625
49035,10,260,7,46,2,30.305203012089166,0.6962786169592592,0.848528137423857,0,1103.427978515625
49035,10,260,7,47,2,30.272673045016386,0.8615399134935899,0.848528137423857,0,1103.427978515625
49035,10,260,7,48,2,33.09554920431245,0.6277084807315003,0.682842712474619,0,1103.427978515625
49035,10,260,7,49,2,32.685543911974136,0.7793641155790576,0.8513997106635237,0,1103.427978515625
49035,10,260,7,50,2,33.035952907523544,0.9312954573269432,0.682842712474619,0,1103.427978515625
49035,10,260,7,51,2,36.18548645445761,0.7799472592993981,0.613407053921902,0,1103.427978515625
49035,10,260,7,52,2,37.768629326530906,-0.14111510654823523,0.4308640753373011,0,1103.427978515625
49035,10,260,7,53,2,48.80840145487888,-0.18228063965168362,0.3414213562373095,0,1103.427978515625
49035,10,260,7,54,2,40.96729012216539,-0.04337836619977242,0.482842712474619,0,1103.427978515625
49035,10,260,7,55,2,34.26919414469381,0.15512065480602377,0.3414213562373095,0,1103.427978515625
49035,10,260,7,56,2,48.032686318963314,-0.036995180924253024,0.4242640687119285,0,1103.427978515625
49035,10,260,7,57,2,41.26981660231812,0.1286451785536995,0.4242640687119285,0,1103.427978515625
49035,10,260,7,58,2,55.09953765757188,-0.03224920627410821,0.382842712474619,0,1103.427978515625
49035,10,260,7,59,2,48.29097076526033,0.10985821697644793,0.4242640687119285,0,1103.427978515625
49035,10,260,7,60,2,42.75601320076832,0.293404697540395,0.482842712474619,0,1103.427978515625
49035,10,260,7,61,2,40.633804504510756,0.402074371669934,0.37888543819998316,0,1103.427978515625
49035,10,260,7,62,2,55.32484028457275,0.09584436310145739,0.4242640687119285,0,1103.427978515625
49035,10,260,7,63,2,49.56709351864936,0.2521341662428629,0.4242640687119285,0,1103.427978515625
49035,10,260,7,64,2,62.36712313050635,0.08499355416503018,0.3414213562373095,0,1103.427978515625
49035,10,260,7,65,2,56.44215494600456,0.22087473198525576,0.382842712474619,0,1103.427978515625
49035,10,260,7,66,2,51.78586353747356,0.3847494998854146,0.3414213562373095,0,1103.427978515625
49035,10,261,12,1,,,,,0,1103.56103515625
49035,10,261,12,2,,,,,0,1103.56103515625
49035,10,261,12,3,,,,,0,1103.56103515625
49035,10,261,12,4,,,,,0,1103.56103515625
49035,10,261,12,5,2,3.424110399179323,2.602019694920766,0.682842712474619,0,1103.56103515625
49035,10,261,12,6,2,8.362789014115783,2.4560015783805684,0.6242640687119285,0,1103.56103515625
49035,10,261,12,7,,,,,0,1103.56103515625
49035,10,261,12,8,,,,,0,1103.56103515625
49035,10,261,12,9,2,6.055079127758725,2.077334633262772,0.848528137423857,0,1103.56103515625
49035,10,261,12,10,,,,,0,1103.56103515625
49035,10,261,12,11,,,,,0,1103.56103515625
49035,10,261,12,12,2,5.3283887238285335,1.4583505146852707,0.765685424949238,1,1103.56103515625
49035,10,261,12,13,,,,,0,1103.56103515625
49035,10,261,12,14,,,,,0,1103.56103515625
49035,10,261,12,15,2,8.85049024686624,1.5031900301448209,0.682842712474619,0,1103.56103515625
49035,10,261,12,16,2,12.709952229600317,1.8040344474598278,0.4679124626440447,0,1103.56103515625
49035,10,261,12,17,,,,,0,1103.56103515625
49035,10,261,12,18,2,27.611449649211977,4.993835645697567,0.37888543819998316,0,1103.56103515625
49035,10,261,12,19,2,35.18005016994331,5.258638922122536,0.3414213562373095,0,1103.56103515625
49035,10,261,12,20,2,25.574583986790934,5.1658846585635265,0.482842712474619,0,1103.56103515625
49035,10,261,12,21,2,16.446360151569056,4.966440797188577,0.3414213562373095,0,1103.56103515625
49035,10,261,12,22,2,29.368602833553908,5.384043945297288,0.4242640687119285,0,1103.56103515625
49035,10,261,12,23,2,19.466336289418354,5.325706053613367,0.4242640687119285,0,1103.56103515625
49035,10,261,12,24,2,39.21426539696734,-0.7428824704912431,0.37888543819998316,0,1103.56103515625
49035,10,261,12,25,2,34.2194435766077,-0.7366720891424641,0.482842712474619,0,1103.56103515625
49035,10,261,12,26,2,24.236207104873763,-0.7165740290900877,0.4242640687119285,0,1103.56103515625
49035,10,261,12,27,2,14.276454425662862,-0.6683852883083086,0.482842712474619,0,1103.56103515625
49035,10,261,12,28,2,9.328925931578425,-0.6057723189763338,0.37888543819998316,0,1103.56103515625
49035,10,261,12,29,2,29.930740403938238,-0.5607758223638366,0.4242640687119285,0,1103.56103515625
49035,10,261,12,30,2,20.30449795650304,-0.45085565739318634,0.4242640687119285,0,1103.56103515625
49035,10,261,12,31,2,36.115158969960916,-0.45645591116344386,0.3414213562373095,0,1103.56103515625
49035,10,261,12,32,2,26.846380083043666,-0.3358337395835882,0.482842712474619,0,1103.56103515625
49035,10,261,12,33,2,18.361686733547625,-0.0968926403920185,0.3414213562373095,0,1103.56103515625
49035,10,261,12,34,2,29.366568031176175,-0.18188248434547516,0.4308640753373011,0,1103.56103515625
49035,10,261,12,35,2,18.18526921944994,0.8305693467978064,0.613407053921902,0,1103.56103515625
49035,10,261,12,36,2,22.066022400322726,0.5948690569172204,0.682842712474619,0,1103.56103515625
49035,10,261,12,37,2,21.682275079898602,0.8232801310128937,0.8513997106635237,0,1103.56103515625
49035,10,261,12,38,2,22.435078798819486,1.0478688030241092,0.682842712474619,0,1103.56103515625
49035,10,261,12,39,2,24.224962245361617,0.7160409478226348,0.848528137423857,0,1103.56103515625
49035,10,261,12,40,2,24.393862011949714,0.921970128692174,0.848528137423857,0,1103.56103515625
49035,10,261,12,41,2,27.750285463212915,0.5050276442847577,0.613407053921902,0,1103.56103515625
49035,10,261,12,42,2,26.992156989355248,0.6299565301508845,0.8513997106635237,0,1103.56103515625
49035,10,261,12,43,2,26.67935994372517,0.8161822797203806,0.848528137423857,0,1103.56103515625
49035,10,261,12,44,2,27.29468730496275,1.0003201427909967,0.8513997106635237,0,1103.56103515625
49035,10,261,12,45,2,28.248861051799736,1.121665988140949,0.613407053921902,0,1103.56103515625
49035,10,261,12,46,2,29.214995980757053,0.7279018509804476,0.848528137423857,0,1103.56103515625
49035,10,261,12,47,2,29.355198827882234,0.898778323233544,0.848528137423857,0,1103.56103515625
49035,10,261,12,48,2,31.941254410314798,0.6541934588701492,0.682842712474619,0,1103.56103515625
49035,10,261,12,49,2,31.677364811065047,0.8113240196250691,0.8513997106635237,0,1103.56103515625
49035,10,261,12,50,2,32.197315873254865,0.9671946777963516,0.682842712474619,0,1103.56103515625
49035,10,261,12,51,2,35.17630562509117,0.8087447142965636,0.613407053921902,0,1103.56103515625
49035,10,261,12,52,2,36.34351117087211,-0.1466825754519996,0.4308640753373011,0,1103.56103515625
49035,10,261,12,53,2,47.39298030780577,-0.1877832812544611,0.3414213562373095,0,1103.56103515625
49035,10,261,12,54,2,39.52869841765298,-0.044952864935009273,0.482842712474619,0,1103.56103515625
49035,10,261,12,55,2,32.847243639785916,0.16189910176521982,0.3414213562373095,0,1103.56103515625
49035,10,261,12,56,2,46.593706494454466,-0.03813305600723105,0.4242640687119285,0,1103.56103515625
49035,10,261,12,57,2,39.842149804309805,0.13328717957533165,0.4242640687119285,0,1103.56103515625
49035,10,261,12,58,2,53.66031094942496,-0.03310928313152717,0.382842712474619,0,1103.56103515625
49035,10,261,12,59,2,46.85992304012749,0.11323256818135263,0.4242640687119285,0,1103.56103515625
49035,10,261,12,60,2,41.379654462844016,0.30347459255088527,0.482842712474619,0,1103.56103515625
49035,10,261,12,61,2,39.312688937965234,0.4164141562067092,0.37888543819998316,0,1103.56103515625
49035,10,261,12,62,2,53.89163083099526,0.09840661966881159,0.4242640687119285,0,1103.56103515625
49035,10,261,12,63,2,48.17396900569823,0.2595965242050311,0.4242640687119285,0,1103.56103515625
49035,10,261,12,64,2,60.932449154140244,0.0870049376962756,0.3414213562373095,0,1103.56103515625
49035,10,261,12,65,2,55.038048439780106,0.2266119621791245,0.382842712474619,0,1103.56103515625
49035,10,261,12,66,2,50.45404039516832,0.3954670027495164,0.3414213562373095,0,1103.56103515625
49035,10,262,13,1,,,,,0,1103.9110107421875
49035,10,262,13,2,,,,,0,1103.9110107421875
49035,10,262,13,3,,,,,0,1103.9110107421875
49035,10,262,13,4,,,,,0,1103.9110107421875
49035,10,262,13,5,2,5.062373087602691,1.7649478075191372,0.6242640687119285,0,1103.9110107421875
49035,10,262,13,6,2,8.951072396826566,1.2937033357449945,0.682842712474619,0,1103.9110107421875
49035,10,262,13,7,,,,,0,1103.9110107421875
49035,10,262,13,8,,,,,0,1103.9110107421875
49035,10,262,13,9,2,5.683525256756152,1.1041140943056864,0.848528137423857,0,1103.9110107421875
49035,10,262,13,10,,,,,0,1103.9110107421875
49035,10,262,13,11,,,,,0,1103.9110107421875
49035,10,262,13,12,,,,,0,1103.9110107421875
49035,10,262,13,13,2,7.998580962288633,0.7051501868680109,0.848528137423857,1,1103.9110107421875
49035,10,262,13,14,,,,,0,1103.9110107421875
49035,10,262,13,15,2,6.415454754048286,0.26017882868049635,0.682842712474619,0,1103.9110107421875
49035,10,262,13,16,2,10.98417659528411,0.5027692630106775,0.6242640687119285,0,1103.9110107421875
49035,10,262,13,17,,,,,0,1103.9110107421875
49035,10,262,13,18,2,29.644075354480854,3.362738847257652,0.37888543819998316,0,1103.9110107421875
49035,10,262,13,19,2,36.45049591471839,3.6333947990867714,0.3414213562373095,0,1103.9110107421875
49035,10,262,13,20,2,27.15928577814952,3.515802780786426,0.482842712474619,0,1103.9110107421875
49035,10,262,13,21,2,18.617598006442396,3.284035913560034,0.3414213562373095,0,1103.9110107421875
49035,10,262,13,22,2,30.281815146406004,3.7374801673425755,0.4242640687119285,0,1103.9110107421875
49035,10,262,13,23,2,20.639197661522527,3.6314492709930097,0.4242640687119285,0,1103.9110107421875
49035,10,262,13,24,2,39.58352911714501,3.916887959254032,0.37888543819998316,0,1103.9110107421875
49035,10,262,13,25,2,34.588290694149855,3.91099204976008,0.482842712474619,0,1103.9110107421875
49035,10,262,13,26,2,24.60361771555773,3.892019754137241,0.4242640687119285,0,1103.9110107421875
49035,10,262,13,27,2,14.639882384896374,3.8471833410292864,0.482842712474619,0,1103.9110107421875
49035,10,262,13,28,2,9.686084452385579,3.7902271550455824,0.37888543819998316,0,1103.9110107421875
49035,10,262,13,29,2,29.743899026106437,-2.211429478025113,0.4242640687119285,0,1103.9110107421875
49035,10,262,13,30,2,19.841564475250138,-2.1540316842759935,0.4242640687119285,0,1103.9110107421875
49035,10,262,13,31,2,35.55363629584356,-2.0874004322452504,0.3414213562373095,0,1103.9110107421875
49035,10,262,13,32,2,25.943191889345798,-1.9963620126058106,0.482842712474619,0,1103.9110107421875
49035,10,262,13,33,2,16.79396787414191,-1.8026868999161736,0.3414213562373095,0,1103.9110107421875
49035,10,262,13,34,2,27.96256078696072,-1.8263317409427708,0.4308640753373011,0,1103.9110107421875
49035,10,262,13,35,2,14.89234248690656,-0.7245223817990579,0.613407053921902,0,1103.9110107421875
49035,10,262,13,36,2,18.940346069227846,-0.9973369201823156,0.682842712474619,0,1103.9110107421875
49035,10,262,13,37,2,18.391051764302695,-0.7302654138550909,0.8513997106635237,0,1103.9110107421875
49035,10,262,13,38,2,19.176153440468912,-0.4665568972300046,0.682842712474619,0,1103.9110107421875
49035,10,262,13,39,2,20.985984544171757,-0.8525726873683374,0.848528137423857,0,1103.9110107421875
49035,10,262,13,40,2,21.092786043179842,-0.6144141709028123,0.848528137423857,0,1103.9110107421875
49035,10,262,13,41,2,24.732497984161807,-1.0862515591756896,0.613407053921902,0,1103.9110107421875
49035,10,262,13,42,2,23.82419588525855,-0.9468921686043456,0.8513997106635237,0,1103.9110107421875
49035,10,262,13,43,2,23.389877839662116,-0.7354891093168808,0.848528137423857,0,1103.9110107421875
49035,10,262,13,44,2,24.012089895081257,-0.5257650637883912,0.8513997106635237,0,1103.9110107421875
49035,10,262,13,45,2,25.03949508620463,-0.38920903263191386,0.613407053921902,0,1103.9110107421875
49035,10,262,13,46,2,25.966654533175266,-0.833756586574608,0.848528137423857,0,1103.9110107421875
49035,10,262,13,47,2,26.053046336665084,-0.64125305636517,0.848528137423857,0,1103.9110107421875
49035,10,262,13,48,2,28.748007060250735,-0.9136651124533447,0.682842712474619,0,1103.9110107421875
49035,10,262,13,49,2,28.38911738168999,-0.7388731173082731,0.8513997106635237,0,1103.9110107421875
49035,10,262,13,50,2,28.903910833769867,-0.5650335669198142,0.682842712474619,0,1103.9110107421875
49035,10,262,13,51,2,31.888726941684446,-0.7406105963772892,0.613407053921902,0,1103.9110107421875
49035,10,262,13,52,2,34.803251720872034,-1.7689370538660172,0.4308640753373011,0,1103.9110107421875
49035,10,262,13,53,2,45.947075849863886,-1.791515712656551,0.3414213562373095,0,1103.9110107421875
49035,10,262,13,54,2,37.68450518055714,-1.6560415904666992,0.482842712474619,0,1103.9110107421875
49035,10,262,13,55,2,30.48130709555827,-1.4510206899151923,0.3414213562373095,0,1103.9110107421875
49035,10,262,13,56,2,44.71558403158061,-1.6377476245077554,0.4242640687119285,0,1103.9110107421875
49035,10,262,13,57,2,37.52960973465672,-1.4677834067642692,0.4242640687119285,0,1103.9110107421875
49035,10,262,13,58,2,51.75755963979809,-1.624428198509111,0.382842712474619,0,1103.9110107421875
49035,10,262,13,59,2,44.58512231022305,-1.4792432110358393,0.4242640687119285,0,1103.9110107421875
49035,10,262,13,60,2,38.68877463771426,-1.284468215629432,0.482842712474619,0,1103.9110107421875
49035,10,262,13,61,2,36.418612806406955,-1.1657160554554395,0.37888543819998316,0,1103.9110107421875
49035,10,262,13,62,2,51.64488993113896,-1.487570802398443,0.4242640687119285,0,1103.9110107421875
49035,10,262,13,63,2,45.56514904562204,-1.3237184177605563,0.4242640687119285,0,1103.9110107421875
49035,10,262,13,64,2,58.70737756518654,-1.493895132977268,0.3414213562373095,0,1103.9110107421875
49035,10,262,13,65,2,52.49327892341705,-1.3526433410082044,0.382842712474619,0,1103.9110107421875
49035,10,262,13,66,2,47.58710417415577,-1.1780771202557552,0.3414213562373095,0,1103.9110107421875
49035,10,263,9,1,,,,,0,1104.343994140625
49035,10,263,9,2,,,,,0,1104.343994140625
49035,10,263,9,3,,,,,0,1104.343994140625
49035,10,263,9,4,,,,,0,1104.343994140625
49035,10,263,9,5,2,4.979228986783423,2.0471172826739883,0.6093338188813542,0,1104.343994140625
49035,10,263,9,6,2,5.19252547763661,1.0201426244426532,0.765685424949238,0,1104.343994140625
49035,10,263,9,7,,,,,0,1104.343994140625
49035,10,263,9,8,,,,,0,1104.343994140625
49035,10,263,9,9,2,1.937168100990125,1.4585623334217896,0.765685424949238,1,1104.343994140625
49035,10,263,9,10,2,5.560775106455459,0.35348687867820217,0.682842712474619,0,1104.343994140625
49035,10,263,9,11,,,,,0,1104.343994140625
49035,10,263,9,12,,,,,0,1104.343994140625
49035,10,263,9,13,,,,,0,1104.343994140625
49035,10,263,9,14,,,,,0,1104.343994140625
49035,10,263,9,15,2,3.082664207426992,-1.5003574286824883,0.5414213562373096,0,1104.343994140625
49035,10,263,9,16,2,6.055775602582424,-0.532609356700474,0.5414213562373096,0,1104.343994140625
49035,10,263,9,17,,,,,0,1104.343994140625
49035,10,263,9,18,2,34.25615897849953,2.6248264906158227,0.37888543819998316,0,1104.343994140625
49035,10,263,9,19,2,41.53186038763891,2.8503649118776906,0.3414213562373095,0,1104.343994140625
49035,10,263,9,20,2,32.08168677492647,2.760745810135582,0.482842712474619,0,1104.343994140625
49035,10,263,9,21,2,23.09921698652692,2.59912563676807,0.3414213562373095,0,1104.343994140625
49035,10,263,9,22,2,35.46569081740363,2.9450715630540003,0.4242640687119285,0,1104.343994140625
49035,10,263,9,23,2,25.732361419462276,2.869118005952594,0.4242640687119285,0,1104.343994140625
49035,10,263,9,24,2,44.824393185560965,3.098634518199614,0.37888543819998316,0,1104.343994140625
49035,10,263,9,25,2,39.829584783008286,3.0932434085045117,0.482842712474619,0,1104.343994140625
49035,10,263,9,26,2,29.845184252287794,3.0770489959680183,0.4242640687119285,0,1104.343994140625
49035,10,263,9,27,2,19.876474086697808,3.0445934518170694,0.482842712474619,0,1104.343994140625
49035,10,263,9,28,2,14.907844299302651,3.0121057891975034,0.37888543819998316,0,1104.343994140625
49035,10,263,9,29,2,34.91870017460822,-3.053416169382446,0.4242640687119285,0,1104.343994140625
49035,10,263,9,30,2,24.973081927354226,-3.0181459827953567,0.4242640687119285,0,1104.343994140625
49035,10,263,9,31,2,40.59428803064984,-2.9413367773413404,0.3414213562373095,0,1104.343994140625
49035,10,263,9,32,2,30.858312004734202,-2.8768296443027617,0.482842712474619,0,1104.343994140625
49035,10,263,9,33,2,21.367606764625865,-2.754055432421695,0.3414213562373095,0,1104.343994140625
49035,10,263,9,34,2,32.52669085759848,-2.727916422206704,0.4308640753373011,0,1104.343994140625
49035,10,263,9,35,2,15.339774291705318,-1.8878899668741802,0.613407053921902,0,1104.343994140625
49035,10,263,9,36,2,20.552717938082125,-2.066894118975508,0.682842712474619,0,1104.343994140625
49035,10,263,9,37,2,18.697160591262083,-1.8294884214729372,0.8513997106635237,0,1104.343994140625
49035,10,263,9,38,2,18.076321907637208,-1.5587935994751303,0.682842712474619,0,1104.343994140625
49035,10,263,9,39,2,21.8259962794607,-1.9110078382070068,0.848528137423857,0,1104.343994140625
49035,10,263,9,40,2,20.7012973778001,-1.6813059982043257,0.848528137423857,0,1104.343994140625
49035,10,263,9,41,2,26.625095179801026,-2.0931158653669546,0.613407053921902,0,1104.343994140625
49035,10,263,9,42,2,25.06320835421157,-1.9717914356452737,0.8513997106635237,0,1104.343994140625
49035,10,263,9,43,2,23.565525933865803,-1.7751840613746734,0.848528137423857,0,1104.343994140625
49035,10,263,9,44,2,23.076039783133993,-1.5613942304255775,0.8513997106635237,0,1104.343994140625
49035,10,263,9,45,2,23.372469526045798,-1.4110866898177234,0.613407053921902,0,1104.343994140625
49035,10,263,9,46,2,26.59180911399768,-1.848224255645213,0.848528137423857,0,1104.343994140625
49035,10,263,9,47,2,25.676719250877266,-1.659828691164964,0.848528137423857,0,1104.343994140625
49035,10,263,9,48,2,29.730701494765952,-1.9060991421848714,0.682842712474619,0,1104.343994140625
49035,10,263,9,49,2,28.47954021581036,-1.7395425703938088,0.8513997106635237,0,1104.343994140625
49035,10,263,9,50,2,28.07585814248677,-1.563068615976338,0.682842712474619,0,1104.343994140625
49035,10,263,9,51,2,31.935236804491367,-1.721135127032381,0.613407053921902,0,1104.343994140625
49035,10,263,9,52,2,39.1990588787149,-2.6623486088400785,0.4308640753373011,0,1104.343994140625
49035,10,263,9,53,2,50.378340745553075,-2.665809753629571,0.3414213562373095,0,1104.343994140625
49035,10,263,9,54,2,41.741063898051465,-2.555855976316381,0.482842712474619,0,1104.343994140625
49035,10,263,9,55,2,33.862303737450844,-2.391868639650028,0.3414213562373095,0,1104.343994140625
49035,10,263,9,56,2,48.69185778107457,-2.527049265342547,0.4242640687119285,0,1104.343994140625
49035,10,263,9,57,2,40.92964956163874,-2.3857067881079272,0.4242640687119285,0,1104.343994140625
49035,10,263,9,58,2,55.672952256940434,-2.5054526033214493,0.382842712474619,0,1104.343994140625
49035,10,263,9,59,2,47.99809175446177,-2.3813596605936467,0.4242640687119285,0,1104.343994140625
49035,10,263,9,60,2,41.329844073452456,-2.2138478847721954,0.482842712474619,0,1104.343994140625
49035,10,263,9,61,2,38.53992229713202,-2.109836985566403,0.37888543819998316,0,1104.343994140625
49035,10,263,9,62,2,55.06720812698704,-2.3781285878553797,0.4242640687119285,0,1104.343994140625
49035,10,263,9,63,2,48.33980357807704,-2.2346013569471235,0.4242640687119285,0,1104.343994140625
49035,10,263,9,64,2,62.13676858134871,-2.3756327191375974,0.3414213562373095,0,1104.343994140625
49035,10,263,9,65,2,55.36530690602416,-2.250093197480598,0.382842712474619,0,1104.343994140625
49035,10,263,9,66,2,49.69563771463657,-2.0928905903994712,0.3414213562373095,0,1104.343994140625
49035,10,264,6,1,,,,,0,1104.56005859375
49035,10,264,6,2,,,,,0,1104.56005859375
49035,10,264,6,3,,,,,0,1104.56005859375
49035,10,264,6,4,,,,,0,1104.56005859375
49035,10,264,6,5,2,5.636930568470394,1.6277552048582586,0.45298221281347034,0,1104.56005859375
49035,10,264,6,6,2,3.62057803732113,0.5657579544625313,0.6093338188813542,1,1104.56005859375
49035,10,264,6,7,,,,,0,1104.56005859375
49035,10,264,6,8,,,,,0,1104.56005859375
49035,10,264,6,9,,,,,0,1104.56005859375
49035,10,264,6,10,2,3.3093256535219076,-0.5016313266685111,0.6242640687119285,0,1104.56005859375
49035,10,264,6,11,,,,,0,1104.56005859375
49035,10,264,6,12,,,,,0,1104.56005859375
49035,10,264,6,13,,,,,0,1104.56005859375
49035,10,264,6,14,,,,,0,1104.56005859375
49035,10,264,6,15,2,4.355518340376723,-2.842904950992759,0.4679124626440447,0,1104.56005859375
49035,10,264,6,16,2,5.030321968217757,-1.7275593646054306,0.5264911064067352,0,1104.56005859375
49035,10,264,6,17,,,,,0,1104.56005859375
49035,10,264,6,18,2,35.68695747998696,1.845450718004422,0.37888543819998316,0,1104.56005859375
49035,10,264,6,19,2,43.30409032435759,2.0540142923149434,0.3414213562373095,0,1104.56005859375
49035,10,264,6,20,2,33.73294290454471,1.9781958934912127,0.482842712474619,0,1104.56005859375
49035,10,264,6,21,2,24.506705922714815,1.8439479251354818,0.3414213562373095,0,1104.56005859375
49035,10,264,6,22,2,37.36215117914884,2.149347591821681,0.4242640687119285,0,1104.56005859375
49035,10,264,6,23,2,27.542649453433583,2.0903781487336923,0.4242640687119285,0,1104.56005859375
49035,10,264,6,24,2,46.87873340199473,2.2896775682232615,0.37888543819998316,0,1104.56005859375
49035,10,264,6,25,2,41.88017722581738,2.2869659178676356,0.482842712474619,0,1104.56005859375
49035,10,264,6,26,2,31.88442319765288,2.2789921229772094,0.4242640687119285,0,1104.56005859375
49035,10,264,6,27,2,21.8925476093619,2.2637379204271735,0.482842712474619,0,1104.56005859375
49035,10,264,6,28,2,16.900214197422276,2.249348476425129,0.37888543819998316,0,1104.56005859375
49035,10,264,6,29,2,37.07607512101739,-3.8644527441282372,0.4242640687119285,0,1104.56005859375
49035,10,264,6,30,2,27.153315535316807,-3.8253536767603826,0.4242640687119285,0,1104.56005859375
49035,10,264,6,31,2,42.80951121084688,-3.760525810977521,0.3414213562373095,0,1104.56005859375
49035,10,264,6,32,2,33.09564092584969,-3.697417876491519,0.482842712474619,0,1104.56005859375
49035,10,264,6,33,2,23.621783304270856,-3.582873612554156,0.3414213562373095,0,1104.56005859375
49035,10,264,6,34,2,34.78036732289716,-3.558551201552002,0.4308640753373011,0,1104.56005859375
49035,10,264,6,35,2,16.893717690768856,-2.8185740942743474,0.613407053921902,0,1104.56005859375
49035,10,264,6,36,2,22.34638338301824,-2.959814379231557,0.682842712474619,0,1104.56005859375
49035,10,264,6,37,2,20.141858141477655,-2.747885505737618,0.8513997106635237,0,1104.56005859375
49035,10,264,6,38,2,19.027034673905074,-2.4982592854390133,0.682842712474619,0,1104.56005859375
49035,10,264,6,39,2,23.392389815013765,-2.8119651956024607,0.848528137423857,0,1104.56005859375
49035,10,264,6,40,2,21.875500002243054,-2.600959839369821,0.848528137423857,0,1104.56005859375
49035,10,264,6,41,2,28.44344975139806,-2.970733547812153,0.613407053921902,0,1104.56005859375
49035,10,264,6,42,2,26.71541414845949,-2.860263248727536,0.8513997106635237,0,1104.56005859375
49035,10,264,6,43,2,24.900742001279514,-2.6793773560381986,0.848528137423857,0,1104.56005859375
49035,10,264,6,44,2,24.007926843125418,-2.477826148484475,0.8513997106635237,0,1104.56005859375
49035,10,264,6,45,2,23.990916419934134,-2.331861470180172,0.613407053921902,0,1104.56005859375
49035,10,264,6,46,2,28.04561292039159,-2.7405182182175776,0.848528137423857,0,1104.56005859375
49035,10,264,6,47,2,26.793469412732122,-2.56370086043167,0.848528137423857,0,1104.56005859375
49035,10,264,6,48,2,31.274044444980017,-2.7891881406795065,0.682842712474619,0,1104.56005859375
49035,10,264,6,49,2,29.738854299336445,-2.6329970635918456,0.8513997106635237,0,1104.56005859375
49035,10,264,6,50,2,28.99539711967639,-2.4644182755467785,0.682842712474619,0,1104.56005859375
49035,10,264,6,51,2,33.154128053881536,-2.6086193201928785,0.613407053921902,0,1104.56005859375
49035,10,264,6,52,2,41.445058268121095,-3.496312939914552,0.4308640753373011,0,1104.56005859375
49035,10,264,6,53,2,52.624881562714,-3.498614274987127,0.3414213562373095,0,1104.56005859375
49035,10,264,6,54,2,43.95503791001469,-3.39495306895423,0.482842712474619,0,1104.56005859375
49035,10,264,6,55,2,35.98211438828993,-3.2430332335644385,0.3414213562373095,0,1104.56005859375
49035,10,264,6,56,2,50.89267394628748,-3.366045486900499,0.4242640687119285,0,1104.56005859375
49035,10,264,6,57,2,43.043367196169505,-3.233569616847796,0.4242640687119285,0,1104.56005859375
49035,10,264,6,58,2,57.862623213395956,-3.344087287722644,0.382842712474619,0,1104.56005859375
49035,10,264,6,59,2,50.107388310673116,-3.22677384303322,0.4242640687119285,0,1104.56005859375
49035,10,264,6,60,2,43.28299390635695,-3.0696578991493624,0.482842712474619,0,1104.56005859375
49035,10,264,6,61,2,40.37017662319933,-2.972399298599802,0.37888543819998316,0,1104.56005859375
49035,10,264,6,62,2,57.1731516277429,-3.221657595214242,0.4242640687119285,0,1104.56005859375
49035,10,264,6,63,2,50.31338256597377,-3.0858880402101354,0.4242640687119285,0,1104.56005859375
49035,10,264,6,64,2,64.24008227564143,-3.2176669188466995,0.3414213562373095,0,1104.56005859375
49035,10,264,6,65,2,57.353773798786186,-3.0981361587362217,0.382842712474619,0,1104.56005859375
49035,10,264,6,66,2,51.49876277293936,-2.948832992217854,0.3414213562373095,0,1104.56005859375
49035,10,265,15,1,,,,,0,1104.6109619140625
49035,10,265,15,2,,,,,0,1104.6109619140625
49035,10,265,15,3,2,5.1715981747406925,-0.101996839224896,0.5242640687119285,0,1104.6109619140625
49035,10,265,15,4,,,,,0,1104.6109619140625
49035,10,265,15,5,2,4.640019189204276,0.6276179258496948,0.5358249252880893,0,1104.6109619140625
49035,10,265,15,6,,,,,0,1104.6109619140625
49035,10,265,15,7,,,,,0,1104.6109619140625
49035,10,265,15,8,,,,,0,1104.6109619140625
49035,10,265,15,9,,,,,0,1104.6109619140625
49035,10,265,15,10,2,3.572580574682323,-1.9606689969436593,0.482842712474619,0,1104.6109619140625
49035,10,265,15,11,,,,,0,1104.6109619140625
49035,10,265,15,12,,,,,0,1104.6109619140625
49035,10,265,15,13,,,,,0,1104.6109619140625
49035,10,265,15,14,,,,,0,1104.6109619140625
49035,10,265,15,15,2,5.228004662679898,-3.799824090644816,0.4679124626440447,1,1104.6109619140625
49035,10,265,15,16,2,6.169005957089701,-2.905633320421689,0.49428090415820636,0,1104.6109619140625
49035,10,265,15,17,,,,,0,1104.6109619140625
49035,10,265,15,18,2,34.81107887060278,0.7445801535537562,0.37888543819998316,0,1104.6109619140625
49035,10,265,15,19,2,42.61050705143189,0.9529482472254889,0.3414213562373095,0,1104.6109619140625
49035,10,265,15,20,2,32.97126801734106,0.8819189984349156,0.482842712474619,0,1104.6109619140625
49035,10,265,15,21,2,23.633741095360858,0.7536125565677148,0.3414213562373095,0,1104.6109619140625
49035,10,265,15,22,2,36.76510866924975,1.0535175159867982,0.4242640687119285,0,1104.6109619140625
49035,10,265,15,23,2,26.89093562806906,1.0032188714284989,0.4242640687119285,0,1104.6109619140625
49035,10,265,15,24,2,46.42754909002351,-5.093419992973146,0.37888543819998316,0,1104.6109619140625
49035,10,265,15,25,2,41.427550208190546,-5.0933437463151545,0.482842712474619,0,1104.6109619140625
49035,10,265,15,26,2,31.427553511900335,-5.0931184697608085,0.4242640687119285,0,1104.6109619140625
49035,10,265,15,27,2,21.42755989921788,-5.09268292525523,0.482842712474619,0,1104.6109619140625
49035,10,265,15,28,2,16.427566009003755,-5.092266305464703,0.37888543819998316,0,1104.6109619140625
49035,10,265,15,29,2,36.77308554546062,-4.95685512365548,0.4242640687119285,0,1104.6109619140625
49035,10,265,15,30,2,26.90184053229398,-4.905994070686719,0.4242640687119285,0,1104.6109619140625
49035,10,265,15,31,2,42.62427150490868,-4.856528394642021,0.3414213562373095,0,1104.6109619140625
49035,10,265,15,32,2,32.98905462142528,-4.785142235616892,0.482842712474619,0,1104.6109619140625
49035,10,265,15,33,2,23.65854873627272,-4.65628271198739,0.3414213562373095,0,1104.6109619140625
49035,10,265,15,34,2,34.836346354797186,-4.6479780978586005,0.4308640753373011,0,1104.6109619140625
49035,10,265,15,35,2,17.735050798918564,-3.8941186848206204,0.613407053921902,0,1104.6109619140625
49035,10,265,15,36,2,23.05998128511435,-4.041731636666813,0.682842712474619,0,1104.6109619140625
49035,10,265,15,37,2,21.035383015657917,-3.833780322906411,0.8513997106635237,0,1104.6109619140625
49035,10,265,15,38,2,20.08013795672318,-3.5944075619937474,0.682842712474619,0,1104.6109619140625
49035,10,265,15,39,2,24.233689133324958,-3.9005360820543675,0.848528137423857,0,1104.6109619140625
49035,10,265,15,40,2,22.869112154962153,-3.6958509827536306,0.848528137423857,0,1104.6109619140625
49035,10,265,15,41,2,29.142731824314463,-4.061025038334633,0.613407053921902,0,1104.6109619140625
49035,10,265,15,42,2,27.514651358973,-3.951556142900553,0.8513997106635237,0,1104.6109619140625
49035,10,265,15,43,2,25.84145199386908,-3.7746240541598364,0.848528137423857,0,1104.6109619140625
49035,10,265,15,44,2,25.070006838791365,-3.5802283647066786,0.8513997106635237,0,1104.6109619140625
49035,10,265,15,45,2,25.114984852055347,-3.4406426001883914,0.613407053921902,0,1104.6109619140625
49035,10,265,15,46,2,28.94071511809345,-3.836846755528404,0.848528137423857,0,1104.6109619140625
49035,10,265,15,47,2,27.808085034612656,-3.6649665763545096,0.848528137423857,0,1104.6109619140625
49035,10,265,15,48,2,32.13019361818172,-3.886879388982317,0.682842712474619,0,1104.6109619140625
49035,10,265,15,49,2,30.709509010849573,-3.734115776741737,0.8513997106635237,0,1104.6109619140625
49035,10,265,15,50,2,30.06324243046742,-3.5707578309159906,0.682842712474619,0,1104.6109619140625
49035,10,265,15,51,2,34.13984849794531,-3.71265666751711,0.613407053921902,0,1104.6109619140625
49035,10,265,15,52,2,41.57090001601838,-4.591331125722525,0.4308640753373011,0,1104.6109619140625
49035,10,265,15,53,2,52.74451466443308,-4.599611480077863,0.3414213562373095,0,1104.6109619140625
49035,10,265,15,54,2,44.1976586560624,-4.492036661547454,0.482842712474619,0,1104.6109619140625
49035,10,265,15,55,2,36.39893177236137,-4.335819344158223,0.3414213562373095,0,1104.6109619140625
49035,10,265,15,56,2,51.166412141835906,-4.466832723987713,0.4242640687119285,0,1104.6109619140625
49035,10,265,15,57,2,43.46781493196344,-4.331400718187353,0.4242640687119285,0,1104.6109619140625
49035,10,265,15,58,2,58.15986960317757,-4.44768025337144,0.382842712474619,0,1104.6109619140625
49035,10,265,15,59,2,50.537309344184806,-4.328218257240023,0.4242640687119285,0,1104.6109619140625
49035,10,265,15,60,2,43.88016453069701,-4.169592283379374,0.482842712474619,0,1104.6109619140625
49035,10,265,15,61,2,41.063285803581834,-4.072235509278235,0.37888543819998316,0,1104.6109619140625
49035,10,265,15,62,2,57.60718997260875,-4.325816915966614,0.4242640687119285,0,1104.6109619140625
49035,10,265,15,63,2,50.892411418908466,-4.1888526449753964,0.4242640687119285,0,1104.6109619140625
49035,10,265,15,64,2,64.67733016545009,-4.3239405663856765,0.3414213562373095,0,1104.6109619140625
49035,10,265,15,65,2,57.918962704988516,-4.203444162738545,0.382842712474619,0,1104.6109619140625
49035,10,265,15,66,2,52.21164088891539,-4.053983990363709,0.3414213562373095,0,1104.6109619140625
49035,10,266,16,1,,,,,0,1105.06103515625
49035,10,266,16,2,,,,,0,1105.06103515625
49035,10,266,16,3,2,7.944590779033694,2.755682103443273,0.5137067878119201,0,1105.06103515625
49035,10,266,16,4,,,,,0,1105.06103515625
49035,10,266,16,5,2,5.595138194307362,3.154589531370595,0.5036147230395605,0,1105.06103515625
49035,10,266,16,6,,,,,0,1105.06103515625
49035,10,266,16,7,,,,,0,1105.06103515625
49035,10,266,16,8,,,,,0,1105.06103515625
49035,10,266,16,9,,,,,0,1105.06103515625
49035,10,266,16,10,2,6.637410961809271,1.7578226460595097,0.4679124626440447,0,1105.06103515625
49035,10,266,16,11,,,,,0,1105.06103515625
49035,10,266,16,12,,,,,0,1105.06103515625
49035,10,266,16,13,,,,,0,1105.06103515625
49035,10,266,16,14,,,,,0,1105.06103515625
49035,10,266,16,15,,,,,0,1105.06103515625
49035,10,266,16,16,2,6.3414212805849015,0.968128351471258,0.3837236232581979,1,1105.06103515625
49035,10,266,16,17,,,,,0,1105.06103515625
49035,10,266,16,18,2,34.08985055989703,3.8976312317038397,0.37888543819998316,0,1105.06103515625
49035,10,266,16,19,2,41.0939862593368,4.130990708233553,0.3414213562373095,0,1105.06103515625
49035,10,266,16,20,2,31.753366920344384,4.032090711758718,0.482842712474619,0,1105.06103515625
49035,10,266,16,21,2,22.97470162751804,3.8545489922742067,0.3414213562373095,0,1105.06103515625
49035,10,266,16,22,2,34.92355091213093,4.222180157884107,0.4242640687119285,0,1105.06103515625
49035,10,266,16,23,2,25.282701841529114,4.132768868000774,0.4242640687119285,0,1105.06103515625
49035,10,266,16,24,2,44.11634848668519,4.3844750714105,0.37888543819998316,0,1105.06103515625
49035,10,266,16,25,2,39.1284104692023,4.376120914129109,0.482842712474619,0,1105.06103515625
49035,10,266,16,26,2,29.164929452029185,4.3508446744428255,0.4242640687119285,0,1105.06103515625
49035,10,266,16,27,2,19.23937925290986,4.299421510942544,0.482842712474619,0,1105.06103515625
49035,10,266,16,28,2,14.315516619564518,4.247038565781683,0.37888543819998316,0,1105.06103515625
49035,10,266,16,29,2,34.08769877061253,-1.7711769470513232,0.4242640687119285,0,1105.06103515625
49035,10,266,16,30,2,24.114970693979252,-1.7454347056306543,0.4242640687119285,0,1105.06103515625
49035,10,266,16,31,2,39.665467411971825,-1.6529145478754974,0.3414213562373095,0,1105.06103515625
49035,10,266,16,32,2,29.881598168532715,-1.5928426978873542,0.482842712474619,0,1105.06103515625
49035,10,266,16,33,2,20.309370083809018,-1.4753188253439617,0.3414213562373095,0,1105.06103515625
49035,10,266,16,34,2,31.449456413228624,-1.4378108140079382,0.4308640753373011,0,1105.06103515625
49035,10,266,16,35,2,14.197441276539488,-0.549712229690708,0.613407053921902,0,1105.06103515625
49035,10,266,16,36,2,19.348072680770922,-0.7475924876229301,0.682842712474619,0,1105.06103515625
49035,10,266,16,37,2,17.582042501032795,-0.49328900513581075,0.8513997106635237,0,1105.06103515625
49035,10,266,16,38,2,17.143760397178127,-0.20541128415201704,0.682842712474619,0,1105.06103515625
49035,10,266,16,39,2,20.671653714089093,-0.5834777641847211,0.848528137423857,0,1105.06103515625
49035,10,266,16,40,2,19.674795280331203,-0.3399247107342289,0.848528137423857,0,1105.06103515625
49035,10,266,16,41,2,25.414761549321934,-0.7776860857900889,0.613407053921902,0,1105.06103515625
49035,10,266,16,42,2,23.885274041599423,-0.649824759245021,0.8513997106635237,0,1105.06103515625
49035,10,266,16,43,2,22.478581318446963,-0.44238427195754104,0.848528137423857,0,1105.06103515625
49035,10,266,16,44,2,22.137455141405987,-0.21829676136887932,0.8513997106635237,0,1105.06103515625
49035,10,266,16,45,2,22.564643395612812,-0.06271134790644117,0.613407053921902,0,1105.06103515625
49035,10,266,16,46,2,25.465185388233927,-0.5214901549649278,0.848528137423857,0,1105.06103515625
49035,10,266,16,47,2,24.662845920632357,-0.3242413031174054,0.848528137423857,0,1105.06103515625
49035,10,266,16,48,2,28.57734619631803,-0.5836890690225829,0.682842712474619,0,1105.06103515625
49035,10,266,16,49,2,27.412497472356325,-0.4097428981225135,0.8513997106635237,0,1105.06103515625
49035,10,266,16,50,2,27.13347231225063,-0.22643806590750248,0.682842712474619,0,1105.06103515625
49035,10,266,16,51,2,30.87889080552082,-0.3931119666904792,0.613407053921902,0,1105.06103515625
49035,10,266,16,52,2,38.08472667909994,-1.3671772042630592,0.4308640753373011,0,1105.06103515625
49035,10,266,16,53,2,49.26504036036302,-1.3677360600237622,0.3414213562373095,0,1105.06103515625
49035,10,266,16,54,2,40.57837855069687,-1.25687991181041,0.482842712474619,0,1105.06103515625
49035,10,266,16,55,2,32.65218843966075,-1.0891795470716383,0.3414213562373095,0,1105.06103515625
49035,10,266,16,56,2,47.51823758661337,-1.2260015236935122,0.4242640687119285,0,1105.06103515625
49035,10,266,16,57,2,39.71830192031495,-1.0818306286573809,0.4242640687119285,0,1105.06103515625
49035,10,266,16,58,2,54.49184343433442,-1.2030089779086497,0.382842712474619,0,1105.06103515625
49035,10,266,16,59,2,46.7859124627005,-1.0767017950323678,0.4242640687119285,0,1105.06103515625
49035,10,266,16,60,2,40.10588746135576,-0.9046973628644102,0.482842712474619,0,1105.06103515625
49035,10,266,16,61,2,37.3264318025533,-0.7972239449954119,0.37888543819998316,0,1105.06103515625
49035,10,266,16,62,2,53.85443066732443,-1.0729192250084285,0.4242640687119285,0,1105.06103515625
49035,10,266,16,63,2,47.11539352055878,-0.9261158351213559,0.4242640687119285,0,1105.06103515625
49035,10,266,16,64,2,60.923540606532654,-1.0700144231021915,0.3414213562373095,0,1105.06103515625
49035,10,266,16,65,2,54.14091247967006,-0.9419814191643181,0.382842712474619,0,1105.06103515625
49035,10,266,16,66,2,48.485039014388256,-0.7808451973732047,0.3414213562373095,0,1105.06103515625
49035,10,267,10,1,,,,,0,1105.510009765625
49035,10,267,10,2,,,,,0,1105.510009765625
49035,10,267,10,3,2,10.977057097841366,2.3770710090390343,0.5137067878119201,0,1105.510009765625
49035,10,267,10,4,,,,,0,1105.510009765625
49035,10,267,10,5,2,9.360132032619168,2.6885101079631673,0.5358249252880893,0,1105.510009765625
49035,10,267,10,6,,,,,0,1105.510009765625
49035,10,267,10,7,,,,,0,1105.510009765625
49035,10,267,10,8,,,,,0,1105.510009765625
49035,10,267,10,9,,,,,0,1105.510009765625
49035,10,267,10,10,2,6.675146201415767,1.709125316402524,0.35735518174403624,1,1105.510009765625
49035,10,267,10,11,,,,,0,1105.510009765625
49035,10,267,10,12,,,,,0,1105.510009765625
49035,10,267,10,13,,,,,0,1105.510009765625
49035,10,267,10,14,2,6.809959404148769,3.6640072157054853,0.3053765446067183,0,1105.510009765625
49035,10,267,10,15,,,,,0,1105.510009765625
49035,10,267,10,16,,,,,0,1105.510009765625
49035,10,267,10,17,,,,,0,1105.510009765625
49035,10,267,10,18,2,37.9830720447994,3.206354152228821,0.37888543819998316,0,1105.510009765625
49035,10,267,10,19,2,44.66018061132647,3.4245156676260873,0.3414213562373095,0,1105.510009765625
49035,10,267,10,20,2,35.48747593503543,3.324433788581762,0.482842712474619,0,1105.510009765625
49035,10,267,10,21,2,26.910781561358203,3.157849182174679,0.3414213562373095,0,1105.510009765625
49035,10,267,10,22,2,38.32223279660655,3.5003217990473035,0.4242640687119285,0,1105.510009765625
49035,10,267,10,23,2,28.86906203049771,3.4022253088462997,0.4242640687119285,0,1105.510009765625
49035,10,267,10,24,2,47.12124252174581,3.6628185318879605,0.37888543819998316,0,1105.510009765625
49035,10,267,10,25,2,42.164275219608534,3.648133122985209,0.482842712474619,0,1105.510009765625
49035,10,267,10,26,2,32.29017374989352,3.6052605219808087,0.4242640687119285,0,1105.510009765625
49035,10,267,10,27,2,22.527417446341477,3.5249547225967173,0.482842712474619,0,1105.510009765625
49035,10,267,10,28,2,17.74539784855328,3.451904594200394,0.37888543819998316,0,1105.510009765625
49035,10,267,10,29,2,36.768028218493036,3.7642531621177686,0.4242640687119285,0,1105.510009765625
49035,10,267,10,30,2,26.771572891395795,3.7557673428023315,0.4242640687119285,0,1105.510009765625
49035,10,267,10,31,2,41.96570596753364,-2.396807963496111,0.3414213562373095,0,1105.510009765625
49035,10,267,10,32,2,32.030449471665335,-2.36581967374111,0.482842712474619,0,1105.510009765625
49035,10,267,10,33,2,22.153530403985823,-2.3070938195288755,0.3414213562373095,0,1105.510009765625
49035,10,267,10,34,2,33.05445324969395,-2.215270176016552,0.4308640753373011,0,1105.510009765625
49035,10,267,10,35,2,12.625928699645705,-1.4902678494981445,0.613407053921902,0,1105.510009765625
49035,10,267,10,36,2,18.40930465613343,-1.6182602865042477,0.682842712474619,0,1105.510009765625
49035,10,267,10,37,2,15.694492853356074,-1.3706083567840244,0.8513997106635237,0,1105.510009765625
49035,10,267,10,38,2,14.273461876004498,-1.0489335092569174,0.682842712474619,0,1105.510009765625
49035,10,267,10,39,2,19.063929161189172,-1.4325313753636952,0.848528137423857,0,1105.510009765625
49035,10,267,10,40,2,17.200232645651855,-1.1756042934277833,0.848528137423857,0,1105.510009765625
49035,10,267,10,41,2,24.497131640264264,-1.597822747482046,0.613407053921902,0,1105.510009765625
49035,10,267,10,42,2,22.484432040895157,-1.4757404582972726,0.8513997106635237,0,1105.510009765625
49035,10,267,10,43,2,20.32152288100825,-1.2644546264313115,0.848528137423857,0,1105.510009765625
49035,10,267,10,44,2,19.24523058331728,-1.0169192241664944,0.8513997106635237,0,1105.510009765625
49035,10,267,10,45,2,19.243677554101946,-0.8347970710175764,0.613407053921902,0,1105.510009765625
49035,10,267,10,46,2,23.560148160445333,-1.3292804466420858,0.848528137423857,0,1105.510009765625
49035,10,267,10,47,2,22.079293225641184,-1.1195073799083417,0.848528137423857,0,1105.510009765625
49035,10,267,10,48,2,26.87372081571381,-1.378286089705214,0.682842712474619,0,1105.510009765625
49035,10,267,10,49,2,25.092060068528422,-1.1981339896070846,0.8513997106635237,0,1105.510009765625
49035,10,267,10,50,2,24.228621225409167,-0.998061209033846,0.682842712474619,0,1105.510009765625
49035,10,267,10,51,2,28.478316468466783,-1.1650247199275077,0.613407053921902,0,1105.510009765625
49035,10,267,10,52,2,39.39326665705436,-2.128403334625583,0.4308640753373011,0,1105.510009765625
49035,10,267,10,53,2,50.53362670726958,-2.1072303883266743,0.3414213562373095,0,1105.510009765625
49035,10,267,10,54,2,41.45451295327311,-2.0156172341185057,0.482842712474619,0,1105.510009765625
49035,10,267,10,55,2,32.91361208066513,-1.8746904382165246,0.3414213562373095,0,1105.510009765625
49035,10,267,10,56,2,48.24633895406651,-1.9716191149496285,0.4242640687119285,0,1105.510009765625
49035,10,267,10,57,2,39.90662148659159,-1.8457789576963415,0.4242640687119285,0,1105.510009765625
49035,10,267,10,58,2,55.108454893494006,-1.9385268240412925,0.382842712474619,0,1105.510009765625
49035,10,267,10,59,2,46.92303290231442,-1.8255007735279292,0.4242640687119285,0,1105.510009765625
49035,10,267,10,60,2,39.580301069535835,-1.6678144955298904,0.482842712474619,0,1105.510009765625
49035,10,267,10,61,2,36.387014727190916,-1.5663890000105978,0.37888543819998316,0,1105.510009765625
49035,10,267,10,62,2,53.95371715673786,-1.810502572451099,0.4242640687119285,0,1105.510009765625
49035,10,267,10,63,2,46.64582308237992,-1.6743309180106594,0.4242640687119285,0,1105.510009765625
49035,10,267,10,64,2,60.99373880413347,-1.798964497779866,0.3414213562373095,0,1105.510009765625
49035,10,267,10,65,2,53.71280470530537,-1.679132773562543,0.382842712474619,0,1105.510009765625
49035,10,267,10,66,2,47.433053931975465,-1.5247987995859034,0.3414213562373095,0,1105.510009765625
49035,10,268,3,1,,,,,0,1105.9439697265625
49035,10,268,3,2,,,,,0,1105.9439697265625
49035,10,268,3,3,2,9.573527297249946,0.7422387487883015,0.44635950564868465,1,1105.9439697265625
49035,10,268,3,4,,,,,0,1105.9439697265625
49035,10,268,3,5,2,9.552202706864817,1.1140857848791614,0.4979822603169414,0,1105.9439697265625
49035,10,268,3,6,,,,,0,1105.9439697265625
49035,10,268,3,7,,,,,0,1105.9439697265625
49035,10,268,3,8,,,,,0,1105.9439697265625
49035,10,268,3,9,,,,,0,1105.9439697265625
49035,10,268,3,10,,,,,0,1105.9439697265625
49035,10,268,3,11,,,,,0,1105.9439697265625
49035,10,268,3,12,,,,,0,1105.9439697265625
49035,10,268,3,13,,,,,0,1105.9439697265625
49035,10,268,3,14,2,10.558211188514733,-4.366951342104702,0.3797802096105348,0,1105.9439697265625
49035,10,268,3,15,,,,,0,1105.9439697265625
49035,10,268,3,16,,,,,0,1105.9439697265625
49035,10,268,3,17,2,7.721915710395987,-3.7591239225734934,0.35849461354003137,0,1105.9439697265625
49035,10,268,3,18,2,39.64398418628186,1.2500007895118395,0.37888543819998316,0,1105.9439697265625
49035,10,268,3,19,2,47.163280138505556,1.4416438946507673,0.3414213562373095,0,1105.9439697265625
49035,10,268,3,20,2,37.6468402056343,1.3687224143361911,0.482842712474619,0,1105.9439697265625
49035,10,268,3,21,2,28.463909807227342,1.2477070544004416,0.3414213562373095,0,1105.9439697265625
49035,10,268,3,22,2,41.127471120313906,1.5253067603299004,0.4242640687119285,0,1105.9439697265625
49035,10,268,3,23,2,31.374806211316496,1.4637653104074406,0.4242640687119285,0,1105.9439697265625
49035,10,268,3,24,2,50.44004750209144,1.661245589737733,0.37888543819998316,0,1105.9439697265625
49035,10,268,3,25,2,45.44945746690433,1.6548417830159097,0.482842712474619,0,1105.9439697265625
49035,10,268,3,26,2,35.47622821103388,1.6366310555710086,0.4242640687119285,0,1105.9439697265625
49035,10,268,3,27,2,25.523956435607037,1.6042000712030648,0.482842712474619,0,1105.9439697265625
49035,10,268,3,28,2,20.565192538594697,1.576228600811195,0.37888543819998316,0,1105.9439697265625
49035,10,268,3,29,2,40.40726508148067,-4.512597364354566,0.4242640687119285,0,1105.9439697265625
49035,10,268,3,30,2,30.424606084721248,-4.49580829440251,0.4242640687119285,0,1105.9439697265625
49035,10,268,3,31,2,45.90132214488749,-4.409189892439562,0.3414213562373095,0,1105.9439697265625
49035,10,268,3,32,2,36.05330718109157,-4.366491965103051,0.482842712474619,0,1105.9439697265625
49035,10,268,3,33,2,26.32015468684709,-4.291982147021276,0.3414213562373095,0,1105.9439697265625
49035,10,268,3,34,2,37.356124718719755,-4.234859523673786,0.4308640753373011,0,1105.9439697265625
49035,10,268,3,35,2,17.06445846506679,-3.6449152387510417,0.613407053921902,0,1105.9439697265625
49035,10,268,3,36,2,22.955137059006248,-3.72561899047726,0.682842712474619,0,1105.9439697265625
49035,10,268,3,37,2,19.95978730899874,-3.538311479195518,0.8513997106635237,0,1105.9439697265625
49035,10,268,3,38,2,17.884292030806595,-3.29696257939284,0.682842712474619,0,1105.9439697265625
49035,10,268,3,39,2,23.40908501121547,-3.5742182163002347,0.848528137423857,0,1105.9439697265625
49035,10,268,3,40,2,21.081746917298336,-3.374682651002411,0.848528137423857,0,1105.9439697265625
49035,10,268,3,41,2,29.022561194496,-3.700025549687182,0.613407053921902,0,1105.9439697265625
49035,10,268,3,42,2,26.880800075595936,-3.600877457168962,0.8513997106635237,0,1105.9439697265625
49035,10,268,3,43,2,24.37277589292741,-3.4316856707427967,0.848528137423857,0,1105.9439697265625
49035,10,268,3,44,2,22.70433872081653,-3.230980625016382,0.8513997106635237,0,1105.9439697265625
49035,10,268,3,45,2,22.14171066483939,-3.0767560857062763,0.613407053921902,0,1105.9439697265625
49035,10,268,3,46,2,27.724075392494324,-3.4750215995684535,0.848528137423857,0,1105.9439697265625
49035,10,268,3,47,2,25.789128492281677,-3.302384890749182,0.848528137423857,0,1105.9439697265625
49035,10,268,3,48,2,31.116177593183824,-3.508961792227755,0.682842712474619,0,1105.9439697265625
49035,10,268,3,49,2,28.97708232436903,-3.3583137149210955,0.8513997106635237,0,1105.9439697265625
49035,10,268,3,50,2,27.588513770335023,-3.188225736985853,0.682842712474619,0,1105.9439697265625
49035,10,268,3,51,2,32.27024429327639,-3.3195478103124865,0.613407053921902,0,1105.9439697265625
49035,10,268,3,52,2,43.813974452042544,-4.163649106246819,0.4308640753373011,0,1105.9439697265625
49035,10,268,3,53,2,54.976302790795444,-4.1507234685001135,0.3414213562373095,0,1105.9439697265625
49035,10,268,3,54,2,45.99242820933282,-4.063351262682588,0.482842712474619,0,1105.9439697265625
49035,10,268,3,55,2,37.52616469393113,-3.9351618888833437,0.3414213562373095,0,1105.9439697265625
49035,10,268,3,56,2,52.81560144383783,-4.025693691558812,0.4242640687119285,0,1105.9439697265625
49035,10,268,3,57,2,44.524120877561806,-3.9103493281387047,0.4242640687119285,0,1105.9439697265625
49035,10,268,3,58,2,59.696499555317445,-3.996683670389315,0.382842712474619,0,1105.9439697265625
49035,10,268,3,59,2,51.542037631465696,-3.892284940668755,0.4242640687119285,0,1105.9439697265625
49035,10,268,3,60,2,44.15304323881691,-3.7509200028681,0.482842712474619,0,1105.9439697265625
49035,10,268,3,61,2,40.8772065981953,-3.6619758508314253,0.37888543819998316,0,1105.9439697265625
49035,10,268,3,62,2,58.572740643469274,-3.8785535957810744,0.4242640687119285,0,1105.9439697265625
49035,10,268,3,63,2,51.22182670046557,-3.7546991706205812,0.4242640687119285,0,1105.9439697265625
49035,10,268,3,64,2,65.6121196866159,-3.8677669761451874,0.3414213562373095,0,1105.9439697265625
49035,10,268,3,65,2,58.29116428598951,-3.7575617243183803,0.382842712474619,0,1105.9439697265625
49035,10,268,3,66,2,51.87262686486611,-3.617995769192721,0.3414213562373095,0,1105.9439697265625
49035,10,269,14,1,,,,,0,1106.56103515625
49035,10,269,14,2,,,,,0,1106.56103515625
49035,10,269,14,3,,,,,0,1106.56103515625
49035,10,269,14,4,,,,,0,1106.56103515625
49035,10,269,14,5,2,5.236349676947018,-5.896581701465982,0.29358600189759604,0,1106.56103515625
49035,10,269,14,6,,,,,0,1106.56103515625
49035,10,269,14,7,,,,,0,1106.56103515625
49035,10,269,14,8,,,,,0,1106.56103515625
49035,10,269,14,9,,,,,0,1106.56103515625
49035,10,269,14,10,,,,,0,1106.56103515625
49035,10,269,14,11,,,,,0,1106.56103515625
49035,10,269,14,12,,,,,0,1106.56103515625
49035,10,269,14,13,,,,,0,1106.56103515625
49035,10,269,14,14,2,11.270443912694386,-5.218792063204274,0.3797802096105348,1,1106.56103515625
49035,10,269,14,15,,,,,0,1106.56103515625
49035,10,269,14,16,,,,,0,1106.56103515625
49035,10,269,14,17,2,12.048437931802187,-4.693284894902336,0.35849461354003137,0,1106.56103515625
49035,10,269,14,18,2,34.7323127943752,-0.10156944606998275,0.37888543819998316,0,1106.56103515625
49035,10,269,14,19,2,43.21402243696258,0.08672984500278025,0.3414213562373095,0,1106.56103515625
49035,10,269,14,20,2,33.37353373347004,0.03988107655955808,0.482842712474619,0,1106.56103515625
49035,10,269,14,21,2,23.66714542431809,-0.04573371434678819,0.3414213562373095,0,1106.56103515625
49035,10,269,14,22,2,37.72375175315186,0.19715217494897042,0.4242640687119285,0,1106.56103515625
49035,10,269,14,23,2,27.738465440795135,0.18038837830530996,0.4242640687119285,0,1106.56103515625
49035,10,269,14,24,2,47.79330109408027,-5.9715502216091245,0.37888543819998316,0,1106.56103515625
49035,10,269,14,25,2,42.80619276235383,-5.963617197676685,0.482842712474619,0,1106.56103515625
49035,10,269,14,26,2,32.84373848216051,-5.940527553625637,0.4242640687119285,0,1106.56103515625
49035,10,269,14,27,2,22.914017023675903,-5.8973837173102766,0.482842712474619,0,1106.56103515625
49035,10,269,14,28,2,17.978394964503586,-5.857977195987669,0.37888543819998316,0,1106.56103515625
49035,10,269,14,29,2,38.574601099154826,-5.824090360848665,0.4242640687119285,0,1106.56103515625
49035,10,269,14,30,2,28.884959211251697,-5.750016812130781,0.4242640687119285,0,1106.56103515625
49035,10,269,14,31,2,44.691034251103225,-5.738609052561218,0.3414213562373095,0,1106.56103515625
49035,10,269,14,32,2,35.26513237051634,-5.654463953253504,0.482842712474619,0,1106.56103515625
49035,10,269,14,33,2,26.267291062970262,-5.510976938564992,0.3414213562373095,0,1106.56103515625
49035,10,269,14,34,2,37.43112024669825,-5.530347741881162,0.4308640753373011,0,1106.56103515625
49035,10,269,14,35,2,21.18794634122197,-4.839788376088548,0.613407053921902,0,1106.56103515625
49035,10,269,14,36,2,26.4807477630267,-4.968180000837588,0.682842712474619,0,1106.56103515625
49035,10,269,14,37,2,24.482657360413768,-4.78792709076075,0.8513997106635237,0,1106.56103515625
49035,10,269,14,38,2,23.400235485263845,-4.583629502573512,0.682842712474619,0,1106.56103515625
49035,10,269,14,39,2,27.686546510256658,-4.845357768595505,0.848528137423857,0,1106.56103515625
49035,10,269,14,40,2,26.262432617771417,-4.667378283463824,0.848528137423857,0,1106.56103515625
49035,10,269,14,41,2,32.553338497993145,-4.988999614301447,0.613407053921902,0,1106.56103515625
49035,10,269,14,42,2,30.962706663045267,-4.890759668715502,0.8513997106635237,0,1106.56103515625
49035,10,269,14,43,2,29.27216618633077,-4.734298951082758,0.848528137423857,0,1106.56103515625
49035,10,269,14,44,2,28.37305451618746,-4.563423255200133,0.8513997106635237,0,1106.56103515625
49035,10,269,14,45,2,28.25773485464486,-4.439803741729653,0.613407053921902,0,1106.56103515625
49035,10,269,14,46,2,32.38833215028754,-4.788548417418872,0.848528137423857,0,1106.56103515625
49035,10,269,14,47,2,31.179714059236147,-4.635725464887933,0.848528137423857,0,1106.56103515625
49035,10,269,14,48,2,35.58297915737989,-4.8331693978681916,0.682842712474619,0,1106.56103515625
49035,10,269,14,49,2,34.12211768124761,-4.695829654705786,0.8513997106635237,0,1106.56103515625
49035,10,269,14,50,2,33.35400162486189,-4.549247606582374,0.682842712474619,0,1106.56103515625
49035,10,269,14,51,2,37.54051619679505,-4.67483582431193,0.613407053921902,0,1106.56103515625
49035,10,269,14,52,2,44.276149961318325,-5.486778242750903,0.4308640753373011,0,1106.56103515625
49035,10,269,14,53,2,55.42107576124028,-5.504728462783082,0.3414213562373095,0,1106.56103515625
49035,10,269,14,54,2,47.09391316518402,-5.396293981506538,0.482842712474619,0,1106.56103515625
49035,10,269,14,55,2,39.54968616672768,-5.24405467450994,0.3414213562373095,0,1106.56103515625
49035,10,269,14,56,2,54.10291442874642,-5.3777738239620465,0.4242640687119285,0,1106.56103515625
49035,10,269,14,57,2,46.62045010894914,-5.2455813150180735,0.4242640687119285,0,1106.56103515625
49035,10,269,14,58,2,61.12621403423104,-5.3635055359734105,0.382842712474619,0,1106.56103515625
49035,10,269,14,59,2,53.69129408791877,-5.246705857521365,0.4242640687119285,0,1106.56103515625
49035,10,269,14,60,2,47.21330405205867,-5.095252664828598,0.482842712474619,0,1106.56103515625
49035,10,269,14,61,2,44.46646589116925,-5.004038875898641,0.37888543819998316,0,1106.56103515625
49035,10,269,14,62,2,60.76219016221968,-5.247568674891596,0.4242640687119285,0,1106.56103515625
49035,10,269,14,63,2,54.20687015486602,-5.115890692971533,0.4242640687119285,0,1106.56103515625
49035,10,269,14,64,2,67.83312204066765,-5.248251612336147,0.3414213562373095,0,1106.56103515625
49035,10,269,14,65,2,61.21824453919656,-5.131806887145835,0.382842712474619,0,1106.56103515625
49035,10,269,14,66,2,55.623866129006416,-4.98964526149595,0.3414213562373095,0,1106.56103515625
49035,10,270,17,1,,,,,0,1107.4610595703125
49035,10,270,17,2,,,,,0,1107.4610595703125
49035,10,270,17,3,,,,,0,1107.4610595703125
49035,10,270,17,4,2,12.894919760533279,2.360143243308893,0.359800361675262,0,1107.4610595703125
49035,10,270,17,5,2,5.79530376346683,2.7652196618846996,0.3037879892779097,0,1107.4610595703125
49035,10,270,17,6,,,,,0,1107.4610595703125
49035,10,270,17,7,,,,,0,1107.4610595703125
49035,10,270,17,8,,,,,0,1107.4610595703125
49035,10,270,17,9,,,,,0,1107.4610595703125
49035,10,270,17,10,,,,,0,1107.4610595703125
49035,10,270,17,11,2,14.243774733387705,1.9173291820535865,0.3356838586201657,0,1107.4610595703125
49035,10,270,17,12,,,,,0,1107.4610595703125
49035,10,270,17,13,,,,,0,1107.4610595703125
49035,10,270,17,14,,,,,0,1107.4610595703125
49035,10,270,17,15,,,,,0,1107.4610595703125
49035,10,270,17,16,,,,,0,1107.4610595703125
49035,10,270,17,17,2,8.207906273731007,0.9143824376717825,0.28160475117535366,1,1107.4610595703125
49035,10,270,17,18,2,30.04472263507324,4.267702078626941,0.37888543819998316,0,1107.4610595703125
49035,10,270,17,19,2,36.64197701671816,4.540593787744452,0.3414213562373095,0,1107.4610595703125
49035,10,270,17,20,2,27.446427132198764,4.416601200958281,0.482842712474619,0,1107.4610595703125
49035,10,270,17,21,2,19.078213882659217,4.176776075790827,0.3414213562373095,0,1107.4610595703125
49035,10,270,17,22,2,30.390647000566037,4.639664864050834,0.4242640687119285,0,1107.4610595703125
49035,10,270,17,23,2,20.838985285814854,4.52194838160816,0.4242640687119285,0,1107.4610595703125
49035,10,270,17,24,2,39.5416305504494,4.8252264121374875,0.37888543819998316,0,1107.4610595703125
49035,10,270,17,25,2,34.55251782291604,4.81630451305477,0.482842712474619,0,1107.4610595703125
49035,10,270,17,26,2,24.587565364068176,4.787604624589991,0.4242640687119285,0,1107.4610595703125
49035,10,270,17,27,2,14.67038694655732,4.71996675667714,0.482842712474619,0,1107.4610595703125
49035,10,270,17,28,2,9.77528487955296,4.634864873443314,0.37888543819998316,0,1107.4610595703125
49035,10,270,17,29,2,29.577583290766707,-1.309534025294619,0.4242640687119285,0,1107.4610595703125
49035,10,270,17,30,2,19.63428929071884,-1.2654014509302396,0.4242640687119285,0,1107.4610595703125
49035,10,270,17,31,2,35.28623663855582,-1.1802831058028964,0.3414213562373095,0,1107.4610595703125
49035,10,270,17,32,2,25.608404455208714,-1.0964987746486123,0.482842712474619,0,1107.4610595703125
49035,10,270,17,33,2,16.323671810317308,-0.9145958211136702,0.3414213562373095,0,1107.4610595703125
49035,10,270,17,34,2,27.5029340770429,-0.9219218317226323,0.4308640753373011,0,1107.4610595703125
49035,10,270,17,35,2,14.072220530216201,0.212457909567751,0.613407053921902,0,1107.4610595703125
49035,10,270,17,36,2,18.121152066289028,-0.07451050639107892,0.682842712474619,0,1107.4610595703125
49035,10,270,17,37,2,17.570204709230577,0.20490448729273414,0.8513997106635237,0,1107.4610595703125
49035,10,270,17,38,2,18.41325704048487,0.4797707637565978,0.682842712474619,0,1107.4610595703125
49035,10,270,17,39,2,20.158239628480132,0.07682669121922414,0.848528137423857,0,1107.4610595703125
49035,10,270,17,40,2,20.290159344714965,0.3246038587563935,0.848528137423857,0,1107.4610595703125
49035,10,270,17,41,2,23.92722293526554,-0.1648925712052307,0.613407053921902,0,1107.4610595703125
49035,10,270,17,42,2,22.99993818066008,-0.020903229787544664,0.8513997106635237,0,1107.4610595703125
49035,10,270,17,43,2,22.568409284415296,0.19817616858638631,0.848528137423857,0,1107.4610595703125
49035,10,270,17,44,2,23.230777837678612,0.4150436510533979,0.8513997106635237,0,1107.4610595703125
49035,10,270,17,45,2,24.30337832203309,0.5553713664356486,0.613407053921902,0,1107.4610595703125
49035,10,270,17,46,2,25.139125462590005,0.09622963599085566,0.848528137423857,0,1107.4610595703125
49035,10,270,17,47,2,25.24503060680534,0.2949876399142981,0.848528137423857,0,1107.4610595703125
49035,10,270,17,48,2,27.921643225619793,0.013878254855071548,0.682842712474619,0,1107.4610595703125
49035,10,270,17,49,2,27.56726503905487,0.19388784302252882,0.8513997106635237,0,1107.4610595703125
49035,10,270,17,50,2,28.11209780589478,0.37266469008534187,0.682842712474619,0,1107.4610595703125
49035,10,270,17,51,2,31.06668319287926,0.19170716843421243,0.613407053921902,0,1107.4610595703125
49035,10,270,17,52,2,34.303009279596516,-0.8587895698292058,0.4308640753373011,0,1107.4610595703125
49035,10,270,17,53,2,45.460373591858044,-0.8769311791254837,0.3414213562373095,0,1107.4610595703125
49035,10,270,17,54,2,37.11222776580111,-0.7427991342357818,0.482842712474619,0,1107.4610595703125
49035,10,270,17,55,2,29.799149859854953,-0.5373433601194271,0.3414213562373095,0,1107.4610595703125
49035,10,270,17,56,2,44.131649782561,-0.7217198929093898,0.4242640687119285,0,1107.4610595703125
49035,10,270,17,57,2,36.85477438758797,-0.5514377036780078,0.4242640687119285,0,1107.4610595703125
49035,10,270,17,58,2,51.16529659173816,-0.7064308161062223,0.382842712474619,0,1107.4610595703125
49035,10,270,17,59,2,43.91536699095121,-0.5610013708310979,0.4242640687119285,0,1107.4610595703125
49035,10,270,17,60,2,37.93720259296041,-0.36428742499491396,0.482842712474619,0,1107.4610595703125
49035,10,270,17,61,2,35.630987663746,-0.24354915873805538,0.37888543819998316,0,1107.4610595703125
49035,10,270,17,62,2,50.978863470460425,-0.5679152995926899,0.4242640687119285,0,1107.4610595703125
49035,10,270,17,63,2,44.82762991023772,-0.4027993138628876,0.4242640687119285,0,1107.4610595703125
49035,10,270,17,64,2,58.04420370312407,-0.5731462557469542,0.3414213562373095,0,1107.4610595703125
49035,10,270,17,65,2,51.76679887880992,-0.4310194495803996,0.382842712474619,0,1107.4610595703125
49035,10,270,17,66,2,46.80249297621389,-0.25443102142028784,0.3414213562373095,0,1107.4610595703125
49035,10,271,11,1,2,15.301822786449716,2.196792547324913,0.4008815710307323,0,1107.927978515625
49035,10,271,11,2,,,,,0,1107.927978515625
49035,10,271,11,3,,,,,0,1107.927978515625
49035,10,271,11,4,2,13.781466459473052,1.7868928648012268,0.4541838746143514,0,1107.927978515625
49035,10,271,11,5,2,9.108116051168157,2.364010613646557,0.3689857016884763,0,1107.927978515625
49035,10,271,11,6,,,,,0,1107.927978515625
49035,10,271,11,7,,,,,0,1107.927978515625
49035,10,271,11,8,,,,,0,1107.927978515625
49035,10,271,11,9,,,,,0,1107.927978515625
49035,10,271,11,10,,,,,0,1107.927978515625
49035,10,271,11,11,2,12.771138228475918,1.3292104171476793,0.3356838586201657,1,1107.927978515625
49035,10,271,11,12,,,,,0,1107.927978515625
49035,10,271,11,13,,,,,0,1107.927978515625
49035,10,271,11,14,,,,,0,1107.927978515625
49035,10,271,11,15,,,,,0,1107.927978515625
49035,10,271,11,16,,,,,0,1107.927978515625
49035,10,271,11,17,,,,,0,1107.927978515625
49035,10,271,11,18,2,35.029562726943105,3.262259674895674,0.37888543819998316,0,1107.927978515625
49035,10,271,11,19,2,41.07817043420333,3.510776981324021,0.3414213562373095,0,1107.927978515625
49035,10,271,11,20,2,32.18682786592711,3.384834418976477,0.482842712474619,0,1107.927978515625
49035,10,271,11,21,2,24.177834682208147,3.1697689918231067,0.3414213562373095,0,1107.927978515625
49035,10,271,11,22,2,34.57781963016349,3.5846383596042344,0.4242640687119285,0,1107.927978515625
49035,10,271,11,23,2,25.381123147439418,3.451985280494881,0.4242640687119285,0,1107.927978515625
49035,10,271,11,24,2,43.0809868939505,3.7729989406584936,0.37888543819998316,0,1107.927978515625
49035,10,271,11,25,2,38.14786144309295,3.7528940003435522,0.482842712474619,0,1107.927978515625
49035,10,271,11,26,2,28.351986430068404,3.6917609280652606,0.4242640687119285,0,1107.927978515625
49035,10,271,11,27,2,18.772611336203283,3.567288485058233,0.482842712474619,0,1107.927978515625
49035,10,271,11,28,2,14.20207158497769,3.443045787417791,0.37888543819998316,0,1107.927978515625
49035,10,271,11,29,2,32.61087022506576,3.877664838026706,0.4242640687119285,0,1107.927978515625
49035,10,271,11,30,2,22.628403803305392,3.8558746859315045,0.4242640687119285,0,1107.927978515625
49035,10,271,11,31,2,37.72403185161123,-2.2661546561415244,0.3414213562373095,0,1107.927978515625
49035,10,271,11,32,2,27.77909971526694,-2.2337791752190004,0.482842712474619,0,1107.927978515625
49035,10,271,11,33,2,17.895647036084195,-2.1654905058401486,0.3414213562373095,0,1107.927978515625
49035,10,271,11,34,2,28.820131925803604,-2.060725211605579,0.4308640753373011,0,1107.927978515625
49035,10,271,11,35,2,10.220860815661833,-1.0396972341556698,0.613407053921902,0,1107.927978515625
49035,10,271,11,36,2,15.384187698719591,-1.299949443854899,0.682842712474619,0,1107.927978515625
49035,10,271,11,37,2,13.636756655235798,-0.9750858232912964,0.8513997106635237,0,1107.927978515625
49035,10,271,11,38,2,13.610622065093146,-0.6059913684091738,0.682842712474619,0,1107.927978515625
49035,10,271,11,39,2,16.681666380393978,-1.094287936197994,0.848528137423857,0,1107.927978515625
49035,10,271,11,40,2,15.892321861560989,-0.7898812005342979,0.848528137423857,0,1107.927978515625
49035,10,271,11,41,2,21.467261672885478,-1.32725440917899,0.613407053921902,0,1107.927978515625
49035,10,271,11,42,2,19.889566470373747,-1.1759129208289376,0.8513997106635237,0,1107.927978515625
49035,10,271,11,43,2,18.571019231698035,-0.9242994248268686,0.848528137423857,0,1107.927978515625
49035,10,271,11,44,2,18.551837004156244,-0.6541043931275698,0.8513997106635237,0,1107.927978515625
49035,10,271,11,45,2,19.324134828655556,-0.4735634392443089,0.613407053921902,0,1107.927978515625
49035,10,271,11,46,2,21.49882825776203,-1.0235276060081766,0.848528137423857,0,1107.927978515625
49035,10,271,11,47,2,20.89228368037898,-0.788808848837893,0.848528137423857,0,1107.927978515625
49035,10,271,11,48,2,24.586916797544912,-1.098423821271172,0.682842712474619,0,1107.927978515625
49035,10,271,11,49,2,23.533048645130506,-0.8948785040707696,0.8513997106635237,0,1107.927978515625
49035,10,271,11,50,2,23.5179140116372,-0.6819419015492882,0.682842712474619,0,1107.927978515625
49035,10,271,11,51,2,27.01480177227042,-0.880722518721758,0.613407053921902,0,1107.927978515625
49035,10,271,11,52,2,35.216952260609126,-1.9661020225533956,0.4308640753373011,0,1107.927978515625
49035,10,271,11,53,2,46.37434148218859,-1.9483842927663158,0.3414213562373095,0,1107.927978515625
49035,10,271,11,54,2,37.405285051126164,-1.8421562533221867,0.482842712474619,0,1107.927978515625
49035,10,271,11,55,2,29.115823045302495,-1.6724659631982284,0.3414213562373095,0,1107.927978515625
49035,10,271,11,56,2,44.25820909234015,-1.799318854431606,0.4242640687119285,0,1107.927978515625
49035,10,271,11,57,2,36.15750093563804,-1.652616518467043,0.4242640687119285,0,1107.927978515625
49035,10,271,11,58,2,51.1705266180308,-1.7680094866113703,0.382842712474619,0,1107.927978515625
49035,10,271,11,59,2,43.2087791567404,-1.639241639300321,0.4242640687119285,0,1107.927978515625
49035,10,271,11,60,2,36.2708477715276,-1.4570730612625893,0.482842712474619,0,1107.927978515625
49035,10,271,11,61,2,33.3895537405041,-1.3395833688354941,0.37888543819998316,0,1107.927978515625
49035,10,271,11,62,2,50.265617657811205,-1.6296208434071653,0.4242640687119285,0,1107.927978515625
49035,10,271,11,63,2,43.303673289579336,-1.4756043859933878,0.4242640687119285,0,1107.927978515625
49035,10,271,11,64,2,57.325963060611194,-1.622369328504946,0.3414213562373095,0,1107.927978515625
49035,10,271,11,65,2,50.34721285906425,-1.4889542481729483,0.382842712474619,0,1107.927978515625
49035,10,271,11,66,2,44.53557728968257,-1.316884200850242,0.3414213562373095,0,1107.927978515625
49035,10,272,6,1,2,14.32953363481168,0.8833097783107506,0.4815389220537701,0,1109.14501953125
49035,10,272,6,2,2,15.537742596282074,1.286978337281346,0.6466890965784271,0,1109.14501953125
49035,10,272,6,3,,,,,0,1109.14501953125
49035,10,272,6,4,2,8.867844240852317,0.6410743080449695,0.5731802029851623,0,1109.14501953125
49035,10,272,6,5,2,12.114352992531192,1.351379041708825,0.765685424949238,0,1109.14501953125
49035,10,272,6,6,2,8.084933931300803,1.051124189940365,0.6366888663207728,1,1109.14501953125
49035,10,272,6,7,2,16.961987438063858,1.6546162379939902,0.6034068236642477,0,1109.14501953125
49035,10,272,6,8,2,13.545665122877168,1.604422505114377,0.8513997106635237,0,1109.14501953125
49035,10,272,6,9,,,,,0,1109.14501953125
49035,10,272,6,10,,,,,0,1109.14501953125
49035,10,272,6,11,,,,,0,1109.14501953125
49035,10,272,6,12,2,10.668699408103217,1.7755770217290867,0.6366888663207728,0,1109.14501953125
49035,10,272,6,13,,,,,0,1109.14501953125
49035,10,272,6,14,,,,,0,1109.14501953125
49035,10,272,6,15,,,,,0,1109.14501953125
49035,10,272,6,16,,,,,0,1109.14501953125
49035,10,272,6,17,,,,,0,1109.14501953125
49035,10,272,6,18,2,42.29954144542758,1.4027956067970804,0.37888543819998316,0,1109.14501953125
49035,10,272,6,19,2,49.94094100669869,1.5806000218401897,0.3414213562373095,0,1109.14501953125
49035,10,272,6,20,2,40.389538312863365,1.5146472275287506,0.482842712474619,0,1109.14501953125
49035,10,272,6,21,2,31.12124710897616,1.4086899049429253,0.3414213562373095,0,1109.14501953125
49035,10,272,6,22,2,43.92914517166503,1.6600995929795879,0.4242640687119285,0,1109.14501953125
49035,10,272,6,23,2,34.1611916069232,1.6048052435181464,0.4242640687119285,0,1109.14501953125
49035,10,272,6,24,2,53.241113602688046,1.7881331424218705,0.37888543819998316,0,1109.14501953125
49035,10,272,6,25,2,48.25168168986635,1.7817226773187134,0.482842712474619,0,1109.14501953125
49035,10,272,6,26,2,38.281091969690245,1.7638905814087171,0.4242640687119285,0,1109.14501953125
49035,10,272,6,27,2,28.331241040300053,1.7335172095203109,0.482842712474619,0,1109.14501953125
49035,10,272,6,28,2,23.372373159981674,1.7086445330756823,0.4538461538461539,0,1109.14501953125
49035,10,272,6,29,2,43.172873344020616,-4.393615731203542,0.4242640687119285,0,1109.14501953125
49035,10,272,6,30,2,33.18304098889288,-4.381704579411952,0.4242640687119285,0,1109.14501953125
49035,10,272,6,31,2,48.60403258131787,-4.294728812373861,0.3414213562373095,0,1109.14501953125
49035,10,272,6,32,2,38.7242714541863,-4.259089999161512,0.482842712474619,0,1109.14501953125
49035,10,272,6,33,2,28.927260778532194,-4.199185966123903,0.3414213562373095,0,1109.14501953125
49035,10,272,6,34,2,39.89527288151217,-4.135339992676809,0.4308640753373011,0,1109.14501953125
49035,10,272,6,35,2,18.629141663249335,-3.6452002545129942,0.613407053921902,0,1109.14501953125
49035,10,272,6,36,2,24.660308795847047,-3.688846665108118,0.682842712474619,0,1109.14501953125
49035,10,272,6,37,2,21.25416284289694,-3.528793179338937,0.8513997106635237,0,1109.14501953125
49035,10,272,6,38,2,18.583542353335936,-3.315699221394769,0.682842712474619,0,1109.14501953125
49035,10,272,6,39,2,24.768264641388633,-3.545734652753166,0.848528137423857,0,1109.14501953125
49035,10,272,6,40,2,21.956218745305666,-3.3682154533676756,0.848528137423857,0,1109.14501953125
49035,10,272,6,41,2,30.649933160893664,-3.6462009445442685,0.613407053921902,0,1109.14501953125
49035,10,272,6,42,2,28.287708082121885,-3.558463479444782,0.8513997106635237,0,1109.14501953125
49035,10,272,6,43,2,25.3732740651496,-3.4066704650035464,0.848528137423857,0,1109.14501953125
49035,10,272,6,44,2,23.182140648159372,-3.2210941395663575,0.8513997106635237,0,1109.14501953125
49035,10,272,6,45,2,22.196568897087175,-3.072908448482827,0.613407053921902,0,1109.14501953125
49035,10,272,6,46,2,28.81892662780269,-3.4359650783151623,0.848528137423857,0,1109.14501953125
49035,10,272,6,47,2,26.441239385182467,-3.2764568610356486,0.848528137423857,0,1109.14501953125
49035,10,272,6,48,2,32.28402123608762,-3.458987600669517,0.682842712474619,0,1109.14501953125
49035,10,272,6,49,2,29.763511812587,-3.319568989014301,0.8513997106635237,0,1109.14501953125
49035,10,272,6,50,2,27.91908386147109,-3.158175349438692,0.682842712474619,0,1109.14501953125
49035,10,272,6,51,2,32.94026646007853,-3.27264628235245,0.613407053921902,0,1109.14501953125
49035,10,272,6,52,2,46.261082874023636,-4.063668329999558,0.4308640753373011,0,1109.14501953125
49035,10,272,6,53,2,57.401517147357666,-4.04535327979471,0.3414213562373095,0,1109.14501953125
49035,10,272,6,54,2,48.292353300601285,-3.966968800760453,0.482842712474619,0,1109.14501953125
49035,10,272,6,55,2,39.61525720984019,-3.85326306177663,0.3414213562373095,0,1109.14501953125
49035,10,272,6,56,2,55.050943476902,-3.926648567040554,0.4242640687119285,0,1109.14501953125
49035,10,272,6,57,2,46.55989254915391,-3.8222662573830033,0.4242640687119285,0,1109.14501953125
49035,10,272,6,58,2,61.87940988797503,-3.895184908165099,0.382842712474619,0,1109.14501953125
49035,10,272,6,59,2,53.537637084351424,-3.79933178629314,0.4242640687119285,0,1109.14501953125
49035,10,272,6,60,2,45.86388340587199,-3.669843437714083,0.482842712474619,0,1109.14501953125
49035,10,272,6,61,2,42.392268272802646,-3.588215031943628,0.37888543819998316,0,1109.14501953125
49035,10,272,6,62,2,60.537042998173305,-3.7816931931986772,0.4242640687119285,0,1109.14501953125
49035,10,272,6,63,2,52.93345625834745,-3.6668925759835567,0.4242640687119285,0,1109.14501953125
49035,10,272,6,64,2,67.55137722763057,-3.7677140498556905,0.3414213562373095,0,1109.14501953125
49035,10,272,6,65,2,60.0033814200612,-3.664637071485436,0.382842712474619,0,1109.14501953125
49035,10,272,6,66,2,53.26934388870436,-3.533782372693998,0.3414213562373095,0,1109.14501953125
49035,10,273,4,1,2,7.740877759914071,-0.21617317039241168,0.4815389220537701,0,1109.6280517578125
49035,10,273,4,2,2,9.656625889555656,0.46729464615020744,0.6466890965784271,0,1109.6280517578125
49035,10,273,4,3,,,,,0,1109.6280517578125
49035,10,273,4,4,2,3.1317121741369136,-1.0529201702326172,0.43175884674785275,1,1109.6280517578125
49035,10,273,4,5,2,6.692396859296812,0.707578425006671,0.848528137423857,0,1109.6280517578125
49035,10,273,4,6,,,,,0,1109.6280517578125
49035,10,273,4,7,2,12.825845388848036,-5.34281077483773,0.6034068236642477,0,1109.6280517578125
49035,10,273,4,8,2,9.38335382943725,-5.285205602735779,0.8513997106635237,0,1109.6280517578125
49035,10,273,4,9,2,4.6180004194256075,-5.0547397213443706,0.848528137423857,0,1109.6280517578125
49035,10,273,4,10,,,,,0,1109.6280517578125
49035,10,273,4,11,,,,,0,1109.6280517578125
49035,10,273,4,12,2,8.036484383105835,-4.906508001480844,0.765685424949238,0,1109.6280517578125
49035,10,273,4,13,2,4.781598061872657,-4.2842399429805225,0.6242640687119285,0,1109.6280517578125
49035,10,273,4,14,,,,,0,1109.6280517578125
49035,10,273,4,15,,,,,0,1109.6280517578125
49035,10,273,4,16,,,,,0,1109.6280517578125
49035,10,273,4,17,,,,,0,1109.6280517578125
49035,10,273,4,18,2,36.56861521316713,0.4213642720094195,0.37888543819998316,0,1109.6280517578125
49035,10,273,4,19,2,44.8943574021887,0.6057906359236029,0.3414213562373095,0,1109.6280517578125
49035,10,273,4,20,2,35.10071970951958,0.5548726728608,0.482842712474619,0,1109.6280517578125
49035,10,273,4,21,2,25.467974432550722,0.4650336420926515,0.3414213562373095,0,1109.6280517578125
49035,10,273,4,22,2,39.2884058070372,0.7084520554223728,0.4242640687119285,0,1109.6280517578125
49035,10,273,4,23,2,29.328075770995188,0.6822368533535892,0.4242640687119285,0,1109.6280517578125
49035,10,273,4,24,2,49.21197556291773,-5.4575433134803015,0.37888543819998316,0,1109.6280517578125
49035,10,273,4,25,2,44.21648038447443,-5.452994335412786,0.482842712474619,0,1109.6280517578125
49035,10,273,4,26,2,34.22943667607477,-5.439913792398005,0.4242640687119285,0,1109.6280517578125
49035,10,273,4,27,2,24.2530726451766,-5.416064694226637,0.482842712474619,0,1109.6280517578125
49035,10,273,4,28,2,19.274079265106646,-5.394887941422316,0.4538461538461539,0,1109.6280517578125
49035,10,273,4,29,2,39.78910204935003,-5.321452528651783,0.4242640687119285,0,1109.6280517578125
49035,10,273,4,30,2,29.995496986454338,-5.262937983926003,0.4242640687119285,0,1109.6280517578125
49035,10,273,4,31,2,45.76779379242316,-5.232947684951173,0.3414213562373095,0,1109.6280517578125
49035,10,273,4,32,2,36.211160519880735,-5.160600422401344,0.482842712474619,0,1109.6280517578125
49035,10,273,4,33,2,26.977867665317245,-5.037661308759279,0.3414213562373095,0,1109.6280517578125
49035,10,273,4,34,2,38.15815838997143,-5.0366279216677405,0.4308640753373011,0,1109.6280517578125
49035,10,273,4,35,2,20.630732349977848,-4.387697973292344,0.613407053921902,0,1109.6280517578125
49035,10,273,4,36,2,26.152559193572756,-4.499684951495206,0.682842712474619,0,1109.6280517578125
49035,10,273,4,37,2,23.81669479921022,-4.3223169001032655,0.8513997106635237,0,1109.6280517578125
49035,10,273,4,38,2,22.372160153729627,-4.114571913408149,0.682842712474619,0,1109.6280517578125
49035,10,273,4,39,2,27.119994552448127,-4.371909060106196,0.848528137423857,0,1109.6280517578125
49035,10,273,4,40,2,25.37267631351128,-4.193080330082617,0.848528137423857,0,1109.6280517578125
49035,10,273,4,41,2,32.25225943621818,-4.506879283279057,0.613407053921902,0,1109.6280517578125
49035,10,273,4,42,2,30.475453366453877,-4.410659354299492,0.8513997106635237,0,1109.6280517578125
49035,10,273,4,43,2,28.496172667154887,-4.254692454135442,0.848528137423857,0,1109.6280517578125
49035,10,273,4,44,2,27.300374639585183,-4.080410420812436,0.8513997106635237,0,1109.6280517578125
49035,10,273,4,45,2,26.98806170534457,-3.9518933316383476,0.613407053921902,0,1109.6280517578125
49035,10,273,4,46,2,31.70632444863949,-4.303985726440328,0.848528137423857,0,1109.6280517578125
49035,10,273,4,47,2,30.225314040184838,-4.149565716823362,0.848528137423857,0,1109.6280517578125
49035,10,273,4,48,2,34.97928191670725,-4.344137441513208,0.682842712474619,0,1109.6280517578125
49035,10,273,4,49,2,33.269036087537664,-4.206299352461133,0.8513997106635237,0,1109.6280517578125
49035,10,273,4,50,2,32.250695511558874,-4.0567151411202556,0.682842712474619,0,1109.6280517578125
49035,10,273,4,51,2,36.646099329344565,-4.179965102688585,0.613407053921902,0,1109.6280517578125
49035,10,273,4,52,2,44.91729464745539,-4.986452733750553,0.4308640753373011,0,1109.6280517578125
49035,10,273,4,53,2,56.08745908305262,-4.995954021513935,0.3414213562373095,0,1109.6280517578125
49035,10,273,4,54,2,47.56427508081988,-4.894648429580723,0.482842712474619,0,1109.6280517578125
49035,10,273,4,55,2,39.73559439010198,-4.751409029564858,0.3414213562373095,0,1109.6280517578125
49035,10,273,4,56,2,54.5332794786457,-4.8711435264858105,0.4242640687119285,0,1109.6280517578125
49035,10,273,4,57,2,46.802091494578335,-4.745514391328914,0.4242640687119285,0,1109.6280517578125
49035,10,273,4,58,2,61.52557904992247,-4.852972998562414,0.382842712474619,0,1109.6280517578125
49035,10,273,4,59,2,53.86978814696656,-4.741166382107866,0.4242640687119285,0,1109.6280517578125
49035,10,273,4,60,2,47.10107506809011,-4.594902608352319,0.482842712474619,0,1109.6280517578125
49035,10,273,4,61,2,44.17906598554637,-4.505929436367074,0.37888543819998316,0,1109.6280517578125
49035,10,273,4,62,2,60.938266973480935,-4.737827008139542,0.4242640687119285,0,1109.6280517578125
49035,10,273,4,63,2,54.12974763752403,-4.610214715207751,0.4242640687119285,0,1109.6280517578125
49035,10,273,4,64,2,68.00728408386425,-4.73518183202228,0.3414213562373095,0,1109.6280517578125
49035,10,273,4,65,2,61.168193418101005,-4.6220052419741915,0.382842712474619,0,1109.6280517578125
49035,10,273,4,66,2,55.30013637962402,-4.482668874770297,0.3414213562373095,0,1109.6280517578125
49035,10,274,1,1,2,6.363919510142863,-0.09638776192560972,0.43533959677349143,1,1109.81103515625
49035,10,274,1,2,2,8.555281212714334,0.6961891351587877,0.6466890965784271,0,1109.81103515625
49035,10,274,1,3,,,,,0,1109.81103515625
49035,10,274,1,4,,,,,0,1109.81103515625
49035,10,274,1,5,2,5.8662501868815395,-5.261542127771898,0.848528137423857,0,1109.81103515625
49035,10,274,1,6,,,,,0,1109.81103515625
49035,10,274,1,7,2,12.231853273382068,-5.106153110591482,0.6034068236642477,0,1109.81103515625
49035,10,274,1,8,2,8.88856822383588,-5.006794811247165,0.8513997106635237,0,1109.81103515625
49035,10,274,1,9,2,4.542350259673132,-4.615273289463914,0.848528137423857,0,1109.81103515625
49035,10,274,1,10,,,,,0,1109.81103515625
49035,10,274,1,11,,,,,0,1109.81103515625
49035,10,274,1,12,2,8.076304829329427,-4.597827519268702,0.765685424949238,0,1109.81103515625
49035,10,274,1,13,2,5.643846251273809,-3.9389332748169315,0.6242640687119285,0,1109.81103515625
49035,10,274,1,14,,,,,0,1109.81103515625
49035,10,274,1,15,,,,,0,1109.81103515625
49035,10,274,1,16,,,,,0,1109.81103515625
49035,10,274,1,17,,,,,0,1109.81103515625
49035,10,274,1,18,2,35.40386582970087,0.5790199828290143,0.37888543819998316,0,1109.81103515625
49035,10,274,1,19,2,43.88615866654415,0.7640645174934853,0.3414213562373095,0,1109.81103515625
49035,10,274,1,20,2,34.04772421364786,0.7177455285064451,0.482842712474619,0,1109.81103515625
49035,10,274,1,21,2,24.341325472376354,0.6341673610705749,0.3414213562373095,0,1109.81103515625
49035,10,274,1,22,2,38.38534918113964,0.87237023192833,0.4242640687119285,0,1109.81103515625
49035,10,274,1,23,2,28.402246977687387,0.8547710289422983,0.4242640687119285,0,1109.81103515625
49035,10,274,1,24,2,48.43548532404361,-5.297149886467041,0.37888543819998316,0,1109.81103515625
49035,10,274,1,25,2,43.44677823944385,-5.289828420806893,0.482842712474619,0,1109.81103515625
49035,10,274,1,26,2,33.47947342792218,-5.268642776794566,0.4242640687119285,0,1109.81103515625
49035,10,274,1,27,2,23.53991806770963,-5.229534153677216,0.482842712474619,0,1109.81103515625
49035,10,274,1,28,2,18.59446270926508,-5.1943281669530315,0.4538461538461539,0,1109.81103515625
49035,10,274,1,29,2,39.17987555672352,-5.153056262867532,0.4242640687119285,0,1109.81103515625
49035,10,274,1,30,2,29.46718938521074,-5.083001269425909,0.4242640687119285,0,1109.81103515625
49035,10,274,1,31,2,45.268644294585805,-5.067658042341183,0.3414213562373095,0,1109.81103515625
49035,10,274,1,32,2,35.81204766406511,-4.986878876304623,0.482842712474619,0,1109.81103515625
49035,10,274,1,33,2,26.75360460791791,-4.8499166591475475,0.3414213562373095,0,1109.81103515625
49035,10,274,1,34,2,37.92514424935565,-4.863840311368143,0.4308640753373011,0,1109.81103515625
49035,10,274,1,35,2,21.282439073696885,-4.192546345333821,0.613407053921902,0,1109.81103515625
49035,10,274,1,36,2,26.657748930145353,-4.313981603838071,0.682842712474619,0,1109.81103515625
49035,10,274,1,37,2,24.54102440474793,-4.1366466769588275,0.8513997106635237,0,1109.81103515625
49035,10,274,1,38,2,23.32141032712647,-3.933611046324091,0.682842712474619,0,1109.81103515625
49035,10,274,1,39,2,27.782289910105153,-4.190735397495867,0.848528137423857,0,1109.81103515625
49035,10,274,1,40,2,26.23893925944603,-4.014361764225619,0.848528137423857,0,1109.81103515625
49035,10,274,1,41,2,32.7423422481592,-4.330134212144472,0.613407053921902,0,1109.81103515625
49035,10,274,1,42,2,31.0877690814865,-4.233425773417098,0.8513997106635237,0,1109.81103515625
49035,10,274,1,43,2,29.29292896375498,-4.078625399013942,0.848528137423857,0,1109.81103515625
49035,10,274,1,44,2,28.27900260064635,-3.9083063107731904,0.8513997106635237,0,1109.81103515625
49035,10,274,1,45,2,28.0818517668547,-3.784223482116227,0.613407053921902,0,1109.81103515625
49035,10,274,1,46,2,32.44486771571573,-4.130584546564005,0.848528137423857,0,1109.81103515625
49035,10,274,1,47,2,31.133514769490134,-3.9786258222813173,0.848528137423857,0,1109.81103515625
49035,10,274,1,48,2,35.66879861875068,-4.1732496367618115,0.682842712474619,0,1109.81103515625
49035,10,274,1,49,2,34.115824711074445,-4.036899429941503,0.8513997106635237,0,1109.81103515625
49035,10,274,1,50,2,33.24929768474103,-3.890558263060345,0.682842712474619,0,1109.81103515625
49035,10,274,1,51,2,37.519450444077286,-4.014100083475974,0.613407053921902,0,1109.81103515625
49035,10,274,1,52,2,44.749347190365,-4.818878607304635,0.4308640753373011,0,1109.81103515625
49035,10,274,1,53,2,55.902283323505266,-4.834520076775433,0.3414213562373095,0,1109.81103515625
49035,10,274,1,54,2,47.52176219801819,-4.728617023506098,0.482842712474619,0,1109.81103515625
49035,10,274,1,55,2,39.89449190086928,-4.579950239302273,0.3414213562373095,0,1109.81103515625
49035,10,274,1,56,2,54.520687725251456,-4.708823548355527,0.4242640687119285,0,1109.81103515625
49035,10,274,1,57,2,46.96549788576631,-4.579267115213877,0.4242640687119285,0,1109.81103515625
49035,10,274,1,58,2,61.53611051783968,-4.6935382789568205,0.382842712474619,0,1109.81103515625
49035,10,274,1,59,2,54.0365200516032,-4.578762773198117,0.4242640687119285,0,1109.81103515625
49035,10,274,1,60,2,47.4678638755827,-4.429746350206088,0.482842712474619,0,1109.81103515625
49035,10,274,1,61,2,44.663457117901395,-4.339813937898562,0.37888543819998316,0,1109.81103515625
49035,10,274,1,62,2,61.107552781278265,-4.578375150516701,0.4242640687119285,0,1109.81103515625
49035,10,274,1,63,2,54.47371484064809,-4.448589208635651,0.4242640687119285,0,1109.81103515625
49035,10,274,1,64,2,68.1785927879573,-4.578067931201293,0.3414213562373095,0,1109.81103515625
49035,10,274,1,65,2,61.49449663319181,-4.463133743423768,0.382842712474619,0,1109.81103515625
49035,10,274,1,66,2,55.81062370009113,-4.322576002218673,0.3414213562373095,0,1109.81103515625
49035,10,275,2,1,,,,,0,1110.2449951171875
49035,10,275,2,2,2,8.578044427710083,-4.945493621956152,0.6466890965784271,1,1110.2449951171875
49035,10,275,2,3,,,,,0,1110.2449951171875
49035,10,275,2,4,,,,,0,1110.2449951171875
49035,10,275,2,5,2,7.778158564418115,-4.52069460962547,0.848528137423857,0,1110.2449951171875
49035,10,275,2,6,,,,,0,1110.2449951171875
49035,10,275,2,7,2,14.023283144503342,-4.693482444280368,0.6034068236642477,0,1110.2449951171875
49035,10,275,2,8,2,11.313555864869707,-4.517381509139101,0.8513997106635237,0,1110.2449951171875
49035,10,275,2,9,2,8.509797594695996,-4.092264925713546,0.848528137423857,0,1110.2449951171875
49035,10,275,2,10,,,,,0,1110.2449951171875
49035,10,275,2,11,,,,,0,1110.2449951171875
49035,10,275,2,12,2,11.828501627720675,-4.213850543280812,0.848528137423857,0,1110.2449951171875
49035,10,275,2,13,2,10.456268911622187,-3.7780839238936084,0.765685424949238,0,1110.2449951171875
49035,10,275,2,14,,,,,0,1110.2449951171875
49035,10,275,2,15,2,13.297757525479758,-3.956733913219529,0.765685424949238,0,1110.2449951171875
49035,10,275,2,16,,,,,0,1110.2449951171875
49035,10,275,2,17,,,,,0,1110.2449951171875
49035,10,275,2,18,2,33.80317887448484,0.777330820640938,0.37888543819998316,0,1110.2449951171875
49035,10,275,2,19,2,43.10717323756971,0.9399202320828453,0.3414213562373095,0,1110.2449951171875
49035,10,275,2,20,2,33.12202593628865,0.9255015055235432,0.482842712474619,0,1110.2449951171875
49035,10,275,2,21,2,23.14970452758545,0.8986500310274579,0.3414213562373095,0,1110.2449951171875
49035,10,275,2,22,2,38.17148403498051,-5.218357616536394,0.4242640687119285,0,1110.2449951171875
49035,10,275,2,23,2,28.211742431532016,-5.191040508515126,0.4242640687119285,0,1110.2449951171875
49035,10,275,2,24,2,48.709708230969724,-5.1317251401908255,0.37888543819998316,0,1110.2449951171875
49035,10,275,2,25,2,43.784195604594196,-5.11310608559743,0.482842712474619,0,1110.2449951171875
49035,10,275,2,26,2,33.99847058812642,-5.0597326827805835,0.4242640687119285,0,1110.2449951171875
49035,10,275,2,27,2,24.38721427145851,-4.963805846628317,0.482842712474619,0,1110.2449951171875
49035,10,275,2,28,2,19.727045615529857,-4.881176273922151,0.4538461538461539,0,1110.2449951171875
49035,10,275,2,29,2,40.1981292306034,-4.967713359250711,0.4242640687119285,0,1110.2449951171875
49035,10,275,2,30,2,30.8987024198529,-4.8633319639161385,0.4242640687119285,0,1110.2449951171875
49035,10,275,2,31,2,46.64636304095835,-4.9006889856660125,0.3414213562373095,0,1110.2449951171875
49035,10,275,2,32,2,37.612809022183086,-4.79825080360014,0.482842712474619,0,1110.2449951171875
49035,10,275,2,33,2,29.21581113249381,-4.6342482950105115,0.3414213562373095,0,1110.2449951171875
49035,10,275,2,34,2,40.238502738583314,-4.688820910746388,0.4308640753373011,0,1110.2449951171875
49035,10,275,2,35,2,25.73541833057965,-4.043159287300716,0.613407053921902,0,1110.2449951171875
49035,10,275,2,36,2,30.842036864114547,-4.161870584977876,0.682842712474619,0,1110.2449951171875
49035,10,275,2,37,2,29.08008505356487,-4.0054654228661,0.8513997106635237,0,1110.2449951171875
49035,10,275,2,38,2,28.108209752983786,-3.8337037034522696,0.682842712474619,0,1110.2449951171875
49035,10,275,2,39,2,32.220306366899486,-4.058542724703224,0.848528137423857,0,1110.2449951171875
49035,10,275,2,40,2,30.94459970935203,-3.905285449576977,0.848528137423857,0,1110.2449951171875
49035,10,275,2,41,2,36.8686975885309,-4.190460079355484,0.613407053921902,0,1110.2449951171875
49035,10,275,2,42,2,35.435080612736876,-4.102094358286843,0.8513997106635237,0,1110.2449951171875
49035,10,275,2,43,2,33.91260896519651,-3.964599558134637,0.848528137423857,0,1110.2449951171875
49035,10,275,2,44,2,33.08300402958432,-3.8172604637536316,0.8513997106635237,0,1110.2449951171875
49035,10,275,2,45,2,32.94433535189485,-3.7112771851120976,0.613407053921902,0,1110.2449951171875
49035,10,275,2,46,2,36.980560332161325,-4.014223695094609,0.848528137423857,0,1110.2449951171875
49035,10,275,2,47,2,35.87453067673206,-3.8802496210107336,0.848528137423857,0,1110.2449951171875
49035,10,275,2,48,2,40.12553598564037,-4.056159246757758,0.682842712474619,0,1110.2449951171875
49035,10,275,2,49,2,38.787610740158854,-3.9339650874225187,0.8513997106635237,0,1110.2449951171875
49035,10,275,2,50,2,38.06440405057266,-3.805118396357819,0.682842712474619,0,1110.2449951171875
49035,10,275,2,51,2,42.217512207645754,-3.916741225780856,0.613407053921902,0,1110.2449951171875
49035,10,275,2,52,2,47.21367062569453,-4.662192383270834,0.4308640753373011,0,1110.2449951171875
49035,10,275,2,53,2,58.26408993938718,-4.694596541688769,0.3414213562373095,0,1110.2449951171875
49035,10,275,2,54,2,50.334326200470095,-4.582033990634657,0.482842712474619,0,1110.2449951171875
49035,10,275,2,55,2,43.27105974719896,-4.430206758731549,0.3414213562373095,0,1110.2449951171875
49035,10,275,2,56,2,57.38935428599911,-4.573177469307277,0.4242640687119285,0,1110.2449951171875
49035,10,275,2,57,2,50.32274041578277,-4.441420173597541,0.4242640687119285,0,1110.2449951171875
49035,10,275,2,58,2,64.44789815558393,-4.5662604902710875,0.382842712474619,0,1110.2449951171875
49035,10,275,2,59,2,57.379193042973775,-4.44987640891779,0.4242640687119285,0,1110.2449951171875
49035,10,275,2,60,2,51.295341034573326,-4.3034577537618155,0.482842712474619,0,1110.2449951171875
49035,10,275,2,61,2,48.74045671357982,-4.217474545091354,0.37888543819998316,0,1110.2449951171875
49035,10,275,2,62,2,64.43884997089445,-4.456480172896601,0.4242640687119285,0,1110.2449951171875
49035,10,275,2,63,2,58.23405879003949,-4.32837279161895,0.4242640687119285,0,1110.2449951171875
49035,10,275,2,64,2,71.50076207202297,-4.461779664212651,0.3414213562373095,0,1110.2449951171875
49035,10,275,2,65,2,65.20122080506138,-4.347973267724478,0.382842712474619,0,1110.2449951171875
49035,10,275,2,66,2,59.91693760582813,-4.21203925062072,0.3414213562373095,0,1110.2449951171875
49035,10,276,5,1,,,,,0,1110.7769775390625
49035,10,276,5,2,,,,,0,1110.7769775390625
49035,10,276,5,3,,,,,0,1110.7769775390625
49035,10,276,5,4,,,,,0,1110.7769775390625
49035,10,276,5,5,2,2.997184063271553,0.5790334457095203,0.765685424949238,1,1110.7769775390625
49035,10,276,5,6,,,,,0,1110.7769775390625
49035,10,276,5,7,2,8.431464401508459,-0.1461882335574911,0.5934065934065934,0,1110.7769775390625
49035,10,276,5,8,2,6.197819204158597,0.22875809398768743,0.8513997106635237,0,1110.7769775390625
49035,10,276,5,9,2,5.850817397685153,1.0827886372138225,0.848528137423857,0,1110.7769775390625
49035,10,276,5,10,,,,,0,1110.7769775390625
49035,10,276,5,11,,,,,0,1110.7769775390625
49035,10,276,5,12,2,7.978841695344218,0.6665602438701628,0.848528137423857,0,1110.7769775390625
49035,10,276,5,13,2,9.191355511184494,1.2408540979316816,0.848528137423857,0,1110.7769775390625
49035,10,276,5,14,,,,,0,1110.7769775390625
49035,10,276,5,15,2,10.672903387143053,0.915307817865836,0.765685424949238,0,1110.7769775390625
49035,10,276,5,16,2,12.638432183024436,1.313789010929423,0.6242640687119285,0,1110.7769775390625
49035,10,276,5,17,,,,,0,1110.7769775390625
49035,10,276,5,18,2,29.5005262452832,5.102351797779758,0.37888543819998316,0,1110.7769775390625
49035,10,276,5,19,2,38.18797780154955,5.312413448924623,0.3414213562373095,0,1110.7769775390625
49035,10,276,5,20,2,28.283561502025826,5.270440629342104,0.482842712474619,0,1110.7769775390625
49035,10,276,5,21,2,18.48237143621223,5.183633546947325,0.3414213562373095,0,1110.7769775390625
49035,10,276,5,22,2,32.921414799420354,-0.8375997421664336,0.4242640687119285,0,1110.7769775390625
49035,10,276,5,23,2,22.922865332735565,-0.8313997648443827,0.4242640687119285,0,1110.7769775390625
49035,10,276,5,24,2,43.26499915888699,-0.7250922343615751,0.37888543819998316,0,1110.7769775390625
49035,10,276,5,25,2,38.31030218560159,-0.7085970787700964,0.482842712474619,0,1110.7769775390625
49035,10,276,5,26,2,28.448505342448946,-0.6584060242984742,0.4242640687119285,0,1110.7769775390625
49035,10,276,5,27,2,18.73381058104791,-0.5556284704377275,0.482842712474619,0,1110.7769775390625
49035,10,276,5,28,2,14.027642717869627,-0.451405195285032,0.4538461538461539,0,1110.7769775390625
49035,10,276,5,29,2,34.54239652044951,-0.5439265803900843,0.4242640687119285,0,1110.7769775390625
49035,10,276,5,30,2,25.195542463761303,-0.42335768264470364,0.4242640687119285,0,1110.7769775390625
49035,10,276,5,31,2,40.95164048646377,-0.4644894616997557,0.3414213562373095,0,1110.7769775390625
49035,10,276,5,32,2,31.9166893834529,-0.34586872345606023,0.482842712474619,0,1110.7769775390625
49035,10,276,5,33,2,23.670937114255775,-0.13967314849028067,0.3414213562373095,0,1110.7769775390625
49035,10,276,5,34,2,34.61724806639097,-0.21918887730733472,0.4308640753373011,0,1110.7769775390625
49035,10,276,5,35,2,22.16084409730845,0.5869228052949942,0.613407053921902,0,1110.7769775390625
49035,10,276,5,36,2,26.670378165949515,0.41755301114809473,0.682842712474619,0,1110.7769775390625
49035,10,276,5,37,2,25.634511363557817,0.6049023530568709,0.8513997106635237,0,1110.7769775390625
49035,10,276,5,38,2,25.552832997184343,0.8005492116075017,0.682842712474619,0,1110.7769775390625
49035,10,276,5,39,2,28.487857473433884,0.5276289603023951,0.848528137423857,0,1110.7769775390625
49035,10,276,5,40,2,27.971005072401333,0.704036256708565,0.848528137423857,0,1110.7769775390625
49035,10,276,5,41,2,32.53712499701623,0.3604253534326576,0.613407053921902,0,1110.7769775390625
49035,10,276,5,42,2,31.479959879342143,0.46472543226664587,0.8513997106635237,0,1110.7769775390625
49035,10,276,5,43,2,30.60730264722145,0.6234993833775762,0.848528137423857,0,1110.7769775390625
49035,10,276,5,44,2,30.538927235124472,0.7872093283071604,0.8513997106635237,0,1110.7769775390625
49035,10,276,5,45,2,30.97498099443743,0.9001810220269675,0.613407053921902,0,1110.7769775390625
49035,10,276,5,46,2,33.41013058814522,0.5560956458681656,0.848528137423857,0,1110.7769775390625
49035,10,276,5,47,2,32.97053119454606,0.7063030191161461,0.848528137423857,0,1110.7769775390625
49035,10,276,5,48,2,36.34097792431053,0.49933900078075943,0.682842712474619,0,1110.7769775390625
49035,10,276,5,49,2,35.587719480585484,0.6368948065693896,0.8513997106635237,0,1110.7769775390625
49035,10,276,5,50,2,35.528930171938214,0.7776152614999956,0.682842712474619,0,1110.7769775390625
49035,10,276,5,51,2,39.07698734001903,0.6442390891448491,0.613407053921902,0,1110.7769775390625
49035,10,276,5,52,2,41.619869832168696,-0.19333095436303482,0.4308640753373011,0,1110.7769775390625
49035,10,276,5,53,2,52.63320401295805,-0.23446776497263855,0.3414213562373095,0,1110.7769775390625
49035,10,276,5,54,2,44.8541231921537,-0.10505024799026286,0.482842712474619,0,1110.7769775390625
49035,10,276,5,55,2,38.125195999550435,0.07407329870146429,0.3414213562373095,0,1110.7769775390625
49035,10,276,5,56,2,51.92063239689513,-0.09978967679535522,0.4242640687119285,0,1110.7769775390625
49035,10,276,5,57,2,45.13745973313909,0.05213562692414708,0.4242640687119285,0,1110.7769775390625
49035,10,276,5,58,2,58.98823416284075,-0.09578959351211536,0.382842712474619,0,1110.7769775390625
49035,10,276,5,59,2,52.16560142773558,0.036103092881413446,0.4242640687119285,0,1110.7769775390625
49035,10,276,5,60,2,46.506861590356806,0.20369152379342204,0.482842712474619,0,1110.7769775390625
49035,10,276,5,61,2,44.25728500843927,0.30215624493656335,0.37888543819998316,0,1110.7769775390625
49035,10,276,5,62,2,59.20396670387876,0.023880011936163736,0.4242640687119285,0,1110.7769775390625
49035,10,276,5,63,2,53.35492363541739,0.16832104314986118,0.4242640687119285,0,1110.7769775390625
49035,10,276,5,64,2,66.24929716329525,0.014255482124155172,0.3414213562373095,0,1110.7769775390625
49035,10,276,5,65,2,60.25452329325855,0.1410229871773918,0.382842712474619,0,1110.7769775390625
49035,10,276,5,66,2,55.42784300299871,0.29271554532346467,0.3414213562373095,0,1110.7769775390625
49035,10,277,9,1,,,,,0,1110.81103515625
49035,10,277,9,2,,,,,0,1110.81103515625
49035,10,277,9,3,,,,,0,1110.81103515625
49035,10,277,9,4,,,,,0,1110.81103515625
49035,10,277,9,5,,,,,0,1110.81103515625
49035,10,277,9,6,,,,,0,1110.81103515625
49035,10,277,9,7,2,8.431464401508459,-0.1461882335574911,0.5934065934065934,0,1110.81103515625
49035,10,277,9,8,2,6.197819204158597,0.22875809398768743,0.7685569981889047,0,1110.81103515625
49035,10,277,9,9,2,5.850817397685153,1.0827886372138225,0.765685424949238,1,1110.81103515625
49035,10,277,9,10,,,,,0,1110.81103515625
49035,10,277,9,11,,,,,0,1110.81103515625
49035,10,277,9,12,2,7.978841695344218,0.6665602438701628,0.848528137423857,0,1110.81103515625
49035,10,277,9,13,2,9.191355511184494,1.2408540979316816,0.848528137423857,0,1110.81103515625
49035,10,277,9,14,,,,,0,1110.81103515625
49035,10,277,9,15,2,10.672903387143053,0.915307817865836,0.765685424949238,0,1110.81103515625
49035,10,277,9,16,2,12.638432183024436,1.313789010929423,0.6242640687119285,0,1110.81103515625
49035,10,277,9,17,,,,,0,1110.81103515625
49035,10,277,9,18,2,29.5005262452832,5.102351797779758,0.37888543819998316,0,1110.81103515625
49035,10,277,9,19,2,38.18797780154955,5.312413448924623,0.3414213562373095,0,1110.81103515625
49035,10,277,9,20,2,28.283561502025826,5.270440629342104,0.482842712474619,0,1110.81103515625
49035,10,277,9,21,2,18.48237143621223,5.183633546947325,0.3414213562373095,0,1110.81103515625
49035,10,277,9,22,2,32.921414799420354,-0.8375997421664336,0.4242640687119285,0,1110.81103515625
49035,10,277,9,23,2,22.922865332735565,-0.8313997648443827,0.4242640687119285,0,1110.81103515625
49035,10,277,9,24,2,43.26499915888699,-0.7250922343615751,0.37888543819998316,0,1110.81103515625
49035,10,277,9,25,2,38.31030218560159,-0.7085970787700964,0.482842712474619,0,1110.81103515625
49035,10,277,9,26,2,28.448505342448946,-0.6584060242984742,0.4242640687119285,0,1110.81103515625
49035,10,277,9,27,2,18.73381058104791,-0.5556284704377275,0.482842712474619,0,1110.81103515625
49035,10,277,9,28,2,14.027642717869627,-0.451405195285032,0.4538461538461539,0,1110.81103515625
49035,10,277,9,29,2,34.54239652044951,-0.5439265803900843,0.4242640687119285,0,1110.81103515625
49035,10,277,9,30,2,25.195542463761303,-0.42335768264470364,0.4242640687119285,0,1110.81103515625
49035,10,277,9,31,2,40.95164048646377,-0.4644894616997557,0.3414213562373095,0,1110.81103515625
49035,10,277,9,32,2,31.9166893834529,-0.34586872345606023,0.482842712474619,0,1110.81103515625
49035,10,277,9,33,2,23.670937114255775,-0.13967314849028067,0.3414213562373095,0,1110.81103515625
49035,10,277,9,34,2,34.61724806639097,-0.21918887730733472,0.4308640753373011,0,1110.81103515625
49035,10,277,9,35,2,22.16084409730845,0.5869228052949942,0.613407053921902,0,1110.81103515625
49035,10,277,9,36,2,26.670378165949515,0.41755301114809473,0.682842712474619,0,1110.81103515625
49035,10,277,9,37,2,25.634511363557817,0.6049023530568709,0.8513997106635237,0,1110.81103515625
49035,10,277,9,38,2,25.552832997184343,0.8005492116075017,0.682842712474619,0,1110.81103515625
49035,10,277,9,39,2,28.487857473433884,0.5276289603023951,0.848528137423857,0,1110.81103515625
49035,10,277,9,40,2,27.971005072401333,0.704036256708565,0.848528137423857,0,1110.81103515625
49035,10,277,9,41,2,32.53712499701623,0.3604253534326576,0.613407053921902,0,1110.81103515625
49035,10,277,9,42,2,31.479959879342143,0.46472543226664587,0.8513997106635237,0,1110.81103515625
49035,10,277,9,43,2,30.60730264722145,0.6234993833775762,0.848528137423857,0,1110.81103515625
49035,10,277,9,44,2,30.538927235124472,0.7872093283071604,0.8513997106635237,0,1110.81103515625
49035,10,277,9,45,2,30.97498099443743,0.9001810220269675,0.613407053921902,0,1110.81103515625
49035,10,277,9,46,2,33.41013058814522,0.5560956458681656,0.848528137423857,0,1110.81103515625
49035,10,277,9,47,2,32.97053119454606,0.7063030191161461,0.848528137423857,0,1110.81103515625
49035,10,277,9,48,2,36.34097792431053,0.49933900078075943,0.682842712474619,0,1110.81103515625
49035,10,277,9,49,2,35.587719480585484,0.6368948065693896,0.8513997106635237,0,1110.81103515625
49035,10,277,9,50,2,35.528930171938214,0.7776152614999956,0.682842712474619,0,1110.81103515625
49035,10,277,9,51,2,39.07698734001903,0.6442390891448491,0.613407053921902,0,1110.81103515625
49035,10,277,9,52,2,41.619869832168696,-0.19333095436303482,0.4308640753373011,0,1110.81103515625
49035,10,277,9,53,2,52.63320401295805,-0.23446776497263855,0.3414213562373095,0,1110.81103515625
49035,10,277,9,54,2,44.8541231921537,-0.10505024799026286,0.482842712474619,0,1110.81103515625
49035,10,277,9,55,2,38.125195999550435,0.07407329870146429,0.3414213562373095,0,1110.81103515625
49035,10,277,9,56,2,51.92063239689513,-0.09978967679535522,0.4242640687119285,0,1110.81103515625
49035,10,277,9,57,2,45.13745973313909,0.05213562692414708,0.4242640687119285,0,1110.81103515625
49035,10,277,9,58,2,58.98823416284075,-0.09578959351211536,0.382842712474619,0,1110.81103515625
49035,10,277,9,59,2,52.16560142773558,0.036103092881413446,0.4242640687119285,0,1110.81103515625
49035,10,277,9,60,2,46.506861590356806,0.20369152379342204,0.482842712474619,0,1110.81103515625
49035,10,277,9,61,2,44.25728500843927,0.30215624493656335,0.37888543819998316,0,1110.81103515625
49035,10,277,9,62,2,59.20396670387876,0.023880011936163736,0.4242640687119285,0,1110.81103515625
49035,10,277,9,63,2,53.35492363541739,0.16832104314986118,0.4242640687119285,0,1110.81103515625
49035,10,277,9,64,2,66.24929716329525,0.014255482124155172,0.3414213562373095,0,1110.81103515625
49035,10,277,9,65,2,60.25452329325855,0.1410229871773918,0.382842712474619,0,1110.81103515625
49035,10,277,9,66,2,55.42784300299871,0.29271554532346467,0.3414213562373095,0,1110.81103515625
49035,10,278,13,1,,,,,0,1111.0780029296875
49035,10,278,13,2,,,,,0,1111.0780029296875
49035,10,278,13,3,,,,,0,1111.0780029296875
49035,10,278,13,4,,,,,0,1111.0780029296875
49035,10,278,13,5,,,,,0,1111.0780029296875
49035,10,278,13,6,,,,,0,1111.0780029296875
49035,10,278,13,7,2,6.729900643776728,-1.7819612483674996,0.5934065934065934,0,1111.0780029296875
49035,10,278,13,8,2,3.522133274794763,-1.493389329560295,0.7099783544262142,0,1111.0780029296875
49035,10,278,13,9,,,,,0,1111.0780029296875
49035,10,278,13,10,2,7.310610314996346,0.8023934930145391,0.6242640687119285,0,1111.0780029296875
49035,10,278,13,11,,,,,0,1111.0780029296875
49035,10,278,13,12,2,4.449940784318857,-0.6024654921590546,0.765685424949238,0,1111.0780029296875
49035,10,278,13,13,2,6.349942769041432,0.29766455029225036,0.848528137423857,1,1111.0780029296875
49035,10,278,13,14,,,,,0,1111.0780029296875
49035,10,278,13,15,2,7.22485454265151,-0.21363379728451526,0.765685424949238,0,1111.0780029296875
49035,10,278,13,16,2,9.88525787972319,0.29270004170395514,0.682842712474619,0,1111.0780029296875
49035,10,278,13,17,,,,,0,1111.0780029296875
49035,10,278,13,18,2,30.854278817725348,3.7732584372323696,0.37888543819998316,0,1111.0780029296875
49035,10,278,13,19,2,38.79716769508464,4.001169210642714,0.3414213562373095,0,1111.0780029296875
49035,10,278,13,20,2,29.090545225774534,3.9295818549543986,0.482842712474619,0,1111.0780029296875
49035,10,278,13,21,2,19.679924336875587,3.788102944089487,0.3414213562373095,0,1111.0780029296875
49035,10,278,13,22,2,33.09098550236264,4.117785193982201,0.4242640687119285,0,1111.0780029296875
49035,10,278,13,23,2,23.1528167161123,4.077669078381471,0.4242640687119285,0,1111.0780029296875
49035,10,278,13,24,2,42.99124354233265,-2.027565173418922,0.37888543819998316,0,1111.0780029296875
49035,10,278,13,25,2,37.99693173800111,-2.021665878981678,0.482842712474619,0,1111.0780029296875
49035,10,278,13,26,2,28.014396689463624,-2.0035587325033033,0.4242640687119285,0,1111.0780029296875
49035,10,278,13,27,2,18.051205562148606,-1.9654368976146614,0.482842712474619,0,1111.0780029296875
49035,10,278,13,28,2,13.090676927993524,-1.924644594609885,0.4538461538461539,0,1111.0780029296875
49035,10,278,13,29,2,33.668381634099546,-1.8651790822886112,0.4242640687119285,0,1111.0780029296875
49035,10,278,13,30,2,23.970805623334524,-1.7792390064666248,0.4242640687119285,0,1111.0780029296875
49035,10,278,13,31,2,39.77830340580293,-1.767880665289314,0.3414213562373095,0,1111.0780029296875
49035,10,278,13,32,2,30.386724440393824,-1.6690434703209338,0.482842712474619,0,1111.0780029296875
49035,10,278,13,33,2,21.549770824506272,-1.4858762047853336,0.3414213562373095,0,1111.0780029296875
49035,10,278,13,34,2,32.67455160193213,-1.527831389330989,0.4308640753373011,0,1111.0780029296875
49035,10,278,13,35,2,18.661653553996263,-0.6602512279975985,0.613407053921902,0,1111.0780029296875
49035,10,278,13,36,2,23.323353603263254,-0.8493559397039592,0.682842712474619,0,1111.0780029296875
49035,10,278,13,37,2,22.12461578172625,-0.6352582606642512,0.8513997106635237,0,1111.0780029296875
49035,10,278,13,38,2,22.023133829570384,-0.4083054492736926,0.682842712474619,0,1111.0780029296875
49035,10,278,13,39,2,25.027492353038106,-0.7210529235123428,0.848528137423857,0,1111.0780029296875
49035,10,278,13,40,2,24.431438223476285,-0.5199535097176871,0.848528137423857,0,1111.0780029296875
49035,10,278,13,41,2,29.259840453143987,-0.9036081001341143,0.613407053921902,0,1111.0780029296875
49035,10,278,13,42,2,28.075828099519192,-0.7886302670691854,0.8513997106635237,0,1111.0780029296875
49035,10,278,13,43,2,27.088224815589314,-0.6106609322980996,0.848528137423857,0,1111.0780029296875
49035,10,278,13,44,2,27.00540175309499,-0.42555726912184544,0.8513997106635237,0,1111.0780029296875
49035,10,278,13,45,2,27.49373717733506,-0.298280217300801,0.613407053921902,0,1111.0780029296875
49035,10,278,13,46,2,29.927390024061225,-0.6846766423273596,0.848528137423857,0,1111.0780029296875
49035,10,278,13,47,2,29.430740286959086,-0.516838080628846,0.848528137423857,0,1111.0780029296875
49035,10,278,13,48,2,32.90175411197175,-0.745596300077467,0.682842712474619,0,1111.0780029296875
49035,10,278,13,49,2,32.06314432227144,-0.5936888698085865,0.8513997106635237,0,1111.0780029296875
49035,10,278,13,50,2,31.993202778355347,-0.4374325797426608,0.682842712474619,0,1111.0780029296875
49035,10,278,13,51,2,35.54977544163164,-0.5846365179376787,0.613407053921902,0,1111.0780029296875
49035,10,278,13,52,2,39.577516627146615,-1.4852075933603983,0.4308640753373011,0,1111.0780029296875
49035,10,278,13,53,2,50.69135549746772,-1.5123927622034266,0.3414213562373095,0,1111.0780029296875
49035,10,278,13,54,2,42.55176991081529,-1.3872296709748777,0.482842712474619,0,1111.0780029296875
49035,10,278,13,55,2,35.37926967752839,-1.207396344346537,0.3414213562373095,0,1111.0780029296875
49035,10,278,13,56,2,49.59240488751989,-1.3729638029803948,0.4242640687119285,0,1111.0780029296875
49035,10,278,13,57,2,42.431665332626544,-1.220650484433672,0.4242640687119285,0,1111.0780029296875
49035,10,278,13,58,2,56.64062254700638,-1.3622466015178725,0.382842712474619,0,1111.0780029296875
49035,10,278,13,59,2,49.48939000315888,-1.2301255473392099,0.4242640687119285,0,1111.0780029296875
49035,10,278,13,60,2,43.47688263039424,-1.0576478997077967,0.482842712474619,0,1111.0780029296875
49035,10,278,13,61,2,41.057997070524934,-0.9540289476123898,0.37888543819998316,0,1111.0780029296875
49035,10,278,13,62,2,56.550448476289766,-1.2372349528371454,0.4242640687119285,0,1111.0780029296875
49035,10,278,13,63,2,50.38841953506597,-1.08955889265997,0.4242640687119285,0,1111.0780029296875
49035,10,278,13,64,2,63.61373061575814,-1.242765818075142,0.3414213562373095,0,1111.0780029296875
49035,10,278,13,65,2,57.33887270627632,-1.1137534803809592,0.382842712474619,0,1111.0780029296875
49035,10,278,13,66,2,52.237782529495576,-0.9564331374647266,0.3414213562373095,0,1111.0780029296875
49035,10,279,10,1,,,,,0,1111.3780517578125
49035,10,279,10,2,,,,,0,1111.3780517578125
49035,10,279,10,3,,,,,0,1111.3780517578125
49035,10,279,10,4,,,,,0,1111.3780517578125
49035,10,279,10,5,,,,,0,1111.3780517578125
49035,10,279,10,6,,,,,0,1111.3780517578125
49035,10,279,10,7,2,8.24195165055156,3.9263651796849217,0.5934065934065934,0,1111.3780517578125
49035,10,279,10,8,2,4.741952842907978,3.9259030558302825,0.7099783544262142,0,1111.3780517578125
49035,10,279,10,9,,,,,0,1111.3780517578125
49035,10,279,10,10,2,5.25805249711894,0.7863800468758354,0.4679124626440447,1,1111.3780517578125
49035,10,279,10,11,,,,,0,1111.3780517578125
49035,10,279,10,12,2,3.354186180022897,-1.5174580945652762,0.7195315787953919,0,1111.3780517578125
49035,10,279,10,13,,,,,0,1111.3780517578125
49035,10,279,10,14,,,,,0,1111.3780517578125
49035,10,279,10,15,2,5.00150108428961,-0.7337802734974186,0.6242640687119285,0,1111.3780517578125
49035,10,279,10,16,2,7.252276383674162,0.02566664697010268,0.5264911064067352,0,1111.3780517578125
49035,10,279,10,17,,,,,0,1111.3780517578125
49035,10,279,10,18,2,33.31273673042949,3.459740872517737,0.37888543819998316,0,1111.3780517578125
49035,10,279,10,19,2,40.98201832335188,3.6803632988655153,0.3414213562373095,0,1111.3780517578125
49035,10,279,10,20,2,31.37971996614446,3.602484231016607,0.482842712474619,0,1111.3780517578125
49035,10,279,10,21,2,22.132506059001564,3.457920902125923,0.3414213562373095,0,1111.3780517578125
49035,10,279,10,22,2,35.100637062414364,3.7839090028016997,0.4242640687119285,0,1111.3780517578125
49035,10,279,10,23,2,25.243132164718237,3.7273904551785755,0.4242640687119285,0,1111.3780517578125
49035,10,279,10,24,2,44.741950332679735,3.9268759498601504,0.37888543819998316,0,1111.3780517578125
49035,10,279,10,25,2,39.74195037011933,3.926861439321412,0.482842712474619,0,1111.3780517578125
49035,10,279,10,26,2,29.74195048276296,3.92681778180782,0.4242640687119285,0,1111.3780517578125
49035,10,279,10,27,2,19.74195070952259,3.9267298961289594,0.482842712474619,0,1111.3780517578125
49035,10,279,10,28,2,14.741950938266868,3.92664124125825,0.4538461538461539,0,1111.3780517578125
49035,10,279,10,29,2,35.09916687832939,-2.2134027776238314,0.4242640687119285,0,1111.3780517578125
49035,10,279,10,30,2,25.24108783018099,-2.1569939572158807,0.4242640687119285,0,1111.3780517578125
49035,10,279,10,31,2,40.97949990649601,-2.1098102642355476,0.3414213562373095,0,1111.3780517578125
49035,10,279,10,32,2,31.376430834060816,-2.0319987305507112,0.482842712474619,0,1111.3780517578125
49035,10,279,10,33,2,22.127842443010525,-1.887539671965192,0.3414213562373095,0,1111.3780517578125
49035,10,279,10,34,2,33.30808923621019,-1.8892202504404179,0.4308640753373011,0,1111.3780517578125
49035,10,279,10,35,2,17.16292008422234,-1.0653298019315898,0.613407053921902,0,1111.3780517578125
49035,10,279,10,36,2,22.241834543181735,-1.2387717291472529,0.682842712474619,0,1111.3780517578125
49035,10,279,10,37,2,20.5494453330332,-1.0182543875239543,0.8513997106635237,0,1111.3780517578125
49035,10,279,10,38,2,19.996504773193937,-0.7724925834009471,0.682842712474619,0,1111.3780517578125
49035,10,279,10,39,2,23.631835561635192,-1.0968578874690307,0.848528137423857,0,1111.3780517578125
49035,10,279,10,40,2,22.606285667070864,-0.8847347344080019,0.848528137423857,0,1111.3780517578125
49035,10,279,10,41,2,28.285884302504634,-1.272590249027471,0.613407053921902,0,1111.3780517578125
49035,10,279,10,42,2,26.826248349872024,-1.1570440935507098,0.8513997106635237,0,1111.3780517578125
49035,10,279,10,43,2,25.440678060501046,-0.9728866437194843,0.848528137423857,0,1111.3780517578125
49035,10,279,10,44,2,24.996171703425052,-0.775073932253461,0.8513997106635237,0,1111.3780517578125
49035,10,279,10,45,2,25.275777922379376,-0.6361625003917388,0.613407053921902,0,1111.3780517578125
49035,10,279,10,46,2,28.43258779455196,-1.0429413344368708,0.848528137423857,0,1111.3780517578125
49035,10,279,10,47,2,27.586093386776476,-0.8667584508157777,0.848528137423857,0,1111.3780517578125
49035,10,279,10,48,2,31.537216066288266,-1.0994374147552384,0.682842712474619,0,1111.3780517578125
49035,10,279,10,49,2,30.367359069579933,-0.9421922211241476,0.8513997106635237,0,1111.3780517578125
49035,10,279,10,50,2,29.995949668411008,-0.776794762011211,0.682842712474619,0,1111.3780517578125
49035,10,279,10,51,2,33.82883939095038,-0.9260356279436643,0.613407053921902,0,1111.3780517578125
49035,10,279,10,52,2,40.08486878612718,-1.8339657369374527,0.4308640753373011,0,1111.3780517578125
49035,10,279,10,53,2,51.2502107604025,-1.846738272336203,0.3414213562373095,0,1111.3780517578125
49035,10,279,10,54,2,42.79889136746152,-1.7325381476147557,0.482842712474619,0,1111.3780517578125
49035,10,279,10,55,2,35.16967588110342,-1.565711343487244,0.3414213562373095,0,1111.3780517578125
49035,10,279,10,56,2,49.7906918943437,-1.7096662039354154,0.4242640687119285,0,1111.3780517578125
49035,10,279,10,57,2,42.240667591973015,-1.5665624853352054,0.4242640687119285,0,1111.3780517578125
49035,10,279,10,58,2,56.80212052688839,-1.692433450544282,0.382842712474619,0,1111.3780517578125
49035,10,279,10,59,2,49.31168112779416,-1.56716952976081,0.4242640687119285,0,1111.3780517578125
49035,10,279,10,60,2,42.85793852890438,-1.400817613365606,0.482842712474619,0,1111.3780517578125
49035,10,279,10,61,2,40.17939017203216,-1.299031256975823,0.37888543819998316,0,1111.3780517578125
49035,10,279,10,62,2,56.38270827729848,-1.5676243138938901,0.4242640687119285,0,1111.3780517578125
49035,10,279,10,63,2,49.841456559585396,-1.4248189805710225,0.4242640687119285,0,1111.3780517578125
49035,10,279,10,64,2,63.453744489325715,-1.5679777393698286,0.3414213562373095,0,1111.3780517578125
49035,10,279,10,65,2,56.846624253465826,-1.4429133969615993,0.382842712474619,0,1111.3780517578125
49035,10,279,10,66,2,51.34880415659964,-1.2881519721828056,0.3414213562373095,0,1111.3780517578125
49035,10,280,12,1,,,,,0,1111.8280029296875
49035,10,280,12,2,,,,,0,1111.8280029296875
49035,10,280,12,3,2,8.468486034617083,1.5172457931894012,0.36931648795672345,0,1111.8280029296875
49035,10,280,12,4,,,,,0,1111.8280029296875
49035,10,280,12,5,,,,,0,1111.8280029296875
49035,10,280,12,6,,,,,0,1111.8280029296875
49035,10,280,12,7,2,13.384556074261576,2.3435247570859334,0.5934065934065934,0,1111.8280029296875
49035,10,280,12,8,2,9.938906299257166,2.2902480721639034,0.7099783544262142,0,1111.8280029296875
49035,10,280,12,9,,,,,0,1111.8280029296875
49035,10,280,12,10,,,,,0,1111.8280029296875
49035,10,280,12,11,,,,,0,1111.8280029296875
49035,10,280,12,12,2,7.2462925461989744,-3.72212180777324,0.7195315787953919,1,1111.8280029296875
49035,10,280,12,13,,,,,0,1111.8280029296875
49035,10,280,12,14,,,,,0,1111.8280029296875
49035,10,280,12,15,2,5.588886553221836,-3.226322394129039,0.6242640687119285,0,1111.8280029296875
49035,10,280,12,16,2,2.9881848656022414,-2.126800260994731,0.41593382550672675,0,1111.8280029296875
49035,10,280,12,17,,,,,0,1111.8280029296875
49035,10,280,12,18,2,38.67858946775131,2.0395704836144866,0.37888543819998316,0,1111.8280029296875
49035,10,280,12,19,2,46.31853074132988,2.232723616424476,0.3414213562373095,0,1111.8280029296875
49035,10,280,12,20,2,36.75314247527662,2.162033163758846,0.482842712474619,0,1111.8280029296875
49035,10,280,12,21,2,27.49873949075563,2.042779741357956,0.3414213562373095,0,1111.8280029296875
49035,10,280,12,22,2,40.34674812813161,2.320342703106242,0.4242640687119285,0,1111.8280029296875
49035,10,280,12,23,2,30.549096161545474,2.2633247376509695,0.4242640687119285,0,1111.8280029296875
49035,10,280,12,24,2,49.771810207541876,2.4546482491929753,0.37888543819998316,0,1111.8280029296875
49035,10,280,12,25,2,44.77640770787447,2.450107316559447,0.482842712474619,0,1111.8280029296875
49035,10,280,12,26,2,34.78956566262737,2.4371139942400823,0.4242640687119285,0,1111.8280029296875
49035,10,280,12,27,2,24.813324460191193,2.4136656552476867,0.482842712474619,0,1111.8280029296875
49035,10,280,12,28,2,19.83417925332311,2.393101651598088,0.4538461538461539,0,1111.8280029296875
49035,10,280,12,29,2,39.84194374903376,-3.7130953671786275,0.4242640687119285,0,1111.8280029296875
49035,10,280,12,30,2,29.879218086717593,-3.6880935643837662,0.4242640687119285,0,1111.8280029296875
49035,10,280,12,31,2,45.43618694837937,-3.611403003670413,0.3414213562373095,0,1111.8280029296875
49035,10,280,12,32,2,35.63473412529608,-3.5621211953537912,0.482842712474619,0,1111.8280029296875
49035,10,280,12,33,2,25.985023916729457,-3.4758773530310236,0.3414213562373095,0,1111.8280029296875
49035,10,280,12,34,2,37.07552393120939,-3.4303014542522017,0.4308640753373011,0,1111.8280029296875
49035,10,280,12,35,2,17.44249161624493,-2.8088812527365,0.613407053921902,0,1111.8280029296875
49035,10,280,12,36,2,23.24067677396125,-2.9035593716767387,0.682842712474619,0,1111.8280029296875
49035,10,280,12,37,2,20.44071067252732,-2.7132130468191002,0.8513997106635237,0,1111.8280029296875
49035,10,280,12,38,2,18.588067373565302,-2.4743937037666104,0.682842712474619,0,1111.8280029296875
49035,10,280,12,39,2,23.850701334581903,-2.7555074593128386,0.848528137423857,0,1111.8280029296875
49035,10,280,12,40,2,21.715191687794455,-2.5565223842927454,0.848528137423857,0,1111.8280029296875
49035,10,280,12,41,2,29.33008248172037,-2.887807062753254,0.613407053921902,0,1111.8280029296875
49035,10,280,12,42,2,27.29265937033036,-2.787179515316401,0.8513997106635237,0,1111.8280029296875
49035,10,280,12,43,2,24.951610196360317,-2.617674696678592,0.848528137423857,0,1111.8280029296875
49035,10,280,12,44,2,23.457971934447837,-2.420121374164017,0.8513997106635237,0,1111.8280029296875
49035,10,280,12,45,2,23.008954004858712,-2.270575141018562,0.613407053921902,0,1111.8280029296875
49035,10,280,12,46,2,28.259797464677035,-2.6646529155822822,0.848528137423857,0,1111.8280029296875
49035,10,280,12,47,2,26.482253465874027,-2.493613112242245,0.848528137423857,0,1111.8280029296875
49035,10,280,12,48,2,31.617233498489732,-2.701721923871611,0.682842712474619,0,1111.8280029296875
49035,10,280,12,49,2,29.61997721106908,-2.551796407470215,0.8513997106635237,0,1111.8280029296875
49035,10,280,12,50,2,28.373167709483585,-2.3845759982578705,0.682842712474619,0,1111.8280029296875
49035,10,280,12,51,2,32.945791673587834,-2.516889369223269,0.613407053921902,0,1111.8280029296875
49035,10,280,12,52,2,43.60803913822071,-3.3629734370462914,0.4308640753373011,0,1111.8280029296875
49035,10,280,12,53,2,54.78169479215907,-3.355064766056766,0.3414213562373095,0,1111.8280029296875
49035,10,280,12,54,2,45.89576533923069,-3.26355382203772,0.482842712474619,0,1111.8280029296875
49035,10,280,12,55,2,37.57403981269768,-3.1299227004868677,0.3414213562373095,0,1111.8280029296875
49035,10,280,12,56,2,52.75877063371206,-3.2289500060976306,0.4242640687119285,0,1111.8280029296875
49035,10,280,12,57,2,44.596805609293355,-3.10976649739882,0.4242640687119285,0,1111.8280029296875
49035,10,280,12,58,2,59.67038194521255,-3.2023364821424867,0.382842712474619,0,1111.8280029296875
49035,10,280,12,59,2,51.63275775377496,-3.0950989513671563,0.4242640687119285,0,1111.8280029296875
49035,10,280,12,60,2,44.39964937961188,-2.9507536836393777,0.482842712474619,0,1111.8280029296875
49035,10,280,12,61,2,41.21920014894394,-2.8605387569173897,0.37888543819998316,0,1111.8280029296875
49035,10,280,12,62,2,58.67715292996856,-3.0839512429287526,0.4242640687119285,0,1111.8280029296875
49035,10,280,12,63,2,51.46256375016094,-2.957855479394754,0.4242640687119285,0,1111.8280029296875
49035,10,280,12,64,2,65.7272765195229,-3.075194112023863,0.3414213562373095,0,1111.8280029296875
49035,10,280,12,65,2,58.52744715470074,-2.9632429707625185,0.382842712474619,0,1111.8280029296875
49035,10,280,12,66,2,52.25752828271491,-2.8222630294108813,0.3414213562373095,0,1111.8280029296875
49035,10,281,14,1,,,,,0,1112.64501953125
49035,10,281,14,2,,,,,0,1112.64501953125
49035,10,281,14,3,2,4.921305044239032,3.700555209105678,0.3428253815499883,0,1112.64501953125
49035,10,281,14,4,,,,,0,1112.64501953125
49035,10,281,14,5,,,,,0,1112.64501953125
49035,10,281,14,6,,,,,0,1112.64501953125
49035,10,281,14,7,2,6.959451693859437,-0.644550133393254,0.6034068236642477,0,1112.64501953125
49035,10,281,14,8,2,3.467295752901147,-0.5968703622539278,0.6271356419515952,0,1112.64501953125
49035,10,281,14,9,,,,,0,1112.64501953125
49035,10,281,14,10,,,,,0,1112.64501953125
49035,10,281,14,11,,,,,0,1112.64501953125
49035,10,281,14,12,,,,,0,1112.64501953125
49035,10,281,14,13,,,,,0,1112.64501953125
49035,10,281,14,14,2,6.34886912262192,0.3042086260057353,0.5638463841038082,1,1112.64501953125
49035,10,281,14,15,2,5.548985667186747,1.1617917676610598,0.5414213562373096,0,1112.64501953125
49035,10,281,14,16,2,8.442413442440843,1.766747614363657,0.3894427190999916,0,1112.64501953125
49035,10,281,14,17,,,,,0,1112.64501953125
49035,10,281,14,18,2,32.0116951745997,5.115304231506764,0.37888543819998316,0,1112.64501953125
49035,10,281,14,19,2,39.64931804776296,5.344991760067164,0.3414213562373095,0,1112.64501953125
49035,10,281,14,20,2,30.05053455846643,5.263731259987269,0.482842712474619,0,1112.64501953125
49035,10,281,14,21,2,20.832686644945944,5.108623087953605,0.3414213562373095,0,1112.64501953125
49035,10,281,14,22,2,33.77628641146358,5.45265237078527,0.4242640687119285,0,1112.64501953125
49035,10,281,14,23,2,23.912417890003155,5.394782287897275,0.4242640687119285,0,1112.64501953125
49035,10,281,14,24,2,43.452932207739345,-0.6842217722983261,0.37888543819998316,0,1112.64501953125
49035,10,281,14,25,2,38.45309376693705,-0.6832384697477365,0.482842712474619,0,1112.64501953125
49035,10,281,14,26,2,28.453587222805083,-0.6802351622151548,0.4242640687119285,0,1112.64501953125
49035,10,281,14,27,2,18.454615450956993,-0.6739772671848057,0.482842712474619,0,1112.64501953125
49035,10,281,14,28,2,13.455702666199283,-0.6673607528521095,0.4538461538461539,0,1112.64501953125
49035,10,281,14,29,2,33.873433872954344,-0.5338187999509376,0.4242640687119285,0,1112.64501953125
49035,10,281,14,30,2,24.049443401923764,-0.4683613564041105,0.4242640687119285,0,1112.64501953125
49035,10,281,14,31,2,39.814726155595295,-0.4293659996726684,0.3414213562373095,0,1112.64501953125
49035,10,281,14,32,2,30.268442715838027,-0.3435554348491925,0.482842712474619,0,1112.64501953125
49035,10,281,14,33,2,21.145799347361926,-0.18147506140717384,0.3414213562373095,0,1112.64501953125
49035,10,281,14,34,2,32.31817791491444,-0.19761221519371341,0.4308640753373011,0,1112.64501953125
49035,10,281,14,35,2,17.178938777520635,0.6767095123473801,0.613407053921902,0,1112.64501953125
49035,10,281,14,36,2,22.01551803233363,0.4849993618360695,0.682842712474619,0,1112.64501953125
49035,10,281,14,37,2,20.619557149232598,0.7108216046292739,0.8513997106635237,0,1112.64501953125
49035,10,281,14,38,2,20.38747752491541,0.9550296511316645,0.682842712474619,0,1112.64501953125
49035,10,281,14,39,2,23.591684663887104,0.6239774285389377,0.848528137423857,0,1112.64501953125
49035,10,281,14,40,2,22.84842856913245,0.837347920121305,0.848528137423857,0,1112.64501953125
49035,10,281,14,41,2,28.00680027370459,0.43812460665538344,0.613407053921902,0,1112.64501953125
49035,10,281,14,42,2,26.701479987635572,0.5569482469806819,0.8513997106635237,0,1112.64501953125
49035,10,281,14,43,2,25.56270987842574,0.7435702363803718,0.848528137423857,0,1112.64501953125
49035,10,281,14,44,2,25.375879080871794,0.9400652404264975,0.8513997106635237,0,1112.64501953125
49035,10,281,14,45,2,25.826796376746962,1.0757468341830296,0.613407053921902,0,1112.64501953125
49035,10,281,14,46,2,28.45792656850428,0.6683168875127345,0.848528137423857,0,1112.64501953125
49035,10,281,14,47,2,27.84486824132669,0.8448273402417581,0.848528137423857,0,1112.64501953125
49035,10,281,14,48,2,31.48420290920827,0.6072367350087498,0.682842712474619,0,1112.64501953125
49035,10,281,14,49,2,30.524385917273758,0.7656901457548058,0.8513997106635237,0,1112.64501953125
49035,10,281,14,50,2,30.36809573261258,0.9300191599994732,0.682842712474619,0,1112.64501953125
49035,10,281,14,51,2,34.00423995820709,0.7773295189067757,0.613407053921902,0,1112.64501953125
49035,10,281,14,52,2,39.14418884380794,-0.14572183478459166,0.4308640753373011,0,1112.64501953125
49035,10,281,14,53,2,50.29500287246109,-0.1640224986787553,0.3414213562373095,0,1112.64501953125
49035,10,281,14,54,2,41.95895041034503,-0.043710213473773685,0.482842712474619,0,1112.64501953125
49035,10,281,14,55,2,34.51839690852861,0.13207195978583908,0.3414213562373095,0,1112.64501953125
49035,10,281,14,56,2,48.973017224155456,-0.02394333633755119,0.4242640687119285,0,1112.64501953125
49035,10,281,14,57,2,41.58512500443339,0.1255342149645,0.4242640687119285,0,1112.64501953125
49035,10,281,14,58,2,56.00142241530175,-0.009133467429264464,0.382842712474619,0,1112.64501953125
49035,10,281,14,59,2,48.653114166864846,0.12089583413149052,0.4242640687119285,0,1112.64501953125
49035,10,281,14,60,2,42.403911656012454,0.2929858142896564,0.482842712474619,0,1112.64501953125
49035,10,281,14,61,2,39.85692946689911,0.397693979229341,0.37888543819998316,0,1112.64501953125
49035,10,281,14,62,2,55.72188452155597,0.11743422578881146,0.4242640687119285,0,1112.64501953125
49035,10,281,14,63,2,49.354783154528626,0.26460684590151384,0.4242640687119285,0,1112.64501953125
49035,10,281,14,64,2,62.79117223888444,0.11475203519611954,0.3414213562373095,0,1112.64501953125
49035,10,281,14,65,2,56.3355794922727,0.2432471784296908,0.382842712474619,0,1112.64501953125
49035,10,281,14,66,2,51.03590620658264,0.4015648723104075,0.3414213562373095,0,1112.64501953125
49035,10,282,7,1,,,,,0,1112.927978515625
49035,10,282,7,2,,,,,0,1112.927978515625
49035,10,282,7,3,2,8.760888995569696,3.396411936047461,0.3428253815499883,0,1112.927978515625
49035,10,282,7,4,,,,,0,1112.927978515625
49035,10,282,7,5,,,,,0,1112.927978515625
49035,10,282,7,6,,,,,0,1112.927978515625
49035,10,282,7,7,2,4.80345475620069,4.936592757248798,0.5409644648731183,1,1112.927978515625
49035,10,282,7,8,2,2.6184494883500933,4.145143275425037,0.5685569981889047,0,1112.927978515625
49035,10,282,7,9,,,,,0,1112.927978515625
49035,10,282,7,10,,,,,0,1112.927978515625
49035,10,282,7,11,,,,,0,1112.927978515625
49035,10,282,7,12,,,,,0,1112.927978515625
49035,10,282,7,13,,,,,0,1112.927978515625
49035,10,282,7,14,,,,,0,1112.927978515625
49035,10,282,7,15,2,5.062151698596014,1.852435196066725,0.4428253815499883,0,1112.927978515625
49035,10,282,7,16,2,9.744659050100418,2.1027255130762783,0.37888543819998316,0,1112.927978515625
49035,10,282,7,17,,,,,0,1112.927978515625
49035,10,282,7,18,2,31.014238199045888,4.8960506972223135,0.37888543819998316,0,1112.927978515625
49035,10,282,7,19,2,37.718073553860066,5.158409072271892,0.3414213562373095,0,1112.927978515625
49035,10,282,7,20,2,28.483663264766513,5.04126693316914,0.482842712474619,0,1112.927978515625
49035,10,282,7,21,2,19.999626830189108,4.819023945178401,0.3414213562373095,0,1112.927978515625
49035,10,282,7,22,2,31.486857174239475,5.255436676425131,0.4242640687119285,0,1112.927978515625
49035,10,282,7,23,2,21.910914519416274,5.145688653715984,0.4242640687119285,0,1112.927978515625
49035,10,282,7,24,2,40.64716812101671,5.434853877622909,0.37888543819998316,0,1112.927978515625
49035,10,282,7,25,2,35.658453085366766,5.426035068992849,0.482842712474619,0,1112.927978515625
49035,10,282,7,26,2,25.694187607463164,5.398129810254672,0.4242640687119285,0,1112.927978515625
49035,10,282,7,27,2,15.77521084403389,5.335018768083518,0.482842712474619,0,1112.927978515625
49035,10,282,7,28,2,10.871535188593645,5.260419611260277,0.4538461538461539,0,1112.927978515625
49035,10,282,7,29,2,30.664219842315575,-0.7056238109583921,0.4242640687119285,0,1112.927978515625
49035,10,282,7,30,2,20.711358692854294,-0.667138178160966,0.4242640687119285,0,1112.927978515625
49035,10,282,7,31,2,36.33727397959576,-0.5790895002821759,0.3414213562373095,0,1112.927978515625
49035,10,282,7,32,2,26.628245917341566,-0.5020846619507466,0.482842712474619,0,1112.927978515625
49035,10,282,7,33,2,17.254839350183147,-0.33936185389394646,0.3414213562373095,0,1112.927978515625
49035,10,282,7,34,2,28.43412707553847,-0.33243718397110955,0.4308640753373011,0,1112.927978515625
49035,10,282,7,35,2,13.9551214268251,0.7447787162751782,0.613407053921902,0,1112.927978515625
49035,10,282,7,36,2,18.310316359739502,0.47648920146942175,0.682842712474619,0,1112.927978515625
49035,10,282,7,37,2,17.452813107830195,0.7529225141404583,0.8513997106635237,0,1112.927978515625
49035,10,282,7,38,2,17.998157837955386,1.0342796964984877,0.682842712474619,0,1112.927978515625
49035,10,282,7,39,2,20.178013684256012,0.6328251156439444,0.848528137423857,0,1112.927978515625
49035,10,282,7,40,2,20.03709650685768,0.8820350055459483,0.848528137423857,0,1112.927978515625
49035,10,282,7,41,2,24.20579862303705,0.4014686043002147,0.613407053921902,0,1112.927978515625
49035,10,282,7,42,2,23.12366292582549,0.5422744676935771,0.8513997106635237,0,1112.927978515625
49035,10,282,7,43,2,22.450763623767937,0.7601540481454006,0.848528137423857,0,1112.927978515625
49035,10,282,7,44,2,22.877276662081243,0.9804186547343583,0.8513997106635237,0,1112.927978515625
49035,10,282,7,45,2,23.80447200846053,1.1251676375128017,0.613407053921902,0,1112.927978515625
49035,10,282,7,46,2,25.131421331780558,0.6630672217888134,0.848528137423857,0,1112.927978515625
49035,10,282,7,47,2,25.01841998085771,0.8627508107984565,0.848528137423857,0,1112.927978515625
49035,10,282,7,48,2,28.002497906805534,0.5852724668950293,0.682842712474619,0,1112.927978515625
49035,10,282,7,49,2,27.449460635935157,0.7647519510991163,0.8513997106635237,0,1112.927978515625
49035,10,282,7,50,2,27.799386492994035,0.9455571954406363,0.682842712474619,0,1112.927978515625
49035,10,282,7,51,2,30.948799016168145,0.7670867206543692,0.613407053921902,0,1112.927978515625
49035,10,282,7,52,2,35.19378758073954,-0.2668208619063739,0.4308640753373011,0,1112.927978515625
49035,10,282,7,53,2,46.36132855975396,-0.2800611328442004,0.3414213562373095,0,1112.927978515625
49035,10,282,7,54,2,37.92148185648431,-0.15205279429302632,0.482842712474619,0,1112.927978515625
49035,10,282,7,55,2,30.441826268439936,0.04361141050823347,0.3414213562373095,0,1112.927978515625
49035,10,282,7,56,2,44.92373412709606,-0.12820922537878543,0.4242640687119285,0,1112.927978515625
49035,10,282,7,57,2,37.50743777290347,0.035392196465980685,0.4242640687119285,0,1112.927978515625
49035,10,282,7,58,2,51.94463388697972,-0.11080331873627713,0.382842712474619,0,1112.927978515625
49035,10,282,7,59,2,44.574779752889114,0.029779013762909035,0.4242640687119285,0,1112.927978515625
49035,10,282,7,60,2,38.413239779856944,0.22040960895661232,0.482842712474619,0,1112.927978515625
49035,10,282,7,61,2,35.98485779557687,0.33803480867177305,0.37888543819998316,0,1112.927978515625
49035,10,282,7,62,2,51.64314176876655,0.025702275374783756,0.4242640687119285,0,1112.927978515625
49035,10,282,7,63,2,45.339608424810315,0.18630610813497261,0.4242640687119285,0,1112.927978515625
49035,10,282,7,64,2,58.71215541503536,0.022607183715276147,0.3414213562373095,0,1112.927978515625
49035,10,282,7,65,2,52.304714833803246,0.16126230550460718,0.382842712474619,0,1112.927978515625
49035,10,282,7,66,2,47.16406676922261,0.3341748644242104,0.3414213562373095,0,1112.927978515625
49035,10,283,8,1,,,,,0,1113.5450439453125
49035,10,283,8,2,,,,,0,1113.5450439453125
49035,10,283,8,3,2,11.94150358316706,-1.722782749665838,0.3308640753373011,0,1113.5450439453125
49035,10,283,8,4,,,,,0,1113.5450439453125
49035,10,283,8,5,,,,,0,1113.5450439453125
49035,10,283,8,6,,,,,0,1113.5450439453125
49035,10,283,8,7,,,,,0,1113.5450439453125
49035,10,283,8,8,2,5.126586344672931,-1.9644119342065398,0.3842467377872978,1,1113.5450439453125
49035,10,283,8,9,,,,,0,1113.5450439453125
49035,10,283,8,10,,,,,0,1113.5450439453125
49035,10,283,8,11,,,,,0,1113.5450439453125
49035,10,283,8,12,,,,,0,1113.5450439453125
49035,10,283,8,13,,,,,0,1113.5450439453125
49035,10,283,8,14,,,,,0,1113.5450439453125
49035,10,283,8,15,2,10.275189106956882,-2.645293689811218,0.6271356419515952,0,1113.5450439453125
49035,10,283,8,16,2,15.112482692780723,-2.5437240222896937,0.45328910320379967,0,1113.5450439453125
49035,10,283,8,17,2,11.826771003052867,-2.930857661656594,0.5555604578187299,0,1113.5450439453125
49035,10,283,8,18,2,26.32059597985252,0.11299153800297379,0.37888543819998316,0,1113.5450439453125
49035,10,283,8,19,2,32.45995271871714,0.43404158475333254,0.3414213562373095,0,1113.5450439453125
49035,10,283,8,20,2,23.43637716058298,0.2776227497444732,0.482842712474619,0,1113.5450439453125
49035,10,283,8,21,2,15.648610747438209,-0.05142130486655683,0.3414213562373095,0,1113.5450439453125
49035,10,283,8,22,2,26.13323849307029,0.5425212924828764,0.4242640687119285,0,1113.5450439453125
49035,10,283,8,23,2,16.690158718461422,0.3847956011407847,0.4242640687119285,0,1113.5450439453125
49035,10,283,8,24,2,35.26784529713169,0.7552693462797206,0.37888543819998316,0,1113.5450439453125
49035,10,283,8,25,2,30.2758737918212,0.7466015996351274,0.482842712474619,0,1113.5450439453125
49035,10,283,8,26,2,20.303787276516395,0.716485530200544,0.4242640687119285,0,1113.5450439453125
49035,10,283,8,27,2,10.385519807971685,0.628591290594958,0.482842712474619,0,1113.5450439453125
49035,10,283,8,28,2,5.537747162668571,0.4669666836162496,0.3894427190999916,0,1113.5450439453125
49035,10,283,8,29,2,25.41507736546604,-5.351185701449369,0.4242640687119285,0,1113.5450439453125
49035,10,283,8,30,2,15.54160227918497,-5.2713776731175415,0.4242640687119285,0,1113.5450439453125
49035,10,283,8,31,2,31.298698650506534,-5.212010379685567,0.3414213562373095,0,1113.5450439453125
49035,10,283,8,32,2,21.79962800432527,-5.09229032438935,0.482842712474619,0,1113.5450439453125
49035,10,283,8,33,2,13.070540349913076,-4.802243443920069,0.3414213562373095,0,1113.5450439453125
49035,10,283,8,34,2,24.118743391923,-4.89880674428113,0.4308640753373011,0,1113.5450439453125
49035,10,283,8,35,2,15.409376791042764,-3.5891552397731186,0.613407053921902,0,1113.5450439453125
49035,10,283,8,36,2,18.150324303091185,-3.9166907412468306,0.682842712474619,0,1113.5450439453125
49035,10,283,8,37,2,18.768108435941386,-3.647045060489596,0.8513997106635237,0,1113.5450439453125
49035,10,283,8,38,2,20.616729037825706,-3.4103188723881495,0.682842712474619,0,1113.5450439453125
49035,10,283,8,39,2,20.774577832643235,-3.7946034866946965,0.848528137423857,0,1113.5450439453125
49035,10,283,8,40,2,21.894992717067147,-3.5656254899529696,0.848528137423857,0,1113.5450439453125
49035,10,283,8,41,2,23.445872528373503,-4.063915196719503,0.613407053921902,0,1113.5450439453125
49035,10,283,8,42,2,23.15003831499744,-3.914081886871596,0.8513997106635237,0,1113.5450439453125
49035,10,283,8,43,2,23.63751035836306,-3.700953316314944,0.848528137423857,0,1113.5450439453125
49035,10,283,8,44,2,25.130450013829687,-3.5048488754070584,0.8513997106635237,0,1113.5450439453125
49035,10,283,8,45,2,26.68810321597814,-3.3837488227950256,0.613407053921902,0,1113.5450439453125
49035,10,283,8,46,2,25.75020554875278,-3.8159226424093085,0.848528137423857,0,1113.5450439453125
49035,10,283,8,47,2,26.66234625382564,-3.628025629235662,0.848528137423857,0,1113.5450439453125
49035,10,283,8,48,2,28.1498539190582,-3.912399763698833,0.682842712474619,0,1113.5450439453125
49035,10,283,8,49,2,28.552090950054563,-3.7363790079237544,0.8513997106635237,0,1113.5450439453125
49035,10,283,8,50,2,29.7998241534419,-3.5701977162091176,0.682842712474619,0,1113.5450439453125
49035,10,283,8,51,2,32.00804428257238,-3.7546891787343477,0.613407053921902,0,1113.5450439453125
49035,10,283,8,52,2,31.07082494122138,-4.851615898592728,0.4308640753373011,0,1113.5450439453125
49035,10,283,8,53,2,42.1458292158874,-4.893929839682285,0.3414213562373095,0,1113.5450439453125
49035,10,283,8,54,2,34.23282290735737,-4.732785093390853,0.482842712474619,0,1113.5450439453125
49035,10,283,8,55,2,27.70381576819761,-4.4862039263536175,0.3414213562373095,0,1113.5450439453125
49035,10,283,8,56,2,41.298529561342576,-4.7254633115905165,0.4242640687119285,0,1113.5450439453125
49035,10,283,8,57,2,34.65809844525273,-4.5275095666088365,0.4242640687119285,0,1113.5450439453125
49035,10,283,8,58,2,48.36580324621604,-4.720281052114975,0.382842712474619,0,1113.5450439453125
49035,10,283,8,59,2,41.65172466493345,-4.554978833912102,0.4242640687119285,0,1113.5450439453125
49035,10,283,8,60,2,36.475764714055934,-4.33502036357353,0.482842712474619,0,1113.5450439453125
49035,10,283,8,61,2,34.68845677499995,-4.20364891719979,0.37888543819998316,0,1113.5450439453125
49035,10,283,8,62,2,48.667736204656364,-4.574539504442907,0.4242640687119285,0,1113.5450439453125
49035,10,283,8,63,2,43.17596311835746,-4.391975503612948,0.4242640687119285,0,1113.5450439453125
49035,10,283,8,64,2,55.69767434111244,-4.589166915204195,0.3414213562373095,0,1113.5450439453125
49035,10,283,8,65,2,49.978457068224486,-4.433532549716798,0.382842712474619,0,1113.5450439453125
49035,10,283,8,66,2,45.75435951723181,-4.24370164898847,0.3414213562373095,0,1113.5450439453125
49035,10,284,3,1,,,,,0,1114.2449951171875
49035,10,284,3,2,,,,,0,1114.2449951171875
49035,10,284,3,3,2,5.047074868883152,0.6984195154843299,0.29084674441267033,1,1114.2449951171875
49035,10,284,3,4,,,,,0,1114.2449951171875
49035,10,284,3,5,,,,,0,1114.2449951171875
49035,10,284,3,6,,,,,0,1114.2449951171875
49035,10,284,3,7,,,,,0,1114.2449951171875
49035,10,284,3,8,,,,,0,1114.2449951171875
49035,10,284,3,9,,,,,0,1114.2449951171875
49035,10,284,3,10,,,,,0,1114.2449951171875
49035,10,284,3,11,2,12.489227859161733,-0.1409626580998097,0.36665443472916565,0,1114.2449951171875
49035,10,284,3,12,,,,,0,1114.2449951171875
49035,10,284,3,13,,,,,0,1114.2449951171875
49035,10,284,3,14,,,,,0,1114.2449951171875
49035,10,284,3,15,2,7.782465427990902,-1.0510336187847071,0.5871183110269644,0,1114.2449951171875
49035,10,284,3,16,2,11.145414565362584,-0.6510865677938187,0.5276927682076162,0,1114.2449951171875
49035,10,284,3,17,2,10.958996273833211,-1.21033045796796,0.5555604578187299,0,1114.2449951171875
49035,10,284,3,18,2,29.29945690880316,2.672511662256459,0.37888543819998316,0,1114.2449951171875
49035,10,284,3,19,2,37.063433212019746,2.9172507396464598,0.3414213562373095,0,1114.2449951171875
49035,10,284,3,20,2,27.404471840444106,2.8359830248216515,0.482842712474619,0,1114.2449951171875
49035,10,284,3,21,2,18.11938388151042,2.6691590716540627,0.3414213562373095,0,1114.2449951171875
49035,10,284,3,22,2,31.30333018802715,3.0377330454007136,0.4242640687119285,0,1114.2449951171875
49035,10,284,3,23,2,21.38236367318865,2.989228748200574,0.4242640687119285,0,1114.2449951171875
49035,10,284,3,24,2,41.17205833051934,-3.0989612705592946,0.37888543819998316,0,1114.2449951171875
49035,10,284,3,25,2,36.17722881686227,-3.0930710021848853,0.482842712474619,0,1114.2449951171875
49035,10,284,3,26,2,26.19348927232597,-3.074552894175521,0.4242640687119285,0,1114.2449951171875
49035,10,284,3,27,2,16.22978359841256,-3.033265473477461,0.482842712474619,0,1114.2449951171875
49035,10,284,3,28,2,11.272061628079587,-2.9852898114232507,0.37888543819998316,0,1114.2449951171875
49035,10,284,3,29,2,31.858943552265096,-2.927952545653748,0.4242640687119285,0,1114.2449951171875
49035,10,284,3,30,2,22.187818271706195,-2.8322501936204327,0.4242640687119285,0,1114.2449951171875
49035,10,284,3,31,2,37.998495868565264,-2.8270872251405517,0.3414213562373095,0,1114.2449951171875
49035,10,284,3,32,2,28.656459719672586,-2.7189265579156885,0.482842712474619,0,1114.2449951171875
49035,10,284,3,33,2,19.962456739015444,-2.511969941589695,0.3414213562373095,0,1114.2449951171875
49035,10,284,3,34,2,31.04415541399215,-2.5715058370507684,0.4308640753373011,0,1114.2449951171875
49035,10,284,3,35,2,18.289919200438714,-1.6328731068980382,0.613407053921902,0,1114.2449951171875
49035,10,284,3,36,2,22.603107703470126,-1.845651323734025,0.682842712474619,0,1114.2449951171875
49035,10,284,3,37,2,21.784259811859418,-1.6229056894768292,0.8513997106635237,0,1114.2449951171875
49035,10,284,3,38,2,22.095417471650457,-1.3949525358581876,0.682842712474619,0,1114.2449951171875
49035,10,284,3,39,2,24.525510750116343,-1.719542995726947,0.848528137423857,0,1114.2449951171875
49035,10,284,3,40,2,24.293089042976714,-1.514563477922326,0.848528137423857,0,1114.2449951171875
49035,10,284,3,41,2,28.436594929252788,-1.9164499040347254,0.613407053921902,0,1114.2449951171875
49035,10,284,3,42,2,27.44899596629267,-1.796192672802373,0.8513997106635237,0,1114.2449951171875
49035,10,284,3,43,2,26.778739276774665,-1.6131803242183453,0.848528137423857,0,1114.2449951171875
49035,10,284,3,44,2,27.032468902218255,-1.4273153807712222,0.8513997106635237,0,1114.2449951171875
49035,10,284,3,45,2,27.74998780786296,-1.3021587493572149,0.613407053921902,0,1114.2449951171875
49035,10,284,3,46,2,29.4796129427941,-1.6944045435727537,0.848528137423857,0,1114.2449951171875
49035,10,284,3,47,2,29.28653405496929,-1.5241590278741073,0.848528137423857,0,1114.2449951171875
49035,10,284,3,48,2,32.341834846842445,-1.7616341523122239,0.682842712474619,0,1114.2449951171875
49035,10,284,3,49,2,31.774955215646727,-1.606512868289386,0.8513997106635237,0,1114.2449951171875
49035,10,284,3,50,2,31.989080584666354,-1.4496669230481691,0.682842712474619,0,1114.2449951171875
49035,10,284,3,51,2,35.27294444965393,-1.6029695978811442,0.613407053921902,0,1114.2449951171875
49035,10,284,3,52,2,37.98200875908298,-2.531720064484124,0.4308640753373011,0,1114.2449951171875
49035,10,284,3,53,2,49.07008147217703,-2.5649240974718515,0.3414213562373095,0,1114.2449951171875
49035,10,284,3,54,2,41.050942633244574,-2.4317115166350054,0.482842712474619,0,1114.2449951171875
49035,10,284,3,55,2,34.095261935784904,-2.2393741072417828,0.3414213562373095,0,1114.2449951171875
49035,10,284,3,56,2,48.104815716151485,-2.420621367975532,0.4242640687119285,0,1114.2449951171875
49035,10,284,3,57,2,41.12639408551084,-2.2594153115345463,0.4242640687119285,0,1114.2449951171875
49035,10,284,3,58,2,55.163091819547724,-2.4123684423830345,0.382842712474619,0,1114.2449951171875
49035,10,284,3,59,2,48.16921936759717,-2.2736004549229976,0.4242640687119285,0,1114.2449951171875
49035,10,284,3,60,2,42.39788544108709,-2.09264498861703,0.482842712474619,0,1114.2449951171875
49035,10,284,3,61,2,40.14018170825174,-1.9844500639278875,0.37888543819998316,0,1114.2449951171875
49035,10,284,3,62,2,55.21926383510248,-2.28416515724289,0.4242640687119285,0,1114.2449951171875
49035,10,284,3,63,2,49.25925389084271,-2.1300492765418966,0.4242640687119285,0,1114.2449951171875
49035,10,284,3,64,2,62.27407568561427,-2.2923369310553268,0.3414213562373095,0,1114.2449951171875
49035,10,284,3,65,2,56.17265792081999,-2.158278375930496,0.382842712474619,0,1114.2449951171875
49035,10,284,3,66,2,51.30959455385811,-1.9953393862389008,0.3414213562373095,0,1114.2449951171875
49035,10,285,15,1,,,,,0,1114.4110107421875
49035,10,285,15,2,,,,,0,1114.4110107421875
49035,10,285,15,3,,,,,0,1114.4110107421875
49035,10,285,15,4,,,,,0,1114.4110107421875
49035,10,285,15,5,,,,,0,1114.4110107421875
49035,10,285,15,6,,,,,0,1114.4110107421875
49035,10,285,15,7,,,,,0,1114.4110107421875
49035,10,285,15,8,,,,,0,1114.4110107421875
49035,10,285,15,9,,,,,0,1114.4110107421875
49035,10,285,15,10,,,,,0,1114.4110107421875
49035,10,285,15,11,2,10.450714662189945,-0.7583046809898992,0.34843944249725717,0,1114.4110107421875
49035,10,285,15,12,,,,,0,1114.4110107421875
49035,10,285,15,13,,,,,0,1114.4110107421875
49035,10,285,15,14,,,,,0,1114.4110107421875
49035,10,285,15,15,2,7.69616961933147,-1.8705951732137793,0.5871183110269644,1,1114.4110107421875
49035,10,285,15,16,2,10.032812319766157,-1.3620797001718659,0.5276927682076162,0,1114.4110107421875
49035,10,285,15,17,2,11.140593890338279,-1.937699528429426,0.5555604578187299,0,1114.4110107421875
49035,10,285,15,18,2,30.982576967976865,2.2120815721088674,0.37888543819998316,0,1114.4110107421875
49035,10,285,15,19,2,39.08011996610783,2.4340839475590936,0.3414213562373095,0,1114.4110107421875
49035,10,285,15,20,2,29.3276042157153,2.3687639793761344,0.482842712474619,0,1114.4110107421875
49035,10,285,15,21,2,19.823242961279153,2.239724024444974,0.3414213562373095,0,1114.4110107421875
49035,10,285,15,22,2,33.44951967153702,2.5524597205698587,0.4242640687119285,0,1114.4110107421875
49035,10,285,15,23,2,23.488783679126595,2.520874898614867,0.4242640687119285,0,1114.4110107421875
49035,10,285,15,24,2,43.43047394681886,-3.598451443353004,0.37888543819998316,0,1114.4110107421875
49035,10,285,15,25,2,38.439983916222474,-3.590907557611266,0.482842712474619,0,1114.4110107421875
49035,10,285,15,26,2,28.469017474224575,-3.567888824289798,0.4242640687119285,0,1114.4110107421875
49035,10,285,15,27,2,18.52936988718089,-3.5201215144662648,0.482842712474619,0,1114.4110107421875
49035,10,285,15,28,2,13.59278649321385,-3.470097245656702,0.37888543819998316,0,1114.4110107421875
49035,10,285,15,29,2,34.19425321849572,-3.4347834626653073,0.4242640687119285,0,1114.4110107421875
49035,10,285,15,30,2,24.537716797592772,-3.3450517579974672,0.4242640687119285,0,1114.4110107421875
49035,10,285,15,31,2,40.34859291714527,-3.3410071413823346,0.3414213562373095,0,1114.4110107421875
49035,10,285,15,32,2,30.997766739908325,-3.2407459702611394,0.482842712474619,0,1114.4110107421875
49035,10,285,15,33,2,22.219679010508422,-3.057971184738742,0.3414213562373095,0,1114.4110107421875
49035,10,285,15,34,2,33.33241419877651,-3.103084836830905,0.4308640753373011,0,1114.4110107421875
49035,10,285,15,35,2,19.31289221029729,-2.260413112535289,0.613407053921902,0,1114.4110107421875
49035,10,285,15,36,2,24.019644350247003,-2.441056313753319,0.682842712474619,0,1114.4110107421875
49035,10,285,15,37,2,22.767731791869025,-2.2336860074042684,0.8513997106635237,0,1114.4110107421875
49035,10,285,15,38,2,22.578660438135262,-2.012868748325544,0.682842712474619,0,1114.4110107421875
49035,10,285,15,39,2,25.695342176315414,-2.3156609121301464,0.848528137423857,0,1114.4110107421875
49035,10,285,15,40,2,25.033515649865574,-2.1199400976181892,0.848528137423857,0,1114.4110107421875
49035,10,285,15,41,2,29.964699244369072,-2.4925267509199722,0.613407053921902,0,1114.4110107421875
49035,10,285,15,42,2,28.75989583029438,-2.3805290583668794,0.8513997106635237,0,1114.4110107421875
49035,10,285,15,43,2,27.7228769142655,-2.2070871851935134,0.848528137423857,0,1114.4110107421875
49035,10,285,15,44,2,27.5678109511373,-2.026064125363426,0.8513997106635237,0,1114.4110107421875
49035,10,285,15,45,2,27.9952247356855,-1.9009386911967046,0.613407053921902,0,1114.4110107421875
49035,10,285,15,46,2,30.584945692529274,-2.278386470770246,0.848528137423857,0,1114.4110107421875
49035,10,285,15,47,2,30.031070564485308,-2.114237822431103,0.848528137423857,0,1114.4110107421875
49035,10,285,15,48,2,33.575584903712624,-2.337241369603653,0.682842712474619,0,1114.4110107421875
49035,10,285,15,49,2,32.69168392512913,-2.1885638789893034,0.8513997106635237,0,1114.4110107421875
49035,10,285,15,50,2,32.560290141438806,-2.0352142111772777,0.682842712474619,0,1114.4110107421875
49035,10,285,15,51,2,36.174963763360815,-2.178627479384451,0.613407053921902,0,1114.4110107421875
49035,10,285,15,52,2,40.24688601049401,-3.0626775243937345,0.4308640753373011,0,1114.4110107421875
49035,10,285,15,53,2,51.35316479566248,-3.0909381571096057,0.3414213562373095,0,1114.4110107421875
49035,10,285,15,54,2,43.24349808929349,-2.966698640033055,0.482842712474619,0,1114.4110107421875
49035,10,285,15,55,2,36.095051176954875,-2.7894685622223934,0.3414213562373095,0,1114.4110107421875
49035,10,285,15,56,2,50.286798707231604,-2.9532736930461247,0.4242640687119285,0,1114.4110107421875
49035,10,285,15,57,2,43.14643341795347,-2.8028294703886365,0.4242640687119285,0,1114.4110107421875
49035,10,285,15,58,2,57.336935054505055,-2.943148733464718,0.382842712474619,0,1114.4110107421875
49035,10,285,15,59,2,50.20335361221193,-2.8124355165544532,0.4242640687119285,0,1114.4110107421875
49035,10,285,15,60,2,44.195353900393805,-2.6425205207353235,0.482842712474619,0,1114.4110107421875
49035,10,285,15,61,2,41.76907471581319,-2.540722776323764,0.37888543819998316,0,1114.4110107421875
49035,10,285,15,62,2,57.26376438146284,-2.8196733200806667,0.4242640687119285,0,1114.4110107421875
49035,10,285,15,63,2,51.10764427758292,-2.6738740678545447,0.4242640687119285,0,1114.4110107421875
49035,10,285,15,64,2,64.32651637045639,-2.825322013498944,0.3414213562373095,0,1114.4110107421875
49035,10,285,15,65,2,58.0581889213473,-2.697739531833067,0.382842712474619,0,1114.4110107421875
49035,10,285,15,66,2,52.949087747525134,-2.5425406378893456,0.3414213562373095,0,1114.4110107421875
49035,10,286,17,1,2,12.567450677942285,2.346382210619369,0.4008815710307323,0,1115.3780517578125
49035,10,286,17,2,,,,,0,1115.3780517578125
49035,10,286,17,3,,,,,0,1115.3780517578125
49035,10,286,17,4,2,11.563683099660645,1.8416549443877714,0.6105354806822353,0,1115.3780517578125
49035,10,286,17,5,,,,,0,1115.3780517578125
49035,10,286,17,6,2,8.045344213970697,1.8777641842793873,0.5905350201669267,0,1115.3780517578125
49035,10,286,17,7,,,,,0,1115.3780517578125
49035,10,286,17,8,,,,,0,1115.3780517578125
49035,10,286,17,9,,,,,0,1115.3780517578125
49035,10,286,17,10,,,,,0,1115.3780517578125
49035,10,286,17,11,2,11.623338381522721,1.3089633144024444,0.4815389220537701,0,1115.3780517578125
49035,10,286,17,12,,,,,0,1115.3780517578125
49035,10,286,17,13,,,,,0,1115.3780517578125
49035,10,286,17,14,,,,,0,1115.3780517578125
49035,10,286,17,15,,,,,0,1115.3780517578125
49035,10,286,17,16,2,7.569792558788399,0.8176056292818847,0.4541838746143514,0,1115.3780517578125
49035,10,286,17,17,2,5.294516397540067,-0.10985185032083356,0.35849461354003137,1,1115.3780517578125
49035,10,286,17,18,2,33.342442232449045,3.5158130428262675,0.37888543819998316,0,1115.3780517578125
49035,10,286,17,19,2,39.98702470195706,3.762691933349644,0.3414213562373095,0,1115.3780517578125
49035,10,286,17,20,2,30.797888731227292,3.650228689405457,0.482842712474619,0,1115.3780517578125
49035,10,286,17,21,2,22.317207622979847,3.4477659684768196,0.3414213562373095,0,1115.3780517578125
49035,10,286,17,22,2,33.697589582711196,3.850755067955953,0.4242640687119285,0,1115.3780517578125
49035,10,286,17,23,2,24.188330853347008,3.74232316321529,0.4242640687119285,0,1115.3780517578125
49035,10,286,17,24,2,42.69392502658392,4.02599170971806,0.37888543819998316,0,1115.3780517578125
49035,10,286,17,25,2,37.71664270674996,4.0141274372222755,0.482842712474619,0,1115.3780517578125
49035,10,286,17,26,2,27.786560471831844,3.977661408653609,0.4242640687119285,0,1115.3780517578125
49035,10,286,17,27,2,17.93434550355548,3.9009135724647392,0.482842712474619,0,1115.3780517578125
49035,10,286,17,28,2,13.092541828612468,3.819461741185616,0.37888543819998316,0,1115.3780517578125
49035,10,286,17,29,2,32.54397849431684,-2.131339266781492,0.4242640687119285,0,1115.3780517578125
49035,10,286,17,30,2,22.553455212554233,-2.1152734107381166,0.4242640687119285,0,1115.3780517578125
49035,10,286,17,31,2,38.02799139610645,-2.0043665262491626,0.3414213562373095,0,1115.3780517578125
49035,10,286,17,32,2,28.207728292233654,-1.9467300141034278,0.482842712474619,0,1115.3780517578125
49035,10,286,17,33,2,18.580197555317103,-1.8285561138968078,0.3414213562373095,0,1115.3780517578125
49035,10,286,17,34,2,29.70635338922188,-1.7817566132541924,0.4308640753373011,0,1115.3780517578125
49035,10,286,17,35,2,12.927660075733854,-0.7931761583880609,0.613407053921902,0,1115.3780517578125
49035,10,286,17,36,2,17.84249252583437,-1.0320057295875946,0.682842712474619,0,1115.3780517578125
49035,10,286,17,37,2,16.374628008828836,-0.7514553476925837,0.8513997106635237,0,1115.3780517578125
49035,10,286,17,38,2,16.367722667512062,-0.4448411339850885,0.682842712474619,0,1115.3780517578125
49035,10,286,17,39,2,19.342627513329628,-0.859458996991353,0.848528137423857,0,1115.3780517578125
49035,10,286,17,40,2,18.679163311360675,-0.5979937945233812,0.848528137423857,0,1115.3780517578125
49035,10,286,17,41,2,23.875810013194616,-1.0766538915388622,0.613407053921902,0,1115.3780517578125
49035,10,286,17,42,2,22.47545407352899,-0.9380737727509872,0.8513997106635237,0,1115.3780517578125
49035,10,286,17,43,2,21.328852259424963,-0.7153330315597891,0.848528137423857,0,1115.3780517578125
49035,10,286,17,44,2,21.32355133643183,-0.4803394586057149,0.8513997106635237,0,1115.3780517578125
49035,10,286,17,45,2,22.00648935252032,-0.32170803674747905,0.613407053921902,0,1115.3780517578125
49035,10,286,17,46,2,24.2059648722432,-0.8057966052620854,0.848528137423857,0,1115.3780517578125
49035,10,286,17,47,2,23.679160421968895,-0.5977382060314936,0.848528137423857,0,1115.3780517578125
49035,10,286,17,48,2,27.23853028502394,-0.8765957350656729,0.682842712474619,0,1115.3780517578125
49035,10,286,17,49,2,26.300407505991856,-0.6928462808648813,0.8513997106635237,0,1115.3780517578125
49035,10,286,17,50,2,26.29610879720228,-0.5024321558360488,0.682842712474619,0,1115.3780517578125
49035,10,286,17,51,2,29.7861625990162,-0.6815755969906915,0.613407053921902,0,1115.3780517578125
49035,10,286,17,52,2,36.324716448571536,-1.705955005768664,0.4308640753373011,0,1115.3780517578125
49035,10,286,17,53,2,47.505038843893665,-1.705478911109636,0.3414213562373095,0,1115.3780517578125
49035,10,286,17,54,2,38.81077841716111,-1.5903521515733408,0.482842712474619,0,1115.3780517578125
49035,10,286,17,55,2,30.916408703665947,-1.4129134109351167,0.3414213562373095,0,1115.3780517578125
49035,10,286,17,56,2,45.75253123849836,-1.5584057500458637,0.4242640687119285,0,1115.3780517578125
49035,10,286,17,57,2,37.98475905565153,-1.407193375437589,0.4242640687119285,0,1115.3780517578125
49035,10,286,17,58,2,52.72866116367413,-1.5348935268092467,0.382842712474619,0,1115.3780517578125
49035,10,286,17,59,2,45.05396224417659,-1.40326825018388,0.4242640687119285,0,1115.3780517578125
49035,10,286,17,60,2,38.463064356416304,-1.2223597779007882,0.482842712474619,0,1115.3780517578125
49035,10,286,17,61,2,35.765643047188306,-1.1087911630531697,0.37888543819998316,0,1115.3780517578125
49035,10,286,17,62,2,52.123671275951764,-1.4004078461899176,0.4242640687119285,0,1115.3780517578125
49035,10,286,17,63,2,45.457946643789484,-1.2471171765809874,0.4242640687119285,0,1115.3780517578125
49035,10,286,17,64,2,59.19370490742464,-1.3982307150267559,0.3414213562373095,0,1115.3780517578125
49035,10,286,17,65,2,52.47325515396773,-1.2652635713534863,0.382842712474619,0,1115.3780517578125
49035,10,286,17,66,2,46.93602360915903,-1.0972758178653543,0.3414213562373095,0,1115.3780517578125
49035,10,287,16,1,2,15.181651744437547,3.0552489730861647,0.4008815710307323,0,1115.677978515625
49035,10,287,16,2,,,,,0,1115.677978515625
49035,10,287,16,3,,,,,0,1115.677978515625
49035,10,287,16,4,2,13.477760788802401,2.642619859656059,0.6105354806822353,0,1115.677978515625
49035,10,287,16,5,,,,,0,1115.677978515625
49035,10,287,16,6,2,10.084490187978368,2.727806419168922,0.5905350201669267,0,1115.677978515625
49035,10,287,16,7,,,,,0,1115.677978515625
49035,10,287,16,8,,,,,0,1115.677978515625
49035,10,287,16,9,,,,,0,1115.677978515625
49035,10,287,16,10,,,,,0,1115.677978515625
49035,10,287,16,11,2,12.3225673442561,2.173293588422603,0.4815389220537701,0,1115.677978515625
49035,10,287,16,12,,,,,0,1115.677978515625
49035,10,287,16,13,,,,,0,1115.677978515625
49035,10,287,16,14,,,,,0,1115.677978515625
49035,10,287,16,15,,,,,0,1115.677978515625
49035,10,287,16,16,2,7.105410501156505,1.833176712149237,0.39033749051054323,1,1115.677978515625
49035,10,287,16,17,,,,,0,1115.677978515625
49035,10,287,16,18,2,35.391256338024625,4.098707528614654,0.37888543819998316,0,1115.677978515625
49035,10,287,16,19,2,41.512772008309625,4.343397551389473,0.3414213562373095,0,1115.677978515625
49035,10,287,16,20,2,32.58771910457452,4.2206912844446896,0.482842712474619,0,1115.677978515625
49035,10,287,16,21,2,24.507317949204623,4.011846350455249,0.3414213562373095,0,1115.677978515625
49035,10,287,16,22,2,35.029319853248026,4.417423025050487,0.4242640687119285,0,1115.677978515625
49035,10,287,16,23,2,25.801210165531227,4.289187660592543,0.4242640687119285,0,1115.677978515625
49035,10,287,16,24,2,43.56400422380022,4.6025654768906925,0.37888543819998316,0,1115.677978515625
49035,10,287,16,25,2,38.628319434369146,4.583078439458975,0.482842712474619,0,1115.677978515625
49035,10,287,16,26,2,28.823536544782577,4.524142488053943,0.4242640687119285,0,1115.677978515625
49035,10,287,16,27,2,19.220963960560685,4.405489406650452,0.482842712474619,0,1115.677978515625
49035,10,287,16,28,2,14.620877329543212,4.288541148314465,0.37888543819998316,0,1115.677978515625
49035,10,287,16,29,2,33.104230422876796,4.706595066533121,0.4242640687119285,0,1115.677978515625
49035,10,287,16,30,2,23.120105287729068,4.686235504210394,0.4242640687119285,0,1115.677978515625
49035,10,287,16,31,2,38.22281890223989,-1.4393356744396197,0.3414213562373095,0,1115.677978515625
49035,10,287,16,32,2,28.277784238836368,-1.4074866484936062,0.482842712474619,0,1115.677978515625
49035,10,287,16,33,2,18.392451660475782,-1.3412614422642102,0.3414213562373095,0,1115.677978515625
49035,10,287,16,34,2,29.309580220690048,-1.2373425826270579,0.4308640753373011,0,1115.677978515625
49035,10,287,16,35,2,10.404326391046167,-0.2579891332783053,0.613407053921902,0,1115.677978515625
49035,10,287,16,36,2,15.676998986332169,-0.4992609623036113,0.682842712474619,0,1115.677978515625
49035,10,287,16,37,2,13.787418015344198,-0.1830743211673036,0.8513997106635237,0,1115.677978515625
49035,10,287,16,38,2,13.580040273954111,0.18407792399333767,0.682842712474619,0,1115.677978515625
49035,10,287,16,39,2,16.88608308640847,-0.2947064925557261,0.848528137423857,0,1115.677978515625
49035,10,287,16,40,2,15.951940330676646,0.005706115704385395,0.848528137423857,0,1115.677978515625
49035,10,287,16,41,2,21.769462318892447,-0.5189198301196869,0.613407053921902,0,1115.677978515625
49035,10,287,16,42,2,20.129250072278964,-0.3710838554468834,0.8513997106635237,0,1115.677978515625
49035,10,287,16,43,2,18.695221496005885,-0.12353507589617596,0.848528137423857,0,1115.677978515625
49035,10,287,16,44,2,18.54281276120477,0.14569744082666403,0.8513997106635237,0,1115.677978515625
49035,10,287,16,45,2,19.22532506658244,0.32776181135505156,0.613407053921902,0,1115.677978515625
49035,10,287,16,46,2,21.669291941731114,-0.2185548012290699,0.848528137423857,0,1115.677978515625
49035,10,287,16,47,2,20.949530103760107,0.01419760811574533,0.848528137423857,0,1115.677978515625
49035,10,287,16,48,2,24.791230702150013,-0.2901631735910948,0.682842712474619,0,1115.677978515625
49035,10,287,16,49,2,23.64169448325571,-0.08882638376372021,0.8513997106635237,0,1115.677978515625
49035,10,287,16,50,2,23.52135872673986,0.12354212265544029,0.682842712474619,0,1115.677978515625
49035,10,287,16,51,2,27.115910567746408,-0.07207788777774748,0.613407053921902,0,1115.677978515625
49035,10,287,16,52,2,35.695172021655395,-1.1434102950014686,0.4308640753373011,0,1115.677978515625
49035,10,287,16,53,2,46.8499148375501,-1.1249203351503796,0.3414213562373095,0,1115.677978515625
49035,10,287,16,54,2,37.8624314711886,-1.0207671753448515,0.482842712474619,0,1115.677978515625
49035,10,287,16,55,2,29.533250981482023,-0.8550859654396172,0.3414213562373095,0,1115.677978515625
49035,10,287,16,56,2,44.706347757929834,-0.9775512182401849,0.4242640687119285,0,1115.677978515625
49035,10,287,16,57,2,36.56920461915618,-0.8336692035775337,0.4242640687119285,0,1115.677978515625
49035,10,287,16,58,2,51.61154272830316,-0.9458523805934378,0.382842712474619,0,1115.677978515625
49035,10,287,16,59,2,43.61651681897832,-0.8191682653196055,0.4242640687119285,0,1115.677978515625
49035,10,287,16,60,2,36.6203459301653,-0.6401462082104732,0.482842712474619,0,1115.677978515625
49035,10,287,16,61,2,33.69531620800363,-0.5246409249894028,0.37888543819998316,0,1115.677978515625
49035,10,287,16,62,2,50.67044851156069,-0.8087030160677198,0.4242640687119285,0,1115.677978515625
49035,10,287,16,63,2,43.659403900963646,-0.6569540592885852,0.4242640687119285,0,1115.677978515625
49035,10,287,16,64,2,57.72857321383604,-0.8007961145313149,0.3414213562373095,0,1115.677978515625
49035,10,287,16,65,2,50.707369897579824,-0.6690922446410827,0.382842712474619,0,1115.677978515625
49035,10,287,16,66,2,44.83175837009675,-0.4991743303166356,0.3414213562373095,0,1115.677978515625
49035,10,288,11,1,2,15.45448129261651,1.0609002450101752,0.4815389220537701,0,1116.14501953125
49035,10,288,11,2,2,13.755645011149403,1.4657121833879085,0.5881104528157366,0,1116.14501953125
49035,10,288,11,3,,,,,0,1116.14501953125
49035,10,288,11,4,2,12.185572234151994,0.6830804997580344,0.6105354806822353,0,1116.14501953125
49035,10,288,11,5,2,10.365171628432922,1.3817439614701275,0.765685424949238,0,1116.14501953125
49035,10,288,11,6,2,9.331236969842694,0.8790486320053925,0.765685424949238,0,1116.14501953125
49035,10,288,11,7,,,,,0,1116.14501953125
49035,10,288,11,8,,,,,0,1116.14501953125
49035,10,288,11,9,2,7.117288535740427,1.2189301226385767,0.7071067811865475,0,1116.14501953125
49035,10,288,11,10,,,,,0,1116.14501953125
49035,10,288,11,11,2,9.396043686137915,0.1701540678906458,0.43533959677349143,1,1116.14501953125
49035,10,288,11,12,,,,,0,1116.14501953125
49035,10,288,11,13,,,,,0,1116.14501953125
49035,10,288,11,14,,,,,0,1116.14501953125
49035,10,288,11,15,,,,,0,1116.14501953125
49035,10,288,11,16,,,,,0,1116.14501953125
49035,10,288,11,17,,,,,0,1116.14501953125
49035,10,288,11,18,2,38.76127081656185,1.901617985324452,0.37888543819998316,0,1116.14501953125
49035,10,288,11,19,2,45.27657827444127,2.118927946725563,0.3414213562373095,0,1116.14501953125
49035,10,288,11,20,2,36.183406987769736,2.0160785922636393,0.482842712474619,0,1116.14501953125
49035,10,288,11,21,2,27.722001050493457,1.8476013856902795,0.3414213562373095,0,1116.14501953125
49035,10,288,11,22,2,38.87681271233317,2.190619364218037,0.4242640687119285,0,1116.14501953125
49035,10,288,11,23,2,29.507235852766797,2.087400432518775,0.4242640687119285,0,1116.14501953125
49035,10,288,11,24,2,47.528296746218324,2.3555549223645604,0.37888543819998316,0,1116.14501953125
49035,10,288,11,25,2,42.58607979254578,2.338707362273457,0.482842712474619,0,1116.14501953125
49035,10,288,11,26,2,32.75430648171401,2.289796707387679,0.4242640687119285,0,1116.14501953125
49035,10,288,11,27,2,23.06761786789067,2.199413722193259,0.482842712474619,0,1116.14501953125
49035,10,288,11,28,2,18.350754605724454,2.1187737260654123,0.37888543819998316,0,1116.14501953125
49035,10,288,11,29,2,37.081157189673824,2.450445800436915,0.4242640687119285,0,1116.14501953125
49035,10,288,11,30,2,27.097649704841103,2.43233478549503,0.4242640687119285,0,1116.14501953125
49035,10,288,11,31,2,42.15661091635029,-3.7081344248620205,0.3414213562373095,0,1116.14501953125
49035,10,288,11,32,2,32.193947334142194,-3.6846993930943164,0.482842712474619,0,1116.14501953125
49035,10,288,11,33,2,22.264784884532293,-3.6403165038482834,0.3414213562373095,0,1116.14501953125
49035,10,288,11,34,2,33.064377672674496,-3.533645108029508,0.4308640753373011,0,1116.14501953125
49035,10,288,11,35,2,11.96745257613404,-2.8413940703896428,0.613407053921902,0,1116.14501953125
49035,10,288,11,36,2,17.849277262985833,-2.9529199610607693,0.682842712474619,0,1116.14501953125
49035,10,288,11,37,2,14.940947068758103,-2.7032200268908673,0.8513997106635237,0,1116.14501953125
49035,10,288,11,38,2,13.336682488982019,-2.3661469027167756,0.682842712474619,0,1116.14501953125
49035,10,288,11,39,2,18.352539661448887,-2.7592641837325154,0.848528137423857,0,1116.14501953125
49035,10,288,11,40,2,16.32332418735665,-2.4944714060281523,0.848528137423857,0,1116.14501953125
49035,10,288,11,41,2,23.914532911774288,-2.919995713832293,0.613407053921902,0,1116.14501953125
49035,10,288,11,42,2,21.803658517291943,-2.7976577473048536,0.8513997106635237,0,1116.14501953125
49035,10,288,11,43,2,19.494479352862076,-2.582133036414909,0.848528137423857,0,1116.14501953125
49035,10,288,11,44,2,18.29398605388268,-2.3244003959587953,0.8513997106635237,0,1116.14501953125
49035,10,288,11,45,2,18.239094442707284,-2.132522365256551,0.613407053921902,0,1116.14501953125
49035,10,288,11,46,2,22.773197798130784,-2.6449277691040427,0.848528137423857,0,1116.14501953125
49035,10,288,11,47,2,21.172003647583217,-2.4287917721530254,0.848528137423857,0,1116.14501953125
49035,10,288,11,48,2,26.11900363081279,-2.6917823128266107,0.682842712474619,0,1116.14501953125
49035,10,288,11,49,2,24.224730156740655,-2.507564189421009,0.8513997106635237,0,1116.14501953125
49035,10,288,11,50,2,23.269567070905904,-2.300478537414773,0.682842712474619,0,1116.14501953125
49035,10,288,11,51,2,27.59256293489813,-2.470711361588963,0.613407053921902,0,1116.14501953125
49035,10,288,11,52,2,39.311839136683766,-3.4417486130110317,0.4308640753373011,0,1116.14501953125
49035,10,288,11,53,2,50.42770192300319,-3.414818693368571,0.3414213562373095,0,1116.14501953125
49035,10,288,11,54,2,41.258011612730876,-3.3273248690385193,0.482842712474619,0,1116.14501953125
49035,10,288,11,55,2,32.58057585797422,-3.1916602535904346,0.3414213562373095,0,1116.14501953125
49035,10,288,11,56,2,48.00407428191364,-3.279703498807647,0.4242640687119285,0,1116.14501953125
49035,10,288,11,57,2,39.54316058011118,-3.1572828794235237,0.4242640687119285,0,1116.14501953125
49035,10,288,11,58,2,54.83209619457137,-3.243877023717345,0.382842712474619,0,1116.14501953125
49035,10,288,11,59,2,46.53846982971942,-3.133218441094039,0.4242640687119285,0,1116.14501953125
49035,10,288,11,60,2,39.052523287140886,-2.9775359041726785,0.482842712474619,0,1116.14501953125
49035,10,288,11,61,2,35.77338082419901,-2.8765070776786823,0.37888543819998316,0,1116.14501953125
49035,10,288,11,62,2,53.55368147493645,-3.115450434323363,0.4242640687119285,0,1116.14501953125
49035,10,288,11,63,2,46.12230697308979,-2.9807110356080164,0.4242640687119285,0,1116.14501953125
49035,10,288,11,64,2,60.5818819858396,-3.1018015019159604,0.3414213562373095,0,1116.14501953125
49035,10,288,11,65,2,53.19243203640132,-2.9830421341031688,0.382842712474619,0,1116.14501953125
49035,10,288,11,66,2,46.783599978498344,-2.8290089206701703,0.3414213562373095,0,1116.14501953125
49035,10,289,10,1,2,12.517753792850158,1.375213854707924,0.4815389220537701,0,1116.64404296875
49035,10,289,10,2,2,13.811174615143415,1.8328313683263535,0.5881104528157366,0,1116.64404296875
49035,10,289,10,3,,,,,0,1116.64404296875
49035,10,289,10,4,2,7.176360780522954,1.0623875540314227,0.6466890965784271,0,1116.64404296875
49035,10,289,10,5,2,10.436584502653949,1.9206982573853164,0.765685424949238,0,1116.64404296875
49035,10,289,10,6,2,6.268819743951778,1.57752305851605,0.848528137423857,0,1116.64404296875
49035,10,289,10,7,,,,,0,1116.64404296875
49035,10,289,10,8,,,,,0,1116.64404296875
49035,10,289,10,9,2,7.217759202972295,2.0894144764163407,0.848528137423857,0,1116.64404296875
49035,10,289,10,10,2,2.733469007180133,1.5862169547791112,0.765685424949238,1,1116.64404296875
49035,10,289,10,11,,,,,0,1116.64404296875
49035,10,289,10,12,,,,,0,1116.64404296875
49035,10,289,10,13,2,4.50219943395958,-3.7939540392472364,0.765685424949238,0,1116.64404296875
49035,10,289,10,14,,,,,0,1116.64404296875
49035,10,289,10,15,,,,,0,1116.64404296875
49035,10,289,10,16,,,,,0,1116.64404296875
49035,10,289,10,17,,,,,0,1116.64404296875
49035,10,289,10,18,2,40.643894033697045,1.9272935286452735,0.37888543819998316,0,1116.64404296875
49035,10,289,10,19,2,48.447355048352584,2.107972464923655,0.3414213562373095,0,1116.64404296875
49035,10,289,10,20,2,38.83166003383554,2.0446607056666264,0.482842712474619,0,1116.64404296875
49035,10,289,10,21,2,29.47285922311621,1.9404702224810837,0.3414213562373095,0,1116.64404296875
49035,10,289,10,22,2,42.526388452856466,2.1931595288902828,0.4242640687119285,0,1116.64404296875
49035,10,289,10,23,2,32.69931688346852,2.1434993221314738,0.4242640687119285,0,1116.64404296875
49035,10,289,10,24,2,51.997248040660615,2.319596645013164,0.37888543819998316,0,1116.64404296875
49035,10,289,10,25,2,47.000953274408246,2.31570364779014,0.482842712474619,0,1116.64404296875
49035,10,289,10,26,2,37.011366071861666,2.3047649179164638,0.4242640687119285,0,1116.64404296875
49035,10,289,10,27,2,27.029480725822292,2.285743039940663,0.482842712474619,0,1116.64404296875
49035,10,289,10,28,2,22.04469626029631,2.2697751821381447,0.37888543819998316,0,1116.64404296875
49035,10,289,10,29,2,42.07656250652156,-3.853311074800604,0.4242640687119285,0,1116.64404296875
49035,10,289,10,30,2,32.11212733793048,-3.8303868987125784,0.4242640687119285,0,1116.64404296875
49035,10,289,10,31,2,47.6553565323467,-3.756246297879122,0.3414213562373095,0,1116.64404296875
49035,10,289,10,32,2,37.838929900663494,-3.7113274366199653,0.482842712474619,0,1116.64404296875
49035,10,289,10,33,2,28.152019924502248,-3.635241577196959,0.3414213562373095,0,1116.64404296875
49035,10,289,10,34,2,39.21423612399344,-3.5864519767208747,0.4308640753373011,0,1116.64404296875
49035,10,289,10,35,2,18.87264816930107,-3.0427095338256844,0.613407053921902,0,1116.64404296875
49035,10,289,10,36,2,24.803855207483178,-3.1092324637101085,0.682842712474619,0,1116.64404296875
49035,10,289,10,37,2,21.693479159759356,-2.9402659135692577,0.8513997106635237,0,1116.64404296875
49035,10,289,10,38,2,19.390277021126764,-2.723457976840103,0.682842712474619,0,1116.64404296875
49035,10,289,10,39,2,25.167538317937357,-2.968360593592945,0.848528137423857,0,1116.64404296875
49035,10,289,10,40,2,22.666733110132306,-2.7868359477796423,0.848528137423857,0,1116.64404296875
49035,10,289,10,41,2,30.857573924143654,-3.081174989282222,0.613407053921902,0,1116.64404296875
49035,10,289,10,42,2,28.656638531320745,-2.9896274675613346,0.8513997106635237,0,1116.64404296875
49035,10,289,10,43,2,26.011127173113813,-2.834067680198836,0.848528137423857,0,1116.64404296875
49035,10,289,10,44,2,24.123733992005114,-2.6489670523740867,0.8513997106635237,0,1116.64404296875
49035,10,289,10,45,2,23.355247914501124,-2.504987995752834,0.613407053921902,0,1116.64404296875
49035,10,289,10,46,2,29.400283735804855,-2.8704764289192672,0.848528137423857,0,1116.64404296875
49035,10,289,10,47,2,27.290153694088175,-2.710275998492731,0.848528137423857,0,1116.64404296875
49035,10,289,10,48,2,32.82033867399548,-2.899329109775713,0.682842712474619,0,1116.64404296875
49035,10,289,10,49,2,30.537688772677054,-2.7586965610086835,0.8513997106635237,0,1116.64404296875
49035,10,289,10,50,2,28.946955634021503,-2.599094359790009,0.682842712474619,0,1116.64404296875
49035,10,289,10,51,2,33.78580507712635,-2.7181049857525896,0.613407053921902,0,1116.64404296875
49035,10,289,10,52,2,45.69849241110887,-3.519815533388924,0.4308640753373011,0,1116.64404296875
49035,10,289,10,53,2,56.864508242021365,-3.508716963619801,0.3414213562373095,0,1116.64404296875
49035,10,289,10,54,2,47.89910132151919,-3.4238161241613057,0.482842712474619,0,1116.64404296875
49035,10,289,10,55,2,39.434445821025655,-3.301229259861085,0.3414213562373095,0,1116.64404296875
49035,10,289,10,56,2,54.72586044338659,-3.387824092108428,0.4242640687119285,0,1116.64404296875
49035,10,289,10,57,2,46.42920859837341,-3.277016941002594,0.4242640687119285,0,1116.64404296875
49035,10,289,10,58,2,61.607756777283235,-3.359843220542929,0.382842712474619,0,1116.64404296875
49035,10,289,10,59,2,53.444057713941724,-3.259152338024041,0.4242640687119285,0,1116.64404296875
49035,10,289,10,60,2,46.01107382721447,-3.1241475625711,0.482842712474619,0,1116.64404296875
49035,10,289,10,61,2,42.68951533613966,-3.0397961412461925,0.37888543819998316,0,1116.64404296875
49035,10,289,10,62,2,60.47200342961193,-3.245436548588956,0.4242640687119285,0,1116.64404296875
49035,10,289,10,63,2,53.081209562266416,-3.1264706606561354,0.4242640687119285,0,1116.64404296875
49035,10,289,10,64,2,67.50895564775729,-3.234578450494184,0.3414213562373095,0,1116.64404296875
49035,10,289,10,65,2,60.15156442232494,-3.1282476418308662,0.382842712474619,0,1116.64404296875
49035,10,289,10,66,2,53.65596250423016,-2.9943160644626885,0.3414213562373095,0,1116.64404296875
49035,10,290,13,1,2,11.633951938190512,0.6929656317783799,0.4815389220537701,0,1116.844970703125
49035,10,290,13,2,2,13.332808959354196,1.1681034172351108,0.5881104528157366,0,1116.844970703125
49035,10,290,13,3,,,,,0,1116.844970703125
49035,10,290,13,4,2,6.122628577363041,0.3810220922441574,0.5881104528157366,0,1116.844970703125
49035,10,290,13,5,2,10.064032057248282,1.2844753477944226,0.765685424949238,0,1116.844970703125
49035,10,290,13,6,2,5.580872174147568,0.9879857359210726,0.765685424949238,0,1116.844970703125
49035,10,290,13,7,,,,,0,1116.844970703125
49035,10,290,13,8,,,,,0,1116.844970703125
49035,10,290,13,9,2,7.057314485837133,1.5056298122251115,0.848528137423857,0,1116.844970703125
49035,10,290,13,10,,,,,0,1116.844970703125
49035,10,290,13,11,,,,,0,1116.844970703125
49035,10,290,13,12,,,,,0,1116.844970703125
49035,10,290,13,13,2,4.829765445101054,-4.302841951384821,0.6242640687119285,1,1116.844970703125
49035,10,290,13,14,,,,,0,1116.844970703125
49035,10,290,13,15,,,,,0,1116.844970703125
49035,10,290,13,16,,,,,0,1116.844970703125
49035,10,290,13,17,,,,,0,1116.844970703125
49035,10,290,13,18,2,40.237989882837496,1.2136192352842947,0.37888543819998316,0,1116.844970703125
49035,10,290,13,19,2,48.23436061452607,1.3912204807627164,0.3414213562373095,0,1116.844970703125
49035,10,290,13,20,2,38.55225453643211,1.3332062353023342,0.482842712474619,0,1116.844970703125
49035,10,290,13,21,2,29.086063944637772,1.2369045113209487,0.3414213562373095,0,1116.844970703125
49035,10,290,13,22,2,42.409850705909285,1.4798967266099057,0.4242640687119285,0,1116.844970703125
49035,10,290,13,23,2,32.53180325231329,1.4379762069134099,0.4242640687119285,0,1116.844970703125
49035,10,290,13,24,2,52.01973809025114,1.601625358301963,0.37888543819998316,0,1116.844970703125
49035,10,290,13,25,2,47.02036307764093,1.6000269231123792,0.482842712474619,0,1116.844970703125
49035,10,290,13,26,2,37.022119468000284,1.5955349909739582,0.4242640687119285,0,1116.844970703125
49035,10,290,13,27,2,27.025175593372055,1.5877195479533737,0.482842712474619,0,1116.844970703125
49035,10,290,13,28,2,22.02774407031837,1.5811518440879824,0.37888543819998316,0,1116.844970703125
49035,10,290,13,29,2,42.22506882124113,-4.566466249105957,0.4242640687119285,0,1116.844970703125
49035,10,290,13,30,2,32.290543862069846,-4.535525181452394,0.4242640687119285,0,1116.844970703125
49035,10,290,13,31,2,47.90903405428055,-4.472912847769422,0.3414213562373095,0,1116.844970703125
49035,10,290,13,32,2,38.144440354577505,-4.4224496535006885,0.482842712474619,0,1116.844970703125
49035,10,290,13,33,2,28.54331998758427,-4.337683291887142,0.3414213562373095,0,1116.844970703125
49035,10,290,13,34,2,39.6507103340462,-4.299778643405975,0.4308640753373011,0,1116.844970703125
49035,10,290,13,35,2,19.783577656173847,-3.7483440215062784,0.613407053921902,0,1116.844970703125
49035,10,290,13,36,2,25.667195053693927,-3.820368729151534,0.682842712474619,0,1116.844970703125
49035,10,290,13,37,2,22.66420735210529,-3.6544270891690713,0.8513997106635237,0,1116.844970703125
49035,10,290,13,38,2,20.45794925876191,-3.4456727097419937,0.682842712474619,0,1116.844970703125
49035,10,290,13,39,2,26.12136765996481,-3.6848538478964996,0.848528137423857,0,1116.844970703125
49035,10,290,13,40,2,23.710488004296938,-3.5086136374045926,0.848528137423857,0,1116.844970703125
49035,10,290,13,41,2,31.738500702970992,-3.7985092770427342,0.613407053921902,0,1116.844970703125
49035,10,290,13,42,2,29.597050561751715,-3.7081519244653864,0.8513997106635237,0,1116.844970703125
49035,10,290,13,43,2,27.03417827361766,-3.556230349775611,0.848528137423857,0,1116.844970703125
49035,10,290,13,44,2,25.21325421092237,-3.377631614815668,0.8513997106635237,0,1116.844970703125
49035,10,290,13,45,2,24.471639973385354,-3.2398184102441707,0.613407053921902,0,1116.844970703125
49035,10,290,13,46,2,30.405695987060927,-3.593356557914966,0.848528137423857,0,1116.844970703125
49035,10,290,13,47,2,28.36137763636362,-3.4378154977409876,0.848528137423857,0,1116.844970703125
49035,10,290,13,48,2,33.8107364898401,-3.623039239921628,0.682842712474619,0,1116.844970703125
49035,10,290,13,49,2,31.59156999834384,-3.4858377611706874,0.8513997106635237,0,1116.844970703125
49035,10,290,13,50,2,30.048106228764436,-3.331325712814234,0.682842712474619,0,1116.844970703125
49035,10,290,13,51,2,34.85403341051966,-3.4476405199753657,0.613407053921902,0,1116.844970703125
49035,10,290,13,52,2,46.20062702009684,-4.237518973429547,0.4308640753373011,0,1116.844970703125
49035,10,290,13,53,2,57.3755666737237,-4.2307704348956845,0.3414213562373095,0,1116.844970703125
49035,10,290,13,54,2,48.49410724078359,-4.143619284901779,0.482842712474619,0,1116.844970703125
49035,10,290,13,55,2,40.14226230583333,-4.018888096769144,0.3414213562373095,0,1116.844970703125
49035,10,290,13,56,2,55.35338782889701,-4.1104654194342505,0.4242640687119285,0,1116.844970703125
49035,10,290,13,57,2,47.15633923541978,-3.9982950760098297,0.4242640687119285,0,1116.844970703125
49035,10,290,13,58,2,62.260072688617605,-4.084643875035018,0.382842712474619,0,1116.844970703125
49035,10,290,13,59,2,54.18523264821934,-3.9830395527179276,0.4242640687119285,0,1116.844970703125
49035,10,290,13,60,2,46.85896096896902,-3.8478618345277487,0.482842712474619,0,1116.844970703125
49035,10,290,13,61,2,43.59614221540956,-3.7640136718210226,0.37888543819998316,0,1116.844970703125
49035,10,290,13,62,2,61.22383967211889,-3.9712895010248794,0.4242640687119285,0,1116.844970703125
49035,10,290,13,63,2,53.926629137625746,-3.8522232186931102,0.4242640687119285,0,1116.844970703125
49035,10,290,13,64,2,68.2691559289624,-3.9619635637909028,0.3414213562373095,0,1116.844970703125
49035,10,290,13,65,2,60.995085352860116,-3.8555738110183024,0.382842712474619,0,1116.844970703125
49035,10,290,13,66,2,54.59050488090761,-3.7223835621326278,0.3414213562373095,0,1116.844970703125
49035,10,291,9,1,2,8.755845508278377,4.939460422569018,0.4815389220537701,0,1117.1610107421875
49035,10,291,9,2,2,9.903553514456485,5.594853040317904,0.5881104528157366,0,1117.1610107421875
49035,10,291,9,3,,,,,0,1117.1610107421875
49035,10,291,9,4,2,4.474366439889611,4.229740643296723,0.5881104528157366,0,1117.1610107421875
49035,10,291,9,5,2,6.661547876166968,5.768723209151375,0.765685424949238,0,1117.1610107421875
49035,10,291,9,6,2,2.3121443550994285,5.129470216068318,0.765685424949238,0,1117.1610107421875
49035,10,291,9,7,,,,,0,1117.1610107421875
49035,10,291,9,8,,,,,0,1117.1610107421875
49035,10,291,9,9,2,3.9587962816020066,-0.06689292708011019,0.7071067811865475,1,1117.1610107421875
49035,10,291,9,10,,,,,0,1117.1610107421875
49035,10,291,9,11,,,,,0,1117.1610107421875
49035,10,291,9,12,,,,,0,1117.1610107421875
49035,10,291,9,13,,,,,0,1117.1610107421875
49035,10,291,9,14,,,,,0,1117.1610107421875
49035,10,291,9,15,,,,,0,1117.1610107421875
49035,10,291,9,16,,,,,0,1117.1610107421875
49035,10,291,9,17,,,,,0,1117.1610107421875
49035,10,291,9,18,2,36.81015629422942,5.648135575178729,0.37888543819998316,0,1117.1610107421875
49035,10,291,9,19,2,44.88507466802367,5.838662881322088,0.3414213562373095,0,1117.1610107421875
49035,10,291,9,20,2,35.165459058268624,5.779468508271966,0.482842712474619,0,1117.1610107421875
49035,10,291,9,21,2,25.662211393476476,5.675808150107573,0.3414213562373095,0,1117.1610107421875
49035,10,291,9,22,2,39.144113526040954,5.937187248339982,0.4242640687119285,0,1117.1610107421875
49035,10,291,9,23,2,29.226720763101174,5.899262034042712,0.4242640687119285,0,1117.1610107421875
49035,10,291,9,24,2,48.90750397728394,-0.22141352881519172,0.37888543819998316,0,1117.1610107421875
49035,10,291,9,25,2,43.90801449280527,-0.219871708429916,0.482842712474619,0,1117.1610107421875
49035,10,291,9,26,2,33.909487161045426,-0.21542417402818792,0.4242640687119285,0,1117.1610107421875
49035,10,291,9,27,2,23.912191500358386,-0.20725746409246115,0.482842712474619,0,1117.1610107421875
49035,10,291,9,28,2,18.914615876674983,-0.1999369786374916,0.37888543819998316,0,1117.1610107421875
49035,10,291,9,29,2,39.31291686565524,-0.09042216856317475,0.4242640687119285,0,1117.1610107421875
49035,10,291,9,30,2,29.452419515391725,-0.04150047588628514,0.4242640687119285,0,1117.1610107421875
49035,10,291,9,31,2,45.17917158876129,0.003291773812527765,0.3414213562373095,0,1117.1610107421875
49035,10,291,9,32,2,35.54007777525877,0.06974399138027332,0.482842712474619,0,1117.1610107421875
49035,10,291,9,33,2,26.173205976650046,0.1846193133890095,0.3414213562373095,0,1117.1610107421875
49035,10,291,9,34,2,37.34593729771167,0.1978101707666382,0.4308640753373011,0,1117.1610107421875
49035,10,291,9,35,2,19.33402599093965,0.8573017103083442,0.613407053921902,0,1117.1610107421875
49035,10,291,9,36,2,24.904218571703762,0.7435560449115188,0.682842712474619,0,1117.1610107421875
49035,10,291,9,37,2,22.498664273230712,0.9289983069114032,0.8513997106635237,0,1117.1610107421875
49035,10,291,9,38,2,21.027593430820886,1.1491458030714168,0.682842712474619,0,1117.1610107421875
49035,10,291,9,39,2,25.8169702048857,0.878364539579632,0.848528137423857,0,1117.1610107421875
49035,10,291,9,40,2,24.030933023341174,1.0661356568783926,0.848528137423857,0,1117.1610107421875
49035,10,291,9,41,2,31.006663042831875,0.7399266997717757,0.613407053921902,0,1117.1610107421875
49035,10,291,9,42,2,29.186332538370824,0.8393396123266013,0.8513997106635237,0,1117.1610107421875
49035,10,291,9,43,2,27.162691296201064,1.001904204700433,0.848528137423857,0,1117.1610107421875
49035,10,291,9,44,2,25.957303208636112,1.1849071861794918,0.8513997106635237,0,1117.1610107421875
49035,10,291,9,45,2,25.665354933328274,1.3201391759451835,0.613407053921902,0,1117.1610107421875
49035,10,291,9,46,2,30.38318375241681,0.9511147959521249,0.848528137423857,0,1117.1610107421875
49035,10,291,9,47,2,28.880921840299322,1.1122809466890462,0.848528137423857,0,1117.1610107421875
49035,10,291,9,48,2,33.66695577882759,0.9101437656706275,0.682842712474619,0,1117.1610107421875
49035,10,291,9,49,2,31.928571888292876,1.0532548593743518,0.8513997106635237,0,1117.1610107421875
49035,10,291,9,50,2,30.909601974762463,1.2092326273396672,0.682842712474619,0,1117.1610107421875
49035,10,291,9,51,2,35.30324398532101,1.0809030464572824,0.613407053921902,0,1117.1610107421875
49035,10,291,9,52,2,44.049644103050674,0.2532793287846493,0.4308640753373011,0,1117.1610107421875
49035,10,291,9,53,2,55.22728915268148,0.24830270244930608,0.3414213562373095,0,1117.1610107421875
49035,10,291,9,54,2,46.60464622737304,0.3481722214624323,0.482842712474619,0,1117.1610107421875
49035,10,291,9,55,2,38.65142471893246,0.49112055218677764,0.3414213562373095,0,1117.1610107421875
49035,10,291,9,56,2,53.55039834529162,0.3747026493837282,0.4242640687119285,0,1117.1610107421875
49035,10,291,9,57,2,45.7119759555865,0.5002919788593578,0.4242640687119285,0,1117.1610107421875
49035,10,291,9,58,2,60.52517885888671,0.39513021645386903,0.382842712474619,0,1117.1610107421875
49035,10,291,9,59,2,52.77534328381895,0.5070088731789211,0.4242640687119285,0,1117.1610107421875
49035,10,291,9,60,2,45.90399156445593,0.6547521122160269,0.482842712474619,0,1117.1610107421875
49035,10,291,9,61,2,42.931878982429765,0.7453549943257474,0.37888543819998316,0,1117.1610107421875
49035,10,291,9,62,2,59.8405295070636,0.5121398697230539,0.4242640687119285,0,1117.1610107421875
49035,10,291,9,63,2,52.94174680259857,0.6408452667776121,0.4242640687119285,0,1117.1610107421875
49035,10,291,9,64,2,66.90695841724211,0.5161871267123539,0.3414213562373095,0,1117.1610107421875
49035,10,291,9,65,2,59.987337559448925,0.6302035011382623,0.382842712474619,0,1117.1610107421875
49035,10,291,9,66,2,54.04091274484526,0.7715291970487401,0.3414213562373095,0,1117.1610107421875
49035,10,292,5,1,2,10.821421792923262,4.6949347223412055,0.4815389220537701,0,1117.4449462890625
49035,10,292,5,2,2,10.225795740434023,5.280696662447513,0.5731802029851623,0,1117.4449462890625
49035,10,292,5,3,,,,,0,1117.4449462890625
49035,10,292,5,4,2,7.512236479634911,4.118193263083782,0.5731802029851623,0,1117.4449462890625
49035,10,292,5,5,2,6.691901581153428,5.293712144344182,0.6366888663207728,1,1117.4449462890625
49035,10,292,5,6,2,4.551367483766083,4.450152033793614,0.6366888663207728,0,1117.4449462890625
49035,10,292,5,7,,,,,0,1117.4449462890625
49035,10,292,5,8,,,,,0,1117.4449462890625
49035,10,292,5,9,,,,,0,1117.4449462890625
49035,10,292,5,10,,,,,0,1117.4449462890625
49035,10,292,5,11,,,,,0,1117.4449462890625
49035,10,292,5,12,,,,,0,1117.4449462890625
49035,10,292,5,13,,,,,0,1117.4449462890625
49035,10,292,5,14,,,,,0,1117.4449462890625
49035,10,292,5,15,,,,,0,1117.4449462890625
49035,10,292,5,16,,,,,0,1117.4449462890625
49035,10,292,5,17,,,,,0,1117.4449462890625
49035,10,292,5,18,2,36.6184121438478,5.557118362875109,0.37888543819998316,0,1117.4449462890625
49035,10,292,5,19,2,44.085566876574376,5.764592896118256,0.3414213562373095,0,1117.4449462890625
49035,10,292,5,20,2,34.57461504094862,5.6854519026727885,0.482842712474619,0,1117.4449462890625
49035,10,292,5,21,2,25.44151732170606,5.548025764401522,0.3414213562373095,0,1117.4449462890625
49035,10,292,5,22,2,38.06529263413644,5.855163327359311,0.4242640687119285,0,1117.4449462890625
49035,10,292,5,23,2,28.29899824593303,5.789665828796959,0.4242640687119285,0,1117.4449462890625
49035,10,292,5,24,2,47.450981045860935,5.998233319366416,0.37888543819998316,0,1117.4449462890625
49035,10,292,5,25,2,42.45620097718463,5.993144391193635,0.482842712474619,0,1117.4449462890625
49035,10,292,5,26,2,32.471461313220445,5.97827086929589,0.4242640687119285,0,1117.4449462890625
49035,10,292,5,27,2,22.50027995863276,5.950203090993838,0.482842712474619,0,1117.4449462890625
49035,10,292,5,28,2,17.527007657249726,5.924203650372355,0.37888543819998316,0,1117.4449462890625
49035,10,292,5,29,2,37.522770392238144,-0.1630382278126299,0.4242640687119285,0,1117.4449462890625
49035,10,292,5,30,2,27.564925109811245,-0.13451696295883098,0.4242640687119285,0,1117.4449462890625
49035,10,292,5,31,2,43.14534500964472,-0.05641724789939362,0.3414213562373095,0,1117.4449462890625
49035,10,292,5,32,2,33.36746311007407,-0.001170269448674155,0.482842712474619,0,1117.4449462890625
49035,10,292,5,33,2,23.775079238627843,0.09920554300880058,0.3414213562373095,0,1117.4449462890625
49035,10,292,5,34,2,34.89818751303919,0.13843112713594463,0.4308640753373011,0,1117.4449462890625
49035,10,292,5,35,2,16.237279848711395,0.8554031383266061,0.613407053921902,0,1117.4449462890625
49035,10,292,5,36,2,21.820013423233572,0.7242770792537838,0.682842712474619,0,1117.4449462890625
49035,10,292,5,37,2,19.417682276485337,0.937716498115901,0.8513997106635237,0,1117.4449462890625
49035,10,292,5,38,2,18.11021215201446,1.195784982091973,0.682842712474619,0,1117.4449462890625
49035,10,292,5,39,2,22.722843880924287,0.8779442108030238,0.848528137423857,0,1117.4449462890625
49035,10,292,5,40,2,21.030003167790962,1.0935813443469695,0.848528137423857,0,1117.4449462890625
49035,10,292,5,41,2,27.923207259247217,0.7229800438938501,0.613407053921902,0,1117.4449462890625
49035,10,292,5,42,2,26.088481808706003,0.8334674632577328,0.8513997106635237,0,1117.4449462890625
49035,10,292,5,43,2,24.115187792833453,1.016886043967492,0.848528137423857,0,1117.4449462890625
49035,10,292,5,44,2,23.075434589278334,1.2245835813394867,0.8513997106635237,0,1117.4449462890625
49035,10,292,5,45,2,22.975618836592208,1.376673863990081,0.613407053921902,0,1117.4449462890625
49035,10,292,5,46,2,27.309769887898163,0.9578501015464242,0.848528137423857,0,1117.4449462890625
49035,10,292,5,47,2,25.918274065423198,1.1386067164116047,0.848528137423857,0,1117.4449462890625
49035,10,292,5,48,2,30.579482997203776,0.9113041899848215,0.682842712474619,0,1117.4449462890625
49035,10,292,5,49,2,28.914324816199915,1.0700225635004637,0.8513997106635237,0,1117.4449462890625
49035,10,292,5,50,2,28.053013720047154,1.2431736228847012,0.682842712474619,0,1117.4449462890625
49035,10,292,5,51,2,32.3099877388073,1.0977746958717867,0.613407053921902,0,1117.4449462890625
49035,10,292,5,52,2,41.49031199916308,0.20567073673156955,0.4308640753373011,0,1117.4449462890625
49035,10,292,5,53,2,52.66948916289304,0.20911992417662617,0.3414213562373095,0,1117.4449462890625
49035,10,292,5,54,2,43.885554423762116,0.3085712023243259,0.482842712474619,0,1117.4449462890625
49035,10,292,5,55,2,35.746449970337835,0.45539004633851476,0.3414213562373095,0,1117.4449462890625
49035,10,292,5,56,2,50.788821458797784,0.34100790748312315,0.4242640687119285,0,1117.4449462890625
49035,10,292,5,57,2,42.79452282213831,0.4699585098283676,0.4242640687119285,0,1117.4449462890625
49035,10,292,5,58,2,57.732719347578715,0.365662858777668,0.382842712474619,0,1117.4449462890625
49035,10,292,5,59,2,49.84910913614373,0.48040527429931323,0.4242640687119285,0,1117.4449462890625
49035,10,292,5,60,2,42.85791035582635,0.6352507530296334,0.482842712474619,0,1117.4449462890625
49035,10,292,5,61,2,39.846378496276,0.7318727761875579,0.37888543819998316,0,1117.4449462890625
49035,10,292,5,62,2,56.907786635572286,0.4882611547278679,0.4242640687119285,0,1117.4449462890625
49035,10,292,5,63,2,49.90353672998236,0.6222921195045488,0.4242640687119285,0,1117.4449462890625
49035,10,292,5,64,2,63.96920100995847,0.4943829610450927,0.3414213562373095,0,1117.4449462890625
49035,10,292,5,65,2,56.95546923916394,0.6125411119425581,0.382842712474619,0,1117.4449462890625
49035,10,292,5,66,2,50.94891828738103,0.7610960769000412,0.3414213562373095,0,1117.4449462890625
49035,10,293,2,1,2,8.34031537930155,-0.919516081017075,0.4815389220537701,0,1117.760986328125
49035,10,293,2,2,2,6.282873370319416,-0.10326830564259026,0.4168285969172784,1,1117.760986328125
49035,10,293,2,3,,,,,0,1117.760986328125
49035,10,293,2,4,2,7.623260486734116,-1.6992406127991193,0.5466890965784271,0,1117.760986328125
49035,10,293,2,5,,,,,0,1117.760986328125
49035,10,293,2,6,2,4.124778625095893,-1.7903130905683111,0.5781102225580823,0,1117.760986328125
49035,10,293,2,7,,,,,0,1117.760986328125
49035,10,293,2,8,,,,,0,1117.760986328125
49035,10,293,2,9,,,,,0,1117.760986328125
49035,10,293,2,10,,,,,0,1117.760986328125
49035,10,293,2,11,,,,,0,1117.760986328125
49035,10,293,2,12,2,3.132601988912818,-4.47336335450834,0.362193366802251,0,1117.760986328125
49035,10,293,2,13,,,,,0,1117.760986328125
49035,10,293,2,14,,,,,0,1117.760986328125
49035,10,293,2,15,,,,,0,1117.760986328125
49035,10,293,2,16,,,,,0,1117.760986328125
49035,10,293,2,17,,,,,0,1117.760986328125
49035,10,293,2,18,2,32.61344960968893,0.292642537853427,0.37888543819998316,0,1117.760986328125
49035,10,293,2,19,2,40.27550981214322,0.5177717902828283,0.3414213562373095,0,1117.760986328125
49035,10,293,2,20,2,30.671750737269267,0.4384534918577154,0.482842712474619,0,1117.760986328125
49035,10,293,2,21,2,21.433522714437554,0.2890078716513895,0.3414213562373095,0,1117.760986328125
49035,10,293,2,22,2,34.40284421096707,0.6236279593191449,0.4242640687119285,0,1117.760986328125
49035,10,293,2,23,2,24.539667733390427,0.5668824509737962,0.4242640687119285,0,1117.760986328125
49035,10,293,2,24,2,44.06852941712937,-5.515118312948003,0.37888543819998316,0,1117.760986328125
49035,10,293,2,25,2,39.06859462943302,-5.514502873700812,0.482842712474619,0,1117.760986328125
49035,10,293,2,26,2,29.06879235503422,-5.512636850766967,0.4242640687119285,0,1117.760986328125
49035,10,293,2,27,2,19.06919745666368,-5.508813772789008,0.482842712474619,0,1117.760986328125
49035,10,293,2,28,2,14.069615949690846,-5.504864401374849,0.37888543819998316,0,1117.760986328125
49035,10,293,2,29,2,34.464388656916405,-5.368118541914872,0.4242640687119285,0,1117.760986328125
49035,10,293,2,30,2,24.625874363281422,-5.3066703900141405,0.4242640687119285,0,1117.760986328125
49035,10,293,2,31,2,40.380607746910904,-5.264259272928592,0.3414213562373095,0,1117.760986328125
49035,10,293,2,32,2,30.809626493533052,-5.1820847874989155,0.482842712474619,0,1117.760986328125
49035,10,293,2,33,2,21.63036493756281,-5.028243983053478,0.3414213562373095,0,1117.760986328125
49035,10,293,2,34,2,32.807808255299115,-5.037796932636436,0.4308640753373011,0,1117.760986328125
49035,10,293,2,35,2,17.199914201034332,-4.187907318070472,0.613407053921902,0,1117.760986328125
49035,10,293,2,36,2,22.152893393058104,-4.370859185229033,0.682842712474619,0,1117.760986328125
49035,10,293,2,37,2,20.617237618428998,-4.147745708615483,0.8513997106635237,0,1117.760986328125
49035,10,293,2,38,2,20.233395373622546,-3.9030530904698746,0.682842712474619,0,1117.760986328125
49035,10,293,2,39,2,23.64255031235442,-4.230639336297692,0.848528137423857,0,1117.760986328125
49035,10,293,2,40,2,22.76598310204891,-4.018061007461678,0.848528137423857,0,1117.760986328125
49035,10,293,2,41,2,28.170836384428842,-4.411573882359619,0.613407053921902,0,1117.760986328125
49035,10,293,2,42,2,26.79309395216716,-4.294395994325963,0.8513997106635237,0,1117.760986328125
49035,10,293,2,43,2,25.53800471572168,-4.109105122119357,0.848528137423857,0,1117.760986328125
49035,10,293,2,44,2,25.229139624465777,-3.912181844022085,0.8513997106635237,0,1117.760986328125
49035,10,293,2,45,2,25.59850282970052,-3.775119679398739,0.613407053921902,0,1117.760986328125
49035,10,293,2,46,2,28.479631021445293,-4.181847393297468,0.848528137423857,0,1117.760986328125
49035,10,293,2,47,2,27.756245863737327,-4.005653470620104,0.848528137423857,0,1117.760986328125
49035,10,293,2,48,2,31.54344751886064,-4.240722609476853,0.682842712474619,0,1117.760986328125
49035,10,293,2,49,2,30.484567943562556,-4.082975358325871,0.8513997106635237,0,1117.760986328125
49035,10,293,2,50,2,30.226291271610684,-3.9182925594373392,0.682842712474619,0,1117.760986328125
49035,10,293,2,51,2,33.9564768666819,-4.069220309498257,0.613407053921902,0,1117.760986328125
49035,10,293,2,52,2,39.61251922096555,-4.98446255270842,0.4308640753373011,0,1117.760986328125
49035,10,293,2,53,2,50.77037792074914,-5.000264724861533,0.3414213562373095,0,1117.760986328125
49035,10,293,2,54,2,42.38243594788794,-4.882826807890929,0.482842712474619,0,1117.760986328125
49035,10,293,2,55,2,34.855565976439934,-4.711320921484598,0.3414213562373095,0,1117.760986328125
49035,10,293,2,56,2,49.38694436176141,-4.8616701604781944,0.4242640687119285,0,1117.760986328125
49035,10,293,2,57,2,41.925050698274056,-4.715234854658719,0.4242640687119285,0,1117.760986328125
49035,10,293,2,58,2,56.408063873054616,-4.84577454094618,0.382842712474619,0,1117.760986328125
49035,10,293,2,59,2,48.99499232133568,-4.718019265421685,0.4242640687119285,0,1117.760986328125
49035,10,293,2,60,2,42.65148151270803,-4.548709985504779,0.482842712474619,0,1117.760986328125
49035,10,293,2,61,2,40.043334982983644,-4.445441565127783,0.37888543819998316,0,1117.760986328125
49035,10,293,2,62,2,56.06521799728094,-4.720101420812843,0.4242640687119285,0,1117.760986328125
49035,10,293,2,63,2,49.61802365818058,-4.575041983520732,0.4242640687119285,0,1117.760986328125
49035,10,293,2,64,2,63.135632297439834,-4.721717230370268,0.3414213562373095,0,1117.760986328125
49035,10,293,2,65,2,56.61049079683606,-4.594880048654904,0.382842712474619,0,1117.760986328125
49035,10,293,2,66,2,51.219012787438544,-4.4383129129901135,0.3414213562373095,0,1117.760986328125
49035,10,294,6,1,2,7.004725214119577,-1.1964250118067763,0.40634097938554925,0,1118.06103515625
49035,10,294,6,2,,,,,0,1118.06103515625
49035,10,294,6,3,,,,,0,1118.06103515625
49035,10,294,6,4,2,8.327929287723247,-1.9977861017255,0.5409700007366335,0,1118.06103515625
49035,10,294,6,5,,,,,0,1118.06103515625
49035,10,294,6,6,2,5.315463494605221,-2.276850548395066,0.5781102225580823,1,1118.06103515625
49035,10,294,6,7,,,,,0,1118.06103515625
49035,10,294,6,8,,,,,0,1118.06103515625
49035,10,294,6,9,,,,,0,1118.06103515625
49035,10,294,6,10,,,,,0,1118.06103515625
49035,10,294,6,11,,,,,0,1118.06103515625
49035,10,294,6,12,2,4.588425006993682,-3.861837900605539,0.5185449728701348,0,1118.06103515625
49035,10,294,6,13,,,,,0,1118.06103515625
49035,10,294,6,14,2,7.413055374538024,-4.228481699432598,0.4665663357328169,0,1118.06103515625
49035,10,294,6,15,,,,,0,1118.06103515625
49035,10,294,6,16,,,,,0,1118.06103515625
49035,10,294,6,17,,,,,0,1118.06103515625
49035,10,294,6,18,2,30.11426219634162,0.34192790531837636,0.37888543819998316,0,1118.06103515625
49035,10,294,6,19,2,38.03525832228178,0.575599634314814,0.3414213562373095,0,1118.06103515625
49035,10,294,6,20,2,28.331178644418646,0.5020233365439046,0.482842712474619,0,1118.06103515625
49035,10,294,6,21,2,18.937541844738483,0.3538400084238589,0.3414213562373095,0,1118.06103515625
49035,10,294,6,22,2,32.33349927342055,0.6949248841011366,0.4242640687119285,0,1118.06103515625
49035,10,294,6,23,2,22.39263233752444,0.6545661295621334,0.4242640687119285,0,1118.06103515625
49035,10,294,6,24,2,42.25242316455925,-5.448570906891048,0.37888543819998316,0,1118.06103515625
49035,10,294,6,25,2,37.25928967581926,-5.441968890389263,0.482842712474619,0,1118.06103515625
49035,10,294,6,26,2,27.280569548414295,-5.42151707281725,0.4242640687119285,0,1118.06103515625
49035,10,294,6,27,2,17.326404203559584,-5.377525666074517,0.482842712474619,0,1118.06103515625
49035,10,294,6,28,2,12.377062918752419,-5.3290410714707015,0.37888543819998316,0,1118.06103515625
49035,10,294,6,29,2,32.97012233474716,-5.281402915457194,0.4242640687119285,0,1118.06103515625
49035,10,294,6,30,2,23.302441385130688,-5.1891357310642725,0.4242640687119285,0,1118.06103515625
49035,10,294,6,31,2,39.1130215995967,-5.1838407738561285,0.3414213562373095,0,1118.06103515625
49035,10,294,6,32,2,29.76244725135646,-5.079893719563137,0.482842712474619,0,1118.06103515625
49035,10,294,6,33,2,21.01851741034637,-4.885588116690258,0.3414213562373095,0,1118.06103515625
49035,10,294,6,34,2,32.1183773273453,-4.937131590369446,0.4308640753373011,0,1118.06103515625
49035,10,294,6,35,2,18.70864105742208,-4.044924611431849,0.613407053921902,0,1118.06103515625
49035,10,294,6,36,2,23.223407875938396,-4.242275138773646,0.682842712474619,0,1118.06103515625
49035,10,294,6,37,2,22.18815173108897,-4.026363632539775,0.8513997106635237,0,1118.06103515625
49035,10,294,6,38,2,22.25536971410395,-3.8009018013743407,0.682842712474619,0,1118.06103515625
49035,10,294,6,39,2,25.024264688157942,-4.115982465900736,0.848528137423857,0,1118.06103515625
49035,10,294,6,40,2,24.58050502029235,-3.914837530126033,0.848528137423857,0,1118.06103515625
49035,10,294,6,41,2,29.116531153545925,-4.303345370282549,0.613407053921902,0,1118.06103515625
49035,10,294,6,42,2,28.019878106875318,-4.18691360057097,0.8513997106635237,0,1118.06103515625
49035,10,294,6,43,2,27.168013784481552,-4.008104237406062,0.848528137423857,0,1118.06103515625
49035,10,294,6,44,2,27.222938431833704,-3.82400124011465,0.8513997106635237,0,1118.06103515625
49035,10,294,6,45,2,27.801610737008545,-3.698446717591173,0.613407053921902,0,1118.06103515625
49035,10,294,6,46,2,29.94997026601098,-4.0846136774848585,0.848528137423857,0,1118.06103515625
49035,10,294,6,47,2,29.580198153571768,-3.916891870344745,0.848528137423857,0,1118.06103515625
49035,10,294,6,48,2,32.87705073263269,-4.147817808197475,0.682842712474619,0,1118.06103515625
49035,10,294,6,49,2,32.15412677629005,-3.9955045969549987,0.8513997106635237,0,1118.06103515625
49035,10,294,6,50,2,32.200547706760545,-3.8399656477010566,0.682842712474619,0,1118.06103515625
49035,10,294,6,51,2,35.64672068749242,-3.988782786259172,0.613407053921902,0,1118.06103515625
49035,10,294,6,52,2,39.0434329180216,-4.896759876814098,0.4308640753373011,0,1118.06103515625
49035,10,294,6,53,2,50.14181630173311,-4.927300627724709,0.3414213562373095,0,1118.06103515625
49035,10,294,6,54,2,42.073466101285334,-4.798588610377318,0.482842712474619,0,1118.06103515625
49035,10,294,6,55,2,35.01644410152556,-4.613736909220203,0.3414213562373095,0,1118.06103515625
49035,10,294,6,56,2,49.12205249842814,-4.786195388351285,0.4242640687119285,0,1118.06103515625
49035,10,294,6,57,2,42.05889738685013,-4.630296552243988,0.4242640687119285,0,1118.06103515625
49035,10,294,6,58,2,56.17628978083774,-4.776913537448312,0.382842712474619,0,1118.06103515625
49035,10,294,6,59,2,49.10957484320051,-4.642103756591684,0.4242640687119285,0,1118.06103515625
49035,10,294,6,60,2,43.21718580633369,-4.466499081097707,0.482842712474619,0,1118.06103515625
49035,10,294,6,61,2,40.87435079470742,-4.3613543431399115,0.37888543819998316,0,1118.06103515625
49035,10,294,6,62,2,56.16537931112222,-4.650945376356383,0.4242640687119285,0,1118.06103515625
49035,10,294,6,63,2,50.10513587349599,-4.500858407939589,0.4242640687119285,0,1118.06103515625
49035,10,294,6,64,2,63.22459430510061,-4.657813051005108,0.3414213562373095,0,1118.06103515625
49035,10,294,6,65,2,57.03791837702195,-4.526890019663554,0.382842712474619,0,1118.06103515625
49035,10,294,6,66,2,52.050926413687165,-4.367643715252757,0.3414213562373095,0,1118.06103515625
49035,10,295,12,1,2,3.1119701028658464,2.4024509573729853,0.3356838586201657,0,1118.81103515625
49035,10,295,12,2,,,,,0,1118.81103515625
49035,10,295,12,3,,,,,0,1118.81103515625
49035,10,295,12,4,2,4.009481552207613,0.3531853207458415,0.3288379663806692,0,1118.81103515625
49035,10,295,12,5,,,,,0,1118.81103515625
49035,10,295,12,6,,,,,0,1118.81103515625
49035,10,295,12,7,2,11.035395604234406,-2.1189865438243713,0.47153869179611585,0,1118.81103515625
49035,10,295,12,8,,,,,0,1118.81103515625
49035,10,295,12,9,,,,,0,1118.81103515625
49035,10,295,12,10,,,,,0,1118.81103515625
49035,10,295,12,11,,,,,0,1118.81103515625
49035,10,295,12,12,2,8.80248959673195,-1.4892651599760176,0.5309697704789792,1,1118.81103515625
49035,10,295,12,13,,,,,0,1118.81103515625
49035,10,295,12,14,2,12.163598016003924,-1.5953109789776372,0.5361318156784187,0,1118.81103515625
49035,10,295,12,15,,,,,0,1118.81103515625
49035,10,295,12,16,,,,,0,1118.81103515625
49035,10,295,12,17,,,,,0,1118.81103515625
49035,10,295,12,18,2,32.43343178246944,3.340578465641922,0.37888543819998316,0,1118.81103515625
49035,10,295,12,19,2,41.26947148335548,3.528088666515117,0.3414213562373095,0,1118.81103515625
49035,10,295,12,20,2,31.345859251871648,3.4937871990539544,0.482842712474619,0,1118.81103515625
49035,10,295,12,21,2,21.493173519999406,3.4278894983943355,0.3414213562373095,0,1118.81103515625
49035,10,295,12,22,2,36.034726021254386,-2.631749267090184,0.4242640687119285,0,1118.81103515625
49035,10,295,12,23,2,26.036418631400217,-2.6257427252386853,0.4242640687119285,0,1118.81103515625
49035,10,295,12,24,2,46.365323882771065,-2.527105315574883,0.37888543819998316,0,1118.81103515625
49035,10,295,12,25,2,41.405797500055336,-2.512614863752125,0.482842712474619,0,1118.81103515625
49035,10,295,12,26,2,31.525127792575958,-2.469980013069571,0.4242640687119285,0,1118.81103515625
49035,10,295,12,27,2,21.7537881312865,-2.3887648804144956,0.482842712474619,0,1118.81103515625
49035,10,295,12,28,2,16.968326550435947,-2.3133322569037134,0.44328887294614544,0,1118.81103515625
49035,10,295,12,29,2,37.546934222742685,-2.3621961071842166,0.4242640687119285,0,1118.81103515625
49035,10,295,12,30,2,28.092096490821437,-2.261877958438472,0.4242640687119285,0,1118.81103515625
49035,10,295,12,31,2,43.88292215333531,-2.2848377460717746,0.3414213562373095,0,1118.81103515625
49035,10,295,12,32,2,34.714614680827765,-2.182494569841459,0.482842712474619,0,1118.81103515625
49035,10,295,12,33,2,26.162914366732906,-2.0102844672219664,0.3414213562373095,0,1118.81103515625
49035,10,295,12,34,2,37.2255270948363,-2.062142940718057,0.4308640753373011,0,1118.81103515625
49035,10,295,12,35,2,22.872790063961304,-1.343392339928827,0.613407053921902,0,1118.81103515625
49035,10,295,12,36,2,27.841740139290017,-1.4839441870229375,0.682842712474619,0,1118.81103515625
49035,10,295,12,37,2,26.2651727929797,-1.3082526178964358,0.8513997106635237,0,1118.81103515625
49035,10,295,12,38,2,25.584294199887736,-1.116874812153394,0.682842712474619,0,1118.81103515625
49035,10,295,12,39,2,29.331358567912286,-1.3716823201077122,0.848528137423857,0,1118.81103515625
49035,10,295,12,40,2,28.284720315052958,-1.201732379000691,0.848528137423857,0,1118.81103515625
49035,10,295,12,41,2,33.84169209024383,-1.5203780268591047,0.613407053921902,0,1118.81103515625
49035,10,295,12,42,2,32.49304370221112,-1.422942661379888,0.8513997106635237,0,1118.81103515625
49035,10,295,12,43,2,31.152763872490187,-1.2713946151841335,0.848528137423857,0,1118.81103515625
49035,10,295,12,44,2,30.58090098012905,-1.1102903360732927,0.8513997106635237,0,1118.81103515625
49035,10,295,12,45,2,30.66315819121357,-0.9959627482942126,0.613407053921902,0,1118.81103515625
49035,10,295,12,46,2,34.146214877925935,-1.3290840568176052,0.848528137423857,0,1118.81103515625
49035,10,295,12,47,2,33.25147813783349,-1.1829631412492263,0.848528137423857,0,1118.81103515625
49035,10,295,12,48,2,37.23483965433248,-1.3773422537530262,0.682842712474619,0,1118.81103515625
49035,10,295,12,49,2,36.07118090588633,-1.2445593748888002,0.8513997106635237,0,1118.81103515625
49035,10,295,12,50,2,35.5784611781694,-1.1055554886464733,0.682842712474619,0,1118.81103515625
49035,10,295,12,51,2,39.52625543205697,-1.2297554055745943,0.613407053921902,0,1118.81103515625
49035,10,295,12,52,2,44.17780500066874,-2.030314788493358,0.4308640753373011,0,1118.81103515625
49035,10,295,12,53,2,55.253237316961844,-2.0612434502307577,0.3414213562373095,0,1118.81103515625
49035,10,295,12,54,2,47.2473687069149,-1.9438982179818338,0.482842712474619,0,1118.81103515625
49035,10,295,12,55,2,40.146076588501366,-1.7820602654004687,0.3414213562373095,0,1118.81103515625
49035,10,295,12,56,2,54.297812450557174,-1.9332433067577344,0.4242640687119285,0,1118.81103515625
49035,10,295,12,57,2,47.197945428149076,-1.7940227387660883,0.4242640687119285,0,1118.81103515625
49035,10,295,12,58,2,61.35300338292008,-1.9250381233943257,0.382842712474619,0,1118.81103515625
49035,10,295,12,59,2,54.25481213521303,-1.8028743257560866,0.4242640687119285,0,1118.81103515625
49035,10,295,12,60,2,48.197284732129,-1.6471227959197385,0.482842712474619,0,1118.81103515625
49035,10,295,12,61,2,45.691082974812964,-1.5548937539048708,0.37888543819998316,0,1118.81103515625
49035,10,295,12,62,2,61.31495108875142,-1.809687908566104,0.4242640687119285,0,1118.81103515625
49035,10,295,12,63,2,55.126371572402945,-1.6744757374532515,0.4242640687119285,0,1118.81103515625
49035,10,295,12,64,2,68.37734869241933,-1.8150942105487071,0.3414213562373095,0,1118.81103515625
49035,10,295,12,65,2,62.08748207108545,-1.695708232774014,0.382842712474619,0,1118.81103515625
49035,10,295,12,66,2,56.870458461753344,-1.5520130214754086,0.3414213562373095,0,1118.81103515625
49035,10,296,8,1,2,9.154121904545706,3.8647917867938024,0.34843944249725717,0,1119.362060546875
49035,10,296,8,2,,,,,0,1119.362060546875
49035,10,296,8,3,,,,,0,1119.362060546875
49035,10,296,8,4,2,7.385186092645712,3.1385042625812725,0.32399978132245444,0,1119.362060546875
49035,10,296,8,5,,,,,0,1119.362060546875
49035,10,296,8,6,,,,,0,1119.362060546875
49035,10,296,8,7,2,8.769294933791713,5.334522708477834,0.6034068236642477,0,1119.362060546875
49035,10,296,8,8,2,5.285335063086042,5.285355002521024,0.5871183110269644,1,1119.362060546875
49035,10,296,8,9,,,,,0,1119.362060546875
49035,10,296,8,10,,,,,0,1119.362060546875
49035,10,296,8,11,,,,,0,1119.362060546875
49035,10,296,8,12,,,,,0,1119.362060546875
49035,10,296,8,13,,,,,0,1119.362060546875
49035,10,296,8,14,2,6.813689798710861,-0.1820918574435222,0.45328910320379967,0,1119.362060546875
49035,10,296,8,15,,,,,0,1119.362060546875
49035,10,296,8,16,,,,,0,1119.362060546875
49035,10,296,8,17,,,,,0,1119.362060546875
49035,10,296,8,18,2,34.05459497340191,4.931285844568168,0.37888543819998316,0,1119.362060546875
49035,10,296,8,19,2,41.63062853126926,5.150091037526848,0.3414213562373095,0,1119.362060546875
49035,10,296,8,20,2,32.065667632943814,5.070219423953223,0.482842712474619,0,1119.362060546875
49035,10,296,8,21,2,22.87585735189637,4.924504457543301,0.3414213562373095,0,1119.362060546875
49035,10,296,8,22,2,35.695234111453104,5.249832274939073,0.4242640687119285,0,1119.362060546875
49035,10,296,8,23,2,25.869819232250848,5.188599944090528,0.4242640687119285,0,1119.362060546875
49035,10,296,8,24,2,45.24979040147616,5.3944252825333905,0.37888543819998316,0,1119.362060546875
49035,10,296,8,25,2,40.2503718715302,5.392638556879524,0.482842712474619,0,1119.362060546875
49035,10,296,8,26,2,30.25211140787301,5.387293521473275,0.4242640687119285,0,1119.362060546875
49035,10,296,8,27,2,20.2555684559148,5.376672112155172,0.482842712474619,0,1119.362060546875
49035,10,296,8,28,2,15.258995966025946,5.366143242696868,0.4538461538461539,0,1119.362060546875
49035,10,296,8,29,2,35.51243362766602,-0.7515993735185469,0.4242640687119285,0,1119.362060546875
49035,10,296,8,30,2,25.617001210080684,-0.7037735723343035,0.4242640687119285,0,1119.362060546875
49035,10,296,8,31,2,41.31677189331723,-0.6461193154522022,0.3414213562373095,0,1119.362060546875
49035,10,296,8,32,2,31.65712318771716,-0.574579917532545,0.482842712474619,0,1119.362060546875
49035,10,296,8,33,2,22.299579757479517,-0.4417541764019215,0.3414213562373095,0,1119.362060546875
49035,10,296,8,34,2,33.47633567859943,-0.43139382935734094,0.4308640753373011,0,1119.362060546875
49035,10,296,8,35,2,16.69452165065495,0.37682570973427865,0.613407053921902,0,1119.362060546875
49035,10,296,8,36,2,21.894114964666198,0.20946284607649845,0.682842712474619,0,1119.362060546875
49035,10,296,8,37,2,20.047473020432417,0.4317048132335817,0.8513997106635237,0,1119.362060546875
49035,10,296,8,38,2,19.35071262057062,0.6837530319931591,0.682842712474619,0,1119.362060546875
49035,10,296,8,39,2,23.18129684179636,0.35575895979339456,0.848528137423857,0,1119.362060546875
49035,10,296,8,40,2,22.020931580803367,0.5714358190699127,0.848528137423857,0,1119.362060546875
49035,10,296,8,41,2,27.960859052195236,0.1825123464412477,0.613407053921902,0,1119.362060546875
49035,10,296,8,42,2,26.416734696589398,0.2981477132552701,0.8513997106635237,0,1119.362060546875
49035,10,296,8,43,2,24.907685088119596,0.484249817187705,0.848528137423857,0,1119.362060546875
49035,10,296,8,44,2,24.350393854471445,0.6863539567450145,0.8513997106635237,0,1119.362060546875
49035,10,296,8,45,2,24.56574676172378,0.8293079446672684,0.613407053921902,0,1119.362060546875
49035,10,296,8,46,2,27.943946128123127,0.4155768559402939,0.848528137423857,0,1119.362060546875
49035,10,296,8,47,2,26.989127989440355,0.5945321906729297,0.848528137423857,0,1119.362060546875
49035,10,296,8,48,2,31.08593691645725,0.36056797347067904,0.682842712474619,0,1119.362060546875
49035,10,296,8,49,2,29.814164056583998,0.5195729229859523,0.8513997106635237,0,1119.362060546875
49035,10,296,8,50,2,29.350183692983087,0.688068757438199,0.682842712474619,0,1119.362060546875
49035,10,296,8,51,2,33.26527468327421,0.5380840840936709,0.613407053921902,0,1119.362060546875
49035,10,296,8,52,2,40.20706092207305,-0.37230995819333135,0.4308640753373011,0,1119.362060546875
49035,10,296,8,53,2,51.3809453114418,-0.38066779210873847,0.3414213562373095,0,1119.362060546875
49035,10,296,8,54,2,42.83805959582277,-0.2698162061102276,0.482842712474619,0,1119.362060546875
49035,10,296,8,55,2,35.074166544240995,-0.10704171592078193,0.3414213562373095,0,1119.362060546875
49035,10,296,8,56,2,49.81005970143268,-0.24428123184139672,0.4242640687119285,0,1119.362060546875
49035,10,296,8,57,2,42.14427430029112,-0.10401111888064474,0.4242640687119285,0,1119.362060546875
49035,10,296,8,58,2,56.80655547544942,-0.2250261043274353,0.382842712474619,0,1119.362060546875
49035,10,296,8,59,2,49.214657916348486,-0.10185128297514146,0.4242640687119285,0,1119.362060546875
49035,10,296,8,60,2,42.62839854675629,0.06261706730930605,0.482842712474619,0,1119.362060546875
49035,10,296,8,61,2,39.87140914339546,0.16383731030989512,0.37888543819998316,0,1119.362060546875
49035,10,296,8,62,2,56.28521343433129,-0.10023407873626633,0.4242640687119285,0,1119.362060546875
49035,10,296,8,63,2,49.62986056988391,0.04109935430333067,0.4242640687119285,0,1119.362060546875
49035,10,296,8,64,2,63.35588330118405,-0.09897783960753248,0.3414213562373095,0,1119.362060546875
49035,10,296,8,65,2,56.6486165560214,0.024907697788329575,0.382842712474619,0,1119.362060546875
49035,10,296,8,66,2,51.03100593314846,0.17892886702245647,0.3414213562373095,0,1119.362060546875
49035,10,297,7,1,2,11.836602613820407,-1.522650167448685,0.5327497028988641,0,1119.862060546875
49035,10,297,7,2,,,,,0,1119.862060546875
49035,10,297,7,3,2,8.846639572750982,-1.700680056112665,0.5871183110269644,0,1119.862060546875
49035,10,297,7,4,2,12.499827450876948,-2.026761583929513,0.4345570622224628,0,1119.862060546875
49035,10,297,7,5,,,,,0,1119.862060546875
49035,10,297,7,6,,,,,0,1119.862060546875
49035,10,297,7,7,2,3.8205522345137557,-0.06489016402516912,0.4190965632626408,1,1119.862060546875
49035,10,297,7,8,,,,,0,1119.862060546875
49035,10,297,7,9,,,,,0,1119.862060546875
49035,10,297,7,10,,,,,0,1119.862060546875
49035,10,297,7,11,,,,,0,1119.862060546875
49035,10,297,7,12,,,,,0,1119.862060546875
49035,10,297,7,13,,,,,0,1119.862060546875
49035,10,297,7,14,2,2.930627576955508,-4.0981922449491295,0.3427318223037913,0,1119.862060546875
49035,10,297,7,15,,,,,0,1119.862060546875
49035,10,297,7,16,,,,,0,1119.862060546875
49035,10,297,7,17,,,,,0,1119.862060546875
49035,10,297,7,18,2,30.034295454776075,-0.09284501424848823,0.37888543819998316,0,1119.862060546875
49035,10,297,7,19,2,36.74571668561939,0.17713740505233933,0.3414213562373095,0,1119.862060546875
49035,10,297,7,20,2,27.4993273350981,0.05725820558494954,0.482842712474619,0,1119.862060546875
49035,10,297,7,21,2,19.03098297581972,-0.1757578659978809,0.3414213562373095,0,1119.862060546875
49035,10,297,7,22,2,30.534970930548326,0.2780955956010933,0.4242640687119285,0,1119.862060546875
49035,10,297,7,23,2,20.936803931653408,0.1670504086833029,0.4242640687119285,0,1119.862060546875
49035,10,297,7,24,2,39.75642389607566,0.45978682755306766,0.37888543819998316,0,1119.862060546875
49035,10,297,7,25,2,34.76429052312141,0.45224539104306993,0.482842712474619,0,1119.862060546875
49035,10,297,7,26,2,24.789538211089276,0.42805398032753583,0.4242640687119285,0,1119.862060546875
49035,10,297,7,27,2,14.848788296090751,0.37139175775407285,0.482842712474619,0,1119.862060546875
49035,10,297,7,28,2,9.923163227200028,0.30059516646682516,0.44328887294614544,0,1119.862060546875
49035,10,297,7,29,2,29.844474372412943,-5.673097584335856,0.4242640687119285,0,1119.862060546875
49035,10,297,7,30,2,19.91627374055396,-5.624029182430218,0.4242640687119285,0,1119.862060546875
49035,10,297,7,31,2,35.59303438051005,-5.54667880486131,0.3414213562373095,0,1119.862060546875
49035,10,297,7,32,2,25.938955367462988,-5.46083886551569,0.482842712474619,0,1119.862060546875
49035,10,297,7,33,2,16.69714690293834,-5.277046923526194,0.3414213562373095,0,1119.862060546875
49035,10,297,7,34,2,27.87442386800717,-5.2891768825090395,0.4308640753373011,0,1119.862060546875
49035,10,297,7,35,2,14.418495377688373,-4.179456270624545,0.613407053921902,0,1119.862060546875
49035,10,297,7,36,2,18.522100979034516,-4.456797001583579,0.682842712474619,0,1119.862060546875
49035,10,297,7,37,2,17.91789271228859,-4.18349705160583,0.8513997106635237,0,1119.862060546875
49035,10,297,7,38,2,18.682439182842742,-3.912602031665964,0.682842712474619,0,1119.862060546875
49035,10,297,7,39,2,20.533791714448732,-4.307575528233563,0.848528137423857,0,1119.862060546875
49035,10,297,7,40,2,20.606291678608663,-4.0639265350537555,0.848528137423857,0,1119.862060546875
49035,10,297,7,41,2,24.3389495848849,-4.543851292628457,0.613407053921902,0,1119.862060546875
49035,10,297,7,42,2,23.392783611525203,-4.402513323016221,0.8513997106635237,0,1119.862060546875
49035,10,297,7,43,2,22.9173510613067,-4.187128856999229,0.848528137423857,0,1119.862060546875
49035,10,297,7,44,2,23.51994120398069,-3.9729270341509846,0.8513997106635237,0,1119.862060546875
49035,10,297,7,45,2,24.54639469329013,-3.833554030360834,0.613407053921902,0,1119.862060546875
49035,10,297,7,46,2,25.510599808519874,-4.2865582191129175,0.848528137423857,0,1119.862060546875
49035,10,297,7,47,2,25.568992102974793,-4.090484605502141,0.848528137423857,0,1119.862060546875
49035,10,297,7,48,2,28.30859278582623,-4.367005897311228,0.682842712474619,0,1119.862060546875
49035,10,297,7,49,2,27.917003422381605,-4.189459845547014,0.8513997106635237,0,1119.862060546875
49035,10,297,7,50,2,28.413759600883502,-4.012577892168809,0.682842712474619,0,1119.862060546875
49035,10,297,7,51,2,31.416825911888836,-4.1906501005103705,0.613407053921902,0,1119.862060546875
49035,10,297,7,52,2,34.68652406655768,-5.228187956225087,0.4308640753373011,0,1119.862060546875
49035,10,297,7,53,2,45.84041604408614,-5.247462461772992,0.3414213562373095,0,1119.862060546875
49035,10,297,7,54,2,37.51411803891938,-5.113809654661347,0.482842712474619,0,1119.862060546875
49035,10,297,7,55,2,30.220429536673407,-4.910276622532171,0.3414213562373095,0,1119.862060546875
49035,10,297,7,56,2,44.536282939694615,-5.0934989131607775,0.4242640687119285,0,1119.862060546875
49035,10,297,7,57,2,37.27527071970907,-4.924541410335909,0.4242640687119285,0,1119.862060546875
49035,10,297,7,58,2,51.57181346366532,-5.078725050582418,0.382842712474619,0,1119.862060546875
49035,10,297,7,59,2,44.33528226000324,-4.9342645961441605,0.4242640687119285,0,1119.862060546875
49035,10,297,7,60,2,38.36121168859535,-4.739501525727763,0.482842712474619,0,1119.862060546875
49035,10,297,7,61,2,36.04948289211313,-4.6202103175037434,0.37888543819998316,0,1119.862060546875
49035,10,297,7,62,2,51.398333620076784,-4.941316024672776,0.4242640687119285,0,1119.862060546875
49035,10,297,7,63,2,45.25211606172447,-4.7775701634490115,0.4242640687119285,0,1119.862060546875
49035,10,297,7,64,2,58.46332307325058,-4.94666341098009,0.3414213562373095,0,1119.862060546875
49035,10,297,7,65,2,52.191239244822874,-4.805547978803381,0.382842712474619,0,1119.862060546875
49035,10,297,7,66,2,47.22171918782083,-4.630525670122715,0.3414213562373095,0,1119.862060546875
49035,10,298,3,1,2,11.577572287910673,-1.4033593660988166,0.5190235409828127,0,1119.97802734375
49035,10,298,3,2,,,,,0,1119.97802734375
49035,10,298,3,3,2,8.820737025757051,-1.6171487376761924,0.5751570048142773,1,1119.97802734375
49035,10,298,3,4,2,12.833962560581933,-1.898370090126464,0.4345570622224628,0,1119.97802734375
49035,10,298,3,5,,,,,0,1119.97802734375
49035,10,298,3,6,,,,,0,1119.97802734375
49035,10,298,3,7,,,,,0,1119.97802734375
49035,10,298,3,8,,,,,0,1119.97802734375
49035,10,298,3,9,,,,,0,1119.97802734375
49035,10,298,3,10,,,,,0,1119.97802734375
49035,10,298,3,11,,,,,0,1119.97802734375
49035,10,298,3,12,,,,,0,1119.97802734375
49035,10,298,3,13,,,,,0,1119.97802734375
49035,10,298,3,14,2,3.9024880407286453,-3.6707916834946177,0.26584195993911364,0,1119.97802734375
49035,10,298,3,15,,,,,0,1119.97802734375
49035,10,298,3,16,,,,,0,1119.97802734375
49035,10,298,3,17,,,,,0,1119.97802734375
49035,10,298,3,18,2,28.845190884185367,0.13174335501040035,0.37888543819998316,0,1119.97802734375
49035,10,298,3,19,2,35.642660573630565,0.40947323655822787,0.3414213562373095,0,1119.97802734375
49035,10,298,3,20,2,26.347858346073476,0.28903054594765676,0.482842712474619,0,1119.97802734375
49035,10,298,3,21,2,17.833115994757296,0.04651574758158494,0.3414213562373095,0,1119.97802734375
49035,10,298,3,22,2,29.48676056089511,0.5168451182294591,0.4242640687119285,0,1119.97802734375
49035,10,298,3,23,2,19.83127416565245,0.40918223232805495,0.4242640687119285,0,1119.97802734375
49035,10,298,3,24,2,38.83070001941129,0.6985279899597825,0.37888543819998316,0,1119.97802734375
49035,10,298,3,25,2,33.83383598302689,0.6936431020534091,0.482842712474619,0,1119.97802734375
49035,10,298,3,26,2,23.844052591455167,0.6777321435145671,0.4242640687119285,0,1119.97802734375
49035,10,298,3,27,2,13.869002510699707,0.6389087819424466,0.482842712474619,0,1119.97802734375
49035,10,298,3,28,2,8.902495378861602,0.5869070145885051,0.37888543819998316,0,1119.97802734375
49035,10,298,3,29,2,29.048205674961846,-5.423303758479237,0.4242640687119285,0,1119.97802734375
49035,10,298,3,30,2,19.173122844038748,-5.356524720735806,0.4242640687119285,0,1119.97802734375
49035,10,298,3,31,2,34.91500625641776,-5.299279836033911,0.3414213562373095,0,1119.97802734375
49035,10,298,3,32,2,25.35484270397681,-5.200658395594375,0.482842712474619,0,1119.97802734375
49035,10,298,3,33,2,16.330291950884433,-4.988555551231864,0.3414213562373095,0,1119.97802734375
49035,10,298,3,34,2,27.47785746420323,-5.028941687182477,0.4308640753373011,0,1119.97802734375
49035,10,298,3,35,2,15.262961644165106,-3.902720343901957,0.613407053921902,0,1119.97802734375
49035,10,298,3,36,2,19.10021011450298,-4.18159380697219,0.682842712474619,0,1119.97802734375
49035,10,298,3,37,2,18.75428537020324,-3.917277632862031,0.8513997106635237,0,1119.97802734375
49035,10,298,3,38,2,19.713660570170035,-3.66137403155137,0.682842712474619,0,1119.97802734375
49035,10,298,3,39,2,21.256832412719028,-4.04244204258186,0.848528137423857,0,1119.97802734375
49035,10,298,3,40,2,21.535043941243295,-3.8085773538741443,0.848528137423857,0,1119.97802734375
49035,10,298,3,41,2,24.817312371963745,-4.2797654535082525,0.613407053921902,0,1119.97802734375
49035,10,298,3,42,2,24.020462707821117,-4.140065798874002,0.8513997106635237,0,1119.97802734375
49035,10,298,3,43,2,23.746322284233457,-3.930644280858975,0.848528137423857,0,1119.97802734375
49035,10,298,3,44,2,24.51107944084756,-3.7254750355897057,0.8513997106635237,0,1119.97802734375
49035,10,298,3,45,2,25.61984876391233,-3.5929030363127783,0.613407053921902,0,1119.97802734375
49035,10,298,3,46,2,26.249143347966335,-4.030707521240337,0.848528137423857,0,1119.97802734375
49035,10,298,3,47,2,26.474945133672,-3.8409480849368975,0.848528137423857,0,1119.97802734375
49035,10,298,3,48,2,28.96803809334502,-4.1126885641656115,0.682842712474619,0,1119.97802734375
49035,10,298,3,49,2,28.741127749382862,-3.939366194859395,0.8513997106635237,0,1119.97802734375
49035,10,298,3,50,2,29.376140278042026,-3.768475561211795,0.682842712474619,0,1119.97802734375
49035,10,298,3,51,2,32.23844980612606,-3.9438632478489524,0.613407053921902,0,1119.97802734375
49035,10,298,3,52,2,34.3553789059861,-4.975458089011549,0.4308640753373011,0,1119.97802734375
49035,10,298,3,53,2,45.48237323838569,-5.003055466120182,0.3414213562373095,0,1119.97802734375
49035,10,298,3,54,2,37.315635624407335,-4.862858202435449,0.482842712474619,0,1119.97802734375
49035,10,298,3,55,2,30.269903348231107,-4.651318504173037,0.3414213562373095,0,1119.97802734375
49035,10,298,3,56,2,44.35894578328416,-4.847473450580624,0.4242640687119285,0,1119.97802734375
49035,10,298,3,57,2,37.30316953908955,-4.673048601140831,0.4242640687119285,0,1119.97802734375
49035,10,298,3,58,2,51.4098772606505,-4.83630670385593,0.382842712474619,0,1119.97802734375
49035,10,298,3,59,2,44.34845957429484,-4.6878797878251355,0.4242640687119285,0,1119.97802734375
49035,10,298,3,60,2,38.60824074301468,-4.489667338687867,0.482842712474619,0,1119.97802734375
49035,10,298,3,61,2,36.43489325632005,-4.369535099608005,0.37888543819998316,0,1119.97802734375
49035,10,298,3,62,2,51.40082952213582,-4.698643051299255,0.4242640687119285,0,1119.97802734375
49035,10,298,3,63,2,45.45168492169883,-4.532154755911932,0.4242640687119285,0,1119.97802734375
49035,10,298,3,64,2,58.45771706553785,-4.706808444457517,0.3414213562373095,0,1119.97802734375
49035,10,298,3,65,2,52.35565939965029,-4.563481631019451,0.382842712474619,0,1119.97802734375
49035,10,298,3,66,2,47.5912329933771,-4.387118370021706,0.3414213562373095,0,1119.97802734375
49035,10,299,1,1,2,6.169936710906849,1.127312606281845,0.307383329342601,1,1121.010986328125
49035,10,299,1,2,,,,,0,1121.010986328125
49035,10,299,1,3,,,,,0,1121.010986328125
49035,10,299,1,4,2,3.8673435946867434,-0.10660226369696468,0.32399978132245444,0,1121.010986328125
49035,10,299,1,5,,,,,0,1121.010986328125
49035,10,299,1,6,,,,,0,1121.010986328125
49035,10,299,1,7,,,,,0,1121.010986328125
49035,10,299,1,8,,,,,0,1121.010986328125
49035,10,299,1,9,,,,,0,1121.010986328125
49035,10,299,1,10,,,,,0,1121.010986328125
49035,10,299,1,11,,,,,0,1121.010986328125
49035,10,299,1,12,,,,,0,1121.010986328125
49035,10,299,1,13,,,,,0,1121.010986328125
49035,10,299,1,14,2,10.319260939868089,-3.070291590403872,0.45328910320379967,0,1121.010986328125
49035,10,299,1,15,2,7.882616626491706,-2.581337228656531,0.5751570048142773,0,1121.010986328125
49035,10,299,1,16,,,,,0,1121.010986328125
49035,10,299,1,17,2,11.3081994060883,-2.505280501288398,0.5555604578187299,0,1121.010986328125
49035,10,299,1,18,2,34.24308776669002,2.0098414633073753,0.37888543819998316,0,1121.010986328125
49035,10,299,1,19,2,42.57588473766506,2.2053755442362903,0.3414213562373095,0,1121.010986328125
49035,10,299,1,20,2,32.771984350436476,2.1526123714436842,0.482842712474619,0,1121.010986328125
49035,10,299,1,21,2,23.13655020385636,2.0554096185789654,0.3414213562373095,0,1121.010986328125
49035,10,299,1,22,2,37.01038176239357,2.315311422229054,0.4242640687119285,0,1121.010986328125
49035,10,299,1,23,2,27.03822026813945,2.2917395153865208,0.4242640687119285,0,1121.010986328125
49035,10,299,1,24,2,47.00941671192932,-3.847884196008947,0.37888543819998316,0,1121.010986328125
49035,10,299,1,25,2,42.01825505814081,-3.8411979420372866,0.482842712474619,0,1121.010986328125
49035,10,299,1,26,2,32.04420002436148,-3.8215791204673963,0.4242640687119285,0,1121.010986328125
49035,10,299,1,27,2,22.093613381961784,-3.7842612264989,0.482842712474619,0,1121.010986328125
49035,10,299,1,28,2,17.13990229863511,-3.7493780924115483,0.37888543819998316,0,1121.010986328125
49035,10,299,1,29,2,37.71731903428649,-3.700093836519948,0.4242640687119285,0,1121.010986328125
49035,10,299,1,30,2,27.998091938638645,-3.627669781684712,0.4242640687119285,0,1121.010986328125
49035,10,299,1,31,2,43.79910450074306,-3.611314943144554,0.3414213562373095,0,1121.010986328125
49035,10,299,1,32,2,34.346157749263945,-3.5271824231779694,0.482842712474619,0,1121.010986328125
49035,10,299,1,33,2,25.31709993675492,-3.381286042798459,0.3414213562373095,0,1121.010986328125
49035,10,299,1,34,2,36.483865620371716,-3.399408470074188,0.4308640753373011,0,1121.010986328125
49035,10,299,1,35,2,20.359005693341896,-2.680906581343978,0.613407053921902,0,1121.010986328125
49035,10,299,1,36,2,25.594537370579367,-2.818428026921709,0.682842712474619,0,1121.010986328125
49035,10,299,1,37,2,23.679713717634762,-2.6305362784043087,0.8513997106635237,0,1121.010986328125
49035,10,299,1,38,2,22.723937605184016,-2.4185683740422164,0.682842712474619,0,1121.010986328125
49035,10,299,1,39,2,26.85352009915219,-2.6923252463354577,0.848528137423857,0,1121.010986328125
49035,10,299,1,40,2,25.529591462667923,-2.507917806570008,0.848528137423857,0,1121.010986328125
49035,10,299,1,41,2,31.658968598288098,-2.842580929924635,0.613407053921902,0,1121.010986328125
49035,10,299,1,42,2,30.10804280723012,-2.7409099269006636,0.8513997106635237,0,1121.010986328125
49035,10,299,1,43,2,28.498118187297166,-2.579129008070629,0.848528137423857,0,1121.010986328125
49035,10,299,1,44,2,27.709046153780065,-2.4032011083250597,0.8513997106635237,0,1121.010986328125
49035,10,299,1,45,2,27.68564949079077,-2.276753807788423,0.613407053921902,0,1121.010986328125
49035,10,299,1,46,2,31.583626140511292,-2.636673370505335,0.848528137423857,0,1121.010986328125
49035,10,299,1,47,2,30.465947198778252,-2.4794024610254524,0.848528137423857,0,1121.010986328125
49035,10,299,1,48,2,34.75497288374743,-2.6838496195893784,0.682842712474619,0,1121.010986328125
49035,10,299,1,49,2,33.36999608458436,-2.5426578278950234,0.8513997106635237,0,1121.010986328125
49035,10,299,1,50,2,32.69870237823408,-2.392521856390925,0.682842712474619,0,1121.010986328125
49035,10,299,1,51,2,36.80076585633494,-2.5228908998071824,0.613407053921902,0,1121.010986328125
49035,10,299,1,52,2,43.3224866615272,-3.3541759923515855,0.4308640753373011,0,1121.010986328125
49035,10,299,1,53,2,54.469759976852366,-3.371864328410629,0.3414213562373095,0,1121.010986328125
49035,10,299,1,54,2,46.13297897389914,-3.2616412198154086,0.482842712474619,0,1121.010986328125
49035,10,299,1,55,2,38.59467250899446,-3.1057645360175767,0.3414213562373095,0,1121.010986328125
49035,10,299,1,56,2,53.141482374309824,-3.242685411161271,0.4242640687119285,0,1121.010986328125
49035,10,299,1,57,2,45.66524001918082,-3.107768128148392,0.4242640687119285,0,1121.010986328125
49035,10,299,1,58,2,60.164628718807386,-3.2281508522393145,0.382842712474619,0,1121.010986328125
49035,10,299,1,59,2,52.73594169010595,-3.1092344517907766,0.4242640687119285,0,1121.010986328125
49035,10,299,1,60,2,46.28581362591099,-2.9544071497534006,0.482842712474619,0,1121.010986328125
49035,10,299,1,61,2,43.56632921819009,-2.8609377747605853,0.37888543819998316,0,1121.010986328125
49035,10,299,1,62,2,59.80672993798538,-3.1103540584159646,0.4242640687119285,0,1121.010986328125
49035,10,299,1,63,2,53.27421461594182,-2.976117964783062,0.4242640687119285,0,1121.010986328125
49035,10,299,1,64,2,66.8775773021719,-3.1112369179246127,0.3414213562373095,0,1121.010986328125
49035,10,299,1,65,2,60.28189896542983,-2.9927874849743934,0.382842712474619,0,1121.010986328125
49035,10,299,1,66,2,54.72846005460598,-2.8478751562077016,0.3414213562373095,0,1121.010986328125
49035,10,300,4,1,,,,,0,1121.2449951171875
49035,10,300,4,2,,,,,0,1121.2449951171875
49035,10,300,4,3,,,,,0,1121.2449951171875
49035,10,300,4,4,2,4.718495649480282,-2.545648737030564,0.2601533972186464,1,1121.2449951171875
49035,10,300,4,5,,,,,0,1121.2449951171875
49035,10,300,4,6,,,,,0,1121.2449951171875
49035,10,300,4,7,,,,,0,1121.2449951171875
49035,10,300,4,8,,,,,0,1121.2449951171875
49035,10,300,4,9,,,,,0,1121.2449951171875
49035,10,300,4,10,,,,,0,1121.2449951171875
49035,10,300,4,11,,,,,0,1121.2449951171875
49035,10,300,4,12,,,,,0,1121.2449951171875
49035,10,300,4,13,,,,,0,1121.2449951171875
49035,10,300,4,14,2,12.25056717129387,-4.35803903335181,0.4638463841038081,0,1121.2449951171875
49035,10,300,4,15,2,11.008455452648814,-3.9378977746567054,0.6857142857142857,0,1121.2449951171875
49035,10,300,4,16,2,11.92877977361992,-3.50567241863611,0.4638463841038081,0,1121.2449951171875
49035,10,300,4,17,2,14.506796560427432,-3.929371506267171,0.613407053921902,0,1121.2449951171875
49035,10,300,4,18,2,31.69329183689843,0.5219559007001879,0.37888543819998316,0,1121.2449951171875
49035,10,300,4,19,2,40.586465101513234,0.7111616380081185,0.3414213562373095,0,1121.2449951171875
49035,10,300,4,20,2,30.650946809282946,0.6790148067609403,0.482842712474619,0,1121.2449951171875
49035,10,300,4,21,2,20.777389902839893,0.6161888164124818,0.3414213562373095,0,1121.2449951171875
49035,10,300,4,22,2,35.40320095298731,-5.4450530838464335,0.4242640687119285,0,1121.2449951171875
49035,10,300,4,23,2,25.408778573295145,-5.433918653866325,0.4242640687119285,0,1121.2449951171875
49035,10,300,4,24,2,45.78409155694957,-5.3418847812187416,0.37888543819998316,0,1121.2449951171875
49035,10,300,4,25,2,40.83249606783439,-5.32583261408571,0.482842712474619,0,1121.2449951171875
49035,10,300,4,26,2,30.9759927362926,-5.278364990740295,0.4242640687119285,0,1121.2449951171875
49035,10,300,4,27,2,21.25397649542298,-5.187079142382891,0.482842712474619,0,1121.2449951171875
49035,10,300,4,28,2,16.517905808623645,-5.101499469819263,0.37888543819998316,0,1121.2449951171875
49035,10,300,4,29,2,37.059657626736936,-5.171943371700099,0.4242640687119285,0,1121.2449951171875
49035,10,300,4,30,2,27.670157467569673,-5.064450744784439,0.4242640687119285,0,1121.2449951171875
49035,10,300,4,31,2,43.44334610527912,-5.096133140437595,0.3414213562373095,0,1121.2449951171875
49035,10,300,4,32,2,34.344485899372714,-4.988680121957959,0.482842712474619,0,1121.2449951171875
49035,10,300,4,33,2,25.918393132317284,-4.807935674663555,0.3414213562373095,0,1121.2449951171875
49035,10,300,4,34,2,36.939944565996456,-4.868625927065571,0.4308640753373011,0,1121.2449951171875
49035,10,300,4,35,2,23.13790655106348,-4.137619222964572,0.613407053921902,0,1121.2449951171875
49035,10,300,4,36,2,28.000251411797212,-4.282672858455729,0.682842712474619,0,1121.2449951171875
49035,10,300,4,37,2,26.55416680218798,-4.106915560800868,0.8513997106635237,0,1121.2449951171875
49035,10,300,4,38,2,26.004489419963477,-3.9175118590048585,0.682842712474619,0,1121.2449951171875
49035,10,300,4,39,2,29.573245058066874,-4.172583323687306,0.848528137423857,0,1121.2449951171875
49035,10,300,4,40,2,28.647626755091725,-4.0035700126518865,0.848528137423857,0,1121.2449951171875
49035,10,300,4,41,2,33.970620912287316,-4.323749330023877,0.613407053921902,0,1121.2449951171875
49035,10,300,4,42,2,32.69602226526235,-4.225902520872698,0.8513997106635237,0,1121.2449951171875
49035,10,300,4,43,2,31.466483238600112,-4.07466219396958,0.848528137423857,0,1121.2449951171875
49035,10,300,4,44,2,31.004020107716226,-3.9150992458722564,0.8513997106635237,0,1121.2449951171875
49035,10,300,4,45,2,31.1572792400728,-3.8025372425689756,0.613407053921902,0,1121.2449951171875
49035,10,300,4,46,2,34.41791126886053,-4.133820187213622,0.848528137423857,0,1121.2449951171875
49035,10,300,4,47,2,33.625917259544416,-3.9885740064146065,0.848528137423857,0,1121.2449951171875
49035,10,300,4,48,2,37.470597337341864,-4.183490428840544,0.682842712474619,0,1121.2449951171875
49035,10,300,4,49,2,36.40268342103067,-4.051136681298927,0.8513997106635237,0,1121.2449951171875
49035,10,300,4,50,2,36.00368114077159,-3.913356681179404,0.682842712474619,0,1121.2449951171875
49035,10,300,4,51,2,39.86748569002637,-4.038139814638488,0.613407053921902,0,1121.2449951171875
49035,10,300,4,52,2,43.9142983770776,-4.839687419806299,0.4308640753373011,0,1121.2449951171875
49035,10,300,4,53,2,54.96600771320889,-4.874109188569081,0.3414213562373095,0,1121.2449951171875
49035,10,300,4,54,2,47.04765025798504,-4.753938802001008,0.482842712474619,0,1121.2449951171875
49035,10,300,4,55,2,40.07119645913784,-4.588746203582699,0.3414213562373095,0,1121.2449951171875
49035,10,300,4,56,2,54.105337003014675,-4.745320739645468,0.4242640687119285,0,1121.2449951171875
49035,10,300,4,57,2,47.11270405186832,-4.6036115758792935,0.4242640687119285,0,1121.2449951171875
49035,10,300,4,58,2,61.16611471739805,-4.738691946303428,0.382842712474619,0,1121.2449951171875
49035,10,300,4,59,2,54.161914483251415,-4.614609402097376,0.4242640687119285,0,1121.2449951171875
49035,10,300,4,60,2,48.225847544238974,-4.456983857280915,0.482842712474619,0,1121.2449951171875
49035,10,300,4,61,2,45.7912881102372,-4.36401582357699,0.37888543819998316,0,1121.2449951171875
49035,10,300,4,62,2,61.21616680177834,-4.623073392908927,0.4242640687119285,0,1121.2449951171875
49035,10,300,4,63,2,55.13291638188832,-4.486347869233881,0.4242640687119285,0,1121.2449951171875
49035,10,300,4,64,2,68.2738981992039,-4.629787875745034,0.3414213562373095,0,1121.2449951171875
49035,10,300,4,65,2,62.076924587034746,-4.50915865881951,0.382842712474619,0,1121.2449951171875
49035,10,300,4,66,2,56.971606586558,-4.36444421613267,0.3414213562373095,0,1121.2449951171875
49035,10,301,10,1,,,,,0,1121.760986328125
49035,10,301,10,2,,,,,0,1121.760986328125
49035,10,301,10,3,,,,,0,1121.760986328125
49035,10,301,10,4,,,,,0,1121.760986328125
49035,10,301,10,5,,,,,0,1121.760986328125
49035,10,301,10,6,,,,,0,1121.760986328125
49035,10,301,10,7,,,,,0,1121.760986328125
49035,10,301,10,8,,,,,0,1121.760986328125
49035,10,301,10,9,,,,,0,1121.760986328125
49035,10,301,10,10,2,6.229223649546123,-0.9996401532654238,0.6271356419515952,1,1121.760986328125
49035,10,301,10,11,2,8.63863858196107,-0.6518207633134763,0.5509646951307726,0,1121.760986328125
49035,10,301,10,12,,,,,0,1121.760986328125
49035,10,301,10,13,,,,,0,1121.760986328125
49035,10,301,10,14,2,12.20070589416283,-2.1455308645376205,0.4638463841038081,0,1121.760986328125
49035,10,301,10,15,2,10.369798613196979,-1.7288774133826625,0.6857142857142857,0,1121.760986328125
49035,10,301,10,16,2,10.7799917551297,-1.2530895654309515,0.5638463841038082,0,1121.760986328125
49035,10,301,10,17,2,13.837131919349533,-1.689047772554725,0.613407053921902,0,1121.760986328125
49035,10,301,10,18,2,33.103772438280345,2.8423303715479724,0.37888543819998316,0,1121.760986328125
49035,10,301,10,19,2,41.90362450534851,3.02776493438398,0.3414213562373095,0,1121.760986328125
49035,10,301,10,20,2,31.988509571564116,2.992250321844616,0.482842712474619,0,1121.760986328125
49035,10,301,10,21,2,22.14984746075814,2.9250264099875483,0.3414213562373095,0,1121.760986328125
49035,10,301,10,22,2,36.63323955934346,-3.1350275442252884,0.4242640687119285,0,1121.760986328125
49035,10,301,10,23,2,26.633535975101974,-3.1325625809327975,0.4242640687119285,0,1121.760986328125
49035,10,301,10,24,2,46.92598680530907,-3.0296833629149478,0.37888543819998316,0,1121.760986328125
49035,10,301,10,25,2,41.96097873756573,-3.0163758626809787,0.482842712474619,0,1121.760986328125
49035,10,301,10,26,2,32.06360451570048,-2.977415355009841,0.4242640687119285,0,1121.760986328125
49035,10,301,10,27,2,22.258161030598483,-2.9039196241011616,0.482842712474619,0,1121.760986328125
49035,10,301,10,28,2,17.438498542777566,-2.8363619444212698,0.37888543819998316,0,1121.760986328125
49035,10,301,10,29,2,38.0368798738993,-2.869003864928793,0.4242640687119285,0,1121.760986328125
49035,10,301,10,30,2,28.533405483156937,-2.7745087917746183,0.4242640687119285,0,1121.760986328125
49035,10,301,10,31,2,44.3343402628667,-2.790671618042808,0.3414213562373095,0,1121.760986328125
49035,10,301,10,32,2,35.11245825157287,-2.6926111510860533,0.482842712474619,0,1121.760986328125
49035,10,301,10,33,2,26.461967470187325,-2.527839391862289,0.3414213562373095,0,1121.760986328125
49035,10,301,10,34,2,37.55382429837269,-2.5723751995934117,0.4308640753373011,0,1121.760986328125
49035,10,301,10,35,2,22.729687915465068,-1.8669011773367639,0.613407053921902,0,1121.760986328125
49035,10,301,10,36,2,27.792026019116637,-2.0026483500948666,0.682842712474619,0,1121.760986328125
49035,10,301,10,37,2,26.097360196189545,-1.827757385257989,0.8513997106635237,0,1121.760986328125
49035,10,301,10,38,2,25.29323443476656,-1.6353821976329332,0.682842712474619,0,1121.760986328125
49035,10,301,10,39,2,29.205084441082466,-1.8888313107011023,0.848528137423857,0,1121.760986328125
49035,10,301,10,40,2,28.046612204919857,-1.718676949984272,0.848528137423857,0,1121.760986328125
49035,10,301,10,41,2,33.81536419940164,-2.034766639104493,0.613407053921902,0,1121.760986328125
49035,10,301,10,42,2,32.40064359255624,-1.938013046385969,0.8513997106635237,0,1121.760986328125
49035,10,301,10,43,2,30.959283004847805,-1.786701205400967,0.848528137423857,0,1121.760986328125
49035,10,301,10,44,2,30.28452910541388,-1.6247262287254065,0.8513997106635237,0,1121.760986328125
49035,10,301,10,45,2,30.298111367052933,-1.509118075953166,0.613407053921902,0,1121.760986328125
49035,10,301,10,46,2,33.990321448544094,-1.8428165842594249,0.848528137423857,0,1121.760986328125
49035,10,301,10,47,2,33.00026441011888,-1.6963506953290817,0.848528137423857,0,1121.760986328125
49035,10,301,10,48,2,37.11073564585396,-1.8896228363569654,0.682842712474619,0,1121.760986328125
49035,10,301,10,49,2,35.85919964442678,-1.756825572349554,0.8513997106635237,0,1121.760986328125
49035,10,301,10,50,2,35.27828933070962,-1.6170863616569642,0.682842712474619,0,1121.760986328125
49035,10,301,10,51,2,39.30414349167372,-1.7403544670236664,0.613407053921902,0,1121.760986328125
49035,10,301,10,52,2,44.4861688104881,-2.538273729653681,0.4308640753373011,0,1121.760986328125
49035,10,301,10,53,2,55.57943155948106,-2.5662823651011544,0.3414213562373095,0,1121.760986328125
49035,10,301,10,54,2,47.50183375828605,-2.451488485795623,0.482842712474619,0,1121.760986328125
49035,10,301,10,55,2,40.296094206816726,-2.292838876753888,0.3414213562373095,0,1121.760986328125
49035,10,301,10,56,2,54.54496957925672,-2.439153196221196,0.4242640687119285,0,1121.760986328125
49035,10,301,10,57,2,47.35509164099301,-2.3022929576369675,0.4242640687119285,0,1121.760986328125
49035,10,301,10,58,2,61.59450626804503,-2.429640288525021,0.382842712474619,0,1121.760986328125
49035,10,301,10,59,2,54.41722337945077,-2.3092936818016727,0.4242640687119285,0,1121.760986328125
49035,10,301,10,60,2,48.255416258217565,-2.1554443779364147,0.482842712474619,0,1121.760986328125
49035,10,301,10,61,2,45.68654831803613,-2.064053324562898,0.37888543819998316,0,1121.760986328125
49035,10,301,10,62,2,61.48140935544045,-2.3146858619159265,0.4242640687119285,0,1121.760986328125
49035,10,301,10,63,2,55.20248811653371,-2.1809895243727384,0.4242640687119285,0,1121.760986328125
49035,10,301,10,64,2,68.54701446695864,-2.3189665289335,0.3414213562373095,0,1121.760986328125
49035,10,301,10,65,2,62.17752158343273,-2.200814025569979,0.382842712474619,0,1121.760986328125
49035,10,301,10,66,2,56.86295092749801,-2.0582323721776543,0.3414213562373095,0,1121.760986328125
49035,10,302,16,1,,,,,0,1122.1280517578125
49035,10,302,16,2,,,,,0,1122.1280517578125
49035,10,302,16,3,,,,,0,1122.1280517578125
49035,10,302,16,4,,,,,0,1122.1280517578125
49035,10,302,16,5,,,,,0,1122.1280517578125
49035,10,302,16,6,,,,,0,1122.1280517578125
49035,10,302,16,7,,,,,0,1122.1280517578125
49035,10,302,16,8,,,,,0,1122.1280517578125
49035,10,302,16,9,,,,,0,1122.1280517578125
49035,10,302,16,10,,,,,0,1122.1280517578125
49035,10,302,16,11,2,3.5971371152471385,0.42149932288810754,0.34843944249725717,0,1122.1280517578125
49035,10,302,16,12,,,,,0,1122.1280517578125
49035,10,302,16,13,,,,,0,1122.1280517578125
49035,10,302,16,14,2,13.093239476053284,-1.3946227090730992,0.4638463841038081,0,1122.1280517578125
49035,10,302,16,15,2,9.398671363621157,-1.0897436175072481,0.6857142857142857,0,1122.1280517578125
49035,10,302,16,16,2,7.432168379781545,-0.5325306122673159,0.5276927682076162,1,1122.1280517578125
49035,10,302,16,17,2,12.341007497721694,-0.9135210615063529,0.613407053921902,0,1122.1280517578125
49035,10,302,16,18,2,37.96584764852975,3.950402304758863,0.37888543819998316,0,1122.1280517578125
49035,10,302,16,19,2,46.437921837864515,4.124369934384739,0.3414213562373095,0,1122.1280517578125
49035,10,302,16,20,2,36.609900183799446,4.079580330877851,0.482842712474619,0,1122.1280517578125
49035,10,302,16,21,2,26.908901841507824,4.0022336078938565,0.3414213562373095,0,1122.1280517578125
49035,10,302,16,22,2,40.89329886228394,4.2251134926762814,0.4242640687119285,0,1122.1280517578125
49035,10,302,16,23,2,30.920318541182876,4.20445392641496,0.4242640687119285,0,1122.1280517578125
49035,10,302,16,24,2,50.86587155243008,-1.9471901114590155,0.37888543819998316,0,1122.1280517578125
49035,10,302,16,25,2,45.87198482965815,-1.9420730843308769,0.482842712474619,0,1122.1280517578125
49035,10,302,16,26,2,35.88931873218733,-1.9275679309681333,0.4242640687119285,0,1122.1280517578125
49035,10,302,16,27,2,25.920019404095296,-1.9018954989983736,0.482842712474619,0,1122.1280517578125
49035,10,302,16,28,2,20.94634835317958,-1.8799026641491607,0.37888543819998316,0,1122.1280517578125
49035,10,302,16,29,2,41.473127437327975,-1.8150594256028099,0.4242640687119285,0,1122.1280517578125
49035,10,302,16,30,2,31.68318964815555,-1.7588051411676455,0.4242640687119285,0,1122.1280517578125
49035,10,302,16,31,2,47.45521467452403,-1.7300487961652424,0.3414213562373095,0,1122.1280517578125
49035,10,302,16,32,2,37.89197285248296,-1.6611024306872608,0.482842712474619,0,1122.1280517578125
49035,10,302,16,33,2,28.62875850436847,-1.5466573503201844,0.3414213562373095,0,1122.1280517578125
49035,10,302,16,34,2,39.80804956851933,-1.5421210985149691,0.4308640753373011,0,1122.1280517578125
49035,10,302,16,35,2,21.762469729076468,-0.9431685547872621,0.613407053921902,0,1122.1280517578125
49035,10,302,16,36,2,27.4074520512646,-1.0382147265379824,0.682842712474619,0,1122.1280517578125
49035,10,302,16,37,2,24.861024342662155,-0.8731823116569137,0.8513997106635237,0,1122.1280517578125
49035,10,302,16,38,2,23.12947545428803,-0.6772613426614651,0.682842712474619,0,1122.1280517578125
49035,10,302,16,39,2,28.22337828029447,-0.9144465370473231,0.848528137423857,0,1122.1280517578125
49035,10,302,16,40,2,26.2385438806476,-0.7456065728921744,0.848528137423857,0,1122.1280517578125
49035,10,302,16,41,2,33.510687240668524,-1.0374621187437796,0.613407053921902,0,1122.1280517578125
49035,10,302,16,42,2,31.623529716632753,-0.9468831333955394,0.8513997106635237,0,1122.1280517578125
49035,10,302,16,43,2,29.44401017461492,-0.7992785272867695,0.848528137423857,0,1122.1280517578125
49035,10,302,16,44,2,27.997354135469646,-0.6323874853454825,0.8513997106635237,0,1122.1280517578125
49035,10,302,16,45,2,27.48514709772807,-0.507493452045263,0.613407053921902,0,1122.1280517578125
49035,10,302,16,46,2,32.71755316873473,-0.8423145234408913,0.848528137423857,0,1122.1280517578125
49035,10,302,16,47,2,31.02161164048471,-0.6945390572753156,0.848528137423857,0,1122.1280517578125
49035,10,302,16,48,2,36.040627568552985,-0.8774699092302944,0.682842712474619,0,1122.1280517578125
49035,10,302,16,49,2,34.14423727306284,-0.7454909103700935,0.8513997106635237,0,1122.1280517578125
49035,10,302,16,50,2,32.90487870184733,-0.6008501407979989,0.682842712474619,0,1122.1280517578125
49035,10,302,16,51,2,37.48058672988837,-0.7159227179827643,0.613407053921902,0,1122.1280517578125
49035,10,302,16,52,2,46.54737275960918,-1.4923913059240792,0.4308640753373011,0,1122.1280517578125
49035,10,302,16,53,2,57.721165162964695,-1.4997720813363282,0.3414213562373095,0,1122.1280517578125
49035,10,302,16,54,2,49.1481140494566,-1.4030792983774634,0.482842712474619,0,1122.1280517578125
49035,10,302,16,55,2,41.22306783181642,-1.2674843439965204,0.3414213562373095,0,1122.1280517578125
49035,10,302,16,56,2,56.10271129803539,-1.378738479361793,0.4242640687119285,0,1122.1280517578125
49035,10,302,16,57,2,48.28372833407599,-1.2588883191773188,0.4242640687119285,0,1122.1280517578125
49035,10,302,16,58,2,63.083209456740725,-1.3597752888774994,0.382842712474619,0,1122.1280517578125
49035,10,302,16,59,2,55.347046192287145,-1.2524859437035476,0.4242640687119285,0,1122.1280517578125
49035,10,302,16,60,2,48.44687532812938,-1.1125953564592448,0.482842712474619,0,1122.1280517578125
49035,10,302,16,61,2,45.43128693404341,-1.027559118662645,0.37888543819998316,0,1122.1280517578125
49035,10,302,16,62,2,62.4121191963827,-1.2475329039075478,0.4242640687119285,0,1122.1280517578125
49035,10,302,16,63,2,55.48942988922869,-1.1248304503106412,0.4242640687119285,0,1122.1280517578125
49035,10,302,16,64,2,69.4784119202202,-1.2435872795730878,0.3414213562373095,0,1122.1280517578125
49035,10,302,16,65,2,62.538419629887834,-1.134308562420914,0.382842712474619,0,1122.1280517578125
49035,10,302,16,66,2,56.52307614286474,-0.9998450493279669,0.3414213562373095,0,1122.1280517578125
49035,10,303,17,1,,,,,0,1122.56103515625
49035,10,303,17,2,,,,,0,1122.56103515625
49035,10,303,17,3,,,,,0,1122.56103515625
49035,10,303,17,4,,,,,0,1122.56103515625
49035,10,303,17,5,,,,,0,1122.56103515625
49035,10,303,17,6,,,,,0,1122.56103515625
49035,10,303,17,7,,,,,0,1122.56103515625
49035,10,303,17,8,,,,,0,1122.56103515625
49035,10,303,17,9,2,5.949763587914768,4.628523301504086,0.6242640687119285,0,1122.56103515625
49035,10,303,17,10,,,,,0,1122.56103515625
49035,10,303,17,11,2,3.2379781857017287,2.3041031912150136,0.3728972379823621,0,1122.56103515625
49035,10,303,17,12,,,,,0,1122.56103515625
49035,10,303,17,13,2,3.3253411391575556,-1.1155503232480006,0.7195315787953919,0,1122.56103515625
49035,10,303,17,14,2,11.226222954878585,-1.0704064561504096,0.5052677403411177,0,1122.56103515625
49035,10,303,17,15,2,6.6236010773639515,-0.8433854747791734,0.7685569981889047,0,1122.56103515625
49035,10,303,17,16,,,,,0,1122.56103515625
49035,10,303,17,17,2,8.919236198691188,-0.4979394530085006,0.6034068236642477,1,1122.56103515625
49035,10,303,17,18,2,39.40708587190444,4.473718409706063,0.37888543819998316,0,1122.56103515625
49035,10,303,17,19,2,47.17735476472587,4.660429603413425,0.3414213562373095,0,1122.56103515625
49035,10,303,17,20,2,37.56848175526436,4.5946358094752995,0.482842712474619,0,1122.56103515625
49035,10,303,17,21,2,28.232584723940164,4.48454981948814,0.3414213562373095,0,1122.56103515625
49035,10,303,17,22,2,41.25553558586044,4.748047101183143,0.4242640687119285,0,1122.56103515625
49035,10,303,17,23,2,31.427809902616914,4.69671415039264,0.4242640687119285,0,1122.56103515625
49035,10,303,17,24,2,50.74252262311512,4.877434423935634,0.37888543819998316,0,1122.56103515625
49035,10,303,17,25,2,45.745465475353555,4.8738743379090135,0.482842712474619,0,1122.56103515625
49035,10,303,17,26,2,35.75381980090508,4.86376909938137,0.4242640687119285,0,1122.56103515625
49035,10,303,17,27,2,25.768656331955306,4.8458292517136545,0.482842712474619,0,1122.56103515625
49035,10,303,17,28,2,20.781425806566652,4.830396982035722,0.37888543819998316,0,1122.56103515625
49035,10,303,17,29,2,40.85295614072693,-1.2911478196402433,0.4242640687119285,0,1122.56103515625
49035,10,303,17,30,2,30.897443975756097,-1.2646267044113886,0.4242640687119285,0,1122.56103515625
49035,10,303,17,31,2,46.471415090534144,-1.1925724949859697,0.3414213562373095,0,1122.56103515625
49035,10,303,17,32,2,36.67806482511793,-1.1435805863078126,0.482842712474619,0,1122.56103515625
49035,10,303,17,33,2,27.036428353508185,-1.0593050743724004,0.3414213562373095,0,1122.56103515625
49035,10,303,17,34,2,38.12811093924709,-1.0155352859518145,0.4308640753373011,0,1122.56103515625
49035,10,303,17,35,2,18.310232443543637,-0.4275343615037115,0.613407053921902,0,1122.56103515625
49035,10,303,17,36,2,24.157841084690705,-0.5106702084225483,0.682842712474619,0,1122.56103515625
49035,10,303,17,37,2,21.24724206273803,-0.33098196413581027,0.8513997106635237,0,1122.56103515625
49035,10,303,17,38,2,19.216901536720176,-0.10437242749213382,0.682842712474619,0,1122.56103515625
49035,10,303,17,39,2,24.683182388275373,-0.36736928551159,0.848528137423857,0,1122.56103515625
49035,10,303,17,40,2,22.407666148269023,-0.1777747608011837,0.848528137423857,0,1122.56103515625
49035,10,303,17,41,2,30.237937822767623,-0.49100709036766066,0.613407053921902,0,1122.56103515625
49035,10,303,17,42,2,28.14380376482807,-0.39483738619791797,0.8513997106635237,0,1122.56103515625
49035,10,303,17,43,2,25.688863340999827,-0.23266262974412655,0.848528137423857,0,1122.56103515625
49035,10,303,17,44,2,24.03667425314864,-0.042463757788890666,0.8513997106635237,0,1122.56103515625
49035,10,303,17,45,2,23.45213243463307,0.10300835043729495,0.613407053921902,0,1122.56103515625
49035,10,303,17,46,2,29.029844940902596,-0.2750210808147511,0.848528137423857,0,1122.56103515625
49035,10,303,17,47,2,27.121502662873638,-0.11013063002540946,0.848528137423857,0,1122.56103515625
49035,10,303,17,48,2,32.41212882291336,-0.3085893608455308,0.682842712474619,0,1122.56103515625
49035,10,303,17,49,2,30.304951810431003,-0.16378607604481932,0.8513997106635237,0,1122.56103515625
49035,10,303,17,50,2,28.917712800841617,-0.0013378144534561542,0.682842712474619,0,1122.56103515625
49035,10,303,17,51,2,33.60164858111178,-0.12694701499708327,0.613407053921902,0,1122.56103515625
49035,10,303,17,52,2,44.65849570771613,-0.9498046980889812,0.4308640753373011,0,1122.56103515625
49035,10,303,17,53,2,55.83158268003203,-0.9417409395058542,0.3414213562373095,0,1122.56103515625
49035,10,303,17,54,2,46.93456768050687,-0.8525256959163046,0.482842712474619,0,1122.56103515625
49035,10,303,17,55,2,38.58162337376317,-0.7232333267149653,0.3414213562373095,0,1122.56103515625
49035,10,303,17,56,2,53.79109627472419,-0.8181215133707824,0.4242640687119285,0,1122.56103515625
49035,10,303,17,57,2,45.59791724668436,-0.7022899355241639,0.4242640687119285,0,1122.56103515625
49035,10,303,17,58,2,60.69687334218471,-0.7915201872315456,0.382842712474619,0,1122.56103515625
49035,10,303,17,59,2,52.628874701213604,-0.686937095310495,0.4242640687119285,0,1122.56103515625
49035,10,303,17,60,2,45.33747314435234,-0.5467194891836238,0.482842712474619,0,1122.56103515625
49035,10,303,17,61,2,42.110930653623456,-0.4592752169051155,0.37888543819998316,0,1122.56103515625
49035,10,303,17,62,2,59.669312442801015,-0.6752049994191127,0.4242640687119285,0,1122.56103515625
49035,10,303,17,63,2,52.403386018419035,-0.5522578630786059,0.4242640687119285,0,1122.56103515625
49035,10,303,17,64,2,66.71622922855558,-0.6659502549377216,0.3414213562373095,0,1122.56103515625
49035,10,303,17,65,2,59.47052430638225,-0.5564800444537816,0.382842712474619,0,1122.56103515625
49035,10,303,17,66,2,53.12655908370907,-0.41884786782292815,0.3414213562373095,0,1122.56103515625
49035,10,304,14,1,,,,,0,1123.011962890625
49035,10,304,14,2,,,,,0,1123.011962890625
49035,10,304,14,3,,,,,0,1123.011962890625
49035,10,304,14,4,,,,,0,1123.011962890625
49035,10,304,14,5,2,9.87975612821046,4.368787770080478,0.5507551751186637,0,1123.011962890625
49035,10,304,14,6,,,,,0,1123.011962890625
49035,10,304,14,7,,,,,0,1123.011962890625
49035,10,304,14,8,,,,,0,1123.011962890625
49035,10,304,14,9,2,6.698611870558682,4.178852654540274,0.765685424949238,0,1123.011962890625
49035,10,304,14,10,,,,,0,1123.011962890625
49035,10,304,14,11,2,9.549769294258708,3.130295493151535,0.3728972379823621,0,1123.011962890625
49035,10,304,14,12,,,,,0,1123.011962890625
49035,10,304,14,13,2,4.139229497366293,3.711384614068863,0.7195315787953919,0,1123.011962890625
49035,10,304,14,14,2,6.700227563252766,5.2907217083956395,0.4679124626440447,1,1123.011962890625
49035,10,304,14,15,2,2.1550046485700283,4.735303431661871,0.682842712474619,0,1123.011962890625
49035,10,304,14,16,,,,,0,1123.011962890625
49035,10,304,14,17,,,,,0,1123.011962890625
49035,10,304,14,18,2,38.171291503531364,4.920955795720058,0.37888543819998316,0,1123.011962890625
49035,10,304,14,19,2,44.69136547274609,5.1412970017794875,0.3414213562373095,0,1123.011962890625
49035,10,304,14,20,2,35.59241687621865,5.037236736537862,0.482842712474619,0,1123.011962890625
49035,10,304,14,21,2,27.135256224375453,4.865314487213087,0.3414213562373095,0,1123.011962890625
49035,10,304,14,22,2,38.29937058879057,5.214397310858276,0.4242640687119285,0,1123.011962890625
49035,10,304,14,23,2,28.919608897242874,5.110175633512207,0.4242640687119285,0,1123.011962890625
49035,10,304,14,24,2,46.979915285880544,5.3807003381000875,0.37888543819998316,0,1123.011962890625
49035,10,304,14,25,2,42.0340747002298,5.364184302803642,0.482842712474619,0,1123.011962890625
49035,10,304,14,26,2,32.192630013350445,5.315962865741984,0.4242640687119285,0,1123.011962890625
49035,10,304,14,27,2,22.49149658089573,5.2257550577433705,0.482842712474619,0,1123.011962890625
49035,10,304,14,28,2,17.765652650111978,5.144043470424258,0.37888543819998316,0,1123.011962890625
49035,10,304,14,29,2,36.55662833992564,5.478325047270049,0.4242640687119285,0,1123.011962890625
49035,10,304,14,30,2,26.56857291717842,5.462646423743534,0.4242640687119285,0,1123.011962890625
49035,10,304,14,31,2,41.67023786817681,-0.6796497016124872,0.3414213562373095,0,1123.011962890625
49035,10,304,14,32,2,31.71609552360456,-0.6533359883676506,0.482842712474619,0,1123.011962890625
49035,10,304,14,33,2,21.803960799230534,-0.6030316100203703,0.3414213562373095,0,1123.011962890625
49035,10,304,14,34,2,32.644806008083094,-0.5005012852266439,0.4308640753373011,0,1123.011962890625
49035,10,304,14,35,2,11.921414794318677,0.2284364271099779,0.613407053921902,0,1123.011962890625
49035,10,304,14,36,2,17.733019649577226,0.10013377322892536,0.682842712474619,0,1123.011962890625
49035,10,304,14,37,2,14.973676286345928,0.35672192325897,0.8513997106635237,0,1123.011962890625
49035,10,304,14,38,2,13.56325835351759,0.6949352999991767,0.682842712474619,0,1123.011962890625
49035,10,304,14,39,2,18.349981082599772,0.2934226814517995,0.848528137423857,0,1123.011962890625
49035,10,304,14,40,2,16.47643169402149,0.560822791697005,0.848528137423857,0,1123.011962890625
49035,10,304,14,41,2,23.815056854647025,0.12489064294758112,0.613407053921902,0,1123.011962890625
49035,10,304,14,42,2,21.776882925140153,0.24991377159024664,0.8513997106635237,0,1123.011962890625
49035,10,304,14,43,2,19.59550013577727,0.46814061056721856,0.848528137423857,0,1123.011962890625
49035,10,304,14,44,2,18.540081477901694,0.7252604100877067,0.8513997106635237,0,1123.011962890625
49035,10,304,14,45,2,18.582527227275193,0.9140914248330763,0.613407053921902,0,1123.011962890625
49035,10,304,14,46,2,22.836252971421086,0.40131608354045545,0.848528137423857,0,1123.011962890625
49035,10,304,14,47,2,21.359902748156994,0.618036444400043,0.848528137423857,0,1123.011962890625
49035,10,304,14,48,2,26.153494488848512,0.35126418046825014,0.682842712474619,0,1123.011962890625
49035,10,304,14,49,2,24.367114511452026,0.5365194815572429,0.8513997106635237,0,1123.011962890625
49035,10,304,14,50,2,23.526735116675287,0.7427411700935258,0.682842712474619,0,1123.011962890625
49035,10,304,14,51,2,27.75512782251766,0.5702930666676347,0.613407053921902,0,1123.011962890625
49035,10,304,14,52,2,38.93205629956322,-0.4097042121373855,0.4308640753373011,0,1123.011962890625
49035,10,304,14,53,2,50.0597209389281,-0.38514883070741757,0.3414213562373095,0,1123.011962890625
49035,10,304,14,54,2,40.9325988883595,-0.2948524682890463,0.482842712474619,0,1123.011962890625
49035,10,304,14,55,2,32.32614488347322,-0.154753131738107,0.3414213562373095,0,1123.011962890625
49035,10,304,14,56,2,47.702193871585315,-0.24862103341965947,0.4242640687119285,0,1123.011962890625
49035,10,304,14,57,2,39.306504441813246,-0.12307988321974328,0.4242640687119285,0,1123.011962890625
49035,10,304,14,58,2,54.5483358918427,-0.2139347667605449,0.382842712474619,0,1123.011962890625
49035,10,304,14,59,2,46.314392361783895,-0.1009747413677653,0.4242640687119285,0,1123.011962890625
49035,10,304,14,60,2,38.91689775808497,0.05768534971538841,0.482842712474619,0,1123.011962890625
49035,10,304,14,61,2,35.69700164928737,0.16035962436060824,0.37888543819998316,0,1123.011962890625
49035,10,304,14,62,2,53.33895938475224,-0.08468564369574683,0.4242640687119285,0,1123.011962890625
49035,10,304,14,63,2,45.984199237566614,0.052230458419380454,0.4242640687119285,0,1123.011962890625
49035,10,304,14,64,2,60.37438394431227,-0.07219017987069343,0.3414213562373095,0,1123.011962890625
49035,10,304,14,65,2,53.05250444538132,0.048229008105597604,0.382842712474619,0,1123.011962890625
49035,10,304,14,66,2,46.73403705222968,0.2040492464813064,0.3414213562373095,0,1123.011962890625
49035,10,305,13,1,,,,,0,1123.427978515625
49035,10,305,13,2,2,12.198368359010887,-1.0090155076845169,0.5185449728701348,0,1123.427978515625
49035,10,305,13,3,,,,,0,1123.427978515625
49035,10,305,13,4,,,,,0,1123.427978515625
49035,10,305,13,5,2,9.424408412032857,-1.2138177225251163,0.7071067811865475,0,1123.427978515625
49035,10,305,13,6,,,,,0,1123.427978515625
49035,10,305,13,7,,,,,0,1123.427978515625
49035,10,305,13,8,,,,,0,1123.427978515625
49035,10,305,13,9,2,7.337489844045675,-1.558717846652384,0.765685424949238,0,1123.427978515625
49035,10,305,13,10,,,,,0,1123.427978515625
49035,10,305,13,11,2,12.936946568903304,-2.2274848570718864,0.3728972379823621,0,1123.427978515625
49035,10,305,13,12,,,,,0,1123.427978515625
49035,10,305,13,13,2,6.622540336317413,-2.060680903437957,0.7195315787953919,1,1123.427978515625
49035,10,305,13,14,,,,,0,1123.427978515625
49035,10,305,13,15,2,3.0979709817331926,-2.1221162455427356,0.6093338188813542,0,1123.427978515625
49035,10,305,13,16,,,,,0,1123.427978515625
49035,10,305,13,17,,,,,0,1123.427978515625
49035,10,305,13,18,2,35.226174340281446,-0.3224444371287354,0.37888543819998316,0,1123.427978515625
49035,10,305,13,19,2,41.20779327323601,-0.07388640352957943,0.3414213562373095,0,1123.427978515625
49035,10,305,13,20,2,32.351847329698046,-0.201178506460733,0.482842712474619,0,1123.427978515625
49035,10,305,13,21,2,24.396758490390205,-0.41728150799518193,0.3414213562373095,0,1123.427978515625
49035,10,305,13,22,2,34.686031670387294,-0.001594481070875009,0.4242640687119285,0,1123.427978515625
49035,10,305,13,23,2,25.528035416644308,-0.1366698803449986,0.4242640687119285,0,1123.427978515625
49035,10,305,13,24,2,43.13142312557008,0.18810435712450335,0.37888543819998316,0,1123.427978515625
49035,10,305,13,25,2,38.2047059985302,0.16709287294320863,0.482842712474619,0,1123.427978515625
49035,10,305,13,26,2,28.428143794987136,0.10329669104255412,0.4242640687119285,0,1123.427978515625
49035,10,305,13,27,2,18.887010319868033,-0.026023062710374578,0.482842712474619,0,1123.427978515625
49035,10,305,13,28,2,14.3526672928752,-0.1540871445204588,0.37888543819998316,0,1123.427978515625
49035,10,305,13,29,2,32.628792913981435,0.2903330856441788,0.4242640687119285,0,1123.427978515625
49035,10,305,13,30,2,22.653872212445737,0.26429909396926954,0.4242640687119285,0,1123.427978515625
49035,10,305,13,31,2,37.69770410009746,-5.852163829149875,0.3414213562373095,0,1123.427978515625
49035,10,305,13,32,2,27.743047662663894,-5.822749356346828,0.482842712474619,0,1123.427978515625
49035,10,305,13,33,2,17.83918419679489,-5.760559674987459,0.3414213562373095,0,1123.427978515625
49035,10,305,13,34,2,28.73039088848302,-5.648916373721729,0.4308640753373011,0,1123.427978515625
49035,10,305,13,35,2,9.915263924299959,-4.625451153814204,0.613407053921902,0,1123.427978515625
49035,10,305,13,36,2,15.11005049580866,-4.88794848243462,0.682842712474619,0,1123.427978515625
49035,10,305,13,37,2,13.326422084830401,-4.557270778565742,0.8513997106635237,0,1123.427978515625
49035,10,305,13,38,2,13.299376871877246,-4.179457409555734,0.682842712474619,0,1123.427978515625
49035,10,305,13,39,2,16.38087022354323,-4.6778552143982965,0.848528137423857,0,1123.427978515625
49035,10,305,13,40,2,15.576033156029592,-4.367674400013433,0.848528137423857,0,1123.427978515625
49035,10,305,13,41,2,21.197319718777123,-4.91263305788152,0.613407053921902,0,1123.427978515625
49035,10,305,13,42,2,19.597762448250947,-4.759745208405018,0.8513997106635237,0,1123.427978515625
49035,10,305,13,43,2,18.257935057810972,-4.504392190288866,0.848528137423857,0,1123.427978515625
49035,10,305,13,44,2,18.238204192639444,-4.229528264686697,0.8513997106635237,0,1123.427978515625
49035,10,305,13,45,2,19.023091806812804,-4.04615302416634,0.613407053921902,0,1123.427978515625
49035,10,305,13,46,2,21.19178086600446,-4.604735793576432,0.848528137423857,0,1123.427978515625
49035,10,305,13,47,2,20.575992706791105,-4.366550971378718,0.848528137423857,0,1123.427978515625
49035,10,305,13,48,2,24.286435719764697,-4.6801164454216835,0.682842712474619,0,1123.427978515625
49035,10,305,13,49,2,23.21876093953832,-4.474051979201482,0.8513997106635237,0,1123.427978515625
49035,10,305,13,50,2,23.20324889244173,-4.258219259269009,0.682842712474619,0,1123.427978515625
49035,10,305,13,51,2,26.700036076042327,-4.459530693204399,0.613407053921902,0,1123.427978515625
49035,10,305,13,52,2,35.09863427542513,-5.552096236057425,0.4308640753373011,0,1123.427978515625
49035,10,305,13,53,2,46.25054589729616,-5.5323199391226785,0.3414213562373095,0,1123.427978515625
49035,10,305,13,54,2,37.25148044027559,-5.427211232072589,0.482842712474619,0,1123.427978515625
49035,10,305,13,55,2,28.91768652894922,-5.258613595550801,0.3414213562373095,0,1123.427978515625
49035,10,305,13,56,2,44.092534088973096,-5.383068934709507,0.4242640687119285,0,1123.427978515625
49035,10,305,13,57,2,35.954295453834035,-5.236989912370992,0.4242640687119285,0,1123.427978515625
49035,10,305,13,58,2,50.99637565339594,-5.350829059974384,0.382842712474619,0,1123.427978515625
49035,10,305,13,59,2,43.00221074522344,-5.222449260036897,0.4242640687119285,0,1123.427978515625
49035,10,305,13,60,2,36.0242963591372,-5.040205116618057,0.482842712474619,0,1123.427978515625
49035,10,305,13,61,2,33.121440605265256,-4.922280224266684,0.37888543819998316,0,1123.427978515625
49035,10,305,13,62,2,50.05665686371424,-5.212005294650328,0.4242640687119285,0,1123.427978515625
49035,10,305,13,63,2,43.06075586384853,-5.057946306575783,0.4242640687119285,0,1123.427978515625
49035,10,305,13,64,2,57.11521394310494,-5.204142064644081,0.3414213562373095,0,1123.427978515625
49035,10,305,13,65,2,50.10696022471314,-5.0707009754626595,0.382842712474619,0,1123.427978515625
49035,10,305,13,66,2,44.263611038361084,-4.898172180012644,0.3414213562373095,0,1123.427978515625
49035,10,306,9,1,,,,,0,1124.0780029296875
49035,10,306,9,2,2,8.764365691134762,2.003014125640268,0.5507551751186637,0,1124.0780029296875
49035,10,306,9,3,,,,,0,1124.0780029296875
49035,10,306,9,4,,,,,0,1124.0780029296875
49035,10,306,9,5,2,5.361161624684243,1.8631089784829382,0.765685424949238,0,1124.0780029296875
49035,10,306,9,6,2,5.592374321710034,0.9159226524264585,0.6366888663207728,0,1124.0780029296875
49035,10,306,9,7,,,,,0,1124.0780029296875
49035,10,306,9,8,,,,,0,1124.0780029296875
49035,10,306,9,9,2,2.3811765923664443,1.3241197103014757,0.765685424949238,1,1124.0780029296875
49035,10,306,9,10,,,,,0,1124.0780029296875
49035,10,306,9,11,2,9.06782312155806,0.12405255398030371,0.3728972379823621,0,1124.0780029296875
49035,10,306,9,12,,,,,0,1124.0780029296875
49035,10,306,9,13,,,,,0,1124.0780029296875
49035,10,306,9,14,,,,,0,1124.0780029296875
49035,10,306,9,15,2,2.6444850863623444,-1.6149963590396723,0.45298221281347034,0,1124.0780029296875
49035,10,306,9,16,,,,,0,1124.0780029296875
49035,10,306,9,17,,,,,0,1124.0780029296875
49035,10,306,9,18,2,34.44567497105186,2.473015883127442,0.37888543819998316,0,1124.0780029296875
49035,10,306,9,19,2,41.62646550504904,2.699811307123906,0.3414213562373095,0,1124.0780029296875
49035,10,306,9,20,2,32.215335224381995,2.607453567910146,0.482842712474619,0,1124.0780029296875
49035,10,306,9,21,2,23.300064738012573,2.441932607726965,0.3414213562373095,0,1124.0780029296875
49035,10,306,9,22,2,35.51926979034242,2.792532198334674,0.4242640687119285,0,1124.0780029296875
49035,10,306,9,23,2,25.820219201536634,2.7121102736054383,0.4242640687119285,0,1124.0780029296875
49035,10,306,9,24,2,44.809336445330466,2.9486132480326237,0.37888543819998316,0,1124.0780029296875
49035,10,306,9,25,2,39.8171976570295,2.9419780304399796,0.482842712474619,0,1124.0780029296875
49035,10,306,9,26,2,29.840818059081847,2.922049810286411,0.4242640687119285,0,1124.0780029296875
49035,10,306,9,27,2,19.888177785093706,2.8821444961220175,0.482842712474619,0,1124.0780029296875
49035,10,306,9,28,2,14.935602170640111,2.842279796898976,0.37888543819998316,0,1124.0780029296875
49035,10,306,9,29,2,34.846307196818564,-3.206095499287225,0.4242640687119285,0,1124.0780029296875
49035,10,306,9,30,2,24.886348033235393,-3.175736384277327,0.4242640687119285,0,1124.0780029296875
49035,10,306,9,31,2,40.47290239252522,-3.091993930676632,0.3414213562373095,0,1124.0780029296875
49035,10,306,9,32,2,30.710275499434115,-3.0305495201181913,0.482842712474619,0,1124.0780029296875
49035,10,306,9,33,2,21.170408933873073,-2.912884661961474,0.3414213562373095,0,1124.0780029296875
49035,10,306,9,34,2,32.31786380098632,-2.8801237903028003,0.4308640753373011,0,1124.0780029296875
49035,10,306,9,35,2,14.908195511937846,-2.0349514547263667,0.613407053921902,0,1124.0780029296875
49035,10,306,9,36,2,20.146910592435763,-2.215884846983278,0.682842712474619,0,1124.0780029296875
49035,10,306,9,37,2,18.260082228942316,-1.9738845833428231,0.8513997106635237,0,1124.0780029296875
49035,10,306,9,38,2,17.634148677945014,-1.6965499667492694,0.682842712474619,0,1124.0780029296875
49035,10,306,9,39,2,21.396867864658304,-2.056428421446774,0.848528137423857,0,1124.0780029296875
49035,10,306,9,40,2,20.257308582479112,-1.8220511120345115,0.848528137423857,0,1124.0780029296875
49035,10,306,9,41,2,26.224005952864353,-2.2404541362561954,0.613407053921902,0,1124.0780029296875
49035,10,306,9,42,2,24.641860843441982,-2.1175635967769244,0.8513997106635237,0,1124.0780029296875
49035,10,306,9,43,2,23.124746537328665,-1.9176485470664837,0.848528137423857,0,1124.0780029296875
49035,10,306,9,44,2,22.63374690597712,-1.6997226432876638,0.8513997106635237,0,1124.0780029296875
49035,10,306,9,45,2,22.94143231394943,-1.5465717980785698,0.613407053921902,0,1124.0780029296875
49035,10,306,9,46,2,26.15624693692897,-1.991640964587708,0.848528137423857,0,1124.0780029296875
49035,10,306,9,47,2,25.232555368288423,-1.800071760412055,0.848528137423857,0,1124.0780029296875
49035,10,306,9,48,2,29.300931815140594,-2.050016798502754,0.682842712474619,0,1124.0780029296875
49035,10,306,9,49,2,28.037068352872648,-1.8810340612474927,0.8513997106635237,0,1124.0780029296875
49035,10,306,9,50,2,27.63349052168017,-1.7017472660584825,0.682842712474619,0,1124.0780029296875
49035,10,306,9,51,2,31.492118242652783,-1.8622168753316601,0.613407053921902,0,1124.0780029296875
49035,10,306,9,52,2,38.964535458271875,-2.8121166339671197,0.4308640753373011,0,1124.0780029296875
49035,10,306,9,53,2,50.144721852958924,-2.813442005683987,0.3414213562373095,0,1124.0780029296875
49035,10,306,9,54,2,41.467557474330285,-2.704384185356765,0.482842712474619,0,1124.0780029296875
49035,10,306,9,55,2,33.535406901708456,-2.540908439646491,0.3414213562373095,0,1124.0780029296875
49035,10,306,9,56,2,48.40815040576029,-2.6742047389003716,0.4242640687119285,0,1124.0780029296875
49035,10,306,9,57,2,40.600667714743054,-2.533143699996904,0.4242640687119285,0,1124.0780029296875
49035,10,306,9,58,2,55.381763501413836,-2.651609133967854,0.382842712474619,0,1124.0780029296875
49035,10,306,9,59,2,47.66765068369537,-2.527681035519412,0.4242640687119285,0,1124.0780029296875
49035,10,306,9,60,2,40.95448833618939,-2.3597363248340315,0.482842712474619,0,1124.0780029296875
49035,10,306,9,61,2,38.141876087408285,-2.255093992577167,0.37888543819998316,0,1124.0780029296875
49035,10,306,9,62,2,54.73568876448553,-2.5236290662440584,0.4242640687119285,0,1124.0780029296875
49035,10,306,9,63,2,47.969373747203505,-2.379807267996073,0.4242640687119285,0,1124.0780029296875
49035,10,306,9,64,2,61.80441996607081,-2.5205039233825928,0.3414213562373095,0,1124.0780029296875
49035,10,306,9,65,2,54.99865016996982,-2.394752555128865,0.382842712474619,0,1124.0780029296875
49035,10,306,9,66,2,49.29418539437477,-2.236846914904254,0.3414213562373095,0,1124.0780029296875
49035,10,307,5,1,,,,,0,1124.177978515625
49035,10,307,5,2,2,8.605318755203315,1.5083258657381533,0.49877653798134575,0,1124.177978515625
49035,10,307,5,3,,,,,0,1124.177978515625
49035,10,307,5,4,,,,,0,1124.177978515625
49035,10,307,5,5,2,5.086576694909595,1.4562989426527788,0.6093338188813542,1,1124.177978515625
49035,10,307,5,6,2,4.443823171954283,0.35915019571502793,0.48033726025288903,0,1124.177978515625
49035,10,307,5,7,,,,,0,1124.177978515625
49035,10,307,5,8,,,,,0,1124.177978515625
49035,10,307,5,9,,,,,0,1124.177978515625
49035,10,307,5,10,,,,,0,1124.177978515625
49035,10,307,5,11,2,8.033139318810646,-0.582226899802001,0.3438986205944199,0,1124.177978515625
49035,10,307,5,12,,,,,0,1124.177978515625
49035,10,307,5,13,,,,,0,1124.177978515625
49035,10,307,5,14,,,,,0,1124.177978515625
49035,10,307,5,15,2,3.5304695645802426,-2.518169596264486,0.3543862381261491,0,1124.177978515625
49035,10,307,5,16,,,,,0,1124.177978515625
49035,10,307,5,17,,,,,0,1124.177978515625
49035,10,307,5,18,2,34.78708954151352,1.8736731349826994,0.37888543819998316,0,1124.177978515625
49035,10,307,5,19,2,42.21566292535467,2.0921455467132515,0.3414213562373095,0,1124.177978515625
49035,10,307,5,20,2,32.70949097812385,2.0085993821646317,0.482842712474619,0,1124.177978515625
49035,10,307,5,21,2,23.614813229597356,1.858860556087794,0.3414213562373095,0,1124.177978515625
49035,10,307,5,22,2,36.2050507445612,2.1874517139069423,0.4242640687119285,0,1124.177978515625
49035,10,307,5,23,2,26.430177888865078,2.1192303526616074,0.4242640687119285,0,1124.177978515625
49035,10,307,5,24,2,45.637991814650846,2.3352321690279134,0.37888543819998316,0,1124.177978515625
49035,10,307,5,25,2,40.64111955623932,2.331126331932454,0.482842712474619,0,1124.177978515625
49035,10,307,5,26,2,30.650435602211896,2.3188990145172075,0.4242640687119285,0,1124.177978515625
49035,10,307,5,27,2,20.66876402754019,2.2948546464113857,0.482842712474619,0,1124.177978515625
49035,10,307,5,28,2,15.68668570273975,2.2713644352037488,0.37888543819998316,0,1124.177978515625
49035,10,307,5,29,2,35.781896288117885,-3.817250492994819,0.4242640687119285,0,1124.177978515625
49035,10,307,5,30,2,25.847489351858247,-3.7796481119877923,0.4242640687119285,0,1124.177978515625
49035,10,307,5,31,2,41.487817505165424,-3.7088016854593118,0.3414213562373095,0,1124.177978515625
49035,10,307,5,32,2,31.764565244352262,-3.644433016044687,0.482842712474619,0,1124.177978515625
49035,10,307,5,33,2,22.28757970223578,-3.5244069624655605,0.3414213562373095,0,1124.177978515625
49035,10,307,5,34,2,33.44782214795753,-3.4998647813739128,0.4308640753373011,0,1124.177978515625
49035,10,307,5,35,2,15.99403252394486,-2.702327202507682,0.613407053921902,0,1124.177978515625
49035,10,307,5,36,2,21.307820521153406,-2.8651374677374895,0.682842712474619,0,1124.177978515625
49035,10,307,5,37,2,19.310554556306418,-2.638681318122418,0.8513997106635237,0,1124.177978515625
49035,10,307,5,38,2,18.487071676782318,-2.376918647413515,0.682842712474619,0,1124.177978515625
49035,10,307,5,39,2,22.490997464679722,-2.7127990473862917,0.848528137423857,0,1124.177978515625
49035,10,307,5,40,2,21.20658550702187,-2.491083435761418,0.848528137423857,0,1124.177978515625
49035,10,307,5,41,2,27.392159558952127,-2.8850240333262085,0.613407053921902,0,1124.177978515625
49035,10,307,5,42,2,25.764169240252492,-2.768328862234947,0.8513997106635237,0,1124.177978515625
49035,10,307,5,43,2,24.13849039502622,-2.578440673440736,0.848528137423857,0,1124.177978515625
49035,10,307,5,44,2,23.484910484419,-2.3698640512015077,0.8513997106635237,0,1124.177978515625
49035,10,307,5,45,2,23.653816431993672,-2.2214019545257315,0.613407053921902,0,1124.177978515625
49035,10,307,5,46,2,27.214227312839807,-2.6464794115999384,0.848528137423857,0,1124.177978515625
49035,10,307,5,47,2,26.16273055598969,-2.463029599609094,0.848528137423857,0,1124.177978515625
49035,10,307,5,48,2,30.39015659582983,-2.7005062541243565,0.682842712474619,0,1124.177978515625
49035,10,307,5,49,2,29.024746679849933,-2.538375279891495,0.8513997106635237,0,1124.177978515625
49035,10,307,5,50,2,28.483507890354026,-2.365285324442937,0.682842712474619,0,1124.177978515625
49035,10,307,5,51,2,32.4657413395188,-2.517527131046407,0.613407053921902,0,1124.177978515625
49035,10,307,5,52,2,40.12046492514368,-3.435974871370445,0.4308640753373011,0,1124.177978515625
49035,10,307,5,53,2,51.29982751693781,-3.4392332778927814,0.3414213562373095,0,1124.177978515625
49035,10,307,5,54,2,42.65467040182553,-3.331736519458224,0.482842712474619,0,1124.177978515625
49035,10,307,5,55,2,34.744345020581,-3.1726535234825817,0.3414213562373095,0,1124.177978515625
49035,10,307,5,56,2,49.601570604736466,-3.303053123374754,0.4242640687119285,0,1124.177978515625
49035,10,307,5,57,2,41.80986020399324,-3.1653026138083318,0.4242640687119285,0,1124.177978515625
49035,10,307,5,58,2,56.57924271166011,-3.2814302044558867,0.382842712474619,0,1124.177978515625
49035,10,307,5,59,2,48.876981388438296,-3.160077221469967,0.4242640687119285,0,1124.177978515625
49035,10,307,5,60,2,42.15101319620377,-2.9968611020301004,0.482842712474619,0,1124.177978515625
49035,10,307,5,61,2,39.313893414122,-2.895679229168626,0.37888543819998316,0,1124.177978515625
49035,10,307,5,62,2,55.94509995534935,-3.156172098690436,0.4242640687119285,0,1124.177978515625
49035,10,307,5,63,2,49.16912458885994,-3.0158350812087282,0.4242640687119285,0,1124.177978515625
49035,10,307,5,64,2,63.01388028349243,-3.153143076841613,0.3414213562373095,0,1124.177978515625
49035,10,307,5,65,2,56.2005134514189,-3.0300654040683836,0.382842712474619,0,1124.177978515625
49035,10,307,5,66,2,50.46034399430822,-2.8761491832185966,0.3414213562373095,0,1124.177978515625
49035,10,308,2,1,,,,,0,1124.3780517578125
49035,10,308,2,2,2,6.378950437959831,0.3250450147653794,0.3424249319134619,1,1124.3780517578125
49035,10,308,2,3,,,,,0,1124.3780517578125
49035,10,308,2,4,,,,,0,1124.3780517578125
49035,10,308,2,5,,,,,0,1124.3780517578125
49035,10,308,2,6,2,3.3528144298786957,-1.4953882820601883,0.4217586164901985,0,1124.3780517578125
49035,10,308,2,7,,,,,0,1124.3780517578125
49035,10,308,2,8,,,,,0,1124.3780517578125
49035,10,308,2,9,,,,,0,1124.3780517578125
49035,10,308,2,10,,,,,0,1124.3780517578125
49035,10,308,2,11,2,8.837744038411786,-2.1476416466073065,0.3438986205944199,0,1124.3780517578125
49035,10,308,2,12,2,3.85513494412121,-4.245624801279419,0.5507551751186637,0,1124.3780517578125
49035,10,308,2,13,,,,,0,1124.3780517578125
49035,10,308,2,14,,,,,0,1124.3780517578125
49035,10,308,2,15,2,5.682641868185721,-3.587160350527525,0.5107378441940329,0,1124.3780517578125
49035,10,308,2,16,,,,,0,1124.3780517578125
49035,10,308,2,17,,,,,0,1124.3780517578125
49035,10,308,2,18,2,32.96376173605662,0.6207069093771191,0.37888543819998316,0,1124.3780517578125
49035,10,308,2,19,2,40.76898681450288,0.8395028741520352,0.3414213562373095,0,1124.3780517578125
49035,10,308,2,20,2,31.118327258615206,0.7659265845163681,0.482842712474619,0,1124.3780517578125
49035,10,308,2,21,2,21.785093455558968,0.6279212426815262,0.3414213562373095,0,1124.3780517578125
49035,10,308,2,22,2,34.956701678082496,0.9462277798494867,0.4242640687119285,0,1124.3780517578125
49035,10,308,2,23,2,25.064137681229326,0.8968339336202882,0.4242640687119285,0,1124.3780517578125
49035,10,308,2,24,2,44.69308324897775,-5.197805608699447,0.37888543819998316,0,1124.3780517578125
49035,10,308,2,25,2,39.69372359765001,-5.1959057848393115,0.482842712474619,0,1124.3780517578125
49035,10,308,2,26,2,29.695651172180103,-5.1901871429300535,0.4242640687119285,0,1124.3780517578125
49035,10,308,2,27,2,19.699535629881368,-5.178664131334024,0.482842712474619,0,1124.3780517578125
49035,10,308,2,28,2,14.703459007306666,-5.1670279754444906,0.37888543819998316,0,1124.3780517578125
49035,10,308,2,29,2,35.149002821929145,-5.050749857595811,0.4242640687119285,0,1124.3780517578125
49035,10,308,2,30,2,25.33164828567512,-4.986980411498747,0.4242640687119285,0,1124.3780517578125
49035,10,308,2,31,2,41.09833451871456,-4.950155871383256,0.3414213562373095,0,1124.3780517578125
49035,10,308,2,32,2,31.54858325987601,-4.867738690992875,0.482842712474619,0,1124.3780517578125
49035,10,308,2,33,2,22.395381470260624,-4.716083331837165,0.3414213562373095,0,1124.3780517578125
49035,10,308,2,34,2,33.57162208306433,-4.727123940348132,0.4308640753373011,0,1124.3780517578125
49035,10,308,2,35,2,17.802416524051775,-3.9085696803859244,0.613407053921902,0,1124.3780517578125
49035,10,308,2,36,2,22.831437183348406,-4.080310805703872,0.682842712474619,0,1124.3780517578125
49035,10,308,2,37,2,21.198927487110435,-3.865078650471762,0.8513997106635237,0,1124.3780517578125
49035,10,308,2,38,2,20.676424481770255,-3.6270018257571706,0.682842712474619,0,1124.3780517578125
49035,10,308,2,39,2,24.263241271970593,-3.9428566896626895,0.848528137423857,0,1124.3780517578125
49035,10,308,2,40,2,23.277132120784106,-3.7362288578024563,0.848528137423857,0,1124.3780517578125
49035,10,308,2,41,2,28.863146493709596,-4.116615768750168,0.613407053921902,0,1124.3780517578125
49035,10,308,2,42,2,27.441122926001917,-4.002917636973644,0.8513997106635237,0,1124.3780517578125
49035,10,308,2,43,2,26.098567588787894,-3.822699033266935,0.848528137423857,0,1124.3780517578125
49035,10,308,2,44,2,25.675966056472188,-3.6299403100475702,0.8513997106635237,0,1124.3780517578125
49035,10,308,2,45,2,25.955524168386955,-3.494692262435848,0.613407053921902,0,1124.3780517578125
49035,10,308,2,46,2,29.07654691679569,-3.8918914070378525,0.848528137423857,0,1124.3780517578125
49035,10,308,2,47,2,28.25890272730353,-3.7195965495652845,0.848528137423857,0,1124.3780517578125
49035,10,308,2,48,2,32.16762240238951,-3.9480139520980524,0.682842712474619,0,1124.3780517578125
49035,10,308,2,49,2,31.030242244772978,-3.793751177466092,0.8513997106635237,0,1124.3780517578125
49035,10,308,2,50,2,30.675657067386116,-3.6319209457247585,0.682842712474619,0,1124.3780517578125
49035,10,308,2,51,2,34.49412161915749,-3.778421169649534,0.613407053921902,0,1124.3780517578125
49035,10,308,2,52,2,40.381611039237576,-4.675414776191522,0.4308640753373011,0,1124.3780517578125
49035,10,308,2,53,2,51.53809472820929,-4.691416249083469,0.3414213562373095,0,1124.3780517578125
49035,10,308,2,54,2,43.155708935285,-4.575725846972607,0.482842712474619,0,1124.3780517578125
49035,10,308,2,55,2,35.618186635484435,-4.4079130974741805,0.3414213562373095,0,1124.3780517578125
49035,10,308,2,56,2,50.16010281631428,-4.554904018554687,0.4242640687119285,0,1124.3780517578125
49035,10,308,2,57,2,42.688123875808635,-4.411155746293506,0.4242640687119285,0,1124.3780517578125
49035,10,308,2,58,2,57.180911284968175,-4.53918980906362,0.382842712474619,0,1124.3780517578125
49035,10,308,2,59,2,49.758382418167145,-4.413476906398296,0.4242640687119285,0,1124.3780517578125
49035,10,308,2,60,2,43.38359858708967,-4.247457942345129,0.482842712474619,0,1124.3780517578125
49035,10,308,2,61,2,40.746246810133464,-4.14638166813643,0.37888543819998316,0,1124.3780517578125
49035,10,308,2,62,2,56.82884234003669,-4.415220491648992,0.4242640687119285,0,1124.3780517578125
49035,10,308,2,63,2,50.35630374840781,-4.2726045117711475,0.4242640687119285,0,1124.3780517578125
49035,10,308,2,64,2,63.899436793644185,-4.416578218238345,0.3414213562373095,0,1124.3780517578125
49035,10,308,2,65,2,57.353099550399996,-4.291625270670227,0.382842712474619,0,1124.3780517578125
49035,10,308,2,66,2,51.919341613037204,-4.137632095246649,0.3414213562373095,0,1124.3780517578125
49035,10,309,6,1,,,,,0,1124.677978515625
49035,10,309,6,2,,,,,0,1124.677978515625
49035,10,309,6,3,,,,,0,1124.677978515625
49035,10,309,6,4,,,,,0,1124.677978515625
49035,10,309,6,5,,,,,0,1124.677978515625
49035,10,309,6,6,2,4.606260874741492,-2.379494951913968,0.4217586164901985,1,1124.677978515625
49035,10,309,6,7,,,,,0,1124.677978515625
49035,10,309,6,8,,,,,0,1124.677978515625
49035,10,309,6,9,,,,,0,1124.677978515625
49035,10,309,6,10,,,,,0,1124.677978515625
49035,10,309,6,11,2,10.920826842921002,-2.5972675170632598,0.3438986205944199,0,1124.677978515625
49035,10,309,6,12,2,5.122590898141688,-4.004170205946862,0.5129125101475158,0,1124.677978515625
49035,10,309,6,13,,,,,0,1124.677978515625
49035,10,309,6,14,,,,,0,1124.677978515625
49035,10,309,6,15,2,7.893205113769504,-3.657032919054102,0.5107378441940329,0,1124.677978515625
49035,10,309,6,16,,,,,0,1124.677978515625
49035,10,309,6,17,,,,,0,1124.677978515625
49035,10,309,6,18,2,30.523900318413716,0.36733159293902773,0.37888543819998316,0,1124.677978515625
49035,10,309,6,19,2,38.6093471660098,0.5927398187412991,0.3414213562373095,0,1124.677978515625
49035,10,309,6,20,2,28.85796058696014,0.5263407764023418,0.482842712474619,0,1124.677978515625
49035,10,309,6,21,2,19.36187206577972,0.39364317747494226,0.3414213562373095,0,1124.677978515625
49035,10,309,6,22,2,32.98189181205491,0.7127944043384145,0.4242640687119285,0,1124.677978515625
49035,10,309,6,23,2,23.01967393676919,0.6812749858336047,0.4242640687119285,0,1124.677978515625
49035,10,309,6,24,2,42.974159508233626,-5.43707290414115,0.37888543819998316,0,1124.677978515625
49035,10,309,6,25,2,37.984582211282046,-5.429086385317617,0.482842712474619,0,1124.677978515625
49035,10,309,6,26,2,28.016578777907924,-5.4045834198415506,0.4242640687119285,0,1124.677978515625
49035,10,309,6,27,2,18.083940031746312,-5.353098342798496,0.482842712474619,0,1124.677978515625
49035,10,309,6,28,2,13.155948745656275,-5.298274434050564,0.37888543819998316,0,1124.677978515625
49035,10,309,6,29,2,33.76317497929172,-5.27051642431519,0.4242640687119285,0,1124.677978515625
49035,10,309,6,30,2,24.125757715258324,-5.1769883641213665,0.4242640687119285,0,1124.677978515625
49035,10,309,6,31,2,39.93714164716624,-5.176609696001513,0.3414213562373095,0,1124.677978515625
49035,10,309,6,32,2,30.61168867604165,-5.073302168812351,0.482842712474619,0,1124.677978515625
49035,10,309,6,33,2,21.890081869467107,-4.884030813472338,0.3414213562373095,0,1124.677978515625
49035,10,309,6,34,2,32.987101754913,-4.934736567862194,0.4308640753373011,0,1124.677978515625
49035,10,309,6,35,2,19.325408233688133,-4.077354414237083,0.613407053921902,0,1124.677978515625
49035,10,309,6,36,2,23.94624567829422,-4.262968065174318,0.682842712474619,0,1124.677978515625
49035,10,309,6,37,2,22.791945560038588,-4.054348296236307,0.8513997106635237,0,1124.677978515625
49035,10,309,6,38,2,22.705128996292903,-3.834142033263535,0.682842712474619,0,1124.677978515625
49035,10,309,6,39,2,25.68042895949243,-4.138644729350995,0.848528137423857,0,1124.677978515625
49035,10,309,6,40,2,25.11044666807175,-3.9427168879681447,0.848528137423857,0,1124.677978515625
49035,10,309,6,41,2,29.866553374079437,-4.318437211598566,0.613407053921902,0,1124.677978515625
49035,10,309,6,42,2,28.714039783271744,-4.205526176319343,0.8513997106635237,0,1124.677978515625
49035,10,309,6,43,2,27.75871360495386,-4.031467336972298,0.848528137423857,0,1124.677978515625
49035,10,309,6,44,2,27.687475170704687,-3.850885182106213,0.8513997106635237,0,1124.677978515625
49035,10,309,6,45,2,28.170575989087716,-3.7266825808713433,0.613407053921902,0,1124.677978515625
49035,10,309,6,46,2,30.586889840806396,-4.104296175679895,0.848528137423857,0,1124.677978515625
49035,10,309,6,47,2,30.109930761464124,-3.9401047725172047,0.848528137423857,0,1124.677978515625
49035,10,309,6,48,2,33.54950788410167,-4.16453760805034,0.682842712474619,0,1124.677978515625
49035,10,309,6,49,2,32.735601103262766,-4.0155373368386105,0.8513997106635237,0,1124.677978515625
49035,10,309,6,50,2,32.67521507073024,-3.8625192652345106,0.682842712474619,0,1124.677978515625
49035,10,309,6,51,2,36.22321021948496,-4.006992315801458,0.613407053921902,0,1124.677978515625
49035,10,309,6,52,2,39.91456100788952,-4.8956595686067335,0.4308640753373011,0,1124.677978515625
49035,10,309,6,53,2,51.01122796394482,-4.925917477518978,0.3414213562373095,0,1124.677978515625
49035,10,309,6,54,2,42.94468045104797,-4.799558610841041,0.482842712474619,0,1124.677978515625
49035,10,309,6,55,2,35.86566296188735,-4.6193441423285515,0.3414213562373095,0,1124.677978515625
49035,10,309,6,56,2,49.99268823844315,-4.787243797742049,0.4242640687119285,0,1124.677978515625
49035,10,309,6,57,2,42.91117660888883,-4.634654143151632,0.4242640687119285,0,1124.677978515625
49035,10,309,6,58,2,57.046403704087446,-4.777973276079586,0.382842712474619,0,1124.677978515625
49035,10,309,6,59,2,49.96391073787957,-4.645643934044489,0.4242640687119285,0,1124.677978515625
49035,10,309,6,60,2,44.02831562614988,-4.4738441535707905,0.482842712474619,0,1124.677978515625
49035,10,309,6,61,2,41.647841206987096,-4.371117733601968,0.37888543819998316,0,1124.677978515625
49035,10,309,6,62,2,57.02118618975185,-4.653914206422451,0.4242640687119285,0,1124.677978515625
49035,10,309,6,63,2,50.92657336930714,-4.5066577219948645,0.4242640687119285,0,1124.677978515625
49035,10,309,6,64,2,64.08150257874652,-4.660362452598617,0.3414213562373095,0,1124.677978515625
49035,10,309,6,65,2,57.86656351817493,-4.531622345100164,0.382842712474619,0,1124.677978515625
49035,10,309,6,66,2,52.82650257262968,-4.375247902693715,0.3414213562373095,0,1124.677978515625
49035,10,310,11,1,,,,,0,1125.2120361328125
49035,10,310,11,2,,,,,0,1125.2120361328125
49035,10,310,11,3,,,,,0,1125.2120361328125
49035,10,310,11,4,,,,,0,1125.2120361328125
49035,10,310,11,5,,,,,0,1125.2120361328125
49035,10,310,11,6,,,,,0,1125.2120361328125
49035,10,310,11,7,2,11.450703683044418,-2.2523788749815044,0.5934065934065934,0,1125.2120361328125
49035,10,310,11,8,2,8.449309987398767,-2.0690784080884694,0.7099783544262142,0,1125.2120361328125
49035,10,310,11,9,,,,,0,1125.2120361328125
49035,10,310,11,10,,,,,0,1125.2120361328125
49035,10,310,11,11,2,8.397158825216447,-0.20997203452815955,0.2641265408223401,1,1125.2120361328125
49035,10,310,11,12,2,8.670143885095232,-1.653830812819568,0.7195315787953919,0,1125.2120361328125
49035,10,310,11,13,,,,,0,1125.2120361328125
49035,10,310,11,14,,,,,0,1125.2120361328125
49035,10,310,11,15,2,10.195682944920948,-1.3129502811829343,0.5256680940246072,0,1125.2120361328125
49035,10,310,11,16,,,,,0,1125.2120361328125
49035,10,310,11,17,,,,,0,1125.2120361328125
49035,10,310,11,18,2,33.30703067320901,3.271449917543067,0.37888543819998316,0,1125.2120361328125
49035,10,310,11,19,2,42.07606902678237,3.4569858365577018,0.3414213562373095,0,1125.2120361328125
49035,10,310,11,20,2,32.16744934546473,3.4203213723524377,0.482842712474619,0,1125.2120361328125
49035,10,310,11,21,2,22.34041203826652,3.351227804547642,0.3414213562373095,0,1125.2120361328125
49035,10,310,11,22,2,36.78255967434499,-2.706959916780429,0.4242640687119285,0,1125.2120361328125
49035,10,310,11,23,2,26.782567256393378,-2.7065675781082814,0.4242640687119285,0,1125.2120361328125
49035,10,310,11,24,2,47.053097546040675,-2.600720627095671,0.37888543819998316,0,1125.2120361328125
49035,10,310,11,25,2,42.085253890174656,-2.5879979710398353,0.482842712474619,0,1125.2120361328125
49035,10,310,11,26,2,32.1794625133321,-2.550784023232196,0.4242640687119285,0,1125.2120361328125
49035,10,310,11,27,2,22.35770606062773,-2.4806927634850697,0.482842712474619,0,1125.2120361328125
49035,10,310,11,28,2,17.52260330592096,-2.4163413406300127,0.4538461538461539,0,1125.2120361328125
49035,10,310,11,29,2,38.127807522209515,-2.441580291060653,0.4242640687119285,0,1125.2120361328125
49035,10,310,11,30,2,28.602078929636235,-2.3493972223925987,0.4242640687119285,0,1125.2120361328125
49035,10,310,11,31,2,44.40654912571306,-2.3625200329735945,0.3414213562373095,0,1125.2120361328125
49035,10,310,11,32,2,35.160927432319696,-2.266053804267241,0.482842712474619,0,1125.2120361328125
49035,10,310,11,33,2,26.469605787531787,-2.1037572446777255,0.3414213562373095,0,1125.2120361328125
49035,10,310,11,34,2,37.572294620209256,-2.1454715179415724,0.4308640753373011,0,1125.2120361328125
49035,10,310,11,35,2,22.58132649296985,-1.4422849965439184,0.613407053921902,0,1125.2120361328125
49035,10,310,11,36,2,27.672409606821866,-1.577045349327886,0.682842712474619,0,1125.2120361328125
49035,10,310,11,37,2,25.941026575117824,-1.4017488274602705,0.8513997106635237,0,1125.2120361328125
49035,10,310,11,38,2,25.10202115556059,-1.2082859777492556,0.682842712474619,0,1125.2120361328125
49035,10,310,11,39,2,29.061018722213177,-1.462326968495487,0.848528137423857,0,1125.2120361328125
49035,10,310,11,40,2,27.869650437277947,-1.2914888058579566,0.848528137423857,0,1125.2120361328125
49035,10,310,11,41,2,33.702767455335334,-1.6078473965213889,0.613407053921902,0,1125.2120361328125
49035,10,310,11,42,2,32.26683682319481,-1.5110184147832055,0.8513997106635237,0,1125.2120361328125
49035,10,310,11,43,2,30.794859390780182,-1.3592841847242845,0.848528137423857,0,1125.2120361328125
49035,10,310,11,44,2,30.091493336508982,-1.196486391469144,0.8513997106635237,0,1125.2120361328125
49035,10,310,11,45,2,30.08770838145428,-1.0801015270600463,0.613407053921902,0,1125.2120361328125
49035,10,310,11,46,2,33.836804138390164,-1.4151100090931858,0.848528137423857,0,1125.2120361328125
49035,10,310,11,47,2,32.81926142714092,-1.2680761478822893,0.848528137423857,0,1125.2120361328125
49035,10,310,11,48,2,36.966677747691,-1.4616079638174848,0.682842712474619,0,1125.2120361328125
49035,10,310,11,49,2,35.689072137348646,-1.3284226310038398,0.8513997106635237,0,1125.2120361328125
49035,10,310,11,50,2,35.08396323604443,-1.1880440696118681,0.682842712474619,0,1125.2120361328125
49035,10,310,11,51,2,39.13093946755869,-1.3114235379109316,0.613407053921902,0,1125.2120361328125
49035,10,310,11,52,2,44.49594612806335,-2.1103411170382507,0.4308640753373011,0,1125.2120361328125
49035,10,310,11,53,2,55.596101610742316,-2.137215472216801,0.3414213562373095,0,1125.2120361328125
49035,10,310,11,54,2,47.48974338695113,-2.023196358555728,0.482842712474619,0,1125.2120361328125
49035,10,310,11,55,2,40.24456410007386,-1.8653706172844322,0.3414213562373095,0,1125.2120361328125
49035,10,310,11,56,2,54.5296948988547,-2.010174895263939,0.4242640687119285,0,1125.2120361328125
49035,10,310,11,57,2,47.30578017968485,-1.8739223295783367,0.4242640687119285,0,1125.2120361328125
49035,10,310,11,58,2,61.57677747792499,-2.000132491387909,0.382842712474619,0,1125.2120361328125
49035,10,310,11,59,2,54.36955708125987,-1.8802523064173557,0.4242640687119285,0,1125.2120361328125
49035,10,310,11,60,2,48.170509130160326,-1.7267733756817776,0.482842712474619,0,1125.2120361328125
49035,10,310,11,61,2,45.58039662159712,-1.6354685591779627,0.37888543819998316,0,1125.2120361328125
49035,10,310,11,62,2,61.435011483811785,-1.8851264599595237,0.4242640687119285,0,1125.2120361328125
49035,10,310,11,63,2,55.12358704459073,-1.7517372819564907,0.4242640687119285,0,1125.2120361328125
49035,10,310,11,64,2,68.50162432249178,-1.8889950569973692,0.3414213562373095,0,1125.2120361328125
49035,10,310,11,65,2,62.10331510850513,-1.771099763810643,0.382842712474619,0,1125.2120361328125
49035,10,310,11,66,2,56.75536062886717,-1.6286526557555565,0.3414213562373095,0,1125.2120361328125
49035,10,311,8,1,,,,,0,1125.6619873046875
49035,10,311,8,2,,,,,0,1125.6619873046875
49035,10,311,8,3,,,,,0,1125.6619873046875
49035,10,311,8,4,,,,,0,1125.6619873046875
49035,10,311,8,5,,,,,0,1125.6619873046875
49035,10,311,8,6,,,,,0,1125.6619873046875
49035,10,311,8,7,2,14.17491278857288,-2.2568205569559514,0.5934065934065934,0,1125.6619873046875
49035,10,311,8,8,2,10.69781703350721,-2.224356213645326,0.7099783544262142,1,1125.6619873046875
49035,10,311,8,9,,,,,0,1125.6619873046875
49035,10,311,8,10,,,,,0,1125.6619873046875
49035,10,311,8,11,,,,,0,1125.6619873046875
49035,10,311,8,12,2,8.997215396664085,-1.9070804322918535,0.7195315787953919,0,1125.6619873046875
49035,10,311,8,13,,,,,0,1125.6619873046875
49035,10,311,8,14,,,,,0,1125.6619873046875
49035,10,311,8,15,2,8.512137246634452,-1.504181156606676,0.5256680940246072,0,1125.6619873046875
49035,10,311,8,16,,,,,0,1125.6619873046875
49035,10,311,8,17,,,,,0,1125.6619873046875
49035,10,311,8,18,2,38.111721621936255,3.5622787626304304,0.37888543819998316,0,1125.6619873046875
49035,10,311,8,19,2,46.40760638379885,3.7407371085990424,0.3414213562373095,0,1125.6619873046875
49035,10,311,8,20,2,36.627398500284016,3.690158118469818,0.482842712474619,0,1125.6619873046875
49035,10,311,8,21,2,27.0086414231373,3.6031781702229106,0.3414213562373095,0,1125.6619873046875
49035,10,311,8,22,2,40.76369857479511,3.838716887688308,0.4242640687119285,0,1125.6619873046875
49035,10,311,8,23,2,30.8152480457606,3.8101039874573996,0.4242640687119285,0,1125.6619873046875
49035,10,311,8,24,2,50.62451705233737,-2.3284118938677767,0.37888543819998316,0,1125.6619873046875
49035,10,311,8,25,2,45.62665802022867,-2.325367723368767,0.482842712474619,0,1125.6619873046875
49035,10,311,8,26,2,35.63274214426806,-2.316717738222483,0.4242640687119285,0,1125.6619873046875
49035,10,311,8,27,2,25.643570409459308,-2.301326723312748,0.482842712474619,0,1125.6619873046875
49035,10,311,8,28,2,20.65291501598254,-2.2880496985997736,0.4538461538461539,0,1125.6619873046875
49035,10,311,8,29,2,41.10723918384743,-2.199713072987774,0.4242640687119285,0,1125.6619873046875
49035,10,311,8,30,2,31.268282714966002,-2.1498516264095078,0.4242640687119285,0,1125.6619873046875
49035,10,311,8,31,2,47.00976402744632,-2.1111115176728656,0.3414213562373095,0,1125.6619873046875
49035,10,311,8,32,2,37.38740836887716,-2.046167871167505,0.482842712474619,0,1125.6619873046875
49035,10,311,8,33,2,28.030674183226242,-1.9371124999938698,0.3414213562373095,0,1125.6619873046875
49035,10,311,8,34,2,39.203077691066945,-1.9244066798936954,0.4308640753373011,0,1125.6619873046875
49035,10,311,8,35,2,20.811083003715208,-1.3200985929913864,0.613407053921902,0,1125.6619873046875
49035,10,311,8,36,2,26.49047144941885,-1.415316786756042,0.682842712474619,0,1125.6619873046875
49035,10,311,8,37,2,23.889229224170776,-1.245370245152336,0.8513997106635237,0,1125.6619873046875
49035,10,311,8,38,2,22.127934115896927,-1.0414869722124518,0.682842712474619,0,1125.6619873046875
49035,10,311,8,39,2,27.262642447570034,-1.2868437969090478,0.848528137423857,0,1125.6619873046875
49035,10,311,8,40,2,25.242857772775004,-1.1122679659356507,0.848528137423857,0,1125.6619873046875
49035,10,311,8,41,2,32.59283566682055,-1.4117230156722433,0.613407053921902,0,1125.6619873046875
49035,10,311,8,42,2,30.672594828659665,-1.3191416644406666,0.8513997106635237,0,1125.6619873046875
49035,10,311,8,43,2,28.45625184095087,-1.1672899555751979,0.848528137423857,0,1125.6619873046875
49035,10,311,8,44,2,26.994600648057745,-0.9945531649398417,0.8513997106635237,0,1125.6619873046875
49035,10,311,8,45,2,26.490066078944945,-0.8649450415339756,0.613407053921902,0,1125.6619873046875
49035,10,311,8,46,2,31.738220951003097,-1.2110433400250953,0.848528137423857,0,1125.6619873046875
49035,10,311,8,47,2,30.021073672458684,-1.0587666526279422,0.848528137423857,0,1125.6619873046875
49035,10,311,8,48,2,35.06951766753806,-1.246542019487614,0.682842712474619,0,1125.6619873046875
49035,10,311,8,49,2,33.14847303792837,-1.1110470637442864,0.8513997106635237,0,1125.6619873046875
49035,10,311,8,50,2,31.902530621547317,-0.9620055816241312,0.682842712474619,0,1125.6619873046875
49035,10,311,8,51,2,36.48171270491169,-1.0803492545175497,0.613407053921902,0,1125.6619873046875
49035,10,311,8,52,2,45.90200541425151,-1.871036857175877,0.4308640753373011,0,1125.6619873046875
49035,10,311,8,53,2,57.080265471839034,-1.8752497238166597,0.3414213562373095,0,1125.6619873046875
49035,10,311,8,54,2,48.436113561686795,-1.7795931575142303,0.482842712474619,0,1125.6619873046875
49035,10,311,8,55,2,40.42224001197385,-1.6443101040247785,0.3414213562373095,0,1125.6619873046875
49035,10,311,8,56,2,55.373006939832734,-1.7531202688060938,0.4242640687119285,0,1125.6619873046875
49035,10,311,8,57,2,47.47705012091383,-1.6333708569940546,0.4242640687119285,0,1125.6619873046875
49035,10,311,8,58,2,62.34005693097263,-1.7325526828803186,0.382842712474619,0,1125.6619873046875
49035,10,311,8,59,2,54.53607144617138,-1.6252627391358971,0.4242640687119285,0,1125.6619873046875
49035,10,311,8,60,2,47.561365407302056,-1.484439361510316,0.482842712474619,0,1125.6619873046875
49035,10,311,8,61,2,44.5088044629308,-1.3983433626875112,0.37888543819998316,0,1125.6619873046875
49035,10,311,8,62,2,61.59785620766402,-1.619013368955705,0.4242640687119285,0,1125.6619873046875
49035,10,311,8,63,2,54.609488919097686,-1.4956075661350612,0.4242640687119285,0,1125.6619873046875
49035,10,311,8,64,2,68.6615517591774,-1.614049669898196,0.3414213562373095,0,1125.6619873046875
49035,10,311,8,65,2,61.662866302201664,-1.50422167410512,0.382842712474619,0,1125.6619873046875
49035,10,311,8,66,2,55.58965255538298,-1.368423192668037,0.3414213562373095,0,1125.6619873046875
49035,10,312,7,1,2,8.01186884168365,-1.6063070976266487,0.5382091112536811,0,1126.844970703125
49035,10,312,7,2,,,,,0,1126.844970703125
49035,10,312,7,3,2,5.165002211201115,-1.9241467282437408,0.6122053921210209,0,1126.844970703125
49035,10,312,7,4,2,9.41417250612794,-2.304349015481501,0.45812728826201443,0,1126.844970703125
49035,10,312,7,5,,,,,0,1126.844970703125
49035,10,312,7,6,,,,,0,1126.844970703125
49035,10,312,7,7,2,5.002356244210836,-5.557578514398147,0.4090963330049865,1,1126.844970703125
49035,10,312,7,8,,,,,0,1126.844970703125
49035,10,312,7,9,,,,,0,1126.844970703125
49035,10,312,7,10,,,,,0,1126.844970703125
49035,10,312,7,11,,,,,0,1126.844970703125
49035,10,312,7,12,2,4.070379606824568,-3.9706126785792364,0.563179972727508,0,1126.844970703125
49035,10,312,7,13,,,,,0,1126.844970703125
49035,10,312,7,14,,,,,0,1126.844970703125
49035,10,312,7,15,2,7.382264896352306,-3.7443771176727054,0.48424673778729777,0,1126.844970703125
49035,10,312,7,16,,,,,0,1126.844970703125
49035,10,312,7,17,,,,,0,1126.844970703125
49035,10,312,7,18,2,29.616891867361304,-0.033615016671815656,0.37888543819998316,0,1126.844970703125
49035,10,312,7,19,2,37.31181830459658,0.21098921789442526,0.3414213562373095,0,1126.844970703125
49035,10,312,7,20,2,27.67798001050788,0.12752992226657955,0.482842712474619,0,1126.844970703125
49035,10,312,7,21,2,18.43825831603732,-0.04197354475437276,0.3414213562373095,0,1126.844970703125
49035,10,312,7,22,2,31.512401922223454,0.32904023538447813,0.4242640687119285,0,1126.844970703125
49035,10,312,7,23,2,21.608569299576455,0.2760153961016125,0.4242640687119285,0,1126.844970703125
49035,10,312,7,24,2,41.328476577536804,-5.805703572983518,0.37888543819998316,0,1126.844970703125
49035,10,312,7,25,2,36.33169927698719,-5.801071528242553,0.482842712474619,0,1126.844970703125
49035,10,312,7,26,2,26.341813996387508,-5.786536355457411,0.4242640687119285,0,1126.844970703125
49035,10,312,7,27,2,16.364289073684887,-5.754261160298634,0.482842712474619,0,1126.844970703125
49035,10,312,7,28,2,11.390318389779344,-5.716938368134301,0.44328887294614544,0,1126.844970703125
49035,10,312,7,29,2,31.950775609771284,-5.637981975032211,0.4242640687119285,0,1126.844970703125
49035,10,312,7,30,2,22.242995624079086,-5.547932074477088,0.4242640687119285,0,1126.844970703125
49035,10,312,7,31,2,38.05013744405708,-5.535336628728646,0.3414213562373095,0,1126.844970703125
49035,10,312,7,32,2,28.665515027267173,-5.4307106285028155,0.482842712474619,0,1126.844970703125
49035,10,312,7,33,2,19.889960885967717,-5.229569124450162,0.3414213562373095,0,1126.844970703125
49035,10,312,7,34,2,30.99390335787962,-5.282126484722555,0.4308640753373011,0,1126.844970703125
49035,10,312,7,35,2,17.93856499551807,-4.341387485636021,0.613407053921902,0,1126.844970703125
49035,10,312,7,36,2,22.30089512711036,-4.555207187134007,0.682842712474619,0,1126.844970703125
49035,10,312,7,37,2,21.430803055503947,-4.32950567225678,0.8513997106635237,0,1126.844970703125
49035,10,312,7,38,2,21.707803107113815,-4.0975261750539635,0.682842712474619,0,1126.844970703125
49035,10,312,7,39,2,24.192142698129008,-4.426512291250314,0.848528137423857,0,1126.844970703125
49035,10,312,7,40,2,23.9208938892354,-4.218596893607201,0.848528137423857,0,1126.844970703125
49035,10,312,7,41,2,28.15360793497132,-4.6242965502351305,0.613407053921902,0,1126.844970703125
49035,10,312,7,42,2,27.13374683027532,-4.503084853399521,0.8513997106635237,0,1126.844970703125
49035,10,312,7,43,2,26.423277865982087,-4.317982154203412,0.848528137423857,0,1126.844970703125
49035,10,312,7,44,2,26.648433524624327,-4.129468288281405,0.8513997106635237,0,1126.844970703125
49035,10,312,7,45,2,27.354224291866107,-4.0024116346796115,0.613407053921902,0,1126.844970703125
49035,10,312,7,46,2,29.140522677291468,-4.399521686440611,0.848528137423857,0,1126.844970703125
49035,10,312,7,47,2,28.915730287149263,-4.22723482586761,0.848528137423857,0,1126.844970703125
49035,10,312,7,48,2,32.01797168198788,-4.4667895001687565,0.682842712474619,0,1126.844970703125
49035,10,312,7,49,2,31.41814613821128,-4.310121877464881,0.8513997106635237,0,1126.844970703125
49035,10,312,7,50,2,31.60774118622562,-4.151403762730964,0.682842712474619,0,1126.844970703125
49035,10,312,7,51,2,34.91542799776872,-4.305957961258513,0.613407053921902,0,1126.844970703125
49035,10,312,7,52,2,37.91547102177764,-5.239931928465815,0.4308640753373011,0,1126.844970703125
49035,10,312,7,53,2,49.0162671377117,-5.270814301726189,0.3414213562373095,0,1126.844970703125
49035,10,312,7,54,2,40.945002581296315,-5.13893555888002,0.482842712474619,0,1126.844970703125
49035,10,312,7,55,2,33.91742957019602,-4.947738253137011,0.3414213562373095,0,1126.844970703125
49035,10,312,7,56,2,47.99431355721259,-5.126432147296228,0.4242640687119285,0,1126.844970703125
49035,10,312,7,57,2,40.955499338854196,-4.966045912117091,0.4242640687119285,0,1126.844970703125
49035,10,312,7,58,2,55.04920554625397,-5.117132353510353,0.382842712474619,0,1126.844970703125
49035,10,312,7,59,2,48.00326888390586,-4.978981101267117,0.4242640687119285,0,1126.844970703125
49035,10,312,7,60,2,42.168858364999764,-4.798222376947118,0.482842712474619,0,1126.844970703125
49035,10,312,7,61,2,39.87683553067913,-4.689803982869719,0.37888543819998316,0,1126.844970703125
49035,10,312,7,62,2,55.057013367837556,-4.988603136672243,0.4242640687119285,0,1126.844970703125
49035,10,312,7,63,2,49.042568379450614,-4.834704029550139,0.4242640687119285,0,1126.844970703125
49035,10,312,7,64,2,62.11469728197927,-4.996039159101623,0.3414213562373095,0,1126.844970703125
49035,10,312,7,65,2,55.96547516727405,-4.8621895835994895,0.382842712474619,0,1126.844970703125
49035,10,312,7,66,2,51.04932127820715,-4.6990906903159955,0.3414213562373095,0,1126.844970703125
49035,10,313,12,1,2,9.031231428087715,3.8634720100141724,0.5382091112536811,0,1127.0450439453125
49035,10,313,12,2,,,,,0,1127.0450439453125
49035,10,313,12,3,2,6.446533401923306,3.5529363227686637,0.6122053921210209,0,1127.0450439453125
49035,10,313,12,4,2,10.834532247133396,3.265133975986521,0.45812728826201443,0,1127.0450439453125
49035,10,313,12,5,,,,,0,1127.0450439453125
49035,10,313,12,6,,,,,0,1127.0450439453125
49035,10,313,12,7,,,,,0,1127.0450439453125
49035,10,313,12,8,,,,,0,1127.0450439453125
49035,10,313,12,9,,,,,0,1127.0450439453125
49035,10,313,12,10,,,,,0,1127.0450439453125
49035,10,313,12,11,,,,,0,1127.0450439453125
49035,10,313,12,12,2,4.378058781160599,1.950692560093366,0.5036147230395605,1,1127.0450439453125
49035,10,313,12,13,,,,,0,1127.0450439453125
49035,10,313,12,14,,,,,0,1127.0450439453125
49035,10,313,12,15,2,7.890297714856264,2.0196459462629344,0.47228543157461056,0,1127.0450439453125
49035,10,313,12,16,,,,,0,1127.0450439453125
49035,10,313,12,17,,,,,0,1127.0450439453125
49035,10,313,12,18,2,28.563665925486465,5.521218775514241,0.37888543819998316,0,1127.0450439453125
49035,10,313,12,19,2,36.04960362392563,5.7807341660152485,0.3414213562373095,0,1127.0450439453125
49035,10,313,12,20,2,26.480795185686418,5.686683551765833,0.482842712474619,0,1127.0450439453125
49035,10,313,12,21,2,17.40376700287596,5.490909006739418,0.3414213562373095,0,1127.0450439453125
49035,10,313,12,22,2,30.17867989355547,5.9002913208400125,0.4242640687119285,0,1127.0450439453125
49035,10,313,12,23,2,20.30791255500698,5.835549255046441,0.4242640687119285,0,1127.0450439453125
49035,10,313,12,24,2,39.93048497648187,-0.2252055232247243,0.37888543819998316,0,1127.0450439453125
49035,10,313,12,25,2,34.932405107136624,-0.22149566422234157,0.482842712474619,0,1127.0450439453125
49035,10,313,12,26,2,24.938554865774123,-0.20961529545627888,0.4242640687119285,0,1127.0450439453125
49035,10,313,12,27,2,14.952929847268969,-0.1818579668372169,0.482842712474619,0,1127.0450439453125
49035,10,313,12,28,2,9.970928097695205,-0.14714315358029095,0.37888543819998316,0,1127.0450439453125
49035,10,313,12,29,2,30.519694055554393,-0.05207583697552698,0.4242640687119285,0,1127.0450439453125
49035,10,313,12,30,2,20.81130263747955,0.04308316796452916,0.4242640687119285,0,1127.0450439453125
49035,10,313,12,31,2,36.6192836043533,0.0549731707567096,0.3414213562373095,0,1127.0450439453125
49035,10,313,12,32,2,27.25124811674099,0.1657791537571205,0.482842712474619,0,1127.0450439453125
49035,10,313,12,33,2,18.555029402948957,0.3857835986608822,0.3414213562373095,0,1127.0450439453125
49035,10,313,12,34,2,29.630727741377797,0.32068813746926006,0.4308640753373011,0,1127.0450439453125
49035,10,313,12,35,2,17.535146358471078,1.3243984549902519,0.613407053921902,0,1127.0450439453125
49035,10,313,12,36,2,21.6020071635803,1.0900352549628312,0.682842712474619,0,1127.0450439453125
49035,10,313,12,37,2,21.035113729367737,1.3236115478990957,0.8513997106635237,0,1127.0450439453125
49035,10,313,12,38,2,21.64036288326736,1.5567661707788716,0.682842712474619,0,1127.0450439453125
49035,10,313,12,39,2,23.65874284135028,1.2173265983149384,0.848528137423857,0,1127.0450439453125
49035,10,313,12,40,2,23.67626256285404,1.4289803005163755,0.848528137423857,0,1127.0450439453125
49035,10,313,12,41,2,27.361756317539427,1.0069765704579385,0.613407053921902,0,1127.0450439453125
49035,10,313,12,42,2,26.495211191059624,1.1330035958303426,0.8513997106635237,0,1127.0450439453125
49035,10,313,12,43,2,26.035082334629013,1.322854408483963,0.848528137423857,0,1127.0450439453125
49035,10,313,12,44,2,26.526492574084727,1.5124786152114253,0.8513997106635237,0,1127.0450439453125
49035,10,313,12,45,2,27.413232490193757,1.6381186086808104,0.613407053921902,0,1127.0450439453125
49035,10,313,12,46,2,28.637136997203818,1.2351652109488027,0.848528137423857,0,1127.0450439453125
49035,10,313,12,47,2,28.651612720904215,1.4099411926769225,0.848528137423857,0,1127.0450439453125
49035,10,313,12,48,2,31.42205783557671,1.1625386357916672,0.682842712474619,0,1127.0450439453125
49035,10,313,12,49,2,31.035061055754156,1.32234123040917,0.8513997106635237,0,1127.0450439453125
49035,10,313,12,50,2,31.448438925429173,1.4820086203342833,0.682842712474619,0,1127.0450439453125
49035,10,313,12,51,2,34.53504982664455,1.3220704202278772,0.613407053921902,0,1127.0450439453125
49035,10,313,12,52,2,36.571850280442085,0.3616820189589509,0.4308640753373011,0,1127.0450439453125
49035,10,313,12,53,2,47.65701567738403,0.3268112379926533,0.3414213562373095,0,1127.0450439453125
49035,10,313,12,54,2,39.65916962694187,0.4649989341020251,0.482842712474619,0,1127.0450439453125
49035,10,313,12,55,2,32.77969383204592,0.6666288271313587,0.3414213562373095,0,1127.0450439453125
49035,10,313,12,56,2,46.7158425156816,0.47547598654248935,0.4242640687119285,0,1127.0450439453125
49035,10,313,12,57,2,39.79985595670021,0.6431798255136174,0.4242640687119285,0,1127.0450439453125
49035,10,313,12,58,2,53.776297273067996,0.4832025827133961,0.382842712474619,0,1127.0450439453125
49035,10,313,12,59,2,46.835336452570736,0.626768815944315,0.4242640687119285,0,1127.0450439453125
49035,10,313,12,60,2,41.172895609243014,0.814743553430056,0.482842712474619,0,1127.0450439453125
49035,10,313,12,61,2,39.00046959924564,0.9271854633428864,0.37888543819998316,0,1127.0450439453125
49035,10,313,12,62,2,53.88013499497674,0.6146466767677987,0.4242640687119285,0,1127.0450439453125
49035,10,313,12,63,2,48.00757793620752,0.7739607470168628,0.4242640687119285,0,1127.0450439453125
49035,10,313,12,64,2,60.931019633092745,0.6053289469665155,0.3414213562373095,0,1127.0450439453125
49035,10,313,12,65,2,54.902165219164665,0.743380123007813,0.382842712474619,0,1127.0450439453125
49035,10,313,12,66,2,50.15881116988894,0.9113358196112282,0.3414213562373095,0,1127.0450439453125
49035,10,314,15,1,2,13.213340569743961,1.6430416909524999,0.5509646951307726,0,1127.5450439453125
49035,10,314,15,2,,,,,0,1127.5450439453125
49035,10,314,15,3,2,10.145874025249071,1.497347606466284,0.6271356419515952,0,1127.5450439453125
49035,10,314,15,4,2,13.54794849086211,1.1835327165711318,0.5638463841038082,0,1127.5450439453125
49035,10,314,15,5,,,,,0,1127.5450439453125
49035,10,314,15,6,,,,,0,1127.5450439453125
49035,10,314,15,7,,,,,0,1127.5450439453125
49035,10,314,15,8,,,,,0,1127.5450439453125
49035,10,314,15,9,,,,,0,1127.5450439453125
49035,10,314,15,10,2,11.121358250933147,0.8254725681861931,0.482842712474619,0,1127.5450439453125
49035,10,314,15,11,,,,,0,1127.5450439453125
49035,10,314,15,12,,,,,0,1127.5450439453125
49035,10,314,15,13,,,,,0,1127.5450439453125
49035,10,314,15,14,,,,,0,1127.5450439453125
49035,10,314,15,15,2,5.763172893928795,0.2408451875069122,0.3308640753373011,1,1127.5450439453125
49035,10,314,15,16,,,,,0,1127.5450439453125
49035,10,314,15,17,,,,,0,1127.5450439453125
49035,10,314,15,18,2,30.643342934773898,3.0006227868260904,0.37888543819998316,0,1127.5450439453125
49035,10,314,15,19,2,36.98561707073501,3.2749783395268492,0.3414213562373095,0,1127.5450439453125
49035,10,314,15,20,2,27.913297319605636,3.1439728426659,0.482842712474619,0,1127.5450439453125
49035,10,314,15,21,2,19.757744415857836,2.8969321424912162,0.3414213562373095,0,1127.5450439453125
49035,10,314,15,22,2,30.637913109616655,3.367564033915657,0.4242640687119285,0,1127.5450439453125
49035,10,314,15,23,2,21.210799533777088,3.2366034232538063,0.4242640687119285,0,1127.5450439453125
49035,10,314,15,24,2,39.592968107952046,3.560052604575823,0.37888543819998316,0,1127.5450439453125
49035,10,314,15,25,2,34.61518846073407,3.5473336043132977,0.482842712474619,0,1127.5450439453125
49035,10,314,15,26,2,24.686586830135006,3.5065252744979927,0.4242640687119285,0,1127.5450439453125
49035,10,314,15,27,2,14.854085851086673,3.4113102562681035,0.482842712474619,0,1127.5450439453125
49035,10,314,15,28,2,10.062406026705661,3.2944228700474425,0.37888543819998316,0,1127.5450439453125
49035,10,314,15,29,2,29.478078665026864,-2.5835917831865123,0.4242640687119285,0,1127.5450439453125
49035,10,314,15,30,2,19.498036283974088,-2.557251520799936,0.4242640687119285,0,1127.5450439453125
49035,10,314,15,31,2,35.0497742395187,-2.448036608899752,0.3414213562373095,0,1127.5450439453125
49035,10,314,15,32,2,25.292350056704635,-2.3744922123850776,0.482842712474619,0,1127.5450439453125
49035,10,314,15,33,2,15.840431450580665,-2.2111838716792724,0.3414213562373095,0,1127.5450439453125
49035,10,314,15,34,2,27.015563522263104,-2.1946895623842466,0.4308640753373011,0,1127.5450439453125
49035,10,314,15,35,2,13.025848364307873,-1.0211031428747668,0.613407053921902,0,1127.5450439453125
49035,10,314,15,36,2,17.100028297032,-1.3267795109204306,0.682842712474619,0,1127.5450439453125
49035,10,314,15,37,2,16.523290118318574,-1.0302230628774276,0.8513997106635237,0,1127.5450439453125
49035,10,314,15,38,2,17.4249035839213,-0.7393587843503961,0.682842712474619,0,1127.5450439453125
49035,10,314,15,39,2,19.112401538372477,-1.165807489013724,0.848528137423857,0,1127.5450439453125
49035,10,314,15,40,2,19.258557607952152,-0.9045609200334774,0.848528137423857,0,1127.5450439453125
49035,10,314,15,41,2,22.931920215966667,-1.4176952110837682,0.613407053921902,0,1127.5450439453125
49035,10,314,15,42,2,21.96699043551121,-1.2676561764310808,0.8513997106635237,0,1127.5450439453125
49035,10,314,15,43,2,21.521078443439354,-1.038108639520309,0.848528137423857,0,1127.5450439453125
49035,10,314,15,44,2,22.220822800776283,-0.8112294833406091,0.8513997106635237,0,1127.5450439453125
49035,10,314,15,45,2,23.343964315126073,-0.6655538332519881,0.613407053921902,0,1127.5450439453125
49035,10,314,15,46,2,24.09194042825377,-1.14474865420231,0.848528137423857,0,1127.5450439453125
49035,10,314,15,47,2,24.2080511849541,-0.9373932351515335,0.848528137423857,0,1127.5450439453125
49035,10,314,15,48,2,26.882826671099654,-1.2300611773345425,0.682842712474619,0,1127.5450439453125
49035,10,314,15,49,2,26.5197005715226,-1.0430217735928566,0.8513997106635237,0,1127.5450439453125
49035,10,314,15,50,2,27.090637995035205,-0.8574339123523951,0.682842712474619,0,1127.5450439453125
49035,10,314,15,51,2,30.01900912967312,-1.0454873758898366,0.613407053921902,0,1127.5450439453125
49035,10,314,15,52,2,33.75455857932599,-2.1237591861775678,0.4308640753373011,0,1127.5450439453125
49035,10,314,15,53,2,44.925400707951816,-2.1355909952922385,0.3414213562373095,0,1127.5450439453125
49035,10,314,15,54,2,36.4624179933215,-2.0038758914513273,0.482842712474619,0,1127.5450439453125
49035,10,314,15,55,2,28.99524483547869,-1.798954123763615,0.3414213562373095,0,1127.5450439453125
49035,10,314,15,56,2,43.463058778454744,-1.9788683191094258,0.4242640687119285,0,1127.5450439453125
49035,10,314,15,57,2,36.05903181630187,-1.8088753993273325,0.4242640687119285,0,1127.5450439453125
49035,10,314,15,58,2,50.483334189008644,-1.9608070895120395,0.382842712474619,0,1127.5450439453125
49035,10,314,15,59,2,43.12520525155547,-1.8155459119988238,0.4242640687119285,0,1127.5450439453125
49035,10,314,15,60,2,37.02701210114645,-1.6168856870948685,0.482842712474619,0,1127.5450439453125
49035,10,314,15,61,2,34.66421459824634,-1.4938114124970845,0.37888543819998316,0,1127.5450439453125
49035,10,314,15,62,2,50.19275725090727,-1.8203380648646097,0.4242640687119285,0,1127.5450439453125
49035,10,314,15,63,2,43.93778758196824,-1.654003731970361,0.4242640687119285,0,1127.5450439453125
49035,10,314,15,64,2,57.26117736222528,-1.8239471809030299,0.3414213562373095,0,1127.5450439453125
49035,10,314,15,65,2,50.8926196030218,-1.6810061093461255,0.382842712474619,0,1127.5450439453125
49035,10,314,15,66,2,45.83966652591985,-1.5021041645314357,0.3414213562373095,0,1127.5450439453125
49035,10,315,16,1,2,12.404273150228086,1.352149204351734,0.5509646951307726,0,1127.761962890625
49035,10,315,16,2,,,,,0,1127.761962890625
49035,10,315,16,3,2,9.019608902645679,1.2678793278698404,0.6271356419515952,0,1127.761962890625
49035,10,315,16,4,2,11.54380131103752,0.8416806599754008,0.5638463841038082,0,1127.761962890625
49035,10,315,16,5,,,,,0,1127.761962890625
49035,10,315,16,6,,,,,0,1127.761962890625
49035,10,315,16,7,,,,,0,1127.761962890625
49035,10,315,16,8,,,,,0,1127.761962890625
49035,10,315,16,9,,,,,0,1127.761962890625
49035,10,315,16,10,2,8.495284109208043,0.43876084043450037,0.5414213562373096,0,1127.761962890625
49035,10,315,16,11,,,,,0,1127.761962890625
49035,10,315,16,12,,,,,0,1127.761962890625
49035,10,315,16,13,,,,,0,1127.761962890625
49035,10,315,16,14,,,,,0,1127.761962890625
49035,10,315,16,15,,,,,0,1127.761962890625
49035,10,315,16,16,2,7.815392215596979,-0.17894198431364464,0.3894427190999916,1,1127.761962890625
49035,10,315,16,17,,,,,0,1127.761962890625
49035,10,315,16,18,2,33.046880552778724,2.5434511667874338,0.37888543819998316,0,1127.761962890625
49035,10,315,16,19,2,39.713912042922985,2.791830236826278,0.3414213562373095,0,1127.761962890625
49035,10,315,16,20,2,30.512404324423137,2.67928614449256,0.482842712474619,0,1127.761962890625
49035,10,315,16,21,2,22.01860180758825,2.4753124716702133,0.3414213562373095,0,1127.761962890625
49035,10,315,16,22,2,33.43667622674988,2.881189372071325,0.4242640687119285,0,1127.761962890625
49035,10,315,16,23,2,23.91282762444779,2.773309891285863,0.4242640687119285,0,1127.761962890625
49035,10,315,16,24,2,42.46304054793885,3.0564996270184768,0.37888543819998316,0,1127.761962890625
49035,10,315,16,25,2,37.483540608217965,3.0451623583819587,0.482842712474619,0,1127.761962890625
49035,10,315,16,26,2,27.546829662085948,3.0102035148037607,0.4242640687119285,0,1127.761962890625
49035,10,315,16,27,2,17.681624143048367,2.936040866511852,0.482842712474619,0,1127.761962890625
49035,10,315,16,28,2,12.827542098471445,2.856398448307625,0.37888543819998316,0,1127.761962890625
49035,10,315,16,29,2,32.339330912488016,-3.0985651816082096,0.4242640687119285,0,1127.761962890625
49035,10,315,16,30,2,22.352725376818274,-3.079320614740116,0.4242640687119285,0,1127.761962890625
49035,10,315,16,31,2,37.85283111344286,-2.9719405802541354,0.3414213562373095,0,1127.761962890625
49035,10,315,16,32,2,28.047260672067075,-2.91170597472852,0.482842712474619,0,1127.761962890625
49035,10,315,16,33,2,18.45158093798288,-2.787895231809459,0.3414213562373095,0,1127.761962890625
49035,10,315,16,34,2,29.58985188530574,-2.7464230100299023,0.4308640753373011,0,1127.761962890625
49035,10,315,16,35,2,13.096278302277284,-1.7480634089707696,0.613407053921902,0,1127.761962890625
49035,10,315,16,36,2,17.946973388008583,-1.9902675371754774,0.682842712474619,0,1127.761962890625
49035,10,315,16,37,2,16.552941060183674,-1.7107689125583645,0.8513997106635237,0,1127.761962890625
49035,10,315,16,38,2,16.610414254134092,-1.408096729536659,0.682842712474619,0,1127.761962890625
49035,10,315,16,39,2,19.493642744741862,-1.8200866784461578,0.848528137423857,0,1127.761962890625
49035,10,315,16,40,2,18.892011841295606,-1.5607072145085048,0.848528137423857,0,1127.761962890625
49035,10,315,16,41,2,23.96706395057436,-2.0386936302175327,0.613407053921902,0,1127.761962890625
49035,10,315,16,42,2,22.60540548579785,-1.9000611397214493,0.8513997106635237,0,1127.761962890625
49035,10,315,16,43,2,21.51535175472076,-1.6783408060487368,0.848528137423857,0,1127.761962890625
49035,10,315,16,44,2,21.559600299666787,-1.4456718375778905,0.8513997106635237,0,1127.761962890625
49035,10,315,16,45,2,22.268825021716136,-1.289091135580193,0.613407053921902,0,1127.761962890625
49035,10,315,16,46,2,24.370322337775473,-1.7694468501580776,0.848528137423857,0,1127.761962890625
49035,10,315,16,47,2,23.89181062203333,-1.562818596684754,0.848528137423857,0,1127.761962890625
49035,10,315,16,48,2,27.384573404834896,-1.8409885458368327,0.682842712474619,0,1127.761962890625
49035,10,315,16,49,2,26.491901866736878,-1.6580809099475495,0.8513997106635237,0,1127.761962890625
49035,10,315,16,50,2,26.527850807572847,-1.4691961257633697,0.682842712474619,0,1127.761962890625
49035,10,315,16,51,2,29.980130368096013,-1.6479037178064972,0.613407053921902,0,1127.761962890625
49035,10,315,16,52,2,36.22932284807096,-2.6721100046460324,0.4308640753373011,0,1127.761962890625
49035,10,315,16,53,2,47.40951728833732,-2.6734860443937456,0.3414213562373095,0,1127.761962890625
49035,10,315,16,54,2,38.7488624015881,-2.556779841228155,0.482842712474619,0,1127.761962890625
49035,10,315,16,55,2,30.907706891991523,-2.377206038526563,0.3414213562373095,0,1127.761962890625
49035,10,315,16,56,2,45.69987786474525,-2.525946413542637,0.4242640687119285,0,1127.761962890625
49035,10,315,16,57,2,37.97750445667389,-2.373294156159145,0.4242640687119285,0,1127.761962890625
49035,10,315,16,58,2,52.68285618954289,-2.503269713383642,0.382842712474619,0,1127.761962890625
49035,10,315,16,59,2,45.04770076476834,-2.3706101756596016,0.4242640687119285,0,1127.761962890625
49035,10,315,16,60,2,38.511132833197244,-2.188662805657589,0.482842712474619,0,1127.761962890625
49035,10,315,16,61,2,35.84708295033487,-2.0747229055865377,0.37888543819998316,0,1127.761962890625
49035,10,315,16,62,2,52.11813353936933,-2.368654410610831,0.4242640687119285,0,1127.761962890625
49035,10,315,16,63,2,45.498481859635575,-2.214580730332014,0.4242640687119285,0,1127.761962890625
49035,10,315,16,64,2,59.18871803868504,-2.367165905740798,0.3414213562373095,0,1127.761962890625
49035,10,315,16,65,2,52.50825031332707,-2.2335887336689613,0.382842712474619,0,1127.761962890625
49035,10,315,16,66,2,47.020509980976016,-2.0651479840834424,0.3414213562373095,0,1127.761962890625
49035,10,316,10,1,2,12.382713815656853,1.7814644228832164,0.5509646951307726,0,1128.177978515625
49035,10,316,10,2,,,,,0,1128.177978515625
49035,10,316,10,3,2,8.989936251813742,1.8629674903587425,0.6271356419515952,0,1128.177978515625
49035,10,316,10,4,2,8.940081420290365,1.2977763898955907,0.5638463841038082,0,1128.177978515625
49035,10,316,10,5,,,,,0,1128.177978515625
49035,10,316,10,6,,,,,0,1128.177978515625
49035,10,316,10,7,,,,,0,1128.177978515625
49035,10,316,10,8,,,,,0,1128.177978515625
49035,10,316,10,9,,,,,0,1128.177978515625
49035,10,316,10,10,2,4.339995298254614,0.9819034363759246,0.4428253815499883,1,1128.177978515625
49035,10,316,10,11,,,,,0,1128.177978515625
49035,10,316,10,12,,,,,0,1128.177978515625
49035,10,316,10,13,,,,,0,1128.177978515625
49035,10,316,10,14,,,,,0,1128.177978515625
49035,10,316,10,15,,,,,0,1128.177978515625
49035,10,316,10,16,,,,,0,1128.177978515625
49035,10,316,10,17,2,5.5341948789135555,-2.057697189088751,0.2943603350524452,0,1128.177978515625
49035,10,316,10,18,2,37.52814057608365,2.6227602328027992,0.37888543819998316,0,1128.177978515625
49035,10,316,10,19,2,44.71084470803761,2.832308398713881,0.3414213562373095,0,1128.177978515625
49035,10,316,10,20,2,35.316735954583166,2.7460164474708977,0.482842712474619,0,1128.177978515625
49035,10,316,10,21,2,26.37203144365711,2.5993745464786917,0.3414213562373095,0,1128.177978515625
49035,10,316,10,22,2,38.562627502329924,2.916449473911384,0.4242640687119285,0,1128.177978515625
49035,10,316,10,23,2,28.901357128393546,2.839128352672983,0.4242640687119285,0,1128.177978515625
49035,10,316,10,24,2,47.726036283054256,3.0659023552655196,0.37888543819998316,0,1128.177978515625
49035,10,316,10,25,2,42.742024300226554,3.057056373519718,0.482842712474619,0,1128.177978515625
49035,10,316,10,26,2,32.78860846789094,3.031302013458187,0.4242640687119285,0,1128.177978515625
49035,10,316,10,27,2,22.875861715794265,2.983168441949402,0.482842712474619,0,1128.177978515625
49035,10,316,10,28,2,17.95581107134645,2.9392235774802984,0.37888543819998316,0,1128.177978515625
49035,10,316,10,29,2,37.6151199208291,-3.1046030705459438,0.4242640687119285,0,1128.177978515625
49035,10,316,10,30,2,27.62443575238862,-3.0912155561010235,0.4242640687119285,0,1128.177978515625
49035,10,316,10,31,2,43.06624720191045,-2.9926420403764693,0.3414213562373095,0,1128.177978515625
49035,10,316,10,32,2,33.21014682345671,-2.947941883128512,0.482842712474619,0,1128.177978515625
49035,10,316,10,33,2,23.476074118451834,-2.8658758268112208,0.3414213562373095,0,1128.177978515625
49035,10,316,10,34,2,34.522809205263165,-2.805334391057359,0.4308640753373011,0,1128.177978515625
49035,10,316,10,35,2,14.95921175690647,-2.102890250942128,0.613407053921902,0,1128.177978515625
49035,10,316,10,36,2,20.667831690079115,-2.225759055156115,0.682842712474619,0,1128.177978515625
49035,10,316,10,37,2,18.062817298505365,-2.004425064519332,0.8513997106635237,0,1128.177978515625
49035,10,316,10,38,2,16.594320436490634,-1.7274773245522235,0.682842712474619,0,1128.177978515625
49035,10,316,10,39,2,21.416525615935868,-2.061337161540221,0.848528137423857,0,1128.177978515625
49035,10,316,10,40,2,19.564602511878007,-1.8339557957606618,0.848528137423857,0,1128.177978515625
49035,10,316,10,41,2,26.766499561281215,-2.2156753389318546,0.613407053921902,0,1128.177978515625
49035,10,316,10,42,2,24.820752812050035,-2.1027433029829874,0.8513997106635237,0,1128.177978515625
49035,10,316,10,43,2,22.69748603142286,-1.9117344690727682,0.848528137423857,0,1128.177978515625
49035,10,316,10,44,2,21.547203394788426,-1.6912603640040884,0.8513997106635237,0,1128.177978515625
49035,10,316,10,45,2,21.410423758749012,-1.5282523320235397,0.613407053921902,0,1128.177978515625
49035,10,316,10,46,2,25.934110218889106,-1.9703849064638121,0.848528137423857,0,1128.177978515625
49035,10,316,10,47,2,24.427119659002663,-1.7806839353876238,0.848528137423857,0,1128.177978515625
49035,10,316,10,48,2,29.24004571720675,-2.015901727365727,0.682842712474619,0,1128.177978515625
49035,10,316,10,49,2,27.46063319616077,-1.850814844542833,0.8513997106635237,0,1128.177978515625
49035,10,316,10,50,2,26.51777663236179,-1.6685994935410544,0.682842712474619,0,1128.177978515625
49035,10,316,10,51,2,30.839483262618113,-1.8194438345684445,0.613407053921902,0,1128.177978515625
49035,10,316,10,52,2,41.00766704923249,-2.7303955072797073,0.4308640753373011,0,1128.177978515625
49035,10,316,10,53,2,52.17592410517199,-2.71916125506554,0.3414213562373095,0,1128.177978515625
49035,10,316,10,54,2,43.24973133105175,-2.624225214680715,0.482842712474619,0,1128.177978515625
49035,10,316,10,55,2,34.91062107994716,-2.4820726287841595,0.3414213562373095,0,1128.177978515625
49035,10,316,10,56,2,50.10332984548896,-2.58684070723174,0.4242640687119285,0,1128.177978515625
49035,10,316,10,57,2,41.93513879296641,-2.4609015911102587,0.4242640687119285,0,1128.177978515625
49035,10,316,10,58,2,57.01006983861333,-2.558482383981711,0.382842712474619,0,1128.177978515625
49035,10,316,10,59,2,48.97305654115395,-2.4458102946154554,0.4242640687119285,0,1128.177978515625
49035,10,316,10,60,2,41.79201444011228,-2.2918272388882106,0.482842712474619,0,1128.177978515625
49035,10,316,10,61,2,38.67400383917212,-2.1945640794321406,0.37888543819998316,0,1128.177978515625
49035,10,316,10,62,2,56.019324062155256,-2.4345133883669514,0.4242640687119285,0,1128.177978515625
49035,10,316,10,63,2,48.850556520476395,-2.301138034494395,0.4242640687119285,0,1128.177978515625
49035,10,316,10,64,2,63.07114292430788,-2.425741716728962,0.3414213562373095,0,1128.177978515625
49035,10,316,10,65,2,55.912264072902325,-2.308097409682137,0.382842712474619,0,1128.177978515625
49035,10,316,10,66,2,49.74327570373162,-2.1587212547114407,0.3414213562373095,0,1128.177978515625
49035,10,317,4,1,2,12.684386216438016,1.19566439714858,0.5190235409828127,0,1128.5279541015625
49035,10,317,4,2,,,,,0,1128.5279541015625
49035,10,317,4,3,2,9.713830999999525,1.3626025185528001,0.5751570048142773,0,1128.5279541015625
49035,10,317,4,4,2,7.801423532804905,0.8254770878893598,0.4345570622224628,1,1128.5279541015625
49035,10,317,4,5,,,,,0,1128.5279541015625
49035,10,317,4,6,,,,,0,1128.5279541015625
49035,10,317,4,7,,,,,0,1128.5279541015625
49035,10,317,4,8,,,,,0,1128.5279541015625
49035,10,317,4,9,,,,,0,1128.5279541015625
49035,10,317,4,10,,,,,0,1128.5279541015625
49035,10,317,4,11,,,,,0,1128.5279541015625
49035,10,317,4,12,,,,,0,1128.5279541015625
49035,10,317,4,13,,,,,0,1128.5279541015625
49035,10,317,4,14,2,11.079459076275796,-3.7919972314100265,0.3427318223037913,0,1128.5279541015625
49035,10,317,4,15,,,,,0,1128.5279541015625
49035,10,317,4,16,,,,,0,1128.5279541015625
49035,10,317,4,17,2,8.198961450897887,-3.219662808986339,0.35680269384357455,0,1128.5279541015625
49035,10,317,4,18,2,40.005458838497034,1.8272984925107645,0.37888543819998316,0,1128.5279541015625
49035,10,317,4,19,2,47.59074639653558,2.015818118349641,0.3414213562373095,0,1128.5279541015625
49035,10,317,4,20,2,38.0511042607526,1.945324285696501,0.482842712474619,0,1128.5279541015625
49035,10,317,4,21,2,28.825230759630802,1.8287709172256497,0.3414213562373095,0,1128.5279541015625
49035,10,317,4,22,2,41.57923324936379,2.0995393766714394,0.4242640687119285,0,1128.5279541015625
49035,10,317,4,23,2,31.809433042547298,2.040871592244823,0.4242640687119285,0,1128.5279541015625
49035,10,317,4,24,2,50.92420881374283,2.233023051080351,0.37888543819998316,0,1128.5279541015625
49035,10,317,4,25,2,45.93232782852762,2.227133874899275,0.482842712474619,0,1128.5279541015625
49035,10,317,4,26,2,35.9553352456994,2.2104512984073565,0.4242640687119285,0,1128.5279541015625
49035,10,317,4,27,2,25.996029033564618,2.180971987546641,0.482842712474619,0,1128.5279541015625
49035,10,317,4,28,2,21.030863557057874,2.1557733752186667,0.37888543819998316,0,1128.5279541015625
49035,10,317,4,29,2,40.91127271025637,-3.9411334933773112,0.4242640687119285,0,1128.5279541015625
49035,10,317,4,30,2,30.931207988959443,-3.9233917880659015,0.4242640687119285,0,1128.5279541015625
49035,10,317,4,31,2,46.418512868416,-3.839315141529922,0.3414213562373095,0,1128.5279541015625
49035,10,317,4,32,2,36.574386253204615,-3.7966276320299097,0.482842712474619,0,1128.5279541015625
49035,10,317,4,33,2,26.845728201743817,-3.7227726439345505,0.3414213562373095,0,1128.5279541015625
49035,10,317,4,34,2,37.88318265909805,-3.666894737879404,0.4308640753373011,0,1128.5279541015625
49035,10,317,4,35,2,17.511109335677,-3.0934536894199414,0.613407053921902,0,1128.5279541015625
49035,10,317,4,36,2,23.422214086912724,-3.1684997832400126,0.682842712474619,0,1128.5279541015625
49035,10,317,4,37,2,20.37409652413631,-2.986815098649521,0.8513997106635237,0,1128.5279541015625
49035,10,317,4,38,2,18.210093509273193,-2.7522672578122735,0.682842712474619,0,1128.5279541015625
49035,10,317,4,39,2,23.834363013220855,-3.019745792367544,0.848528137423857,0,1128.5279541015625
49035,10,317,4,40,2,21.43783003682137,-2.825307276683954,0.848528137423857,0,1128.5279541015625
49035,10,317,4,41,2,29.483000590306304,-3.141140600689215,0.613407053921902,0,1128.5279541015625
49035,10,317,4,42,2,27.313914243790787,-3.044307608098548,0.8513997106635237,0,1128.5279541015625
49035,10,317,4,43,2,24.749820358111847,-2.8790257518199436,0.848528137423857,0,1128.5279541015625
49035,10,317,4,44,2,23.001245709753594,-2.6823815337914256,0.8513997106635237,0,1128.5279541015625
49035,10,317,4,45,2,22.3687257506907,-2.5304740980595177,0.613407053921902,0,1128.5279541015625
49035,10,317,4,46,2,28.116305924320404,-2.919976207152516,0.848528137423857,0,1128.5279541015625
49035,10,317,4,47,2,26.115710889646962,-2.750669640037618,0.848528137423857,0,1128.5279541015625
49035,10,317,4,48,2,31.519830423102558,-2.9521276414170154,0.682842712474619,0,1128.5279541015625
49035,10,317,4,49,2,29.325814674835414,-2.8042143157174877,0.8513997106635237,0,1128.5279541015625
49035,10,317,4,50,2,27.865877032392905,-2.636733172342442,0.682842712474619,0,1128.5279541015625
49035,10,317,4,51,2,32.60319409738226,-2.764487203752736,0.613407053921902,0,1128.5279541015625
49035,10,317,4,52,2,44.34051906016573,-3.5965748240130044,0.4308640753373011,0,1128.5279541015625
49035,10,317,4,53,2,55.50246873991827,-3.5836536004672155,0.3414213562373095,0,1128.5279541015625
49035,10,317,4,54,2,46.51377676676992,-3.4973801842931085,0.482842712474619,0,1128.5279541015625
49035,10,317,4,55,2,38.03339088212102,-3.3713029922810773,0.3414213562373095,0,1128.5279541015625
49035,10,317,4,56,2,53.333643521245,-3.4598733429066395,0.4242640687119285,0,1128.5279541015625
49035,10,317,4,57,2,45.027601803055646,-3.346178050222409,0.4242640687119285,0,1128.5279541015625
49035,10,317,4,58,2,60.21149087502794,-3.4309017988660813,0.382842712474619,0,1128.5279541015625
49035,10,317,4,59,2,52.04258858163066,-3.3278173206577977,0.4242640687119285,0,1128.5279541015625
49035,10,317,4,60,2,44.62553550558441,-3.18852567674821,0.482842712474619,0,1128.5279541015625
49035,10,317,4,61,2,41.327256328019466,-3.1009936821937005,0.37888543819998316,0,1128.5279541015625
49035,10,317,4,62,2,59.07094995358724,-3.313821944623953,0.4242640687119285,0,1128.5279541015625
49035,10,317,4,63,2,51.69511119344371,-3.1915499480878564,0.4242640687119285,0,1128.5279541015625
49035,10,317,4,64,2,66.10842026974734,-3.3028044894815403,0.3414213562373095,0,1128.5279541015625
49035,10,317,4,65,2,58.76504593246604,-3.1938465453050213,0.382842712474619,0,1128.5279541015625
49035,10,317,4,66,2,52.310018317031236,-3.055983539473346,0.3414213562373095,0,1128.5279541015625
49035,10,318,1,1,2,6.485534695095962,0.16697784970194252,0.44382559831459173,1,1129.1280517578125
49035,10,318,1,2,,,,,0,1129.1280517578125
49035,10,318,1,3,2,3.5733130174869805,0.5730380497441179,0.5016481112210125,0,1129.1280517578125
49035,10,318,1,4,,,,,0,1129.1280517578125
49035,10,318,1,5,,,,,0,1129.1280517578125
49035,10,318,1,6,,,,,0,1129.1280517578125
49035,10,318,1,7,,,,,0,1129.1280517578125
49035,10,318,1,8,,,,,0,1129.1280517578125
49035,10,318,1,9,,,,,0,1129.1280517578125
49035,10,318,1,10,,,,,0,1129.1280517578125
49035,10,318,1,11,,,,,0,1129.1280517578125
49035,10,318,1,12,,,,,0,1129.1280517578125
49035,10,318,1,13,2,5.066515216028426,-3.412477748164422,0.4068283666596242,0,1129.1280517578125
49035,10,318,1,14,2,10.734364684392538,-4.178403690499666,0.3797802096105348,0,1129.1280517578125
49035,10,318,1,15,,,,,0,1129.1280517578125
49035,10,318,1,16,,,,,0,1129.1280517578125
49035,10,318,1,17,2,11.370091805868219,-3.6218016345520727,0.423692325950598,0,1129.1280517578125
49035,10,318,1,18,2,34.90542319851636,0.9584466687775566,0.37888543819998316,0,1129.1280517578125
49035,10,318,1,19,2,43.2590867103177,1.1499659442525967,0.3414213562373095,0,1129.1280517578125
49035,10,318,1,20,2,33.45206386344742,1.0985662867192778,0.482842712474619,0,1129.1280517578125
49035,10,318,1,21,2,23.80614564429831,1.005070907641595,0.3414213562373095,0,1129.1280517578125
49035,10,318,1,22,2,37.69411874449535,1.258051648846023,0.4242640687119285,0,1129.1280517578125
49035,10,318,1,23,2,27.722528413503245,1.234749497350993,0.4242640687119285,0,1129.1280517578125
49035,10,318,1,24,2,47.68444822232273,-4.906673732093463,0.37888543819998316,0,1129.1280517578125
49035,10,318,1,25,2,42.69253563708845,-4.900373369650469,0.482842712474619,0,1129.1280517578125
49035,10,318,1,26,2,32.71612129879466,-4.88200663186215,0.4242640687119285,0,1129.1280517578125
49035,10,318,1,27,2,22.760417099667237,-4.847550598558805,0.482842712474619,0,1129.1280517578125
49035,10,318,1,28,2,17.801196122943935,-4.815888876388085,0.37888543819998316,0,1129.1280517578125
49035,10,318,1,29,2,38.36861483084054,-4.762023013113839,0.4242640687119285,0,1129.1280517578125
49035,10,318,1,30,2,28.63289363216327,-4.693106557646127,0.4242640687119285,0,1129.1280517578125
49035,10,318,1,31,2,44.4292315400272,-4.673768613856496,0.3414213562373095,0,1129.1280517578125
49035,10,318,1,32,2,34.9520901943035,-4.59276534916961,0.482842712474619,0,1129.1280517578125
49035,10,318,1,33,2,25.871617704815176,-4.453359729004942,0.3414213562373095,0,1129.1280517578125
49035,10,318,1,34,2,37.044576080816036,-4.466480896064147,0.4308640753373011,0,1129.1280517578125
49035,10,318,1,35,2,20.52988562334937,-3.769722086771738,0.613407053921902,0,1129.1280517578125
49035,10,318,1,36,2,25.85220711062725,-3.8994745117155807,0.682842712474619,0,1129.1280517578125
49035,10,318,1,37,2,23.815595926775707,-3.7151804530149337,0.8513997106635237,0,1129.1280517578125
49035,10,318,1,38,2,22.71626303343367,-3.505087998679275,0.682842712474619,0,1129.1280517578125
49035,10,318,1,39,2,27.029347290443976,-3.7732733047551807,0.848528137423857,0,1129.1280517578125
49035,10,318,1,40,2,25.581860991806685,-3.591017865998949,0.848528137423857,0,1129.1280517578125
49035,10,318,1,41,2,31.93033702840802,-3.9187389197204743,0.613407053921902,0,1129.1280517578125
49035,10,318,1,42,2,30.314825095114877,-3.818901730755985,0.8513997106635237,0,1129.1280517578125
49035,10,318,1,43,2,28.597807912567287,-3.65924398450613,0.848528137423857,0,1129.1280517578125
49035,10,318,1,44,2,27.68899807253389,-3.484296043138107,0.8513997106635237,0,1129.1280517578125
49035,10,318,1,45,2,27.579391074867267,-3.3576185539948913,0.613407053921902,0,1129.1280517578125
49035,10,318,1,46,2,31.721248761738114,-3.714250555955122,0.848528137423857,0,1129.1280517578125
49035,10,318,1,47,2,30.497272334763995,-3.558228401640905,0.848528137423857,0,1129.1280517578125
49035,10,318,1,48,2,34.923353627680825,-3.7592864892010693,0.682842712474619,0,1129.1280517578125
49035,10,318,1,49,2,33.44378306144113,-3.619421404600497,0.8513997106635237,0,1129.1280517578125
49035,10,318,1,50,2,32.67005696838355,-3.4698394429400476,0.682842712474619,0,1129.1280517578125
49035,10,318,1,51,2,36.860453484735984,-3.59779827486719,0.613407053921902,0,1129.1280517578125
49035,10,318,1,52,2,43.86463983902431,-4.420154510462196,0.4308640753373011,0,1129.1280517578125
49035,10,318,1,53,2,55.01878445177229,-4.43572459795037,0.3414213562373095,0,1129.1280517578125
49035,10,318,1,54,2,46.63430750278125,-4.328082129267827,0.482842712474619,0,1129.1280517578125
49035,10,318,1,55,2,39.01859338799053,-4.176006613840047,0.3414213562373095,0,1129.1280517578125
49035,10,318,1,56,2,53.633614902073404,-4.307989752774036,0.4242640687119285,0,1129.1280517578125
49035,10,318,1,57,2,46.08965872272531,-4.17586704310338,0.4242640687119285,0,1129.1280517578125
49035,10,318,1,58,2,60.64957261732239,-4.292540867475184,0.382842712474619,0,1129.1280517578125
49035,10,318,1,59,2,53.16072471644119,-4.1757646018021415,0.4242640687119285,0,1129.1280517578125
49035,10,318,1,60,2,46.6235417583287,-4.023616535185646,0.482842712474619,0,1129.1280517578125
49035,10,318,1,61,2,43.84747020008462,-3.931609969321748,0.37888543819998316,0,1129.1280517578125
49035,10,318,1,62,2,60.23179113704981,-4.175686213221616,0.4242640687119285,0,1129.1280517578125
49035,10,318,1,63,2,53.62425437514792,-4.04351623441606,0.4242640687119285,0,1129.1280517578125
49035,10,318,1,64,2,67.30285784999879,-4.175624296181512,0.3414213562373095,0,1129.1280517578125
49035,10,318,1,65,2,60.641295075967186,-4.0588155352829105,0.382842712474619,0,1129.1280517578125
49035,10,318,1,66,2,55.000533290177295,-3.9157163432850544,0.3414213562373095,0,1129.1280517578125
49035,10,319,5,1,,,,,0,1129.4620361328125
49035,10,319,5,2,,,,,0,1129.4620361328125
49035,10,319,5,3,2,3.196940814672242,-4.5547695903783705,0.6093338188813542,0,1129.4620361328125
49035,10,319,5,4,,,,,0,1129.4620361328125
49035,10,319,5,5,2,6.644571596089856,-4.384572626062573,0.7071067811865475,1,1129.4620361328125
49035,10,319,5,6,,,,,0,1129.4620361328125
49035,10,319,5,7,,,,,0,1129.4620361328125
49035,10,319,5,8,,,,,0,1129.4620361328125
49035,10,319,5,9,2,7.032385040765311,-3.8646431537160213,0.765685424949238,0,1129.4620361328125
49035,10,319,5,10,,,,,0,1129.4620361328125
49035,10,319,5,11,,,,,0,1129.4620361328125
49035,10,319,5,12,,,,,0,1129.4620361328125
49035,10,319,5,13,2,8.930764078599061,-3.4860238537364108,0.5781102225580823,0,1129.4620361328125
49035,10,319,5,14,2,13.867741041989264,-4.048235395061496,0.43175884674785275,0,1129.4620361328125
49035,10,319,5,15,,,,,0,1129.4620361328125
49035,10,319,5,16,,,,,0,1129.4620361328125
49035,10,319,5,17,2,15.195468215984198,-3.634929950134591,0.43533959677349143,0,1129.4620361328125
49035,10,319,5,18,2,33.963321005705254,1.0116859096033197,0.37888543819998316,0,1129.4620361328125
49035,10,319,5,19,2,43.01154228157489,1.1837246714083975,0.3414213562373095,0,1129.4620361328125
49035,10,319,5,20,2,33.05663598319772,1.1585668860539102,0.482842712474619,0,1129.4620361328125
49035,10,319,5,21,2,23.14064812427646,1.1117939691674161,0.3414213562373095,0,1129.4620361328125
49035,10,319,5,22,2,37.88932547264118,-4.9786339283132985,0.4242640687119285,0,1129.4620361328125
49035,10,319,5,23,2,27.898913918962393,-4.965168003531604,0.4242640687119285,0,1129.4620361328125
49035,10,319,5,24,2,48.291682311500196,-4.882802157181123,0.37888543819998316,0,1129.4620361328125
49035,10,319,5,25,2,43.34121349267726,-4.867456740897288,0.482842712474619,0,1129.4620361328125
49035,10,319,5,26,2,33.48446206979839,-4.823181336661076,0.4242640687119285,0,1129.4620361328125
49035,10,319,5,27,2,23.747791753965352,-4.74231422795535,0.482842712474619,0,1129.4620361328125
49035,10,319,5,28,2,18.982408164736988,-4.671007814977758,0.37888543819998316,0,1129.4620361328125
49035,10,319,5,29,2,39.548312256654654,-4.7231880950912775,0.4242640687119285,0,1129.4620361328125
49035,10,319,5,30,2,30.113409229706928,-4.627120757425729,0.4242640687119285,0,1129.4620361328125
49035,10,319,5,31,2,45.90129414946767,-4.650301162093786,0.3414213562373095,0,1129.4620361328125
49035,10,319,5,32,2,36.7379533681708,-4.552754555321153,0.482842712474619,0,1129.4620361328125
49035,10,319,5,33,2,28.1500556086099,-4.393272637110762,0.3414213562373095,0,1129.4620361328125
49035,10,319,5,34,2,39.22895902864305,-4.4384942702113115,0.4308640753373011,0,1129.4620361328125
49035,10,319,5,35,2,24.234324043028664,-3.775833211913957,0.613407053921902,0,1129.4620361328125
49035,10,319,5,36,2,29.38778762397558,-3.8984355671274473,0.682842712474619,0,1129.4620361328125
49035,10,319,5,37,2,27.56839255333653,-3.7346316564808286,0.8513997106635237,0,1129.4620361328125
49035,10,319,5,38,2,26.57800734663586,-3.553327919940177,0.682842712474619,0,1129.4620361328125
49035,10,319,5,39,2,30.72370695567037,-3.7894428960064124,0.848528137423857,0,1129.4620361328125
49035,10,319,5,40,2,29.416328384774275,-3.6287383214802142,0.848528137423857,0,1129.4620361328125
49035,10,319,5,41,2,35.42829555088527,-3.9254942949278893,0.613407053921902,0,1129.4620361328125
49035,10,319,5,42,2,33.95402877746549,-3.8339383448942312,0.8513997106635237,0,1129.4620361328125
49035,10,319,5,43,2,32.392132945576826,-3.6905939759398407,0.848528137423857,0,1129.4620361328125
49035,10,319,5,44,2,31.55351776437759,-3.5362600854523345,0.8513997106635237,0,1129.4620361328125
49035,10,319,5,45,2,31.429865222220894,-3.4251316539574876,0.613407053921902,0,1129.4620361328125
49035,10,319,5,46,2,35.470835596119954,-3.7418812814663074,0.848528137423857,0,1129.4620361328125
49035,10,319,5,47,2,34.34464127676891,-3.6021954880292943,0.848528137423857,0,1129.4620361328125
49035,10,319,5,48,2,38.627840724146324,-3.784883656756323,0.682842712474619,0,1129.4620361328125
49035,10,319,5,49,2,37.262370906223694,-3.65801767030659,0.8513997106635237,0,1129.4620361328125
49035,10,319,5,50,2,36.53571529470793,-3.5238443257836503,0.682842712474619,0,1129.4620361328125
49035,10,319,5,51,2,40.69027023386954,-3.6398668660297373,0.613407053921902,0,1129.4620361328125
49035,10,319,5,52,2,46.17110599408518,-4.40691079002949,0.4308640753373011,0,1129.4620361328125
49035,10,319,5,53,2,57.25606190107885,-4.435255408674136,0.3414213562373095,0,1129.4620361328125
49035,10,319,5,54,2,49.20370959090494,-4.3234819891893075,0.482842712474619,0,1129.4620361328125
49035,10,319,5,55,2,41.997064785435285,-4.170822225457776,0.3414213562373095,0,1129.4620361328125
49035,10,319,5,56,2,56.24824299257893,-4.311848675078867,0.4242640687119285,0,1129.4620361328125
49035,10,319,5,57,2,49.057244651918055,-4.179464011851496,0.4242640687119285,0,1129.4620361328125
49035,10,319,5,58,2,63.298693841170994,-4.302805880283278,0.382842712474619,0,1129.4620361328125
49035,10,319,5,59,2,56.12016620684793,-4.1859309862031395,0.4242640687119285,0,1129.4620361328125
49035,10,319,5,60,2,49.922154081831984,-4.037532774921038,0.482842712474619,0,1129.4620361328125
49035,10,319,5,61,2,47.313800045157464,-3.9497331353837035,0.37888543819998316,0,1129.4620361328125
49035,10,319,5,62,2,63.18491004449029,-4.190951980367256,0.4242640687119285,0,1129.4620361328125
49035,10,319,5,63,2,56.87777483706854,-4.061414262367261,0.4242640687119285,0,1129.4620361328125
49035,10,319,5,64,2,70.2509263965709,-4.194963010727541,0.3414213562373095,0,1129.4620361328125
49035,10,319,5,65,2,63.858758777965306,-4.080083137966156,0.382842712474619,0,1129.4620361328125
49035,10,319,5,66,2,58.48666075053609,-3.941960367888202,0.3414213562373095,0,1129.4620361328125
49035,10,320,9,1,,,,,0,1130.029052734375
49035,10,320,9,2,2,3.249884852608607,4.643561474298741,0.4414213562373095,0,1130.029052734375
49035,10,320,9,3,2,1.8141259625096564,1.834048178496263,0.5264911064067352,0,1130.029052734375
49035,10,320,9,4,,,,,0,1130.029052734375
49035,10,320,9,5,,,,,0,1130.029052734375
49035,10,320,9,6,,,,,0,1130.029052734375
49035,10,320,9,7,,,,,0,1130.029052734375
49035,10,320,9,8,,,,,0,1130.029052734375
49035,10,320,9,9,2,4.94438514138094,0.41647485993422007,0.6242640687119285,1,1130.029052734375
49035,10,320,9,10,,,,,0,1130.029052734375
49035,10,320,9,11,,,,,0,1130.029052734375
49035,10,320,9,12,,,,,0,1130.029052734375
49035,10,320,9,13,2,8.299972341029546,0.5905235386536154,0.563179972727508,0,1130.029052734375
49035,10,320,9,14,2,10.142659138121962,-0.27406194516429805,0.43175884674785275,0,1130.029052734375
49035,10,320,9,15,,,,,0,1130.029052734375
49035,10,320,9,16,,,,,0,1130.029052734375
49035,10,320,9,17,2,13.234876646107645,0.18409739045759888,0.43533959677349143,0,1130.029052734375
49035,10,320,9,18,2,30.076626497250604,4.409602213589372,0.37888543819998316,0,1130.029052734375
49035,10,320,9,19,2,38.60441360736232,4.622190714872142,0.3414213562373095,0,1130.029052734375
49035,10,320,9,20,2,28.736028829216718,4.573634463529031,0.482842712474619,0,1130.029052734375
49035,10,320,9,21,2,19.005734812914962,4.474885434792073,0.3414213562373095,0,1130.029052734375
49035,10,320,9,22,2,33.22929344478143,4.750554813034584,0.4242640687119285,0,1130.029052734375
49035,10,320,9,23,2,23.23025066039254,4.74557489220461,0.4242640687119285,0,1130.029052734375
49035,10,320,9,24,2,43.47278725079148,-1.4146893976729522,0.37888543819998316,0,1130.029052734375
49035,10,320,9,25,2,38.50470793039749,-1.400902086189223,0.482842712474619,0,1130.029052734375
49035,10,320,9,26,2,28.60194286600979,-1.3589797966906738,0.4242640687119285,0,1130.029052734375
49035,10,320,9,27,2,18.802386513838123,-1.273048126338961,0.482842712474619,0,1130.029052734375
49035,10,320,9,28,2,14.009248376283377,-1.1853224917062455,0.37888543819998316,0,1130.029052734375
49035,10,320,9,29,2,34.59042823782771,-1.2393669461035561,0.4242640687119285,0,1130.029052734375
49035,10,320,9,30,2,25.138741587071976,-1.1285603769631976,0.4242640687119285,0,1130.029052734375
49035,10,320,9,31,2,40.925839217322455,-1.1558750386846188,0.3414213562373095,0,1130.029052734375
49035,10,320,9,32,2,31.786521019882034,-1.0432866372776488,0.482842712474619,0,1130.029052734375
49035,10,320,9,33,2,23.36325151712997,-0.8451867109126072,0.3414213562373095,0,1130.029052734375
49035,10,320,9,34,2,34.37351902214638,-0.9137525710382228,0.4308640753373011,0,1130.029052734375
49035,10,320,9,35,2,21.360760395046338,-0.10192080807880899,0.613407053921902,0,1130.029052734375
49035,10,320,9,36,2,25.954034507083158,-0.27281555954372827,0.682842712474619,0,1130.029052734375
49035,10,320,9,37,2,24.826220184464248,-0.08062069350848011,0.8513997106635237,0,1130.029052734375
49035,10,320,9,38,2,24.679353923880115,0.12163505468906433,0.682842712474619,0,1130.029052734375
49035,10,320,9,39,2,27.71379626883351,-0.15841579610982937,0.848528137423857,0,1130.029052734375
49035,10,320,9,40,2,27.12533511466811,0.022927225693328612,0.848528137423857,0,1130.029052734375
49035,10,320,9,41,2,31.85290077208785,-0.32729829551393763,0.613407053921902,0,1130.029052734375
49035,10,320,9,42,2,30.73707531001153,-0.2212285428734495,0.8513997106635237,0,1130.029052734375
49035,10,320,9,43,2,29.79088954808092,-0.058802501789804174,0.848528137423857,0,1130.029052734375
49035,10,320,9,44,2,29.668609699792032,0.10952792324988692,0.8513997106635237,0,1130.029052734375
49035,10,320,9,45,2,30.08133827700223,0.22593391163336585,0.613407053921902,0,1130.029052734375
49035,10,320,9,46,2,32.62223773821881,-0.12673724158778144,0.848528137423857,0,1130.029052734375
49035,10,320,9,47,2,32.12381821174911,0.027099233677932766,0.848528137423857,0,1130.029052734375
49035,10,320,9,48,2,35.57982138841871,-0.18360572286648735,0.682842712474619,0,1130.029052734375
49035,10,320,9,49,2,34.765686984214966,-0.04322270985901566,0.8513997106635237,0,1130.029052734375
49035,10,320,9,50,2,34.66096208902821,0.10090748790299897,0.682842712474619,0,1130.029052734375
49035,10,320,9,51,2,38.25195570787635,-0.03472939601568559,0.613407053921902,0,1130.029052734375
49035,10,320,9,52,2,41.351727895357406,-0.8834557806674506,0.4308640753373011,0,1130.029052734375
49035,10,320,9,53,2,52.39907144639935,-0.9203945996204521,0.3414213562373095,0,1130.029052734375
49035,10,320,9,54,2,44.50978871383391,-0.7930691157717276,0.482842712474619,0,1130.029052734375
49035,10,320,9,55,2,37.63747991371646,-0.6153505346870014,0.3414213562373095,0,1130.029052734375
49035,10,320,9,56,2,51.57080454400491,-0.7852022752844301,0.4242640687119285,0,1130.029052734375
49035,10,320,9,57,2,44.665495454782885,-0.6343527247852283,0.4242640687119285,0,1130.029052734375
49035,10,320,9,58,2,58.634243162863264,-0.7792305110289408,0.382842712474619,0,1130.029052734375
49035,10,320,9,59,2,51.705251901398285,-0.6481844785398578,0.4242640687119285,0,1130.029052734375
49035,10,320,9,60,2,45.922670622387855,-0.4805589903951193,0.482842712474619,0,1130.029052734375
49035,10,320,9,61,2,43.607579370391115,-0.381485442883682,0.37888543819998316,0,1130.029052734375
49035,10,320,9,62,2,58.752529002187394,-0.6586996653839969,0.4242640687119285,0,1130.029052734375
49035,10,320,9,63,2,52.79505911596411,-0.5143632961174702,0.4242640687119285,0,1130.029052734375
49035,10,320,9,64,2,65.80491056234855,-0.6669617623349351,0.3414213562373095,0,1130.029052734375
49035,10,320,9,65,2,59.71385816562153,-0.5403583200161417,0.382842712474619,0,1130.029052734375
49035,10,320,9,66,2,54.783240684804674,-0.388102268877079,0.3414213562373095,0,1130.029052734375
49035,10,321,13,1,,,,,0,1130.2449951171875
49035,10,321,13,2,2,4.78167833401553,3.6827305285317404,0.42649110640673515,0,1130.2449951171875
49035,10,321,13,3,2,3.1759324605842547,2.376802376599371,0.6093338188813542,0,1130.2449951171875
49035,10,321,13,4,,,,,0,1130.2449951171875
49035,10,321,13,5,,,,,0,1130.2449951171875
49035,10,321,13,6,2,3.7471189368249695,1.3164030775903985,0.6093338188813542,0,1130.2449951171875
49035,10,321,13,7,,,,,0,1130.2449951171875
49035,10,321,13,8,,,,,0,1130.2449951171875
49035,10,321,13,9,,,,,0,1130.2449951171875
49035,10,321,13,10,,,,,0,1130.2449951171875
49035,10,321,13,11,,,,,0,1130.2449951171875
49035,10,321,13,12,,,,,0,1130.2449951171875
49035,10,321,13,13,2,5.893004979427061,0.3138951174664859,0.48033726025288903,1,1130.2449951171875
49035,10,321,13,14,2,8.014840136376597,-0.8605814172384842,0.39033749051054323,0,1130.2449951171875
49035,10,321,13,15,,,,,0,1130.2449951171875
49035,10,321,13,16,,,,,0,1130.2449951171875
49035,10,321,13,17,2,10.639097088966729,-0.25462794572227,0.423692325950598,0,1130.2449951171875
49035,10,321,13,18,2,31.54965509236698,3.920313348341434,0.37888543819998316,0,1130.2449951171875
49035,10,321,13,19,2,39.58059051100374,4.140877310861016,0.3414213562373095,0,1130.2449951171875
49035,10,321,13,20,2,29.8507511431146,4.073697974436595,0.482842712474619,0,1130.2449951171875
49035,10,321,13,21,2,20.384100235638464,3.9429794173352413,0.3414213562373095,0,1130.2449951171875
49035,10,321,13,22,2,33.904746745327536,4.2560615835469875,0.4242640687119285,0,1130.2449951171875
49035,10,321,13,23,2,23.957797279240776,4.219966088313012,0.4242640687119285,0,1130.2449951171875
49035,10,321,13,24,2,43.82663871000421,-1.8933390342166614,0.37888543819998316,0,1130.2449951171875
49035,10,321,13,25,2,38.83292880947095,-1.8872615528072523,0.482842712474619,0,1130.2449951171875
49035,10,321,13,26,2,28.85204600249066,-1.868797068319892,0.4242640687119285,0,1130.2449951171875
49035,10,321,13,27,2,18.891393732020827,-1.8308347283627537,0.482842712474619,0,1130.2449951171875
49035,10,321,13,28,2,13.93222367184919,-1.7915262089390762,0.37888543819998316,0,1130.2449951171875
49035,10,321,13,29,2,34.509492412762,-1.7342651369710202,0.4242640687119285,0,1130.2449951171875
49035,10,321,13,30,2,24.80623440175627,-1.6515980781894857,0.4242640687119285,0,1130.2449951171875
49035,10,321,13,31,2,40.61243128209783,-1.63883367586146,0.3414213562373095,0,1130.2449951171875
49035,10,321,13,32,2,31.205989381071017,-1.5434617155161463,0.482842712474619,0,1130.2449951171875
49035,10,321,13,33,2,22.321692853811857,-1.3693246906210292,0.3414213562373095,0,1130.2449951171875
49035,10,321,13,34,2,33.45893573639719,-1.4052128184360748,0.4308640753373011,0,1130.2449951171875
49035,10,321,13,35,2,18.949059589900624,-0.5704716931192098,0.613407053921902,0,1130.2449951171875
49035,10,321,13,36,2,23.7502712656086,-0.7483256878836877,0.682842712474619,0,1130.2449951171875
49035,10,321,13,37,2,22.389673612944712,-0.5393014084280348,0.8513997106635237,0,1130.2449951171875
49035,10,321,13,38,2,22.102479132404852,-0.3144356079064097,0.682842712474619,0,1130.2449951171875
49035,10,321,13,39,2,25.35803104585435,-0.619928638071297,0.848528137423857,0,1130.2449951171875
49035,10,321,13,40,2,24.601866551680835,-0.4217233669953455,0.848528137423857,0,1130.2449951171875
49035,10,321,13,41,2,29.72299653530737,-0.7955879066359608,0.613407053921902,0,1130.2449951171875
49035,10,321,13,42,2,28.45631726964741,-0.6833406099567831,0.8513997106635237,0,1130.2449951171875
49035,10,321,13,43,2,27.331009711590106,-0.508428796271315,0.848528137423857,0,1130.2449951171875
49035,10,321,13,44,2,27.096239428364072,-0.32463967577923625,0.8513997106635237,0,1130.2449951171875
49035,10,321,13,45,2,27.47747551490441,-0.19704633971517982,0.613407053921902,0,1130.2449951171875
49035,10,321,13,46,2,30.22774132950315,-0.5789670278543586,0.848528137423857,0,1130.2449951171875
49035,10,321,13,47,2,29.59625728343961,-0.412948708284947,0.848528137423857,0,1130.2449951171875
49035,10,321,13,48,2,33.24828717259993,-0.6369357888199134,0.682842712474619,0,1130.2449951171875
49035,10,321,13,49,2,32.29041187745787,-0.48702396900073364,0.8513997106635237,0,1130.2449951171875
49035,10,321,13,50,2,32.091942891013495,-0.3316673942497499,0.682842712474619,0,1130.2449951171875
49035,10,321,13,51,2,35.76871991515017,-0.4755757383941803,0.613407053921902,0,1130.2449951171875
49035,10,321,13,52,2,40.34804690030234,-1.361832154823435,0.4308640753373011,0,1130.2449951171875
49035,10,321,13,53,2,51.47045072098591,-1.3867766469755713,0.3414213562373095,0,1130.2449951171875
49035,10,321,13,54,2,43.285696205904294,-1.2649790584107918,0.482842712474619,0,1130.2449951171875
49035,10,321,13,55,2,36.029095112675755,-1.0905278118001613,0.3414213562373095,0,1130.2449951171875
49035,10,321,13,56,2,50.320135175558484,-1.2495774125871362,0.4242640687119285,0,1130.2449951171875
49035,10,321,13,57,2,43.087819655847944,-1.1011272068197522,0.4242640687119285,0,1130.2449951171875
49035,10,321,13,58,2,57.363581758317,-1.237955760105257,0.382842712474619,0,1130.2449951171875
49035,10,321,13,59,2,50.15002204138615,-1.108742022043035,0.4242640687119285,0,1130.2449951171875
49035,10,321,13,60,2,44.03940178249377,-0.9401042825768229,0.482842712474619,0,1130.2449951171875
49035,10,321,13,61,2,41.55347168004275,-0.8386492787405266,0.37888543819998316,0,1130.2449951171875
49035,10,321,13,62,2,57.21441443210057,-1.1144766680369542,0.4242640687119285,0,1130.2449951171875
49035,10,321,13,63,2,50.96992659810838,-0.9697138101600016,0.4242640687119285,0,1130.2449951171875
49035,10,321,13,64,2,64.28027478834233,-1.1189507000334447,0.3414213562373095,0,1130.2449951171875
49035,10,321,13,65,2,57.93442780828337,-0.9922203831721796,0.382842712474619,0,1130.2449951171875
49035,10,321,13,66,2,52.73369059796209,-0.8375382336258113,0.3414213562373095,0,1130.2449951171875
49035,10,322,14,1,,,,,0,1130.56103515625
49035,10,322,14,2,2,7.364508751084516,3.0233218909185346,0.42649110640673515,0,1130.56103515625
49035,10,322,14,3,2,4.776619313419551,2.285372967347319,0.5722854315746106,0,1130.56103515625
49035,10,322,14,4,,,,,0,1130.56103515625
49035,10,322,14,5,,,,,0,1130.56103515625
49035,10,322,14,6,2,2.9051235113459395,1.4566324544238034,0.5036147230395605,0,1130.56103515625
49035,10,322,14,7,,,,,0,1130.56103515625
49035,10,322,14,8,,,,,0,1130.56103515625
49035,10,322,14,9,,,,,0,1130.56103515625
49035,10,322,14,10,,,,,0,1130.56103515625
49035,10,322,14,11,,,,,0,1130.56103515625
49035,10,322,14,12,,,,,0,1130.56103515625
49035,10,322,14,13,,,,,0,1130.56103515625
49035,10,322,14,14,2,7.718185376570396,-1.8108157260371884,0.35812728826201445,1,1130.56103515625
49035,10,322,14,15,,,,,0,1130.56103515625
49035,10,322,14,16,,,,,0,1130.56103515625
49035,10,322,14,17,2,8.790194944052379,-1.0641300179353137,0.35849461354003137,0,1130.56103515625
49035,10,322,14,18,2,34.000015855582106,3.273172622467786,0.37888543819998316,0,1130.56103515625
49035,10,322,14,19,2,41.79124394559131,3.4862977259618395,0.3414213562373095,0,1130.56103515625
49035,10,322,14,20,2,32.15071191064028,3.413793402424201,0.482842712474619,0,1130.56103515625
49035,10,322,14,21,2,22.821666946173135,3.2807469521222026,0.3414213562373095,0,1130.56103515625
49035,10,322,14,22,2,35.95490747619311,3.589330661083829,0.4242640687119285,0,1130.56103515625
49035,10,322,14,23,2,26.07519084230586,3.5388225403408007,0.4242640687119285,0,1130.56103515625
49035,10,322,14,24,2,45.64276902162811,-2.5559828363263986,0.37888543819998316,0,1130.56103515625
49035,10,322,14,25,2,40.64286489511077,-2.5552639354210944,0.482842712474619,0,1130.56103515625
49035,10,322,14,26,2,30.64315050257221,-2.553122337727129,0.4242640687119285,0,1130.56103515625
49035,10,322,14,27,2,20.643712809578517,-2.5489060003900166,0.482842712474619,0,1130.56103515625
49035,10,322,14,28,2,15.644263532838108,-2.544776632341147,0.37888543819998316,0,1130.56103515625
49035,10,322,14,29,2,36.02901286441126,-2.4151208626625906,0.4242640687119285,0,1130.56103515625
49035,10,322,14,30,2,26.177279725459943,-2.359249493884157,0.4242640687119285,0,1130.56103515625
49035,10,322,14,31,2,41.91869348207947,-2.314389491093853,0.3414213562373095,0,1130.56103515625
49035,10,322,14,32,2,32.31620443501366,-2.2385281944907436,0.482842712474619,0,1130.56103515625
49035,10,322,14,33,2,23.054224665485084,-2.100284590870783,0.3414213562373095,0,1130.56103515625
49035,10,322,14,34,2,34.23454786128698,-2.0995969130212297,0.4308640753373011,0,1130.56103515625
49035,10,322,14,35,2,17.69053253363944,-1.3156274058327941,0.613407053921902,0,1130.56103515625
49035,10,322,14,36,2,22.89086885922048,-1.4745530630929138,0.682842712474619,0,1130.56103515625
49035,10,322,14,37,2,21.037394801889377,-1.2625424495789965,0.8513997106635237,0,1130.56103515625
49035,10,322,14,38,2,20.27688543566527,-1.0226966325229987,0.682842712474619,0,1130.56103515625
49035,10,322,14,39,2,24.178823951567047,-1.3344832750966495,0.848528137423857,0,1130.56103515625
49035,10,322,14,40,2,22.98250705648547,-1.1281718931856197,0.848528137423857,0,1130.56103515625
49035,10,322,14,41,2,28.955189574009175,-1.5012963204896024,0.613407053921902,0,1130.56103515625
49035,10,322,14,42,2,27.41640157480887,-1.3896659411799388,0.8513997106635237,0,1130.56103515625
49035,10,322,14,43,2,25.888977929453194,-1.2107233560795971,0.848528137423857,0,1130.56103515625
49035,10,322,14,44,2,25.274874503194802,-1.0164332252196102,0.8513997106635237,0,1130.56103515625
49035,10,322,14,45,2,25.42784601960259,-0.8783953029998927,0.613407053921902,0,1130.56103515625
49035,10,322,14,46,2,28.93583808812222,-1.27626294140115,0.848528137423857,0,1130.56103515625
49035,10,322,14,47,2,27.943922931159054,-1.103707564248881,0.848528137423857,0,1130.56103515625
49035,10,322,14,48,2,32.0831150839867,-1.329135883111821,0.682842712474619,0,1130.56103515625
49035,10,322,14,49,2,30.78808822276672,-1.17532399907624,0.8513997106635237,0,1130.56103515625
49035,10,322,14,50,2,30.27352769885596,-1.0122380770450676,0.682842712474619,0,1130.56103515625
49035,10,322,14,51,2,34.23482751730573,-1.1565880854130208,0.613407053921902,0,1130.56103515625
49035,10,322,14,52,2,41.001114162024535,-2.0448007870129294,0.4308640753373011,0,1130.56103515625
49035,10,322,14,53,2,52.16894051892809,-2.0562350823337843,0.3414213562373095,0,1130.56103515625
49035,10,322,14,54,2,43.68934150005607,-1.9451502140635877,0.482842712474619,0,1130.56103515625
49035,10,322,14,55,2,35.99887173995298,-1.7837996387046848,0.3414213562373095,0,1130.56103515625
49035,10,322,14,56,2,50.67391494614503,-1.921716064347549,0.4242640687119285,0,1130.56103515625
49035,10,322,14,57,2,43.069778984924056,-1.7825894522228891,0.4242640687119285,0,1130.56103515625
49035,10,322,14,58,2,57.679569617237625,-1.9039665799565206,0.382842712474619,0,1130.56103515625
49035,10,322,14,59,2,50.14073151710918,-1.7817205908906173,0.4242640687119285,0,1130.56103515625
49035,10,322,14,60,2,43.60336183038976,-1.619705281182397,0.482842712474619,0,1130.56103515625
49035,10,322,14,61,2,40.86359340332691,-1.520578726725851,0.37888543819998316,0,1130.56103515625
49035,10,322,14,62,2,57.21171254499769,-1.781066499938873,0.4242640687119285,0,1130.56103515625
49035,10,322,14,63,2,50.59980492227722,-1.6415187226691001,0.4242640687119285,0,1130.56103515625
49035,10,322,14,64,2,64.28271266516423,-1.780556306816591,0.3414213562373095,0,1130.56103515625
49035,10,322,14,65,2,57.61447173612833,-1.6580268520325814,0.382842712474619,0,1130.56103515625
49035,10,322,14,66,2,52.02487442824052,-1.506426145514809,0.3414213562373095,0,1130.56103515625
49035,10,323,2,1,,,,,0,1131.2120361328125
49035,10,323,2,2,2,11.071765945507538,4.561152679990765,0.41593382550672675,1,1131.2120361328125
49035,10,323,2,3,2,10.98023666161811,4.103774915930719,0.5842467377872977,0,1131.2120361328125
49035,10,323,2,4,,,,,0,1131.2120361328125
49035,10,323,2,5,,,,,0,1131.2120361328125
49035,10,323,2,6,2,9.532638028096947,3.7871736197470502,0.563179972727508,0,1131.2120361328125
49035,10,323,2,7,,,,,0,1131.2120361328125
49035,10,323,2,8,,,,,0,1131.2120361328125
49035,10,323,2,9,,,,,0,1131.2120361328125
49035,10,323,2,10,,,,,0,1131.2120361328125
49035,10,323,2,11,2,12.227587480751348,3.232208720813892,0.33843921223960294,0,1131.2120361328125
49035,10,323,2,12,,,,,0,1131.2120361328125
49035,10,323,2,13,,,,,0,1131.2120361328125
49035,10,323,2,14,,,,,0,1131.2120361328125
49035,10,323,2,15,,,,,0,1131.2120361328125
49035,10,323,2,16,,,,,0,1131.2120361328125
49035,10,323,2,17,2,3.593810980511952,1.8668587955892666,0.28160475117535366,0,1131.2120361328125
49035,10,323,2,18,2,34.60371151559705,5.242838288076095,0.37888543819998316,0,1131.2120361328125
49035,10,323,2,19,2,40.8544152318289,5.4900074920370425,0.3414213562373095,0,1131.2120361328125
49035,10,323,2,20,2,31.859793406749787,5.368806848736748,0.482842712474619,0,1131.2120361328125
49035,10,323,2,21,2,23.68564180905515,5.158722195420328,0.3414213562373095,0,1131.2120361328125
49035,10,323,2,22,2,34.4193902501751,5.568187834547796,0.4242640687119285,0,1131.2120361328125
49035,10,323,2,23,2,25.112897427018105,5.4436481165729615,0.4242640687119285,0,1131.2120361328125
49035,10,323,2,24,2,43.08550589785244,5.751878486703105,0.37888543819998316,0,1131.2120361328125
49035,10,323,2,25,2,38.13584159903803,5.734419641062312,0.482842712474619,0,1131.2120361328125
49035,10,323,2,26,2,28.28967314150172,5.6812171922507275,0.4242640687119285,0,1131.2120361328125
49035,10,323,2,27,2,18.608299181792187,5.572018651631605,0.482842712474619,0,1131.2120361328125
49035,10,323,2,28,2,13.937374014933004,5.461188015034541,0.37888543819998316,0,1131.2120361328125
49035,10,323,2,29,2,32.71014514987781,5.862895515025106,0.4242640687119285,0,1131.2120361328125
49035,10,323,2,30,2,22.713801700995784,5.85297517065007,0.4242640687119285,0,1131.2120361328125
49035,10,323,2,31,2,37.942081980291306,-0.28516327890312665,0.3414213562373095,0,1131.2120361328125
49035,10,323,2,32,2,28.027928517556024,-0.24506596037310846,0.482842712474619,0,1131.2120361328125
49035,10,323,2,33,2,18.20790951678183,-0.1614351338743778,0.3414213562373095,0,1131.2120361328125
49035,10,323,2,34,2,29.209490961866205,-0.07506256641690445,0.4308640753373011,0,1131.2120361328125
49035,10,323,2,35,2,11.096901270011712,0.9270918017421554,0.613407053921902,0,1131.2120361328125
49035,10,323,2,36,2,16.209575302568073,0.6779162156886831,0.682842712474619,0,1131.2120361328125
49035,10,323,2,37,2,14.516608677052186,0.9858286437824628,0.8513997106635237,0,1131.2120361328125
49035,10,323,2,38,2,14.446920899475737,1.3327956950943802,0.682842712474619,0,1131.2120361328125
49035,10,323,2,39,2,17.551521931707303,0.8721455828811226,0.848528137423857,0,1131.2120361328125
49035,10,323,2,40,2,16.76417364835632,1.1610006696671888,0.848528137423857,0,1131.2120361328125
49035,10,323,2,41,2,22.283240329014287,0.646318782036964,0.613407053921902,0,1131.2120361328125
49035,10,323,2,42,2,20.745599937233393,0.7926841861455067,0.8513997106635237,0,1131.2120361328125
49035,10,323,2,43,2,19.451516978086314,1.0336891031781512,0.848528137423857,0,1131.2120361328125
49035,10,323,2,44,2,19.399564653409676,1.2917842889140705,0.8513997106635237,0,1131.2120361328125
49035,10,323,2,45,2,20.116665378162246,1.465415350984047,0.613407053921902,0,1131.2120361328125
49035,10,323,2,46,2,22.376002935853307,0.9384202737352427,0.848528137423857,0,1131.2120361328125
49035,10,323,2,47,2,21.763894490149454,1.163766718832686,0.848528137423857,0,1131.2120361328125
49035,10,323,2,48,2,25.45603075936725,0.8656691620691606,0.682842712474619,0,1131.2120361328125
49035,10,323,2,49,2,24.412928911027727,1.0621412426918189,0.8513997106635237,0,1131.2120361328125
49035,10,323,2,50,2,24.37155501825715,1.2674780518258666,0.682842712474619,0,1131.2120361328125
49035,10,323,2,51,2,27.894117797506567,1.076028266423257,0.613407053921902,0,1131.2120361328125
49035,10,323,2,52,2,35.67691622778537,0.013522690262216752,0.4308640753373011,0,1131.2120361328125
49035,10,323,2,53,2,46.84558404806631,0.026016009968213627,0.3414213562373095,0,1131.2120361328125
49035,10,323,2,54,2,37.953549725823116,0.13457236567421926,0.482842712474619,0,1131.2120361328125
49035,10,323,2,55,2,29.773060453648565,0.30587865750903465,0.3414213562373095,0,1131.2120361328125
49035,10,323,2,56,2,44.834360997605394,0.174071055355292,0.4242640687119285,0,1131.2120361328125
49035,10,323,2,57,2,36.8250338499462,0.3215619929792837,0.4242640687119285,0,1131.2120361328125
49035,10,323,2,58,2,51.76647482045374,0.2030267677663664,0.382842712474619,0,1131.2120361328125
49035,10,323,2,59,2,43.88315288721578,0.33220230784313554,0.4242640687119285,0,1131.2120361328125
49035,10,323,2,60,2,37.03639155356308,0.5132390063718391,0.482842712474619,0,1131.2120361328125
49035,10,323,2,61,2,34.20052478108897,0.6290093595541015,0.37888543819998316,0,1131.2120361328125
49035,10,323,2,62,2,50.944863299412496,0.3398934939439311,0.4242640687119285,0,1131.2120361328125
49035,10,323,2,63,2,44.06066600247788,0.493134315764876,0.4242640687119285,0,1131.2120361328125
49035,10,323,2,64,2,58.0088535127949,0.3457117794609985,0.3414213562373095,0,1131.2120361328125
49035,10,323,2,65,2,51.09785003163031,0.4785626384394135,0.382842712474619,0,1131.2120361328125
49035,10,323,2,66,2,45.35364891429426,0.6488051488076976,0.3414213562373095,0,1131.2120361328125
49035,10,324,3,1,,,,,0,1132.06201171875
49035,10,324,3,2,,,,,0,1132.06201171875
49035,10,324,3,3,2,4.079137517281856,-1.72349493628795,0.5256680940246072,1,1132.06201171875
49035,10,324,3,4,,,,,0,1132.06201171875
49035,10,324,3,5,,,,,0,1132.06201171875
49035,10,324,3,6,2,5.875866811917244,-2.3559407692808776,0.563179972727508,0,1132.06201171875
49035,10,324,3,7,2,5.7974509866733515,-4.977212828386799,0.5409644648731183,0,1132.06201171875
49035,10,324,3,8,2,3.156970944755307,-4.433540488961751,0.5536267483583304,0,1132.06201171875
49035,10,324,3,9,,,,,0,1132.06201171875
49035,10,324,3,10,,,,,0,1132.06201171875
49035,10,324,3,11,2,12.176546567111467,-2.5450625738657475,0.33843921223960294,0,1132.06201171875
49035,10,324,3,12,,,,,0,1132.06201171875
49035,10,324,3,13,,,,,0,1132.06201171875
49035,10,324,3,14,,,,,0,1132.06201171875
49035,10,324,3,15,,,,,0,1132.06201171875
49035,10,324,3,16,,,,,0,1132.06201171875
49035,10,324,3,17,2,11.701468319187976,-3.599501571677033,0.296052254748902,0,1132.06201171875
49035,10,324,3,18,2,29.329200209947917,0.38797595552950304,0.37888543819998316,0,1132.06201171875
49035,10,324,3,19,2,37.34710418547085,0.6239537692080113,0.3414213562373095,0,1132.06201171875
49035,10,324,3,20,2,27.60891131849044,0.5531458136747638,0.482842712474619,0,1132.06201171875
49035,10,324,3,21,2,18.157581814331028,0.4071088505612672,0.3414213562373095,0,1132.06201171875
49035,10,324,3,22,2,31.71086701516378,0.748111425266079,0.4242640687119285,0,1132.06201171875
49035,10,324,3,23,2,21.749135155340262,0.7148291676823244,0.4242640687119285,0,1132.06201171875
49035,10,324,3,24,2,41.71550422730867,-5.397748362065135,0.37888543819998316,0,1132.06201171875
49035,10,324,3,25,2,36.7274582501231,-5.388920520478784,0.482842712474619,0,1132.06201171875
49035,10,324,3,26,2,26.764752617320987,-5.361399281911359,0.4242640687119285,0,1132.06201171875
49035,10,324,3,27,2,16.84629857916112,-5.301370381392699,0.482842712474619,0,1132.06201171875
49035,10,324,3,28,2,11.938202226222078,-5.234069347344,0.4538461538461539,0,1132.06201171875
49035,10,324,3,29,2,32.55271241121888,-5.223677146853073,0.4242640687119285,0,1132.06201171875
49035,10,324,3,30,2,22.959200301390702,-5.120400766893498,0.4242640687119285,0,1132.06201171875
49035,10,324,3,31,2,38.768623756701196,-5.128755515885805,0.3414213562373095,0,1132.06201171875
49035,10,324,3,32,2,29.503423210544767,-5.017449408870154,0.482842712474619,0,1132.06201171875
49035,10,324,3,33,2,20.9260071273133,-4.810182548033521,0.3414213562373095,0,1132.06201171875
49035,10,324,3,34,2,31.97658487671209,-4.875853227524697,0.4308640753373011,0,1132.06201171875
49035,10,324,3,35,2,19.273854389517656,-3.97639399756975,0.613407053921902,0,1132.06201171875
49035,10,324,3,36,2,23.652559394668977,-4.175855598973955,0.682842712474619,0,1132.06201171875
49035,10,324,3,37,2,22.763270030781417,-3.963408632956746,0.8513997106635237,0,1132.06201171875
49035,10,324,3,38,2,22.954070642702987,-3.7443931912197694,0.682842712474619,0,1132.06201171875
49035,10,324,3,39,2,25.540752021521172,-4.054166193340439,0.848528137423857,0,1132.06201171875
49035,10,324,3,40,2,25.22008942095102,-3.857247562197564,0.848528137423857,0,1132.06201171875
49035,10,324,3,41,2,29.498093795231156,-4.24230636800676,0.613407053921902,0,1132.06201171875
49035,10,324,3,42,2,28.486726122097714,-4.126652995129019,0.8513997106635237,0,1132.06201171875
49035,10,324,3,43,2,27.752773946604545,-3.950525600754296,0.848528137423857,0,1132.06201171875
49035,10,324,3,44,2,27.909485095702852,-3.770716076518841,0.8513997106635237,0,1132.06201171875
49035,10,324,3,45,2,28.544620962808548,-3.6486968386916567,0.613407053921902,0,1132.06201171875
49035,10,324,3,46,2,30.485734582947124,-4.02765680294186,0.848528137423857,0,1132.06201171875
49035,10,324,3,47,2,30.2175927174523,-3.862970599978145,0.848528137423857,0,1132.06201171875
49035,10,324,3,48,2,33.369800185084486,-4.091785128065076,0.682842712474619,0,1132.06201171875
49035,10,324,3,49,2,32.74548000821476,-3.94156999073936,0.8513997106635237,0,1132.06201171875
49035,10,324,3,50,2,32.878402600252954,-3.789092322025279,0.682842712474619,0,1132.06201171875
49035,10,324,3,51,2,36.241570888060785,-3.936769468781919,0.613407053921902,0,1132.06201171875
49035,10,324,3,52,2,38.93364975235054,-4.840010372086735,0.4308640753373011,0,1132.06201171875
49035,10,324,3,53,2,50.00433270351591,-4.8754141288787345,0.3414213562373095,0,1132.06201171875
49035,10,324,3,54,2,42.046154191266595,-4.743257435888147,0.482842712474619,0,1132.06201171875
49035,10,324,3,55,2,35.14718872723139,-4.5546674155658184,0.3414213562373095,0,1132.06201171875
49035,10,324,3,56,2,49.10403430408645,-4.733757529351326,0.4242640687119285,0,1132.06201171875
49035,10,324,3,57,2,42.1740676018896,-4.575168379138521,0.4242640687119285,0,1132.06201171875
49035,10,324,3,58,2,56.16523201766402,-4.7266458006240235,0.382842712474619,0,1132.06201171875
49035,10,324,3,59,2,49.213606662689195,-4.5898091777558,0.4242640687119285,0,1132.06201171875
49035,10,324,3,60,2,43.46751515674369,-4.412625506421183,0.482842712474619,0,1132.06201171875
49035,10,324,3,61,2,41.208588552359686,-4.30718160388472,0.37888543819998316,0,1132.06201171875
49035,10,324,3,62,2,56.2610538775361,-4.600783952026987,0.4242640687119285,0,1132.06201171875
49035,10,324,3,63,2,50.326454043205494,-4.449380764985791,0.4242640687119285,0,1132.06201171875
49035,10,324,3,64,2,63.313768534752,-4.609314544109921,0.3414213562373095,0,1132.06201171875
49035,10,324,3,65,2,57.23704289377647,-4.4772911421625246,0.382842712474619,0,1132.06201171875
49035,10,324,3,66,2,52.378668104256555,-4.317489130129845,0.3414213562373095,0,1132.06201171875
49035,10,325,6,1,,,,,0,1132.4620361328125
49035,10,325,6,2,,,,,0,1132.4620361328125
49035,10,325,6,3,,,,,0,1132.4620361328125
49035,10,325,6,4,,,,,0,1132.4620361328125
49035,10,325,6,5,,,,,0,1132.4620361328125
49035,10,325,6,6,2,6.6169242048276695,-1.4103077793445,0.3689857016884763,1,1132.4620361328125
49035,10,325,6,7,2,7.915614331508229,-3.1810841265357985,0.5282088809960268,0,1132.4620361328125
49035,10,325,6,8,2,6.144618806328484,-2.744764217611523,0.5136094174336996,0,1132.4620361328125
49035,10,325,6,9,,,,,0,1132.4620361328125
49035,10,325,6,10,,,,,0,1132.4620361328125
49035,10,325,6,11,2,13.0847671125795,-1.340893571529444,0.3111092610009982,0,1132.4620361328125
49035,10,325,6,12,,,,,0,1132.4620361328125
49035,10,325,6,13,,,,,0,1132.4620361328125
49035,10,325,6,14,,,,,0,1132.4620361328125
49035,10,325,6,15,,,,,0,1132.4620361328125
49035,10,325,6,16,,,,,0,1132.4620361328125
49035,10,325,6,17,2,14.723190391376471,-2.2276441221545666,0.296052254748902,0,1132.4620361328125
49035,10,325,6,18,2,28.318414744138362,1.9379919818493696,0.37888543819998316,0,1132.4620361328125
49035,10,325,6,19,2,37.03789441030713,2.1544925028992004,0.3414213562373095,0,1132.4620361328125
49035,10,325,6,20,2,27.12307177357516,2.113397568036667,0.482842712474619,0,1132.4620361328125
49035,10,325,6,21,2,17.306542766247645,2.025360988552373,0.3414213562373095,0,1132.4620361328125
49035,10,325,6,22,2,31.819203811617623,-3.9895954849637163,0.4242640687119285,0,1132.4620361328125
49035,10,325,6,23,2,21.824690863577214,-3.977026242459694,0.4242640687119285,0,1132.4620361328125
49035,10,325,6,24,2,42.21770647410028,-3.877469105095913,0.37888543819998316,0,1132.4620361328125
49035,10,325,6,25,2,37.27281100180148,-3.858807170453593,0.482842712474619,0,1132.4620361328125
49035,10,325,6,26,2,27.442992549309608,-3.801360678267549,0.4242640687119285,0,1132.4620361328125
49035,10,325,6,27,2,17.803742307360885,-3.680869059103519,0.482842712474619,0,1132.4620361328125
49035,10,325,6,28,2,13.187150571280988,-3.5554698545250805,0.4538461538461539,0,1132.4620361328125
49035,10,325,6,29,2,33.61426109305713,-3.6876472844283104,0.4242640687119285,0,1132.4620361328125
49035,10,325,6,30,2,24.367477278488714,-3.554512166349321,0.4242640687119285,0,1132.4620361328125
49035,10,325,6,31,2,40.08390272419798,-3.60988401313506,0.3414213562373095,0,1132.4620361328125
49035,10,325,6,32,2,31.154047212014298,-3.48243202710346,0.482842712474619,0,1132.4620361328125
49035,10,325,6,33,2,23.117743353836786,-3.2602162524644287,0.3414213562373095,0,1132.4620361328125
49035,10,325,6,34,2,33.97503593084034,-3.355457923936831,0.4308640753373011,0,1132.4620361328125
49035,10,325,6,35,2,22.445714275993943,-2.5268367021266798,0.613407053921902,0,1132.4620361328125
49035,10,325,6,36,2,26.75336007843253,-2.7035065224161046,0.682842712474619,0,1132.4620361328125
49035,10,325,6,37,2,25.935882007924697,-2.515971055812914,0.8513997106635237,0,1132.4620361328125
49035,10,325,6,38,2,26.069094260670365,-2.3234522204536856,0.682842712474619,0,1132.4620361328125
49035,10,325,6,39,2,28.69791507957273,-2.5968917512018486,0.848528137423857,0,1132.4620361328125
49035,10,325,6,40,2,28.381297185947872,-2.421822051071409,0.848528137423857,0,1132.4620361328125
49035,10,325,6,41,2,32.54798448859525,-2.768459020094589,0.613407053921902,0,1132.4620361328125
49035,10,325,6,42,2,31.614406277830742,-2.6632538842427826,0.8513997106635237,0,1132.4620361328125
49035,10,325,6,43,2,30.925691331681957,-2.5047049927204923,0.848528137423857,0,1132.4620361328125
49035,10,325,6,44,2,31.037494814904008,-2.343183407647977,0.8513997106635237,0,1132.4620361328125
49035,10,325,6,45,2,31.589958442756778,-2.23275215680724,0.613407053921902,0,1132.4620361328125
49035,10,325,6,46,2,33.64964693318259,-2.5745882411586347,0.848528137423857,0,1132.4620361328125
49035,10,325,6,47,2,33.380030538790244,-2.4254783447890915,0.848528137423857,0,1132.4620361328125
49035,10,325,6,48,2,36.51299896082518,-2.633764151100734,0.682842712474619,0,1132.4620361328125
49035,10,325,6,49,2,35.918335055455245,-2.496570085457946,0.8513997106635237,0,1132.4620361328125
49035,10,325,6,50,2,36.014642760947524,-2.357465328826946,0.682842712474619,0,1132.4620361328125
49035,10,325,6,51,2,39.414295367612226,-2.492102087649985,0.613407053921902,0,1132.4620361328125
49035,10,325,6,52,2,41.001265532574045,-3.33415586002775,0.4308640753373011,0,1132.4620361328125
49035,10,325,6,53,2,51.97092248556564,-3.3809576332038564,0.3414213562373095,0,1132.4620361328125
49035,10,325,6,54,2,44.32642760347512,-3.2465381957006016,0.482842712474619,0,1132.4620361328125
49035,10,325,6,55,2,37.7979838638461,-3.061213165097035,0.3414213562373095,0,1132.4620361328125
49035,10,325,6,56,2,51.3968179254015,-3.2444875099413526,0.4242640687119285,0,1132.4620361328125
49035,10,325,6,57,2,44.78267849227335,-3.087994998029255,0.4242640687119285,0,1132.4620361328125
49035,10,325,6,58,2,58.4673721115258,-3.242932804411227,0.382842712474619,0,1132.4620361328125
49035,10,325,6,59,2,51.79081966635664,-3.1075398272110353,0.4242640687119285,0,1132.4620361328125
49035,10,325,6,60,2,46.326497836535445,-2.9363508245846632,0.482842712474619,0,1132.4620361328125
49035,10,325,6,61,2,44.19357534575866,-2.8363646192298395,0.37888543819998316,0,1132.4620361328125
49035,10,325,6,62,2,58.8140264773959,-3.1224214198277562,0.4242640687119285,0,1132.4620361328125
49035,10,325,6,63,2,53.13139477342257,-2.9750898484492003,0.4242640687119285,0,1132.4620361328125
49035,10,325,6,64,2,65.84747845783146,-3.1341260294460405,0.3414213562373095,0,1132.4620361328125
49035,10,325,6,65,2,59.99788179044346,-3.004998604126508,0.382842712474619,0,1132.4620361328125
49035,10,325,6,66,2,55.34980776322061,-2.8512017675491776,0.3414213562373095,0,1132.4620361328125
49035,10,326,11,1,,,,,0,1132.72900390625
49035,10,326,11,2,,,,,0,1132.72900390625
49035,10,326,11,3,,,,,0,1132.72900390625
49035,10,326,11,4,,,,,0,1132.72900390625
49035,10,326,11,5,,,,,0,1132.72900390625
49035,10,326,11,6,,,,,0,1132.72900390625
49035,10,326,11,7,2,9.78882737695158,-2.0105588084479566,0.5934065934065934,0,1132.72900390625
49035,10,326,11,8,2,6.7750528158380385,-1.7915903793048997,0.6699610235015835,0,1132.72900390625
49035,10,326,11,9,,,,,0,1132.72900390625
49035,10,326,11,10,,,,,0,1132.72900390625
49035,10,326,11,11,2,9.102391868749942,0.2278303965868962,0.24591154859043163,1,1132.72900390625
49035,10,326,11,12,2,7.216272841071223,-1.2844862969805164,0.5905350201669267,0,1132.72900390625
49035,10,326,11,13,,,,,0,1132.72900390625
49035,10,326,11,14,,,,,0,1132.72900390625
49035,10,326,11,15,,,,,0,1132.72900390625
49035,10,326,11,16,,,,,0,1132.72900390625
49035,10,326,11,17,2,12.621814521600024,-0.9039639324806353,0.36124996715946867,0,1132.72900390625
49035,10,326,11,18,2,32.272121474545486,3.494647149960334,0.37888543819998316,0,1132.72900390625
49035,10,326,11,19,2,40.80782196879314,3.6939560460055634,0.3414213562373095,0,1132.72900390625
49035,10,326,11,20,2,30.94592593007952,3.647346026507895,0.482842712474619,0,1132.72900390625
49035,10,326,11,21,2,21.213729740505798,3.557596616808138,0.3414213562373095,0,1132.72900390625
49035,10,326,11,22,2,35.39244043514788,3.8136689328995965,0.4242640687119285,0,1132.72900390625
49035,10,326,11,23,2,25.39678794235095,3.803834596857265,0.4242640687119285,0,1132.72900390625
49035,10,326,11,24,2,45.567678779200364,-2.354086542456778,0.37888543819998316,0,1132.72900390625
49035,10,326,11,25,2,40.590631286554455,-2.34295957105491,0.482842712474619,0,1132.72900390625
49035,10,326,11,26,2,30.658952135946606,-2.3098787089723216,0.4242640687119285,0,1132.72900390625
49035,10,326,11,27,2,20.792867621074226,-2.245266998743981,0.482842712474619,0,1132.72900390625
49035,10,326,11,28,2,15.922604775103318,-2.1830652913999318,0.4538461538461539,0,1132.72900390625
49035,10,326,11,29,2,36.53691084861701,-2.192371648037952,0.4242640687119285,0,1132.72900390625
49035,10,326,11,30,2,26.968831123966783,-2.0997240292224655,0.4242640687119285,0,1132.72900390625
49035,10,326,11,31,2,42.77756845176348,-2.108248092342266,0.3414213562373095,0,1132.72900390625
49035,10,326,11,32,2,33.50063223998261,-2.0095863179913342,0.482842712474619,0,1132.72900390625
49035,10,326,11,33,2,24.79242542212871,-1.8387994360848152,0.3414213562373095,0,1132.72900390625
49035,10,326,11,34,2,35.89502566764245,-1.8829225447683209,0.4308640753373011,0,1132.72900390625
49035,10,326,11,35,2,21.306830229400262,-1.129074049563664,0.613407053921902,0,1132.72900390625
49035,10,326,11,36,2,26.255615981145112,-1.2802421753860398,0.682842712474619,0,1132.72900390625
49035,10,326,11,37,2,24.70917581519037,-1.0932908716763587,0.8513997106635237,0,1132.72900390625
49035,10,326,11,38,2,24.119066490696,-0.8895556773417598,0.682842712474619,0,1132.72900390625
49035,10,326,11,39,2,27.758433378142037,-1.1616301664351214,0.848528137423857,0,1132.72900390625
49035,10,326,11,40,2,26.771563692197283,-0.9815798152917993,0.848528137423857,0,1132.72900390625
49035,10,326,11,41,2,32.25581619661597,-1.3186260457007473,0.613407053921902,0,1132.72900390625
49035,10,326,11,42,2,30.91145221032993,-1.2162420487128225,0.8513997106635237,0,1132.72900390625
49035,10,326,11,43,2,29.609185680598127,-1.056505214797499,0.848528137423857,0,1132.72900390625
49035,10,326,11,44,2,29.118548651757408,-0.8868403566409725,0.8513997106635237,0,1132.72900390625
49035,10,326,11,45,2,29.282589961040014,-0.7670392991124683,0.613407053921902,0,1132.72900390625
49035,10,326,11,46,2,32.58360217672224,-1.118047195601692,0.848528137423857,0,1132.72900390625
49035,10,326,11,47,2,31.747080648896276,-0.9646279755075015,0.848528137423857,0,1132.72900390625
49035,10,326,11,48,2,35.660599896155134,-1.1691358012940416,0.682842712474619,0,1132.72900390625
49035,10,326,11,49,2,34.537868837991226,-1.0301908185380402,0.8513997106635237,0,1132.72900390625
49035,10,326,11,50,2,34.118182583292906,-0.884920824142227,0.682842712474619,0,1132.72900390625
49035,10,326,11,51,2,37.9990360260861,-1.0158388946851389,0.613407053921902,0,1132.72900390625
49035,10,326,11,52,2,42.81854009615733,-1.846266482626215,0.4308640753373011,0,1132.72900390625
49035,10,326,11,53,2,53.91860425989465,-1.8741009180773505,0.3414213562373095,0,1132.72900390625
49035,10,326,11,54,2,45.821260165652156,-1.7559771656162222,0.482842712474619,0,1132.72900390625
49035,10,326,11,55,2,38.62589650741628,-1.5907180309477598,0.3414213562373095,0,1132.72900390625
49035,10,326,11,56,2,52.863620680520015,-1.7430440407068035,0.4242640687119285,0,1132.72900390625
49035,10,326,11,57,2,45.682977018657134,-1.6013006976607937,0.4242640687119285,0,1132.72900390625
49035,10,326,11,58,2,59.912744051156814,-1.7331529026363528,0.382842712474619,0,1132.72900390625
49035,10,326,11,59,2,52.743804352479906,-1.6090506401668172,0.4242640687119285,0,1132.72900390625
49035,10,326,11,60,2,46.62918501760384,-1.4493252597282464,0.482842712474619,0,1132.72900390625
49035,10,326,11,61,2,44.10744715263576,-1.3540868818318206,0.37888543819998316,0,1132.72900390625
49035,10,326,11,62,2,59.80705147270011,-1.61497032623048,0.4242640687119285,0,1132.72900390625
49035,10,326,11,63,2,53.56543105111218,-1.4768231847674498,0.4242640687119285,0,1132.72900390625
49035,10,326,11,64,2,66.8719516250552,-1.619639340171989,0.3414213562373095,0,1132.72900390625
49035,10,326,11,65,2,60.53288289828079,-1.4980040712145102,0.382842712474619,0,1132.72900390625
49035,10,326,11,66,2,55.28654365946769,-1.3507103798702502,0.3414213562373095,0,1132.72900390625
49035,10,327,16,1,,,,,0,1133.31201171875
49035,10,327,16,2,,,,,0,1133.31201171875
49035,10,327,16,3,,,,,0,1133.31201171875
49035,10,327,16,4,,,,,0,1133.31201171875
49035,10,327,16,5,,,,,0,1133.31201171875
49035,10,327,16,6,,,,,0,1133.31201171875
49035,10,327,16,7,2,14.242840269125512,-2.8151716257469346,0.5934065934065934,0,1133.31201171875
49035,10,327,16,8,2,10.743651328526866,-2.809080793943571,0.7099783544262142,0,1133.31201171875
49035,10,327,16,9,,,,,0,1133.31201171875
49035,10,327,16,10,,,,,0,1133.31201171875
49035,10,327,16,11,,,,,0,1133.31201171875
49035,10,327,16,12,2,8.69228041469077,-2.50998963289599,0.7195315787953919,0,1133.31201171875
49035,10,327,16,13,,,,,0,1133.31201171875
49035,10,327,16,14,,,,,0,1133.31201171875
49035,10,327,16,15,2,7.790085605837488,-2.0915147946368684,0.7685569981889047,0,1133.31201171875
49035,10,327,16,16,2,5.318075452041877,-1.402740452409202,0.49033749051054326,1,1133.31201171875
49035,10,327,16,17,2,10.478523833215544,-1.8428296515258353,0.6034068236642477,0,1133.31201171875
49035,10,327,16,18,2,38.65818010075398,3.0583002493723033,0.37888543819998316,0,1133.31201171875
49035,10,327,16,19,2,46.76456778670844,3.239640364228742,0.3414213562373095,0,1133.31201171875
49035,10,327,16,20,2,37.0421082797985,3.1834198775894533,0.482842712474619,0,1133.31201171875
49035,10,327,16,21,2,27.519279993251722,3.0877868643581134,0.3414213562373095,0,1133.31201171875
49035,10,327,16,22,2,41.014438800926776,3.3336427117359353,0.4242640687119285,0,1133.31201171875
49035,10,327,16,23,2,31.102687595923857,3.296526238435635,0.4242640687119285,0,1133.31201171875
49035,10,327,16,24,2,50.74104947407262,-2.828621068623324,0.37888543819998316,0,1133.31201171875
49035,10,327,16,25,2,45.741125855160355,-2.828047403933474,0.482842712474619,0,1133.31201171875
49035,10,327,16,26,2,35.74134272844666,-2.8264185697900546,0.4242640687119285,0,1133.31201171875
49035,10,327,16,27,2,25.74172809985676,-2.823524250560994,0.482842712474619,0,1133.31201171875
49035,10,327,16,28,2,20.742060127535286,-2.821030601963045,0.4538461538461539,0,1133.31201171875
49035,10,327,16,29,2,41.0793133386494,-2.705317237936515,0.4242640687119285,0,1133.31201171875
49035,10,327,16,30,2,31.188186383783307,-2.664200957134944,0.4242640687119285,0,1133.31201171875
49035,10,327,16,31,2,46.878314695790735,-2.6130809710018372,0.3414213562373095,0,1133.31201171875
49035,10,327,16,32,2,37.185607084626945,-2.5541534701320066,0.482842712474619,0,1133.31201171875
49035,10,327,16,33,2,27.712133800682434,-2.4543628530933175,0.3414213562373095,0,1133.31201171875
49035,10,327,16,34,2,38.86428014722829,-2.4301835582308042,0.4308640753373011,0,1133.31201171875
49035,10,327,16,35,2,19.911393831972404,-1.8328058207282505,0.613407053921902,0,1133.31201171875
49035,10,327,16,36,2,25.660887349068126,-1.9234293938595368,0.682842712474619,0,1133.31201171875
49035,10,327,16,37,2,22.936382284678167,-1.7504012023619586,0.8513997106635237,0,1133.31201171875
49035,10,327,16,38,2,21.06357341659369,-1.5390891923219125,0.682842712474619,0,1133.31201171875
49035,10,327,16,39,2,26.336492448316353,-1.78983580949153,0.848528137423857,0,1133.31201171875
49035,10,327,16,40,2,24.211718799943927,-1.6103571401774264,0.848528137423857,0,1133.31201171875
49035,10,327,16,41,2,31.758093326180905,-1.9138951346637094,0.613407053921902,0,1133.31201171875
49035,10,327,16,42,2,29.76817153692094,-1.8202169814352887,0.8513997106635237,0,1133.31201171875
49035,10,327,16,43,2,27.45433534833586,-1.6650164247333856,0.848528137423857,0,1133.31201171875
49035,10,327,16,44,2,25.9101721759277,-1.4864745676187068,0.8513997106635237,0,1133.31201171875
49035,10,327,16,45,2,25.3654206967547,-1.351511044862758,0.613407053921902,0,1133.31201171875
49035,10,327,16,46,2,30.761562567434858,-1.7080293343755113,0.848528137423857,0,1133.31201171875
49035,10,327,16,47,2,28.963256452918817,-1.55156857250873,0.848528137423857,0,1133.31201171875
49035,10,327,16,48,2,34.114614665294624,-1.7426409663422289,0.682842712474619,0,1133.31201171875
49035,10,327,16,49,2,32.115470205632505,-1.6040722607356561,0.8513997106635237,0,1133.31201171875
49035,10,327,16,50,2,30.805842291620646,-1.4505080257778986,0.682842712474619,0,1133.31201171875
49035,10,327,16,51,2,35.43328173491497,-1.5710322740331917,0.613407053921902,0,1133.31201171875
49035,10,327,16,52,2,45.502732617996635,-2.372263533117681,0.4308640753373011,0,1133.31201171875
49035,10,327,16,53,2,56.68305379282429,-2.3718607559370923,0.3414213562373095,0,1133.31201171875
49035,10,327,16,54,2,47.93914447312217,-2.2787444504766636,0.482842712474619,0,1133.31201171875
49035,10,327,16,55,2,39.79138799224712,-2.14590097881087,0.3414213562373095,0,1133.31201171875
49035,10,327,16,56,2,54.84731513171389,-2.2493143766684778,0.4242640687119285,0,1133.31201171875
49035,10,327,16,57,2,46.833972313825775,-2.131213570475465,0.4242640687119285,0,1133.31201171875
49035,10,327,16,58,2,61.79234889126794,-2.2264835329183015,0.382842712474619,0,1133.31201171875
49035,10,327,16,59,2,53.884017732857025,-2.120367630729808,0.4242640687119285,0,1133.31201171875
49035,10,327,16,60,2,46.78333413267505,-1.9800101651063622,0.482842712474619,0,1133.31201171875
49035,10,327,16,61,2,43.6609304222534,-1.893575786156873,0.37888543819998316,0,1133.31201171875
49035,10,327,16,62,2,60.93893477389888,-2.112032165613794,0.4242640687119285,0,1133.31201171875
49035,10,327,16,63,2,53.840010743982674,-1.9889945476335844,0.4242640687119285,0,1133.31201171875
49035,10,327,16,64,2,67.99720711705852,-2.1054267999797114,0.3414213562373095,0,1133.31201171875
49035,10,327,16,65,2,60.90002595446755,-1.9958963025253291,0.382842712474619,0,1133.31201171875
49035,10,327,16,66,2,54.717512249639874,-1.859633955502731,0.3414213562373095,0,1133.31201171875
49035,10,328,17,1,,,,,0,1133.612060546875
49035,10,328,17,2,,,,,0,1133.612060546875
49035,10,328,17,3,,,,,0,1133.612060546875
49035,10,328,17,4,,,,,0,1133.612060546875
49035,10,328,17,5,,,,,0,1133.612060546875
49035,10,328,17,6,,,,,0,1133.612060546875
49035,10,328,17,7,2,15.037717726870454,4.9236319171809875,0.5934065934065934,0,1133.612060546875
49035,10,328,17,8,2,11.630160543082066,4.863197950467789,0.7099783544262142,0,1133.612060546875
49035,10,328,17,9,,,,,0,1133.612060546875
49035,10,328,17,10,2,3.2596677372662715,3.942406246763306,0.36931648795672345,0,1133.612060546875
49035,10,328,17,11,,,,,0,1133.612060546875
49035,10,328,17,12,2,8.747110152690706,5.066446300581063,0.7195315787953919,0,1133.612060546875
49035,10,328,17,13,,,,,0,1133.612060546875
49035,10,328,17,14,,,,,0,1133.612060546875
49035,10,328,17,15,2,6.539360655962225,-0.8495527108295275,0.7099783544262142,0,1133.612060546875
49035,10,328,17,16,,,,,0,1133.612060546875
49035,10,328,17,17,2,8.299842193411646,-0.4360066891254395,0.5455602275610756,1,1133.612060546875
49035,10,328,17,18,2,40.464651538913564,4.664214567802057,0.37888543819998316,0,1133.612060546875
49035,10,328,17,19,2,48.029609913545166,4.851224144149519,0.3414213562373095,0,1133.612060546875
49035,10,328,17,20,2,38.49945750198083,4.780764682167614,0.482842712474619,0,1133.612060546875
49035,10,328,17,21,2,29.284347823476274,4.665040744825379,0.3414213562373095,0,1133.612060546875
49035,10,328,17,22,2,42.0041192263116,4.933633982120599,0.4242640687119285,0,1133.612060546875
49035,10,328,17,23,2,32.24454731389032,4.874400020917111,0.4242640687119285,0,1133.612060546875
49035,10,328,17,24,2,51.32057517467839,5.066857820085941,0.37888543819998316,0,1133.612060546875
49035,10,328,17,25,2,46.330161191275515,5.06051132575469,0.482842712474619,0,1133.612060546875
49035,10,328,17,26,2,36.35723635686689,5.0425935182427635,0.4242640687119285,0,1133.612060546875
49035,10,328,17,27,2,26.404799469198693,5.0111512313018105,0.482842712474619,0,1133.612060546875
49035,10,328,17,28,2,21.44518208732095,4.984499519335352,0.4538461538461539,0,1133.612060546875
49035,10,328,17,29,2,41.279370629170884,-1.1094538541022632,0.4242640687119285,0,1133.612060546875
49035,10,328,17,30,2,31.294588015181915,-1.0941104101884573,0.4242640687119285,0,1133.612060546875
49035,10,328,17,31,2,46.7560075666414,-1.00759764652566,0.3414213562373095,0,1133.612060546875
49035,10,328,17,32,2,36.898360980825956,-0.9671162730529586,0.482842712474619,0,1133.612060546875
49035,10,328,17,33,2,27.145051898474083,-0.8973515762749902,0.3414213562373095,0,1133.612060546875
49035,10,328,17,34,2,38.16162007636032,-0.8381040168246578,0.4308640753373011,0,1133.612060546875
49035,10,328,17,35,2,17.54757267360888,-0.2812864758738691,0.613407053921902,0,1133.612060546875
49035,10,328,17,36,2,23.491680434413773,-0.3495039639534083,0.682842712474619,0,1133.612060546875
49035,10,328,17,37,2,20.36029099454069,-0.17103229526047037,0.8513997106635237,0,1133.612060546875
49035,10,328,17,38,2,18.08932970378202,0.061603910244573123,0.682842712474619,0,1133.612060546875
49035,10,328,17,39,2,23.835065584093968,-0.20065950297461232,0.848528137423857,0,1133.612060546875
49035,10,328,17,40,2,21.349303294201817,-0.008043339977537256,0.848528137423857,0,1133.612060546875
49035,10,328,17,41,2,29.53898396338164,-0.31819593687216563,0.613407053921902,0,1133.612060546875
49035,10,328,17,42,2,27.325432355476952,-0.2227334193618169,0.8513997106635237,0,1133.612060546875
49035,10,328,17,43,2,24.685251733849153,-0.05906165860923296,0.848528137423857,0,1133.612060546875
49035,10,328,17,44,2,22.848283369068636,0.13706392986593707,0.8513997106635237,0,1133.612060546875
49035,10,328,17,45,2,22.1511113206107,0.2896706170359402,0.613407053921902,0,1133.612060546875
49035,10,328,17,46,2,28.070100733328136,-0.09785761026458473,0.848528137423857,0,1133.612060546875
49035,10,328,17,47,2,25.992555759850635,0.07071347767895841,0.848528137423857,0,1133.612060546875
49035,10,328,17,48,2,31.48808436845396,-0.12826896200530524,0.682842712474619,0,1133.612060546875
49035,10,328,17,49,2,29.226389735043064,0.018857569288293297,0.8513997106635237,0,1133.612060546875
49035,10,328,17,50,2,27.692314036468428,0.18632950922582414,0.682842712474619,0,1133.612060546875
49035,10,328,17,51,2,32.48547367041798,0.060274284635596365,0.613407053921902,0,1133.612060546875
49035,10,328,17,52,2,44.59200658059513,-0.7667922134000806,0.4308640753373011,0,1133.612060546875
49035,10,328,17,53,2,55.748564601839355,-0.7521740467010687,0.3414213562373095,0,1133.612060546875
49035,10,328,17,54,2,46.725445473156995,-0.6676856097080013,0.482842712474619,0,1133.612060546875
49035,10,328,17,55,2,38.1920417648033,-0.5441916467644965,0.3414213562373095,0,1133.612060546875
49035,10,328,17,56,2,53.52947840859594,-0.6291949243264752,0.4242640687119285,0,1133.612060546875
49035,10,328,17,57,2,45.17488083211566,-0.5173825831454943,0.4242640687119285,0,1133.612060546875
49035,10,328,17,58,2,60.39489103167346,-0.5994189605504807,0.382842712474619,0,1133.612060546875
49035,10,328,17,59,2,52.18148773489717,-0.4977619098677313,0.4242640687119285,0,1133.612060546875
49035,10,328,17,60,2,44.702040912320044,-0.36022088752315296,0.482842712474619,0,1133.612060546875
49035,10,328,17,61,2,41.36369013369686,-0.2736300122001827,0.37888543819998316,0,1133.612060546875
49035,10,328,17,62,2,59.203424447058765,-0.48279085329225446,0.4242640687119285,0,1133.612060546875
49035,10,328,17,63,2,51.7726787577976,-0.36184177998912825,0.4242640687119285,0,1133.612060546875
49035,10,328,17,64,2,66.23581561579783,-0.47099661588651665,0.3414213562373095,0,1133.612060546875
49035,10,328,17,65,2,58.84341993621274,-0.3630731358142951,0.382842712474619,0,1133.612060546875
49035,10,328,17,66,2,52.325069223929276,-0.22629692309642535,0.3414213562373095,0,1133.612060546875
49035,10,329,15,1,,,,,0,1134.1109619140625
49035,10,329,15,2,,,,,0,1134.1109619140625
49035,10,329,15,3,,,,,0,1134.1109619140625
49035,10,329,15,4,,,,,0,1134.1109619140625
49035,10,329,15,5,,,,,0,1134.1109619140625
49035,10,329,15,6,,,,,0,1134.1109619140625
49035,10,329,15,7,2,12.741128781469758,5.191995228260481,0.5934065934065934,0,1134.1109619140625
49035,10,329,15,8,2,9.949734133945595,5.004191412337859,0.7099783544262142,0,1134.1109619140625
49035,10,329,15,9,,,,,0,1134.1109619140625
49035,10,329,15,10,2,7.282046411331642,3.8006144885623736,0.36791246264404465,0,1134.1109619140625
49035,10,329,15,11,,,,,0,1134.1109619140625
49035,10,329,15,12,2,6.418180402680803,5.025179244229043,0.7195315787953919,0,1134.1109619140625
49035,10,329,15,13,,,,,0,1134.1109619140625
49035,10,329,15,14,,,,,0,1134.1109619140625
49035,10,329,15,15,2,2.8963546099381063,5.097335229220674,0.565685424949238,1,1134.1109619140625
49035,10,329,15,16,,,,,0,1134.1109619140625
49035,10,329,15,17,,,,,0,1134.1109619140625
49035,10,329,15,18,2,38.94600411678576,5.158565027491562,0.37888543819998316,0,1134.1109619140625
49035,10,329,15,19,2,45.49875175709903,5.374180597857542,0.3414213562373095,0,1134.1109619140625
49035,10,329,15,20,2,36.38911103688448,5.27276387397295,0.482842712474619,0,1134.1109619140625
49035,10,329,15,21,2,27.896207495917682,5.106876683949521,0.3414213562373095,0,1134.1109619140625
49035,10,329,15,22,2,39.10918143025279,5.445996262008441,0.4242640687119285,0,1134.1109619140625
49035,10,329,15,23,2,29.72472140735747,5.344641855885374,0.4242640687119285,0,1134.1109619140625
49035,10,329,15,24,2,47.77942284010825,5.6094729717151655,0.37888543819998316,0,1134.1109619140625
49035,10,329,15,25,2,42.83560134087242,5.592951688051062,0.482842712474619,0,1134.1109619140625
49035,10,329,15,26,2,32.998783808418416,5.545092779004743,0.4242640687119285,0,1134.1109619140625
49035,10,329,15,27,2,23.30130304157523,5.457031882518907,0.482842712474619,0,1134.1109619140625
49035,10,329,15,28,2,18.573266237676563,5.37882515598309,0.4538461538461539,0,1134.1109619140625
49035,10,329,15,29,2,37.34006431334122,5.704267462109423,0.4242640687119285,0,1134.1109619140625
49035,10,329,15,30,2,27.35528090744171,5.687012829438562,0.4242640687119285,0,1134.1109619140625
49035,10,329,15,31,2,42.42217666520874,-0.4553088677787849,0.3414213562373095,0,1134.1109619140625
49035,10,329,15,32,2,32.460315211266305,-0.4317952340336215,0.482842712474619,0,1134.1109619140625
49035,10,329,15,33,2,22.53226695686327,-0.3875150189921208,0.3414213562373095,0,1134.1109619140625
49035,10,329,15,34,2,33.33239008839272,-0.2819791873966402,0.4308640753373011,0,1134.1109619140625
49035,10,329,15,35,2,12.169164109471547,0.3959061537055075,0.613407053921902,0,1134.1109619140625
49035,10,329,15,36,2,18.068933991687715,0.2904575044086841,0.682842712474619,0,1134.1109619140625
49035,10,329,15,37,2,15.116278341452327,0.5352214631596595,0.8513997106635237,0,1134.1109619140625
49035,10,329,15,38,2,13.435675129912664,0.8671779177252188,0.682842712474619,0,1134.1109619140625
49035,10,329,15,39,2,18.53866785778098,0.48221296738408537,0.848528137423857,0,1134.1109619140625
49035,10,329,15,40,2,16.45289340029329,0.7431451146728949,0.848528137423857,0,1134.1109619140625
49035,10,329,15,41,2,24.128856049878895,0.3252379009934683,0.613407053921902,0,1134.1109619140625
49035,10,329,15,42,2,21.99687570965437,0.44579447538771566,0.8513997106635237,0,1134.1109619140625
49035,10,329,15,43,2,19.64377856437695,0.6584269506375195,0.848528137423857,0,1134.1109619140625
49035,10,329,15,44,2,18.381880523672443,0.9137271553305844,0.8513997106635237,0,1134.1109619140625
49035,10,329,15,45,2,18.277154545956364,1.1048821724206968,0.613407053921902,0,1134.1109619140625
49035,10,329,15,46,2,22.93596240254889,0.5976905191753499,0.848528137423857,0,1134.1109619140625
49035,10,329,15,47,2,21.285531861605648,0.811707281876997,0.848528137423857,0,1134.1109619140625
49035,10,329,15,48,2,26.291418873389034,0.5523232938627118,0.682842712474619,0,1134.1109619140625
49035,10,329,15,49,2,24.356810170387458,0.7347713510641047,0.8513997106635237,0,1134.1109619140625
49035,10,329,15,50,2,23.35101062002634,0.9405041254088964,0.682842712474619,0,1134.1109619140625
49035,10,329,15,51,2,27.7158351389472,0.7726203175160868,0.613407053921902,0,1134.1109619140625
49035,10,329,15,52,2,39.577883964336735,-0.1906592843682131,0.4308640753373011,0,1134.1109619140625
49035,10,329,15,53,2,50.69274182645807,-0.16368308835958345,0.3414213562373095,0,1134.1109619140625
49035,10,329,15,54,2,41.518490633505905,-0.07692185083112335,0.482842712474619,0,1134.1109619140625
49035,10,329,15,55,2,32.830108971569125,0.05728002932310661,0.3414213562373095,0,1134.1109619140625
49035,10,329,15,56,2,48.26122392329311,-0.029340595264207625,0.4242640687119285,0,1134.1109619140625
49035,10,329,15,57,2,39.78915336086991,0.09196874767455743,0.4242640687119285,0,1134.1109619140625
49035,10,329,15,58,2,55.08635406944229,0.00651546788212265,0.382842712474619,0,1134.1109619140625
49035,10,329,15,59,2,46.78180624200552,0.11630980153300996,0.4242640687119285,0,1134.1109619140625
49035,10,329,15,60,2,39.27554437388657,0.2706053595772193,0.482842712474619,0,1134.1109619140625
49035,10,329,15,61,2,35.98032630710046,0.37068273716243505,0.37888543819998316,0,1134.1109619140625
49035,10,329,15,62,2,53.794963196885526,0.1343127249540088,0.4242640687119285,0,1134.1109619140625
49035,10,329,15,63,2,46.3457555333264,0.2680255912884304,0.4242640687119285,0,1134.1109619140625
49035,10,329,15,64,2,60.82153184065648,0.1481596418169837,0.3414213562373095,0,1134.1109619140625
49035,10,329,15,65,2,53.41619348142075,0.2661287554102101,0.382842712474619,0,1134.1109619140625
49035,10,329,15,66,2,46.98213188697552,0.41908950778626775,0.3414213562373095,0,1134.1109619140625
49035,10,330,12,1,,,,,0,1134.1280517578125
49035,10,330,12,2,,,,,0,1134.1280517578125
49035,10,330,12,3,,,,,0,1134.1280517578125
49035,10,330,12,4,,,,,0,1134.1280517578125
49035,10,330,12,5,,,,,0,1134.1280517578125
49035,10,330,12,6,,,,,0,1134.1280517578125
49035,10,330,12,7,2,12.741128781469758,5.191995228260481,0.5934065934065934,0,1134.1280517578125
49035,10,330,12,8,2,9.949734133945595,5.004191412337859,0.6685569981889047,0,1134.1280517578125
49035,10,330,12,9,,,,,0,1134.1280517578125
49035,10,330,12,10,2,7.282046411331642,3.8006144885623736,0.30056518048080927,0,1134.1280517578125
49035,10,330,12,11,,,,,0,1134.1280517578125
49035,10,330,12,12,2,6.418180402680803,5.025179244229043,0.563179972727508,1,1134.1280517578125
49035,10,330,12,13,,,,,0,1134.1280517578125
49035,10,330,12,14,,,,,0,1134.1280517578125
49035,10,330,12,15,,,,,0,1134.1280517578125
49035,10,330,12,16,,,,,0,1134.1280517578125
49035,10,330,12,17,,,,,0,1134.1280517578125
49035,10,330,12,18,2,38.94600411678576,5.158565027491562,0.37888543819998316,0,1134.1280517578125
49035,10,330,12,19,2,45.49875175709903,5.374180597857542,0.3414213562373095,0,1134.1280517578125
49035,10,330,12,20,2,36.38911103688448,5.27276387397295,0.482842712474619,0,1134.1280517578125
49035,10,330,12,21,2,27.896207495917682,5.106876683949521,0.3414213562373095,0,1134.1280517578125
49035,10,330,12,22,2,39.10918143025279,5.445996262008441,0.4242640687119285,0,1134.1280517578125
49035,10,330,12,23,2,29.72472140735747,5.344641855885374,0.4242640687119285,0,1134.1280517578125
49035,10,330,12,24,2,47.77942284010825,5.6094729717151655,0.37888543819998316,0,1134.1280517578125
49035,10,330,12,25,2,42.83560134087242,5.592951688051062,0.482842712474619,0,1134.1280517578125
49035,10,330,12,26,2,32.998783808418416,5.545092779004743,0.4242640687119285,0,1134.1280517578125
49035,10,330,12,27,2,23.30130304157523,5.457031882518907,0.482842712474619,0,1134.1280517578125
49035,10,330,12,28,2,18.573266237676563,5.37882515598309,0.4538461538461539,0,1134.1280517578125
49035,10,330,12,29,2,37.34006431334122,5.704267462109423,0.4242640687119285,0,1134.1280517578125
49035,10,330,12,30,2,27.35528090744171,5.687012829438562,0.4242640687119285,0,1134.1280517578125
49035,10,330,12,31,2,42.42217666520874,-0.4553088677787849,0.3414213562373095,0,1134.1280517578125
49035,10,330,12,32,2,32.460315211266305,-0.4317952340336215,0.482842712474619,0,1134.1280517578125
49035,10,330,12,33,2,22.53226695686327,-0.3875150189921208,0.3414213562373095,0,1134.1280517578125
49035,10,330,12,34,2,33.33239008839272,-0.2819791873966402,0.4308640753373011,0,1134.1280517578125
49035,10,330,12,35,2,12.169164109471547,0.3959061537055075,0.613407053921902,0,1134.1280517578125
49035,10,330,12,36,2,18.068933991687715,0.2904575044086841,0.682842712474619,0,1134.1280517578125
49035,10,330,12,37,2,15.116278341452327,0.5352214631596595,0.8513997106635237,0,1134.1280517578125
49035,10,330,12,38,2,13.435675129912664,0.8671779177252188,0.682842712474619,0,1134.1280517578125
49035,10,330,12,39,2,18.53866785778098,0.48221296738408537,0.848528137423857,0,1134.1280517578125
49035,10,330,12,40,2,16.45289340029329,0.7431451146728949,0.848528137423857,0,1134.1280517578125
49035,10,330,12,41,2,24.128856049878895,0.3252379009934683,0.613407053921902,0,1134.1280517578125
49035,10,330,12,42,2,21.99687570965437,0.44579447538771566,0.8513997106635237,0,1134.1280517578125
49035,10,330,12,43,2,19.64377856437695,0.6584269506375195,0.848528137423857,0,1134.1280517578125
49035,10,330,12,44,2,18.381880523672443,0.9137271553305844,0.8513997106635237,0,1134.1280517578125
49035,10,330,12,45,2,18.277154545956364,1.1048821724206968,0.613407053921902,0,1134.1280517578125
49035,10,330,12,46,2,22.93596240254889,0.5976905191753499,0.848528137423857,0,1134.1280517578125
49035,10,330,12,47,2,21.285531861605648,0.811707281876997,0.848528137423857,0,1134.1280517578125
49035,10,330,12,48,2,26.291418873389034,0.5523232938627118,0.682842712474619,0,1134.1280517578125
49035,10,330,12,49,2,24.356810170387458,0.7347713510641047,0.8513997106635237,0,1134.1280517578125
49035,10,330,12,50,2,23.35101062002634,0.9405041254088964,0.682842712474619,0,1134.1280517578125
49035,10,330,12,51,2,27.7158351389472,0.7726203175160868,0.613407053921902,0,1134.1280517578125
49035,10,330,12,52,2,39.577883964336735,-0.1906592843682131,0.4308640753373011,0,1134.1280517578125
49035,10,330,12,53,2,50.69274182645807,-0.16368308835958345,0.3414213562373095,0,1134.1280517578125
49035,10,330,12,54,2,41.518490633505905,-0.07692185083112335,0.482842712474619,0,1134.1280517578125
49035,10,330,12,55,2,32.830108971569125,0.05728002932310661,0.3414213562373095,0,1134.1280517578125
49035,10,330,12,56,2,48.26122392329311,-0.029340595264207625,0.4242640687119285,0,1134.1280517578125
49035,10,330,12,57,2,39.78915336086991,0.09196874767455743,0.4242640687119285,0,1134.1280517578125
49035,10,330,12,58,2,55.08635406944229,0.00651546788212265,0.382842712474619,0,1134.1280517578125
49035,10,330,12,59,2,46.78180624200552,0.11630980153300996,0.4242640687119285,0,1134.1280517578125
49035,10,330,12,60,2,39.27554437388657,0.2706053595772193,0.482842712474619,0,1134.1280517578125
49035,10,330,12,61,2,35.98032630710046,0.37068273716243505,0.37888543819998316,0,1134.1280517578125
49035,10,330,12,62,2,53.794963196885526,0.1343127249540088,0.4242640687119285,0,1134.1280517578125
49035,10,330,12,63,2,46.3457555333264,0.2680255912884304,0.4242640687119285,0,1134.1280517578125
49035,10,330,12,64,2,60.82153184065648,0.1481596418169837,0.3414213562373095,0,1134.1280517578125
49035,10,330,12,65,2,53.41619348142075,0.2661287554102101,0.382842712474619,0,1134.1280517578125
49035,10,330,12,66,2,46.98213188697552,0.41908950778626775,0.3414213562373095,0,1134.1280517578125
49035,10,331,8,1,,,,,0,1134.4119873046875
49035,10,331,8,2,,,,,0,1134.4119873046875
49035,10,331,8,3,,,,,0,1134.4119873046875
49035,10,331,8,4,2,10.95363045459905,-0.9377229424788365,0.35890559026471036,0,1134.4119873046875
49035,10,331,8,5,,,,,0,1134.4119873046875
49035,10,331,8,6,,,,,0,1134.4119873046875
49035,10,331,8,7,2,9.256734496941645,0.6408689594667667,0.5265169612995699,0,1134.4119873046875
49035,10,331,8,8,2,6.432963188953936,0.372081767078285,0.48571428571428565,1,1134.4119873046875
49035,10,331,8,9,,,,,0,1134.4119873046875
49035,10,331,8,10,2,7.056898798889664,-1.2959800904870726,0.3740740740740741,0,1134.4119873046875
49035,10,331,8,11,,,,,0,1134.4119873046875
49035,10,331,8,12,,,,,0,1134.4119873046875
49035,10,331,8,13,,,,,0,1134.4119873046875
49035,10,331,8,14,,,,,0,1134.4119873046875
49035,10,331,8,15,,,,,0,1134.4119873046875
49035,10,331,8,16,,,,,0,1134.4119873046875
49035,10,331,8,17,,,,,0,1134.4119873046875
49035,10,331,8,18,2,35.43850449238158,0.5675032184599558,0.37888543819998316,0,1134.4119873046875
49035,10,331,8,19,2,42.157900753133646,0.7992060920845199,0.3414213562373095,0,1134.4119873046875
49035,10,331,8,20,2,32.95004402392204,0.6944999299418377,0.482842712474619,0,1134.4119873046875
49035,10,331,8,21,2,24.374622180574086,0.5127335479280299,0.3414213562373095,0,1134.4119873046875
49035,10,331,8,22,2,35.865231061106854,0.8821745704675479,0.4242640687119285,0,1134.4119873046875
49035,10,331,8,23,2,26.35776174742305,0.7813166237522919,0.4242640687119285,0,1134.4119873046875
49035,10,331,8,24,2,44.80754171254099,1.0497736037202778,0.37888543819998316,0,1134.4119873046875
49035,10,331,8,25,2,39.83621715166699,1.0371169249064236,0.482842712474619,0,1134.4119873046875
49035,10,331,8,26,2,29.922249284138072,0.9992029696534384,0.4242640687119285,0,1134.4119873046875
49035,10,331,8,27,2,20.093725575149957,0.9239848859719482,0.482842712474619,0,1134.4119873046875
49035,10,331,8,28,2,15.263230658124197,0.8502583290615497,0.4538461538461539,0,1134.4119873046875
49035,10,331,8,29,2,34.582515815224966,-5.118472115988141,0.4242640687119285,0,1134.4119873046875
49035,10,331,8,30,2,24.583881007229493,-5.112805234772566,0.4242640687119285,0,1134.4119873046875
49035,10,331,8,31,2,39.956974334882624,-4.994777764348963,0.3414213562373095,0,1134.4119873046875
49035,10,331,8,32,2,30.08282904358901,-4.949157164498901,0.482842712474619,0,1134.4119873046875
49035,10,331,8,33,2,20.332078313176364,-4.859413401220763,0.3414213562373095,0,1134.4119873046875
49035,10,331,8,34,2,31.38143406199999,-4.791846897529897,0.4308640753373011,0,1134.4119873046875
49035,10,331,8,35,2,12.826993299777753,-3.9266554248934775,0.613407053921902,0,1134.4119873046875
49035,10,331,8,36,2,18.205653375920672,-4.1156909094043925,0.682842712474619,0,1134.4119873046875
49035,10,331,8,37,2,16.14478917415272,-3.8491858658278204,0.8513997106635237,0,1134.4119873046875
49035,10,331,8,38,2,15.487498833301192,-3.5344313132062277,0.682842712474619,0,1134.4119873046875
49035,10,331,8,39,2,19.325085159500087,-3.9366582717272687,0.848528137423857,0,1134.4119873046875
49035,10,331,8,40,2,18.101583330073574,-3.6767222848442316,0.848528137423857,0,1134.4119873046875
49035,10,331,8,41,2,24.30159940255899,-4.129909414680326,0.613407053921902,0,1134.4119873046875
49035,10,331,8,42,2,22.61113918771061,-3.9990761604901066,0.8513997106635237,0,1134.4119873046875
49035,10,331,8,43,2,20.98742523511851,-3.7815627302018138,0.848528137423857,0,1134.4119873046875
49035,10,331,8,44,2,20.486103109995234,-3.54106339434457,0.8513997106635237,0,1134.4119873046875
49035,10,331,8,45,2,20.85368798263087,-3.3724651818301936,0.613407053921902,0,1134.4119873046875
49035,10,331,8,46,2,24.04738482546036,-3.860418207350297,0.848528137423857,0,1134.4119873046875
49035,10,331,8,47,2,23.075639093586297,-3.651831854630238,0.848528137423857,0,1134.4119873046875
49035,10,331,8,48,2,27.22281058024452,-3.9211862443412446,0.682842712474619,0,1134.4119873046875
49035,10,331,8,49,2,25.889955938964825,-3.7394130847239486,0.8513997106635237,0,1134.4119873046875
49035,10,331,8,50,2,25.485254975283393,-3.545093719883507,0.682842712474619,0,1134.4119873046875
49035,10,331,8,51,2,29.341306700398253,-3.7183134323460436,0.613407053921902,0,1134.4119873046875
49035,10,331,8,52,2,37.886723290301006,-4.711447658470087,0.4308640753373011,0,1134.4119873046875
49035,10,331,8,53,2,49.05919686389447,-4.70172131268788,0.3414213562373095,0,1134.4119873046875
49035,10,331,8,54,2,40.18981963380387,-4.597653747036466,0.482842712474619,0,1134.4119873046875
49035,10,331,8,55,2,31.99434961778441,-4.437686092246551,0.3414213562373095,0,1134.4119873046875
49035,10,331,8,56,2,47.072614119951645,-4.5603867363018455,0.4242640687119285,0,1134.4119873046875
49035,10,331,8,57,2,39.04161632608472,-4.421284175188833,0.4242640687119285,0,1134.4119873046875
49035,10,331,8,58,2,54.00407760506659,-4.5326555022399875,0.382842712474619,0,1134.4119873046875
49035,10,331,8,59,2,46.09617341213247,-4.409900226473434,0.4242640687119285,0,1134.4119873046875
49035,10,331,8,60,2,39.15704289790947,-4.240211983063835,0.482842712474619,0,1134.4119873046875
49035,10,331,8,61,2,36.22819911536301,-4.132567260285336,0.37888543819998316,0,1134.4119873046875
49035,10,331,8,62,2,53.15511829663793,-4.401538974514912,0.4242640687119285,0,1134.4119873046875
49035,10,331,8,63,2,46.193975866955924,-4.256528929732085,0.4242640687119285,0,1134.4119873046875
49035,10,331,8,64,2,60.216907916446154,-4.39513844891016,0.3414213562373095,0,1134.4119873046875
49035,10,331,8,65,2,53.23995496133604,-4.268529510222097,0.382842712474619,0,1134.4119873046875
49035,10,331,8,66,2,47.35936665066821,-4.107279509419886,0.3414213562373095,0,1134.4119873046875
49035,10,332,7,1,2,9.572576407581954,-0.9780852841125165,0.34843944249725717,0,1134.7779541015625
49035,10,332,7,2,,,,,0,1134.7779541015625
49035,10,332,7,3,,,,,0,1134.7779541015625
49035,10,332,7,4,2,9.35072402726118,-1.6344779061750756,0.43330925526852687,0,1134.7779541015625
49035,10,332,7,5,,,,,0,1134.7779541015625
49035,10,332,7,6,,,,,0,1134.7779541015625
49035,10,332,7,7,2,6.1984118877196845,0.7147422375641197,0.3239917086660546,1,1134.7779541015625
49035,10,332,7,8,,,,,0,1134.7779541015625
49035,10,332,7,9,,,,,0,1134.7779541015625
49035,10,332,7,10,2,7.391998415349191,-2.1951281923996273,0.37547809938675286,0,1134.7779541015625
49035,10,332,7,11,,,,,0,1134.7779541015625
49035,10,332,7,12,,,,,0,1134.7779541015625
49035,10,332,7,13,,,,,0,1134.7779541015625
49035,10,332,7,14,,,,,0,1134.7779541015625
49035,10,332,7,15,,,,,0,1134.7779541015625
49035,10,332,7,16,,,,,0,1134.7779541015625
49035,10,332,7,17,,,,,0,1134.7779541015625
49035,10,332,7,18,2,31.835036307356223,0.32222665996761446,0.37888543819998316,0,1134.7779541015625
49035,10,332,7,19,2,39.161962884323614,0.5619716978075755,0.3414213562373095,0,1134.7779541015625
49035,10,332,7,20,2,29.676171205686465,0.4690860629936817,0.482842712474619,0,1134.7779541015625
49035,10,332,7,21,2,20.68068997652855,0.29253027716530866,0.3414213562373095,0,1134.7779541015625
49035,10,332,7,22,2,33.156791731554826,0.6656230394085254,0.4242640687119285,0,1134.7779541015625
49035,10,332,7,23,2,23.3749575059673,0.5909840521135461,0.4242640687119285,0,1134.7779541015625
49035,10,332,7,24,2,42.656331747961566,0.8225507812517785,0.37888543819998316,0,1134.7779541015625
49035,10,332,7,25,2,37.6572773634817,0.8201246144472911,0.482842712474619,0,1134.7779541015625
49035,10,332,7,26,2,27.660194122714778,0.812641497013411,0.4242640687119285,0,1134.7779541015625
49035,10,332,7,27,2,17.66641274798988,0.7966901460920668,0.482842712474619,0,1134.7779541015625
49035,10,332,7,28,2,12.673201632593731,0.7792825071903664,0.44328887294614544,0,1134.7779541015625
49035,10,332,7,29,2,32.9208754349995,-5.313803989883782,0.4242640687119285,0,1134.7779541015625
49035,10,332,7,30,2,23.039093729633283,-5.2581293131691655,0.4242640687119285,0,1134.7779541015625
49035,10,332,7,31,2,38.761859345331224,-5.202181297057822,0.3414213562373095,0,1134.7779541015625
49035,10,332,7,32,2,29.146141089058702,-5.120475106424756,0.482842712474619,0,1134.7779541015625
49035,10,332,7,33,2,19.91264273920943,-4.960927079190374,0.3414213562373095,0,1134.7779541015625
49035,10,332,7,34,2,31.091850075571916,-4.96732256322764,0.4308640753373011,0,1134.7779541015625
49035,10,332,7,35,2,15.942218243819916,-4.038514846421309,0.613407053921902,0,1134.7779541015625
49035,10,332,7,36,2,20.686718995831967,-4.250319951314451,0.682842712474619,0,1134.7779541015625
49035,10,332,7,37,2,19.40227417213127,-4.008533709146159,0.8513997106635237,0,1134.7779541015625
49035,10,332,7,38,2,19.363784322507556,-3.7498630552661103,0.682842712474619,0,1134.7779541015625
49035,10,332,7,39,2,22.322569146511707,-4.104333727089427,0.848528137423857,0,1134.7779541015625
49035,10,332,7,40,2,21.721072568794423,-3.8784340518751153,0.848528137423857,0,1134.7779541015625
49035,10,332,7,41,2,26.663465892198158,-4.302967515084241,0.613407053921902,0,1134.7779541015625
49035,10,332,7,42,2,25.39972329674165,-4.177466482748191,0.8513997106635237,0,1134.7779541015625
49035,10,332,7,43,2,24.365012698315542,-3.9805101074395233,0.848528137423857,0,1134.7779541015625
49035,10,332,7,44,2,24.33437371347606,-3.7748100641412603,0.8513997106635237,0,1134.7779541015625
49035,10,332,7,45,2,24.91720839487724,-3.6345423468021867,0.613407053921902,0,1134.7779541015625
49035,10,332,7,46,2,27.212179149037695,-4.061936913030353,0.848528137423857,0,1134.7779541015625
49035,10,332,7,47,2,26.72097667147215,-3.8771486634328314,0.848528137423857,0,1134.7779541015625
49035,10,332,7,48,2,30.20515757763177,-4.127594510719792,0.682842712474619,0,1134.7779541015625
49035,10,332,7,49,2,29.340406345645643,-3.9619799771152224,0.8513997106635237,0,1134.7779541015625
49035,10,332,7,50,2,29.31496793048971,-3.791287661991327,0.682842712474619,0,1134.7779541015625
49035,10,332,7,51,2,32.82763112142835,-3.952353099174628,0.613407053921902,0,1134.7779541015625
49035,10,332,7,52,2,37.88668422575839,-4.910292396969597,0.4308640753373011,0,1134.7779541015625
49035,10,332,7,53,2,49.04682091517024,-4.92587758127876,0.3414213562373095,0,1134.7779541015625
49035,10,332,7,54,2,40.65226245070322,-4.804101352514779,0.482842712474619,0,1134.7779541015625
49035,10,332,7,55,2,33.16055251103228,-4.623449472636243,0.3414213562373095,0,1134.7779541015625
49035,10,332,7,56,2,47.658201213026736,-4.7823473133118295,0.4242640687119285,0,1134.7779541015625
49035,10,332,7,57,2,40.22834750940458,-4.629339150218469,0.4242640687119285,0,1134.7779541015625
49035,10,332,7,58,2,54.68090931359711,-4.766174946755676,0.382842712474619,0,1134.7779541015625
49035,10,332,7,59,2,47.297120883177506,-4.6334684584086645,0.4242640687119285,0,1134.7779541015625
49035,10,332,7,60,2,41.03697654937532,-4.456231956193729,0.482842712474619,0,1134.7779541015625
49035,10,332,7,61,2,38.50378350957237,-4.347731691605492,0.37888543819998316,0,1134.7779541015625
49035,10,332,7,62,2,54.36649100630272,-4.636523925630641,0.4242640687119285,0,1134.7779541015625
49035,10,332,7,63,2,47.986780938238276,-4.485616541433119,0.4242640687119285,0,1134.7779541015625
49035,10,332,7,64,2,61.436251878177615,-4.6388761965870104,0.3414213562373095,0,1134.7779541015625
49035,10,332,7,65,2,54.96752537012155,-4.507552724692848,0.382842712474619,0,1134.7779541015625
49035,10,332,7,66,2,49.68344438332583,-4.344914490942087,0.3414213562373095,0,1134.7779541015625
49035,10,333,5,1,2,9.235160050814498,-1.9308856231708251,0.4190965632626408,0,1135.1290283203125
49035,10,333,5,2,,,,,0,1135.1290283203125
49035,10,333,5,3,,,,,0,1135.1290283203125
49035,10,333,5,4,2,11.267965249984284,-2.5027853280887067,0.49033749051054326,0,1135.1290283203125
49035,10,333,5,5,2,3.372001425308146,-2.4391612286644104,0.4068283666596242,1,1135.1290283203125
49035,10,333,5,6,,,,,0,1135.1290283203125
49035,10,333,5,7,,,,,0,1135.1290283203125
49035,10,333,5,8,,,,,0,1135.1290283203125
49035,10,333,5,9,,,,,0,1135.1290283203125
49035,10,333,5,10,2,10.65123211589943,-2.959665206698056,0.42789513171941396,0,1135.1290283203125
49035,10,333,5,11,,,,,0,1135.1290283203125
49035,10,333,5,12,,,,,0,1135.1290283203125
49035,10,333,5,13,,,,,0,1135.1290283203125
49035,10,333,5,14,,,,,0,1135.1290283203125
49035,10,333,5,15,,,,,0,1135.1290283203125
49035,10,333,5,16,,,,,0,1135.1290283203125
49035,10,333,5,17,,,,,0,1135.1290283203125
49035,10,333,5,18,2,28.06709757998769,-0.22620443201539597,0.37888543819998316,0,1135.1290283203125
49035,10,333,5,19,2,35.53111788913709,0.03815355246004026,0.3414213562373095,0,1135.1290283203125
49035,10,333,5,20,2,25.966202480849308,-0.05793779488381423,0.482842712474619,0,1135.1290283203125
49035,10,333,5,21,2,16.91233289943087,-0.26089607274691806,0.3414213562373095,0,1135.1290283203125
49035,10,333,5,22,2,29.661990991435914,0.15970910140603456,0.4242640687119285,0,1135.1290283203125
49035,10,333,5,23,2,19.789316370221897,0.09404195588357167,0.4242640687119285,0,1135.1290283203125
49035,10,333,5,24,2,39.42755485017087,-5.964125894281767,0.37888543819998316,0,1135.1290283203125
49035,10,333,5,25,2,34.429983268592885,-5.959896861846413,0.482842712474619,0,1135.1290283203125
49035,10,333,5,26,2,24.437820702760973,-5.9462503842280405,0.4242640687119285,0,1135.1290283203125
49035,10,333,5,27,2,14.456500735828152,-5.913744858141708,0.482842712474619,0,1135.1290283203125
49035,10,333,5,28,2,9.480616010436949,-5.871845852632035,0.37888543819998316,0,1135.1290283203125
49035,10,333,5,29,2,30.046582484533136,-5.787174232725031,0.4242640687119285,0,1135.1290283203125
49035,10,333,5,30,2,20.36124877861278,-5.68650885100039,0.4242640687119285,0,1135.1290283203125
49035,10,333,5,31,2,36.17163470593241,-5.679948570403981,0.3414213562373095,0,1135.1290283203125
49035,10,333,5,32,2,26.835992437845874,-5.564848084027143,0.482842712474619,0,1135.1290283203125
49035,10,333,5,33,2,18.21959996676184,-5.334818391204276,0.3414213562373095,0,1135.1290283203125
49035,10,333,5,34,2,29.26862133473381,-5.4088223641795565,0.4308640753373011,0,1135.1290283203125
49035,10,333,5,35,2,17.65800210418429,-4.389083088469137,0.613407053921902,0,1135.1290283203125
49035,10,333,5,36,2,21.603253578971923,-4.628075064036439,0.682842712474619,0,1135.1290283203125
49035,10,333,5,37,2,21.15637567282536,-4.394602916713,0.8513997106635237,0,1135.1290283203125
49035,10,333,5,38,2,21.874274799912115,-4.164076182504999,0.682842712474619,0,1135.1290283203125
49035,10,333,5,39,2,23.72524500947244,-4.503082119451424,0.848528137423857,0,1135.1290283203125
49035,10,333,5,40,2,23.849086296373084,-4.292559962390776,0.848528137423857,0,1135.1290283203125
49035,10,333,5,41,2,27.31864021910003,-4.716238942969885,0.613407053921902,0,1135.1290283203125
49035,10,333,5,42,2,26.51758416427253,-4.5895676041972475,0.8513997106635237,0,1135.1290283203125
49035,10,333,5,43,2,26.154807136005243,-4.399926663766882,0.848528137423857,0,1135.1290283203125
49035,10,333,5,44,2,26.738840714099485,-4.211873794901685,0.8513997106635237,0,1135.1290283203125
49035,10,333,5,45,2,27.68284250619202,-4.08791742908628,0.613407053921902,0,1135.1290283203125
49035,10,333,5,46,2,28.711826056024563,-4.489056064424774,0.848528137423857,0,1135.1290283203125
49035,10,333,5,47,2,28.81424338558562,-4.315038546382993,0.848528137423857,0,1135.1290283203125
49035,10,333,5,48,2,31.45892519812448,-4.563127484290437,0.682842712474619,0,1135.1290283203125
49035,10,333,5,49,2,31.153742006917,-4.403541988884346,0.8513997106635237,0,1135.1290283203125
49035,10,333,5,50,2,31.645652267663852,-4.244906140894566,0.682842712474619,0,1135.1290283203125
49035,10,333,5,51,2,34.653179281732356,-4.4054520759025015,0.613407053921902,0,1135.1290283203125
49035,10,333,5,52,2,36.22488417007838,-5.369846951034823,0.4308640753373011,0,1135.1290283203125
49035,10,333,5,53,2,47.296306462796885,-5.40746010147819,0.3414213562373095,0,1135.1290283203125
49035,10,333,5,54,2,39.35383002767977,-5.2665097867499675,0.482842712474619,0,1135.1290283203125
49035,10,333,5,55,2,32.56543060781197,-5.0610353703363975,0.3414213562373095,0,1135.1290283203125
49035,10,333,5,56,2,46.41458796700742,-5.25757865541479,0.4242640687119285,0,1135.1290283203125
49035,10,333,5,57,2,39.57394735140503,-5.087177535500473,0.4242640687119285,0,1135.1290283203125
49035,10,333,5,58,2,53.47807040691194,-5.25100638981915,0.382842712474619,0,1135.1290283203125
49035,10,333,5,59,2,46.60136636699978,-5.1054448377428,0.4242640687119285,0,1135.1290283203125
49035,10,333,5,60,2,41.030119182084334,-4.915246587024865,0.482842712474619,0,1135.1290283203125
49035,10,333,5,61,2,38.91480883299311,-4.801805461350071,0.37888543819998316,0,1135.1290283203125
49035,10,333,5,62,2,53.64025899984915,-5.1189214865871,0.4242640687119285,0,1135.1290283203125
49035,10,333,5,63,2,47.84412940367507,-4.957890452863019,0.4242640687119285,0,1135.1290283203125
49035,10,333,5,64,2,60.68663299170962,-5.129270099097179,0.3414213562373095,0,1135.1290283203125
49035,10,333,5,65,2,54.72340227631288,-4.989859419566535,0.382842712474619,0,1135.1290283203125
49035,10,333,5,66,2,50.0642995508763,-4.820609421798366,0.3414213562373095,0,1135.1290283203125
49035,10,334,1,1,2,9.06175458734367,0.9395730634698923,0.3828974682400163,1,1135.5279541015625
49035,10,334,1,2,,,,,0,1135.5279541015625
49035,10,334,1,3,,,,,0,1135.5279541015625
49035,10,334,1,4,2,11.0287125859632,0.3532731278275264,0.5052677403411177,0,1135.5279541015625
49035,10,334,1,5,,,,,0,1135.5279541015625
49035,10,334,1,6,,,,,0,1135.5279541015625
49035,10,334,1,7,,,,,0,1135.5279541015625
49035,10,334,1,8,,,,,0,1135.5279541015625
49035,10,334,1,9,2,5.477226592510305,-0.21796051060860408,0.45906841506083895,0,1135.5279541015625
49035,10,334,1,10,2,10.415200067573446,-0.1139638949638691,0.5014040253126788,0,1135.5279541015625
49035,10,334,1,11,,,,,0,1135.5279541015625
49035,10,334,1,12,,,,,0,1135.5279541015625
49035,10,334,1,13,,,,,0,1135.5279541015625
49035,10,334,1,14,,,,,0,1135.5279541015625
49035,10,334,1,15,,,,,0,1135.5279541015625
49035,10,334,1,16,,,,,0,1135.5279541015625
49035,10,334,1,17,,,,,0,1135.5279541015625
49035,10,334,1,18,2,28.259689487024204,2.630786686634419,0.37888543819998316,0,1135.5279541015625
49035,10,334,1,19,2,35.756134836459395,2.892475764594823,0.3414213562373095,0,1135.5279541015625
49035,10,334,1,20,2,26.181175318285945,2.798165993326697,0.482842712474619,0,1135.5279541015625
49035,10,334,1,21,2,17.09990361524254,2.5999599309055923,0.3414213562373095,0,1135.5279541015625
49035,10,334,1,22,2,29.896846838567175,3.013617756568949,0.4242640687119285,0,1135.5279541015625
49035,10,334,1,23,2,20.019345980638423,2.94982322908683,0.4242640687119285,0,1135.5279541015625
49035,10,334,1,24,2,39.6700463754302,-3.11173221100827,0.37888543819998316,0,1135.5279541015625
49035,10,334,1,25,2,34.67259668283676,-3.1074267795748187,0.482842712474619,0,1135.5279541015625
49035,10,334,1,26,2,24.680796651129857,-3.093585930536638,0.4242640687119285,0,1135.5279541015625
49035,10,334,1,27,2,14.700152582139497,-3.0609353763247977,0.482842712474619,0,1135.5279541015625
49035,10,334,1,28,2,9.724755382016681,-3.0194983889971607,0.37888543819998316,0,1135.5279541015625
49035,10,334,1,29,2,30.29041487296504,-2.9359770461137615,0.4242640687119285,0,1135.5279541015625
49035,10,334,1,30,2,20.602475476993085,-2.836714456234917,0.4242640687119285,0,1135.5279541015625
49035,10,334,1,31,2,36.41259044641373,-2.8293882782690285,0.3414213562373095,0,1135.5279541015625
49035,10,334,1,32,2,27.070823881478383,-2.715679102779702,0.482842712474619,0,1135.5279541015625
49035,10,334,1,33,2,18.43318388737497,-2.4896233367980565,0.3414213562373095,0,1135.5279541015625
49035,10,334,1,34,2,29.4902254444726,-2.560658357349135,0.4308640753373011,0,1135.5279541015625
49035,10,334,1,35,2,17.687805703884194,-1.5511409483334238,0.613407053921902,0,1135.5279541015625
49035,10,334,1,36,2,21.68923265394923,-1.786977225759834,0.682842712474619,0,1135.5279541015625
49035,10,334,1,37,2,21.187241312143907,-1.5543876907940548,0.8513997106635237,0,1135.5279541015625
49035,10,334,1,38,2,21.848926191483585,-1.323529129493286,0.682842712474619,0,1135.5279541015625
49035,10,334,1,39,2,23.781987918169854,-1.661424203466138,0.848528137423857,0,1135.5279541015625
49035,10,334,1,40,2,23.854964486283706,-1.4511380071146456,0.848528137423857,0,1135.5279541015625
49035,10,334,1,41,2,27.424136036521197,-1.872628023969521,0.613407053921902,0,1135.5279541015625
49035,10,334,1,42,2,26.59448635076332,-1.74663819233845,0.8513997106635237,0,1135.5279541015625
49035,10,334,1,43,2,26.18669672873645,-1.557520565226779,0.848528137423857,0,1135.5279541015625
49035,10,334,1,44,2,26.724884786743164,-1.369336775020745,0.8513997106635237,0,1135.5279541015625
49035,10,334,1,45,2,27.63879400002851,-1.2449437133464498,0.613407053921902,0,1135.5279541015625
49035,10,334,1,46,2,28.7650280807055,-1.645691974714053,0.848528137423857,0,1135.5279541015625
49035,10,334,1,47,2,28.82539196239412,-1.471845706264399,0.848528137423857,0,1135.5279541015625
49035,10,334,1,48,2,31.529519428699437,-1.718892839271135,0.682842712474619,0,1135.5279541015625
49035,10,334,1,49,2,31.186326758799524,-1.5596489629908066,0.8513997106635237,0,1135.5279541015625
49035,10,334,1,50,2,31.639585300829957,-1.400963760233307,0.682842712474619,0,1135.5279541015625
49035,10,334,1,51,2,34.68613124156792,-1.5607737633680399,0.613407053921902,0,1135.5279541015625
49035,10,334,1,52,2,36.442295572696,-2.5212509331119732,0.4308640753373011,0,1135.5279541015625
49035,10,334,1,53,2,47.51770233447507,-2.5579767290813376,0.3414213562373095,0,1135.5279541015625
49035,10,334,1,54,2,39.55862482128944,-2.4182239546477584,0.482842712474619,0,1135.5279541015625
49035,10,334,1,55,2,32.738930348368086,-2.214641247292585,0.3414213562373095,0,1135.5279541015625
49035,10,334,1,56,2,46.61815427055704,-2.408821184489798,0.4242640687119285,0,1135.5279541015625
49035,10,334,1,57,2,39.75179329536236,-2.2397394357726172,0.4242640687119285,0,1135.5279541015625
49035,10,334,1,58,2,53.68072109645487,-2.4018921018539787,0.382842712474619,0,1135.5279541015625
49035,10,334,1,59,2,46.78218229239776,-2.2573026143506274,0.4242640687119285,0,1135.5279541015625
49035,10,334,1,60,2,41.17675731092596,-2.068339837463192,0.482842712474619,0,1135.5279541015625
49035,10,334,1,61,2,39.038464671971596,-1.9555506223644792,0.37888543819998316,0,1135.5279541015625
49035,10,334,1,62,2,53.8232300208846,-2.2702738078053977,0.4242640687119285,0,1135.5279541015625
49035,10,334,1,63,2,47.99888386707355,-2.1101748134261213,0.4242640687119285,0,1135.5279541015625
49035,10,334,1,64,2,60.87123786915272,-2.28024261724981,0.3414213562373095,0,1135.5279541015625
49035,10,334,1,65,2,54.88406291745111,-2.1415574923965828,0.382842712474619,0,1135.5279541015625
49035,10,334,1,66,2,50.19176351684101,-1.9731069810522737,0.3414213562373095,0,1135.5279541015625
49035,10,335,4,1,,,,,0,1136.112060546875
49035,10,335,4,2,,,,,0,1136.112060546875
49035,10,335,4,3,,,,,0,1136.112060546875
49035,10,335,4,4,2,6.261564579712673,-1.4519171648102012,0.4679124626440447,1,1136.112060546875
49035,10,335,4,5,,,,,0,1136.112060546875
49035,10,335,4,6,,,,,0,1136.112060546875
49035,10,335,4,7,,,,,0,1136.112060546875
49035,10,335,4,8,,,,,0,1136.112060546875
49035,10,335,4,9,2,6.469513152084882,-2.6292483027883327,0.6242640687119285,0,1136.112060546875
49035,10,335,4,10,2,8.828629443598107,-2.037327219169032,0.682842712474619,0,1136.112060546875
49035,10,335,4,11,,,,,0,1136.112060546875
49035,10,335,4,12,,,,,0,1136.112060546875
49035,10,335,4,13,2,9.579582588605355,-2.41524582298978,0.6921765313559731,0,1136.112060546875
49035,10,335,4,14,,,,,0,1136.112060546875
49035,10,335,4,15,,,,,0,1136.112060546875
49035,10,335,4,16,,,,,0,1136.112060546875
49035,10,335,4,17,,,,,0,1136.112060546875
49035,10,335,4,18,2,30.15131000904314,1.6207161276847302,0.37888543819998316,0,1136.112060546875
49035,10,335,4,19,2,39.059682631495406,1.817896383005245,0.3414213562373095,0,1136.112060546875
49035,10,335,4,20,2,29.11767508108915,1.7860070185271009,0.482842712474619,0,1136.112060546875
49035,10,335,4,21,2,19.235883057000954,1.721219298032374,0.3414213562373095,0,1136.112060546875
49035,10,335,4,22,2,33.91882090472732,-4.331804148704274,0.4242640687119285,0,1136.112060546875
49035,10,335,4,23,2,23.930453535645817,-4.314878825077603,0.4242640687119285,0,1136.112060546875
49035,10,335,4,24,2,44.35136664837608,-4.22810668525978,0.37888543819998316,0,1136.112060546875
49035,10,335,4,25,2,39.40981884005627,-4.209872863874078,0.482842712474619,0,1136.112060546875
49035,10,335,4,26,2,29.585706276186652,-4.155180684898608,0.4242640687119285,0,1136.112060546875
49035,10,335,4,27,2,19.93725685031736,-4.046913583929994,0.482842712474619,0,1136.112060546875
49035,10,335,4,28,2,15.283465187675692,-3.942134936920684,0.37888543819998316,0,1136.112060546875
49035,10,335,4,29,2,35.74858633988031,-4.048528938323187,0.4242640687119285,0,1136.112060546875
49035,10,335,4,30,2,26.46018934464781,-3.9279964921133463,0.4242640687119285,0,1136.112060546875
49035,10,335,4,31,2,42.19726098621763,-3.9738245625321924,0.3414213562373095,0,1136.112060546875
49035,10,335,4,32,2,33.20826748858935,-3.8567099916367247,0.482842712474619,0,1136.112060546875
49035,10,335,4,33,2,24.999384481391473,-3.6581785343128206,0.3414213562373095,0,1136.112060546875
49035,10,335,4,34,2,35.93781485371858,-3.7353708916654313,0.4308640753373011,0,1136.112060546875
49035,10,335,4,35,2,23.20233340974422,-2.9700144046513692,0.613407053921902,0,1136.112060546875
49035,10,335,4,36,2,27.832075614946206,-3.126670332575788,0.682842712474619,0,1136.112060546875
49035,10,335,4,37,2,26.65922974250103,-2.947996092760814,0.8513997106635237,0,1136.112060546875
49035,10,335,4,38,2,26.397057182398562,-2.759495039070179,0.682842712474619,0,1136.112060546875
49035,10,335,4,39,2,29.57259263546223,-3.019350571537416,0.848528137423857,0,1136.112060546875
49035,10,335,4,40,2,28.907236682366634,-2.8496577264664236,0.848528137423857,0,1136.112060546875
49035,10,335,4,41,2,33.73201552981056,-3.177663397117679,0.613407053921902,0,1136.112060546875
49035,10,335,4,42,2,32.60923090019969,-3.0776690101690907,0.8513997106635237,0,1136.112060546875
49035,10,335,4,43,2,31.614111363913214,-2.924910546901692,0.848528137423857,0,1136.112060546875
49035,10,335,4,44,2,31.393345389704404,-2.766186416010033,0.8513997106635237,0,1136.112060546875
49035,10,335,4,45,2,31.710490424407382,-2.6556568232968893,0.613407053921902,0,1136.112060546875
49035,10,335,4,46,2,34.47137569128117,-2.9879988572686402,0.848528137423857,0,1136.112060546875
49035,10,335,4,47,2,33.90229843943944,-2.8425609354410004,0.848528137423857,0,1136.112060546875
49035,10,335,4,48,2,37.44461839529138,-3.0412535197213346,0.682842712474619,0,1136.112060546875
49035,10,335,4,49,2,36.58127313525818,-2.9080872604852055,0.8513997106635237,0,1136.112060546875
49035,10,335,4,50,2,36.390653217876284,-2.7710401907993214,0.682842712474619,0,1136.112060546875
49035,10,335,4,51,2,40.063147642227015,-2.89879480360974,0.613407053921902,0,1136.112060546875
49035,10,335,4,52,2,42.943846426458386,-3.7110141758349395,0.4308640753373011,0,1136.112060546875
49035,10,335,4,53,2,53.95119329459693,-3.751719319094132,0.3414213562373095,0,1136.112060546875
49035,10,335,4,54,2,46.183454318247975,-3.625468761550076,0.482842712474619,0,1136.112060546875
49035,10,335,4,55,2,39.43465034231233,-3.452338170964642,0.3414213562373095,0,1136.112060546875
49035,10,335,4,56,2,53.24996584228749,-3.620350874419411,0.4242640687119285,0,1136.112060546875
49035,10,335,4,57,2,46.451469912797386,-3.472764230320077,0.4242640687119285,0,1136.112060546875
49035,10,335,4,58,2,60.31754530519185,-3.616432258726554,0.382842712474619,0,1136.112060546875
49035,10,335,4,59,2,53.48258096332494,-3.487824628149786,0.4242640687119285,0,1136.112060546875
49035,10,335,4,60,2,47.77621438910103,-3.3251884935764093,0.482842712474619,0,1136.112060546875
49035,10,335,4,61,2,45.48248848491815,-3.2298436641672303,0.37888543819998316,0,1136.112060546875
49035,10,335,4,62,2,60.52300286616399,-3.499383320139424,0.4242640687119285,0,1136.112060546875
49035,10,335,4,63,2,54.637112577372086,-3.3586820865991895,0.4242640687119285,0,1136.112060546875
49035,10,335,4,64,2,67.56982525785294,-3.508532130814182,0.3414213562373095,0,1136.112060546875
49035,10,335,4,65,2,61.545604881514635,-3.3846803387386877,0.382842712474619,0,1136.112060546875
49035,10,335,4,66,2,56.65722968065288,-3.236812857393561,0.3414213562373095,0,1136.112060546875
49035,10,336,10,1,,,,,0,1136.511962890625
49035,10,336,10,2,,,,,0,1136.511962890625
49035,10,336,10,3,,,,,0,1136.511962890625
49035,10,336,10,4,,,,,0,1136.511962890625
49035,10,336,10,5,,,,,0,1136.511962890625
49035,10,336,10,6,,,,,0,1136.511962890625
49035,10,336,10,7,,,,,0,1136.511962890625
49035,10,336,10,8,,,,,0,1136.511962890625
49035,10,336,10,9,2,6.313394159181884,-1.2563089662848563,0.6242640687119285,0,1136.511962890625
49035,10,336,10,10,2,6.494223886392008,-0.45466316955314146,0.5722854315746106,1,1136.511962890625
49035,10,336,10,11,,,,,0,1136.511962890625
49035,10,336,10,12,,,,,0,1136.511962890625
49035,10,336,10,13,2,8.394995204386795,-0.8612003225277366,0.6921765313559731,0,1136.511962890625
49035,10,336,10,14,2,13.094309718323355,-1.4772517936604714,0.35735518174403624,0,1136.511962890625
49035,10,336,10,15,,,,,0,1136.511962890625
49035,10,336,10,16,,,,,0,1136.511962890625
49035,10,336,10,17,,,,,0,1136.511962890625
49035,10,336,10,18,2,33.529225453954375,3.548490660516218,0.37888543819998316,0,1136.511962890625
49035,10,336,10,19,2,42.467575427081954,3.7267084606206966,0.3414213562373095,0,1136.511962890625
49035,10,336,10,20,2,32.52886347245597,3.696965152816896,0.482842712474619,0,1136.511962890625
49035,10,336,10,21,2,22.64418148144166,3.6411629319751317,0.3414213562373095,0,1136.511962890625
49035,10,336,10,22,2,37.27906865789254,-2.43566344099411,0.4242640687119285,0,1136.511962890625
49035,10,336,10,23,2,27.282979238980683,-2.4268951258404607,0.4242640687119285,0,1136.511962890625
49035,10,336,10,24,2,47.63417851829355,-2.3355819231175534,0.37888543819998316,0,1136.511962890625
49035,10,336,10,25,2,42.67705427029906,-2.321090198219182,0.482842712474619,0,1136.511962890625
49035,10,336,10,26,2,32.80187429621723,-2.2789900916575805,0.4242640687119285,0,1136.511962890625
49035,10,336,10,27,2,23.03464680648743,-2.2009336273750577,0.482842712474619,0,1136.511962890625
49035,10,336,10,28,2,18.24584751599701,-2.130783469629852,0.37888543819998316,0,1136.511962890625
49035,10,336,10,29,2,38.82737383000583,-2.1752536493071486,0.4242640687119285,0,1136.511962890625
49035,10,336,10,30,2,29.3631904719124,-2.0795736342940425,0.4242640687119285,0,1136.511962890625
49035,10,336,10,31,2,45.15713631005854,-2.099964083832094,0.3414213562373095,0,1136.511962890625
49035,10,336,10,32,2,35.96941695218304,-2.0019680215067006,0.482842712474619,0,1136.511962890625
49035,10,336,10,33,2,27.357466111370364,-1.8397608845979527,0.3414213562373095,0,1136.511962890625
49035,10,336,10,34,2,38.44108420879373,-1.885015685754463,0.4308640753373011,0,1136.511962890625
49035,10,336,10,35,2,23.541927391673077,-1.2026626224630923,0.613407053921902,0,1136.511962890625
49035,10,336,10,36,2,28.651334117711155,-1.331287750178745,0.682842712474619,0,1136.511962890625
49035,10,336,10,37,2,26.892655964075246,-1.1624698373819582,0.8513997106635237,0,1136.511962890625
49035,10,336,10,38,2,25.9909781054793,-0.9761792933367927,0.682842712474619,0,1136.511962890625
49035,10,336,10,39,2,30.025255126263367,-1.2201623585105539,0.848528137423857,0,1136.511962890625
49035,10,336,10,40,2,28.78944152766075,-1.0551886423278196,0.848528137423857,0,1136.511962890625
49035,10,336,10,41,2,34.68350829051356,-1.360756089305923,0.613407053921902,0,1136.511962890625
49035,10,336,10,42,2,33.238786770763724,-1.2668309572762197,0.8513997106635237,0,1136.511962890625
49035,10,336,10,43,2,31.735357947716455,-1.1198744007022472,0.848528137423857,0,1136.511962890625
49035,10,336,10,44,2,30.974972835292085,-0.9620906073498375,0.8513997106635237,0,1136.511962890625
49035,10,336,10,45,2,30.916340999562955,-0.8489445899992064,0.613407053921902,0,1136.511962890625
49035,10,336,10,46,2,34.79129121870562,-1.1733894305430663,0.848528137423857,0,1136.511962890625
49035,10,336,10,47,2,33.73054910229265,-1.0306342216928672,0.848528137423857,0,1136.511962890625
49035,10,336,10,48,2,37.930659699771574,-1.2181573117125284,0.682842712474619,0,1136.511962890625
49035,10,336,10,49,2,36.62036241406232,-1.0885982279613646,0.8513997106635237,0,1136.511962890625
49035,10,336,10,50,2,35.96341114820257,-0.9519087883739875,0.682842712474619,0,1136.511962890625
49035,10,336,10,51,2,40.05675402256869,-1.0712549870842163,0.613407053921902,0,1136.511962890625
49035,10,336,10,52,2,45.37971965909173,-1.8524018365008699,0.4308640753373011,0,1136.511962890625
49035,10,336,10,53,2,56.46773379063967,-1.880728076509075,0.3414213562373095,0,1136.511962890625
49035,10,336,10,54,2,48.406992837867286,-1.7674714551297428,0.482842712474619,0,1136.511962890625
49035,10,336,10,55,2,41.20520539640738,-1.6119699136368073,0.3414213562373095,0,1136.511962890625
49035,10,336,10,56,2,55.451230435361126,-1.755593269216468,0.4242640687119285,0,1136.511962890625
49035,10,336,10,57,2,48.26459316051784,-1.6210797699379058,0.4242640687119285,0,1136.511962890625
49035,10,336,10,58,2,62.50152764521604,-1.7463937844778807,0.382842712474619,0,1136.511962890625
49035,10,336,10,59,2,55.32696407847163,-1.6278643675395887,0.4242640687119285,0,1136.511962890625
49035,10,336,10,60,2,49.14982146758293,-1.476916161361622,0.482842712474619,0,1136.511962890625
49035,10,336,10,61,2,46.5620118591612,-1.387455522388057,0.37888543819998316,0,1136.511962890625
49035,10,336,10,62,2,62.39130512604041,-1.6331127724816423,0.4242640687119285,0,1136.511962890625
49035,10,336,10,63,2,56.10086408858122,-1.5016224887644158,0.4242640687119285,0,1136.511962890625
49035,10,336,10,64,2,69.45701517140556,-1.6372934563728827,0.3414213562373095,0,1136.511962890625
49035,10,336,10,65,2,63.07859345828541,-1.520872490606366,0.382842712474619,0,1136.511962890625
49035,10,336,10,66,2,57.73682489391352,-1.3806762000500403,0.3414213562373095,0,1136.511962890625
49035,10,337,13,1,,,,,0,1136.779052734375
49035,10,337,13,2,,,,,0,1136.779052734375
49035,10,337,13,3,,,,,0,1136.779052734375
49035,10,337,13,4,,,,,0,1136.779052734375
49035,10,337,13,5,,,,,0,1136.779052734375
49035,10,337,13,6,,,,,0,1136.779052734375
49035,10,337,13,7,,,,,0,1136.779052734375
49035,10,337,13,8,,,,,0,1136.779052734375
49035,10,337,13,9,2,4.649976618177451,-1.0678380793483626,0.49093073537859516,0,1136.779052734375
49035,10,337,13,10,,,,,0,1136.779052734375
49035,10,337,13,11,,,,,0,1136.779052734375
49035,10,337,13,12,,,,,0,1136.779052734375
49035,10,337,13,13,2,5.957237488963688,-0.4330923500521515,0.47229667388341,1,1136.779052734375
49035,10,337,13,14,2,11.718620871144287,-1.092916190116954,0.35735518174403624,0,1136.779052734375
49035,10,337,13,15,,,,,0,1136.779052734375
49035,10,337,13,16,,,,,0,1136.779052734375
49035,10,337,13,17,,,,,0,1136.779052734375
49035,10,337,13,18,2,35.11239678311312,4.052345952828722,0.37888543819998316,0,1136.779052734375
49035,10,337,13,19,2,43.64710415093409,4.237091300242938,0.3414213562373095,0,1136.779052734375
49035,10,337,13,20,2,33.79495080764434,4.192480300982115,0.482842712474619,0,1136.779052734375
49035,10,337,13,21,2,24.065072188125974,4.111507186070895,0.3414213562373095,0,1136.779052734375
49035,10,337,13,22,2,38.18117982282793,4.347034904849764,0.4242640687119285,0,1136.779052734375
49035,10,337,13,23,2,28.19275601979586,4.3323732605312895,0.4242640687119285,0,1136.779052734375
49035,10,337,13,24,2,48.26998845629484,-1.823856007194057,0.37888543819998316,0,1136.779052734375
49035,10,337,13,25,2,43.284018820289134,-1.8156670534666612,0.482842712474619,0,1136.779052734375
49035,10,337,13,26,2,33.32469481576324,-1.7919421029207232,0.4242640687119285,0,1136.779052734375
49035,10,337,13,27,2,23.400091535982728,-1.74804720266268,0.482842712474619,0,1136.779052734375
49035,10,337,13,28,2,18.468318373817283,-1.7084470426835532,0.37888543819998316,0,1136.779052734375
49035,10,337,13,29,2,39.06710991532108,-1.6775259028306335,0.4242640687119285,0,1136.779052734375
49035,10,337,13,30,2,29.381424003345924,-1.604089274377218,0.4242640687119285,0,1136.779052734375
49035,10,337,13,31,2,45.187861973187005,-1.5932315718226255,0.3414213562373095,0,1136.779052734375
49035,10,337,13,32,2,35.762716186503695,-1.5100820079759427,0.482842712474619,0,1136.779052734375
49035,10,337,13,33,2,26.758192546676742,-1.3693610672953986,0.3414213562373095,0,1136.779052734375
49035,10,337,13,34,2,37.923477705410164,-1.387568816166667,0.4308640753373011,0,1136.779052734375
49035,10,337,13,35,2,21.523897120762616,-0.7122718433087982,0.613407053921902,0,1136.779052734375
49035,10,337,13,36,2,26.86012755305336,-0.8355469286662074,0.682842712474619,0,1136.779052734375
49035,10,337,13,37,2,24.798809484138605,-0.6588149761262685,0.8513997106635237,0,1136.779052734375
49035,10,337,13,38,2,23.632508362315445,-0.45763550088083527,0.682842712474619,0,1136.779052734375
49035,10,337,13,39,2,28.023790752084444,-0.7137859376193323,0.848528137423857,0,1136.779052734375
49035,10,337,13,40,2,26.530121518397163,-0.5385616900525627,0.848528137423857,0,1136.779052734375
49035,10,337,13,41,2,32.93895254311542,-0.8538963659826511,0.613407053921902,0,1136.779052734375
49035,10,337,13,42,2,31.315886454044765,-0.7573088377332633,0.8513997106635237,0,1136.779052734375
49035,10,337,13,43,2,29.566860571709856,-0.603219680913291,0.848528137423857,0,1136.779052734375
49035,10,337,13,44,2,28.59569449639644,-0.4343379954023172,0.8513997106635237,0,1136.779052734375
49035,10,337,13,45,2,28.424002066849283,-0.31164369757306587,0.613407053921902,0,1136.779052734375
49035,10,337,13,46,2,32.703992727997935,-0.6556590044199515,0.848528137423857,0,1136.779052734375
49035,10,337,13,47,2,31.4335114172319,-0.504688359394267,0.848528137423857,0,1136.779052734375
49035,10,337,13,48,2,35.91522012516354,-0.6988227938038849,0.682842712474619,0,1136.779052734375
49035,10,337,13,49,2,34.400836273312585,-0.5631521725147308,0.8513997106635237,0,1136.779052734375
49035,10,337,13,50,2,33.5698083993276,-0.417937741902064,0.682842712474619,0,1136.779052734375
49035,10,337,13,51,2,37.81032056024768,-0.5412239299438728,0.613407053921902,0,1136.779052734375
49035,10,337,13,52,2,44.76487410732619,-1.3441810988736798,0.4308640753373011,0,1136.779052734375
49035,10,337,13,53,2,55.91138745150649,-1.3615522744898958,0.3414213562373095,0,1136.779052734375
49035,10,337,13,54,2,47.57217932869054,-1.2544919223930822,0.482842712474619,0,1136.779052734375
49035,10,337,13,55,2,40.001765528657664,-1.1045759802685744,0.3414213562373095,0,1136.779052734375
49035,10,337,13,56,2,54.57853093161369,-1.2357598009681081,0.4242640687119285,0,1136.779052734375
49035,10,337,13,57,2,47.07276322866256,-1.1053016311911543,0.4242640687119285,0,1136.779052734375
49035,10,337,13,58,2,61.599673953886594,-1.2212937048340282,0.382842712474619,0,1136.779052734375
49035,10,337,13,59,2,54.14377924151349,-1.1058377466472669,0.4242640687119285,0,1136.779052734375
49035,10,337,13,60,2,47.62958985633154,-0.9562925108406382,0.482842712474619,0,1136.779052734375
49035,10,337,13,61,2,44.85635216495728,-0.8662527731263028,0.37888543819998316,0,1136.779052734375
49035,10,337,13,62,2,61.21480722117622,-1.1062500069578087,0.4242640687119285,0,1136.779052734375
49035,10,337,13,63,2,54.62857880683317,-0.9760353935221842,0.4242640687119285,0,1136.779052734375
49035,10,337,13,64,2,68.28584345014558,-1.1065768877559576,0.3414213562373095,0,1136.779052734375
49035,10,337,13,65,2,61.64402172981905,-0.9912894401833214,0.382842712474619,0,1136.779052734375
49035,10,337,13,66,2,56.009056538697536,-0.8505790895379004,0.3414213562373095,0,1136.779052734375
49035,10,338,9,1,,,,,0,1137.029052734375
49035,10,338,9,2,,,,,0,1137.029052734375
49035,10,338,9,3,,,,,0,1137.029052734375
49035,10,338,9,4,,,,,0,1137.029052734375
49035,10,338,9,5,,,,,0,1137.029052734375
49035,10,338,9,6,,,,,0,1137.029052734375
49035,10,338,9,7,,,,,0,1137.029052734375
49035,10,338,9,8,,,,,0,1137.029052734375
49035,10,338,9,9,2,3.504557686000991,-1.1584765903024066,0.2660895019605503,1,1137.029052734375
49035,10,338,9,10,,,,,0,1137.029052734375
49035,10,338,9,11,,,,,0,1137.029052734375
49035,10,338,9,12,,,,,0,1137.029052734375
49035,10,338,9,13,,,,,0,1137.029052734375
49035,10,338,9,14,2,9.892615304806581,-0.6376788846214663,0.3178205970764315,0,1137.029052734375
49035,10,338,9,15,,,,,0,1137.029052734375
49035,10,338,9,16,,,,,0,1137.029052734375
49035,10,338,9,17,,,,,0,1137.029052734375
49035,10,338,9,18,2,36.68663056810641,4.689685416138164,0.37888543819998316,0,1137.029052734375
49035,10,338,9,19,2,44.62658606675983,4.884527158751219,0.3414213562373095,0,1137.029052734375
49035,10,338,9,20,2,34.94923986149464,4.820714088234008,0.482842712474619,0,1137.029052734375
49035,10,338,9,21,2,25.52188374353761,4.708976347502435,0.3414213562373095,0,1137.029052734375
49035,10,338,9,22,2,38.82050076815948,4.981532374297928,0.4242640687119285,0,1137.029052734375
49035,10,338,9,23,2,28.930061576378197,4.937478949887252,0.4242640687119285,0,1137.029052734375
49035,10,338,9,24,2,48.50417096934937,-1.1727857560291899,0.37888543819998316,0,1137.029052734375
49035,10,338,9,25,2,43.50417443056534,-1.172657682532683,0.482842712474619,0,1137.029052734375
49035,10,338,9,26,2,33.50418445220565,-1.1722868572761873,0.4242640687119285,0,1137.029052734375
49035,10,338,9,27,2,23.50420300137365,-1.1716004929039159,0.482842712474619,0,1137.029052734375
49035,10,338,9,28,2,18.504219794170297,-1.170979119010284,0.37888543819998316,0,1137.029052734375
49035,10,338,9,29,2,38.83442144286179,-1.0433863175649967,0.4242640687119285,0,1137.029052734375
49035,10,338,9,30,2,28.948738689693666,-0.9984145987049831,0.4242640687119285,0,1137.029052734375
49035,10,338,9,31,2,44.6508029244289,-0.9467819191113598,0.3414213562373095,0,1137.029052734375
49035,10,338,9,32,2,34.98015701392079,-0.8823664143133187,0.482842712474619,0,1137.029052734375
49035,10,338,9,33,2,25.564204811433406,-0.7696969425360274,0.3414213562373095,0,1137.029052734375
49035,10,338,9,34,2,36.730803002032474,-0.7516125569683247,0.4308640753373011,0,1137.029052734375
49035,10,338,9,35,2,18.610668924482432,-0.07766675978431015,0.613407053921902,0,1137.029052734375
49035,10,338,9,36,2,24.1769882217453,-0.19574463520658614,0.682842712474619,0,1137.029052734375
49035,10,338,9,37,2,21.78268465859047,-0.004178820129563832,0.8513997106635237,0,1137.029052734375
49035,10,338,9,38,2,20.35789631560133,0.22390787148531777,0.682842712474619,0,1137.029052734375
49035,10,338,9,39,2,25.09534433780069,-0.057025315925401054,0.848528137423857,0,1137.029052734375
49035,10,338,9,40,2,23.339556527362866,0.1367191080340675,0.848528137423857,0,1137.029052734375
49035,10,338,9,41,2,30.279469115345307,-0.1993897667348532,0.613407053921902,0,1137.029052734375
49035,10,338,9,42,2,28.46168062377866,-0.0974627191176014,0.8513997106635237,0,1137.029052734375
49035,10,338,9,43,2,26.458001727098722,0.06966714889749848,0.848528137423857,0,1137.029052734375
49035,10,338,9,44,2,25.297913883408263,0.2579344090780402,0.8513997106635237,0,1137.029052734375
49035,10,338,9,45,2,25.054050787750228,0.39673094736940606,0.613407053921902,0,1137.029052734375
49035,10,338,9,46,2,29.670133331152247,0.016936833028204257,0.848528137423857,0,1137.029052734375
49035,10,338,9,47,2,28.20062771197714,0.1823459276753221,0.848528137423857,0,1137.029052734375
49035,10,338,9,48,2,32.94856246311125,-0.025399126406283168,0.682842712474619,0,1137.029052734375
49035,10,338,9,49,2,31.234057691032163,0.1211433888478961,0.8513997106635237,0,1137.029052734375
49035,10,338,9,50,2,30.257642857762516,0.2808256684764556,0.682842712474619,0,1137.029052734375
49035,10,338,9,51,2,34.614949270013696,0.1486768783260326,0.613407053921902,0,1137.029052734375
49035,10,338,9,52,2,43.41352096027806,-0.6937289460647917,0.4308640753373011,0,1137.029052734375
49035,10,338,9,53,2,54.592647157851815,-0.697112750174165,0.3414213562373095,0,1137.029052734375
49035,10,338,9,54,2,45.93772204435119,-0.5970437862290445,0.482842712474619,0,1137.029052734375
49035,10,338,9,55,2,37.94985493445835,-0.45283066230634694,0.3414213562373095,0,1137.029052734375
49035,10,338,9,56,2,52.87585667975937,-0.5693537301455318,0.4242640687119285,0,1137.029052734375
49035,10,338,9,57,2,45.0085925412117,-0.4427311056298622,0.4242640687119285,0,1137.029052734375
49035,10,338,9,58,2,59.845117867816406,-0.5480996769791975,0.382842712474619,0,1137.029052734375
49035,10,338,9,59,2,52.07067615784533,-0.4353704626689854,0.4242640687119285,0,1137.029052734375
49035,10,338,9,60,2,45.18044376118461,-0.28581070063748837,0.482842712474619,0,1137.029052734375
49035,10,338,9,61,2,42.20463351243258,-0.1937634048434249,0.37888543819998316,0,1137.029052734375
49035,10,338,9,62,2,59.134907022245216,-0.42976817227905806,0.4242640687119285,0,1137.029052734375
49035,10,338,9,63,2,52.219291564056576,-0.29969224514603243,0.4242640687119285,0,1137.029052734375
49035,10,338,9,64,2,66.20059774295072,-0.4253616491252361,0.3414213562373095,0,1137.029052734375
49035,10,338,9,65,2,59.26581075499039,-0.3102744998405582,0.382842712474619,0,1137.029052734375
49035,10,338,9,66,2,53.31372719449183,-0.1671963404618373,0.3414213562373095,0,1137.029052734375
49035,10,339,14,1,,,,,0,1137.1610107421875
49035,10,339,14,2,2,9.541025549590673,4.849625490964973,0.2526882723033592,0,1137.1610107421875
49035,10,339,14,3,,,,,0,1137.1610107421875
49035,10,339,14,4,,,,,0,1137.1610107421875
49035,10,339,14,5,,,,,0,1137.1610107421875
49035,10,339,14,6,,,,,0,1137.1610107421875
49035,10,339,14,7,,,,,0,1137.1610107421875
49035,10,339,14,8,,,,,0,1137.1610107421875
49035,10,339,14,9,,,,,0,1137.1610107421875
49035,10,339,14,10,,,,,0,1137.1610107421875
49035,10,339,14,11,,,,,0,1137.1610107421875
49035,10,339,14,12,,,,,0,1137.1610107421875
49035,10,339,14,13,,,,,0,1137.1610107421875
49035,10,339,14,14,2,8.509874475095817,-0.2641886952571708,0.27639924083912204,1,1137.1610107421875
49035,10,339,14,15,,,,,0,1137.1610107421875
49035,10,339,14,16,,,,,0,1137.1610107421875
49035,10,339,14,17,,,,,0,1137.1610107421875
49035,10,339,14,18,2,36.17093979987531,5.064329290342336,0.37888543819998316,0,1137.1610107421875
49035,10,339,14,19,2,43.85780761202113,5.2685189888663615,0.3414213562373095,0,1137.1610107421875
49035,10,339,14,20,2,34.26412531392238,5.1957169516764985,0.482842712474619,0,1137.1610107421875
49035,10,339,14,21,2,24.991063973414448,5.0677173690149,0.3414213562373095,0,1137.1610107421875
49035,10,339,14,22,2,37.94024490633383,5.3634440718777965,0.4242640687119285,0,1137.1610107421875
49035,10,339,14,23,2,28.106674982069787,5.307800169465125,0.4242640687119285,0,1137.1610107421875
49035,10,339,14,24,2,47.48297153800977,5.500802446303236,0.37888543819998316,0,1137.1610107421875
49035,10,339,14,25,2,42.48404504725279,5.498495710784268,0.482842712474619,0,1137.1610107421875
49035,10,339,14,26,2,32.48718329698839,5.491752658369016,0.4242640687119285,0,1137.1610107421875
49035,10,339,14,27,2,22.493111691521005,5.479016416246158,0.482842712474619,0,1137.1610107421875
49035,10,339,14,28,2,17.49861626143043,5.467193678978013,0.37888543819998316,0,1137.1610107421875
49035,10,339,14,29,2,37.694150455959814,-0.6546141272886699,0.4242640687119285,0,1137.1610107421875
49035,10,339,14,30,2,27.773584096973384,-0.6157340171243653,0.4242640687119285,0,1137.1610107421875
49035,10,339,14,31,2,43.43133521572817,-0.5524133324401288,0.3414213562373095,0,1137.1610107421875
49035,10,339,14,32,2,33.71652226455254,-0.49043958526734066,0.482842712474619,0,1137.1610107421875
49035,10,339,14,33,2,24.234827596068932,-0.3792180922777346,0.3414213562373095,0,1137.1610107421875
49035,10,339,14,34,2,35.39063818494998,-0.3539429200073356,0.4308640753373011,0,1137.1610107421875
49035,10,339,14,35,2,17.27028598148926,0.36046501293913424,0.613407053921902,0,1137.1610107421875
49035,10,339,14,36,2,22.786764988700057,0.22874066580377583,0.682842712474619,0,1137.1610107421875
49035,10,339,14,37,2,20.48165413602635,0.43448423619844023,0.8513997106635237,0,1137.1610107421875
49035,10,339,14,38,2,19.22913554077156,0.6790058964177359,0.682842712474619,0,1137.1610107421875
49035,10,339,14,39,2,23.763714064935478,0.37488964470419406,0.848528137423857,0,1137.1610107421875
49035,10,339,14,40,2,22.135392557114745,0.5813781655415047,0.848528137423857,0,1137.1610107421875
49035,10,339,14,41,2,28.887661863223343,0.22209664333688472,0.613407053921902,0,1137.1610107421875
49035,10,339,14,42,2,27.109593434284832,0.32987659454543783,0.8513997106635237,0,1137.1610107421875
49035,10,339,14,43,2,25.20300683787111,0.5069406909549081,0.848528137423857,0,1137.1610107421875
49035,10,339,14,44,2,24.196137112509025,0.7055940870767226,0.8513997106635237,0,1137.1610107421875
49035,10,339,14,45,2,24.091203776806744,0.8506218592587527,0.613407053921902,0,1137.1610107421875
49035,10,339,14,46,2,28.379702318417383,0.4489025189786813,0.848528137423857,0,1137.1610107421875
49035,10,339,14,47,2,27.03088975930211,0.6229539319488226,0.848528137423857,0,1137.1610107421875
49035,10,339,14,48,2,31.63263273415907,0.40267063185871965,0.682842712474619,0,1137.1610107421875
49035,10,339,14,49,2,30.01474556266887,0.556360853620711,0.8513997106635237,0,1137.1610107421875
49035,10,339,14,50,2,29.17441428185507,0.7231174499830657,0.682842712474619,0,1137.1610107421875
49035,10,339,14,51,2,33.415869425426166,0.5824448573209997,0.613407053921902,0,1137.1610107421875
49035,10,339,14,52,2,42.046749828761484,-0.29206287111771534,0.4308640753373011,0,1137.1610107421875
49035,10,339,14,53,2,53.22686890743536,-0.2935481805362752,0.3414213562373095,0,1137.1610107421875
49035,10,339,14,54,2,44.53787790953254,-0.19184073452950168,0.482842712474619,0,1137.1610107421875
49035,10,339,14,55,2,36.52595739579653,-0.04333936868698007,0.3414213562373095,0,1137.1610107421875
49035,10,339,14,56,2,51.468966073827836,-0.16259867917977155,0.4242640687119285,0,1137.1610107421875
49035,10,339,14,57,2,43.58414234218631,-0.03264628795008573,0.4242640687119285,0,1137.1610107421875
49035,10,339,14,58,2,58.43360650116724,-0.1403118245140491,0.382842712474619,0,1137.1610107421875
49035,10,339,14,59,2,50.64592149155124,-0.02493448356175465,0.4242640687119285,0,1137.1610107421875
49035,10,339,14,60,2,43.76679516166895,0.1293774259909144,0.482842712474619,0,1137.1610107421875
49035,10,339,14,61,2,40.81413794533761,0.2248852172255109,0.37888543819998316,0,1137.1610107421875
49035,10,339,14,62,2,57.709975426721385,-0.019110344037580163,0.4242640687119285,0,1137.1610107421875
49035,10,339,14,63,2,50.803191422861445,0.11454551128492207,0.4242640687119285,0,1137.1610107421875
49035,10,339,14,64,2,64.77555992638891,-0.014556647160780756,0.3414213562373095,0,1137.1610107421875
49035,10,339,14,65,2,57.84804369010517,0.1033241258371147,0.382842712474619,0,1137.1610107421875
49035,10,339,14,66,2,51.931870308775075,0.25054993820233706,0.3414213562373095,0,1137.1610107421875
49035,10,340,2,1,,,,,0,1137.677978515625
49035,10,340,2,2,2,8.28674412413503,3.732300978904008,0.3526882723033592,1,1137.677978515625
49035,10,340,2,3,2,8.551498491764077,3.1301171258436318,0.31175267821063424,0,1137.677978515625
49035,10,340,2,4,,,,,0,1137.677978515625
49035,10,340,2,5,,,,,0,1137.677978515625
49035,10,340,2,6,,,,,0,1137.677978515625
49035,10,340,2,7,,,,,0,1137.677978515625
49035,10,340,2,8,,,,,0,1137.677978515625
49035,10,340,2,9,,,,,0,1137.677978515625
49035,10,340,2,10,,,,,0,1137.677978515625
49035,10,340,2,11,,,,,0,1137.677978515625
49035,10,340,2,12,,,,,0,1137.677978515625
49035,10,340,2,13,,,,,0,1137.677978515625
49035,10,340,2,14,,,,,0,1137.677978515625
49035,10,340,2,15,,,,,0,1137.677978515625
49035,10,340,2,16,,,,,0,1137.677978515625
49035,10,340,2,17,,,,,0,1137.677978515625
49035,10,340,2,18,2,32.51064651886764,4.464798738831767,0.37888543819998316,0,1137.677978515625
49035,10,340,2,19,2,39.277794494929545,4.714500009226359,0.3414213562373095,0,1137.677978515625
49035,10,340,2,20,2,30.02767285251109,4.603812276887586,0.482842712474619,0,1137.677978515625
49035,10,340,2,21,2,21.46106086587858,4.400243141534679,0.3414213562373095,0,1137.677978515625
49035,10,340,2,22,2,33.04424516499576,4.807189907184196,0.4242640687119285,0,1137.677978515625
49035,10,340,2,23,2,23.469941096557083,4.703488747371847,0.4242640687119285,0,1137.677978515625
49035,10,340,2,24,2,42.163077945466725,4.9807150973215215,0.37888543819998316,0,1137.677978515625
49035,10,340,2,25,2,37.177723708038656,4.971056103913145,0.482842712474619,0,1137.677978515625
49035,10,340,2,26,2,27.223136054884883,4.941132487376116,0.4242640687119285,0,1137.677978515625
49035,10,340,2,27,2,17.320944928446796,4.876869717650717,0.482842712474619,0,1137.677978515625
49035,10,340,2,28,2,12.428722037685278,4.806481358268804,0.37888543819998316,0,1137.677978515625
49035,10,340,2,29,2,32.11479625110032,-1.1691493144097458,0.4242640687119285,0,1137.677978515625
49035,10,340,2,30,2,22.142179992069455,-1.1414151546486093,0.4242640687119285,0,1137.677978515625
49035,10,340,2,31,2,37.70439151924615,-1.0446097976062685,0.3414213562373095,0,1137.677978515625
49035,10,340,2,32,2,27.938094716499815,-0.9783759462437129,0.482842712474619,0,1137.677978515625
49035,10,340,2,33,2,18.424253931696356,-0.8425128944255698,0.3414213562373095,0,1137.677978515625
49035,10,340,2,34,2,29.584728091547266,-0.8139772474126592,0.4308640753373011,0,1137.677978515625
49035,10,340,2,35,2,13.627612688522202,0.18889191960464924,0.613407053921902,0,1137.677978515625
49035,10,340,2,36,2,18.37953016854577,-0.05370923008443462,0.682842712474619,0,1137.677978515625
49035,10,340,2,37,2,17.09576343695247,0.21975728928186422,0.8513997106635237,0,1137.677978515625
49035,10,340,2,38,2,17.225653130374994,0.5120638485987639,0.682842712474619,0,1137.677978515625
49035,10,340,2,39,2,19.997390536910007,0.11045098652482066,0.848528137423857,0,1137.677978515625
49035,10,340,2,40,2,19.477002504529665,0.3630972833498467,0.848528137423857,0,1137.677978515625
49035,10,340,2,41,2,24.375305747541407,-0.10759756222214012,0.613407053921902,0,1137.677978515625
49035,10,340,2,42,2,23.076527665122303,0.02954661903238165,0.8513997106635237,0,1137.677978515625
49035,10,340,2,43,2,22.06771685868096,0.2469855892937296,0.848528137423857,0,1137.677978515625
49035,10,340,2,44,2,22.16849398652666,0.4734832383665868,0.8513997106635237,0,1137.677978515625
49035,10,340,2,45,2,22.897875980616597,0.6255658997646865,0.613407053921902,0,1137.677978515625
49035,10,340,2,46,2,24.892059540109752,0.15621241234490646,0.848528137423857,0,1137.677978515625
49035,10,340,2,47,2,24.475960173691362,0.3584215511952831,0.848528137423857,0,1137.677978515625
49035,10,340,2,48,2,27.879116358698063,0.08439781655216572,0.682842712474619,0,1137.677978515625
49035,10,340,2,49,2,27.050011593668177,0.2641927549077381,0.8513997106635237,0,1137.677978515625
49035,10,340,2,50,2,27.132289352233798,0.4489929431451627,0.682842712474619,0,1137.677978515625
49035,10,340,2,51,2,30.54106132932273,0.27289566921542185,0.613407053921902,0,1137.677978515625
49035,10,340,2,52,2,36.27005842065463,-0.7436408861346058,0.4308640753373011,0,1137.677978515625
49035,10,340,2,53,2,47.44807837150897,-0.7491309214338391,0.3414213562373095,0,1137.677978515625
49035,10,340,2,54,2,38.86175675005404,-0.6296881983561833,0.482842712474619,0,1137.677978515625
49035,10,340,2,55,2,31.131208364788613,-0.44706075013649693,0.3414213562373095,0,1137.677978515625
49035,10,340,2,56,2,45.831180862893824,-0.6013805263286565,0.4242640687119285,0,1137.677978515625
49035,10,340,2,57,2,38.20226610868521,-0.4467147424657898,0.4242640687119285,0,1137.677978515625
49035,10,340,2,58,2,52.82762668220293,-0.5805577389089978,0.382842712474619,0,1137.677978515625
49035,10,340,2,59,2,45.27332699753479,-0.44647681789753646,0.4242640687119285,0,1137.677978515625
49035,10,340,2,60,2,38.84057329619667,-0.2636403640450964,0.482842712474619,0,1137.677978515625
49035,10,340,2,61,2,36.23600601960684,-0.14981193207279508,0.37888543819998316,0,1137.677978515625
49035,10,340,2,62,2,52.344389756808006,-0.4463031745009398,0.4242640687119285,0,1137.677978515625
49035,10,340,2,63,2,45.81322009599566,-0.29151188976810793,0.4242640687119285,0,1137.677978515625
49035,10,340,2,64,2,59.415453718704704,-0.44617086188248,0.3414213562373095,0,1137.677978515625
49035,10,340,2,65,2,52.81204537935503,-0.3120087607354849,0.382842712474619,0,1137.677978515625
49035,10,340,2,66,2,47.41337505074458,-0.14359416314011053,0.3414213562373095,0,1137.677978515625
49035,10,341,3,1,,,,,0,1138.47900390625
49035,10,341,3,2,,,,,0,1138.47900390625
49035,10,341,3,3,2,5.608317443151905,-1.096744673426492,0.44749229099066534,1,1138.47900390625
49035,10,341,3,4,,,,,0,1138.47900390625
49035,10,341,3,5,,,,,0,1138.47900390625
49035,10,341,3,6,2,7.512068662689833,-1.5598652990454518,0.4932574088156967,0,1138.47900390625
49035,10,341,3,7,,,,,0,1138.47900390625
49035,10,341,3,8,,,,,0,1138.47900390625
49035,10,341,3,9,,,,,0,1138.47900390625
49035,10,341,3,10,,,,,0,1138.47900390625
49035,10,341,3,11,2,13.738394412863755,-1.7438294923795639,0.3021566821408521,0,1138.47900390625
49035,10,341,3,12,,,,,0,1138.47900390625
49035,10,341,3,13,,,,,0,1138.47900390625
49035,10,341,3,14,,,,,0,1138.47900390625
49035,10,341,3,15,,,,,0,1138.47900390625
49035,10,341,3,16,,,,,0,1138.47900390625
49035,10,341,3,17,,,,,0,1138.47900390625
49035,10,341,3,18,2,27.947439868393293,1.115168915961275,0.37888543819998316,0,1138.47900390625
49035,10,341,3,19,2,35.78622330502626,1.3679225112226603,0.3414213562373095,0,1138.47900390625
49035,10,341,3,20,2,26.093960814917445,1.2873424500530333,0.482842712474619,0,1138.47900390625
49035,10,341,3,21,2,16.767104806247538,1.1146890643500922,0.3414213562373095,0,1138.47900390625
49035,10,341,3,22,2,30.093349440313457,1.4958165802656533,0.4242640687119285,0,1138.47900390625
49035,10,341,3,23,2,20.145736350653863,1.4542962098000682,0.4242640687119285,0,1138.47900390625
49035,10,341,3,24,2,40.06499798797649,-4.641621621753767,0.37888543819998316,0,1138.47900390625
49035,10,341,3,25,2,35.07598280965455,-4.632785294977913,0.482842712474619,0,1138.47900390625
49035,10,341,3,26,2,25.111064944291464,-4.604584998757472,0.4242640687119285,0,1138.47900390625
49035,10,341,3,27,2,15.192320270770553,-4.539438799415236,0.482842712474619,0,1138.47900390625
49035,10,341,3,28,2,10.292089267796259,-4.459938087404949,0.37888543819998316,0,1138.47900390625
49035,10,341,3,29,2,30.907611880615928,-4.45909259238804,0.4242640687119285,0,1138.47900390625
49035,10,341,3,30,2,21.342949297977377,-4.345402359152814,0.4242640687119285,0,1138.47900390625
49035,10,341,3,31,2,37.14828881239563,-4.360933391608651,0.3414213562373095,0,1138.47900390625
49035,10,341,3,32,2,27.93271154511141,-4.240335682086478,0.482842712474619,0,1138.47900390625
49035,10,341,3,33,2,19.505829560304335,-4.009163651424291,0.3414213562373095,0,1138.47900390625
49035,10,341,3,34,2,30.497078057994155,-4.093138758603384,0.4308640753373011,0,1138.47900390625
49035,10,341,3,35,2,18.983543406129176,-3.132218030638198,0.613407053921902,0,1138.47900390625
49035,10,341,3,36,2,23.03018000439556,-3.351166023666793,0.682842712474619,0,1138.47900390625
49035,10,341,3,37,2,22.48354281072007,-3.132316848561726,0.8513997106635237,0,1138.47900390625
49035,10,341,3,38,2,23.03541194787068,-2.913518188599435,0.682842712474619,0,1138.47900390625
49035,10,341,3,39,2,25.107113376186156,-3.2321091252931957,0.848528137423857,0,1138.47900390625
49035,10,341,3,40,2,25.109513105022305,-3.032641401350314,0.848528137423857,0,1138.47900390625
49035,10,341,3,41,2,28.764391744780813,-3.4323976243247927,0.613407053921902,0,1138.47900390625
49035,10,341,3,42,2,27.932500547710536,-3.3123872790036852,0.8513997106635237,0,1138.47900390625
49035,10,341,3,43,2,27.48354222320097,-3.1324143570126948,0.848528137423857,0,1138.47900390625
49035,10,341,3,44,2,27.936814410757208,-2.9524695294540675,0.8513997106635237,0,1138.47900390625
49035,10,341,3,45,2,28.771512887259274,-2.832507647053722,0.613407053921902,0,1138.47900390625
49035,10,341,3,46,2,30.086584018423462,-3.2156403422085686,0.848528137423857,0,1138.47900390625
49035,10,341,3,47,2,30.088586609946887,-3.049267039382012,0.848528137423857,0,1138.47900390625
49035,10,341,3,48,2,32.8642660447611,-3.2852158970499943,0.682842712474619,0,1138.47900390625
49035,10,341,3,49,2,32.48354181654856,-3.132481847665109,0.8513997106635237,0,1138.47900390625
49035,10,341,3,50,2,32.867932627929,-2.979764970244511,0.682842712474619,0,1138.47900390625
49035,10,341,3,51,2,35.98354159913322,-3.1325179313155314,0.613407053921902,0,1138.47900390625
49035,10,341,3,52,2,37.48048371621898,-4.06030647010639,0.4308640753373011,0,1138.47900390625
49035,10,341,3,53,2,48.52196454021108,-4.101500650070831,0.3414213562373095,0,1138.47900390625
49035,10,341,3,54,2,40.67704580490997,-3.9617999962020463,0.482842712474619,0,1138.47900390625
49035,10,341,3,55,2,33.983276298614676,-3.761647220603356,0.3414213562373095,0,1138.47900390625
49035,10,341,3,56,2,47.742401960323605,-3.955352000532185,0.4242640687119285,0,1138.47900390625
49035,10,341,3,57,2,40.982654349301896,-3.788560271868587,0.4242640687119285,0,1138.47900390625
49035,10,341,3,58,2,54.80923128878454,-3.95056659134808,0.382842712474619,0,1138.47900390625
49035,10,341,3,59,2,48.00305039308149,-3.8076119481385624,0.4242640687119285,0,1138.47900390625
49035,10,341,3,60,2,42.47980531516079,-3.6227421927040098,0.482842712474619,0,1138.47900390625
49035,10,341,3,61,2,40.36897776635648,-3.5132334739439917,0.37888543819998316,0,1138.47900390625
49035,10,341,3,62,2,55.03642190919653,-3.8217983213109266,0.4242640687119285,0,1138.47900390625
49035,10,341,3,63,2,49.28740964120888,-3.6645354794649942,0.4242640687119285,0,1138.47900390625
49035,10,341,3,64,2,62.07835875805235,-3.8327680056854976,0.3414213562373095,0,1138.47900390625
49035,10,341,3,65,2,56.160160600435404,-3.696144176049769,0.382842712474619,0,1138.47900390625
49035,10,341,3,66,2,51.518973701345594,-3.5312836781838337,0.3414213562373095,0,1138.47900390625
49035,10,342,6,1,,,,,0,1138.81201171875
49035,10,342,6,2,,,,,0,1138.81201171875
49035,10,342,6,3,,,,,0,1138.81201171875
49035,10,342,6,4,,,,,0,1138.81201171875
49035,10,342,6,5,,,,,0,1138.81201171875
49035,10,342,6,6,2,5.7399677636376545,-0.8402061690645031,0.33690580274781284,1,1138.81201171875
49035,10,342,6,7,,,,,0,1138.81201171875
49035,10,342,6,8,,,,,0,1138.81201171875
49035,10,342,6,9,,,,,0,1138.81201171875
49035,10,342,6,10,,,,,0,1138.81201171875
49035,10,342,6,11,2,12.232299962678331,-0.8025361478880484,0.3645990409319815,0,1138.81201171875
49035,10,342,6,12,,,,,0,1138.81201171875
49035,10,342,6,13,,,,,0,1138.81201171875
49035,10,342,6,14,,,,,0,1138.81201171875
49035,10,342,6,15,,,,,0,1138.81201171875
49035,10,342,6,16,2,12.639429649109351,-1.2973205616563483,0.3559553620030219,0,1138.81201171875
49035,10,342,6,17,,,,,0,1138.81201171875
49035,10,342,6,18,2,29.114332669779103,2.4193367527619447,0.37888543819998316,0,1138.81201171875
49035,10,342,6,19,2,37.69413832429595,2.63615059362384,0.3414213562373095,0,1138.81201171875
49035,10,342,6,20,2,27.810445295041053,2.5891773614843183,0.482842712474619,0,1138.81201171875
49035,10,342,6,21,2,18.055294819132296,2.490989452598133,0.3414213562373095,0,1138.81201171875
49035,10,342,6,22,2,32.371452955678684,-3.5136753523536663,0.4242640687119285,0,1138.81201171875
49035,10,342,6,23,2,22.371494584828984,-3.5126031302793823,0.4242640687119285,0,1138.81201171875
49035,10,342,6,24,2,42.67452007540692,-3.396805991455093,0.37888543819998316,0,1138.81201171875
49035,10,342,6,25,2,37.714732736888976,-3.381030928366768,0.482842712474619,0,1138.81201171875
49035,10,342,6,26,2,27.838352482003664,-3.3326496158038914,0.4242640687119285,0,1138.81201171875
49035,10,342,6,27,2,18.098250534501783,-3.2316963009334367,0.482842712474619,0,1138.81201171875
49035,10,342,6,28,2,13.372848393601538,-3.1266037404305282,0.37888543819998316,0,1138.81201171875
49035,10,342,6,29,2,33.903745631796006,-3.2142702649613013,0.4242640687119285,0,1138.81201171875
49035,10,342,6,30,2,24.536437625760612,-3.0928284881294537,0.4242640687119285,0,1138.81201171875
49035,10,342,6,31,2,40.29831344881289,-3.1325930768891324,0.3414213562373095,0,1138.81201171875
49035,10,342,6,32,2,31.24942991985755,-3.012574681066842,0.482842712474619,0,1138.81201171875
49035,10,342,6,33,2,23.00216671997233,-2.801245119624238,0.3414213562373095,0,1138.81201171875
49035,10,342,6,34,2,33.94559427993554,-2.88319887045341,0.4308640753373011,0,1138.81201171875
49035,10,342,6,35,2,21.707563888466385,-2.0547373744523654,0.613407053921902,0,1138.81201171875
49035,10,342,6,36,2,26.138582186387342,-2.231166977113833,0.682842712474619,0,1138.81201171875
49035,10,342,6,37,2,25.18951925827849,-2.0395580930201547,0.8513997106635237,0,1138.81201171875
49035,10,342,6,38,2,25.21504079338045,-1.8408390959848333,0.682842712474619,0,1138.81201171875
49035,10,342,6,39,2,28.00458765880702,-2.120115775235696,0.848528137423857,0,1138.81201171875
49035,10,342,6,40,2,27.57795009946286,-1.9406131290204627,0.848528137423857,0,1138.81201171875
49035,10,342,6,41,2,31.982049624631156,-2.2921102947580883,0.613407053921902,0,1138.81201171875
49035,10,342,6,42,2,30.96775709373267,-2.185618273778836,0.8513997106635237,0,1138.81201171875
49035,10,342,6,43,2,30.17098575063611,-2.0239562572270406,0.848528137423857,0,1138.81201171875
49035,10,342,6,44,2,30.19229674790814,-1.858104108402784,0.8513997106635237,0,1138.81201171875
49035,10,342,6,45,2,30.69568803818876,-1.744268851127817,0.613407053921902,0,1138.81201171875
49035,10,342,6,46,2,32.93984563779422,-2.0937087215665184,0.848528137423857,0,1138.81201171875
49035,10,342,6,47,2,32.57790405152498,-1.9413290441522317,0.848528137423857,0,1138.81201171875
49035,10,342,6,48,2,35.843806719129795,-2.152407914601986,0.682842712474619,0,1138.81201171875
49035,10,342,6,49,2,35.1577144004981,-2.0127781988654414,0.8513997106635237,0,1138.81201171875
49035,10,342,6,50,2,35.17600437252146,-1.8704798027171656,0.682842712474619,0,1138.81201171875
49035,10,342,6,51,2,38.65046484013258,-2.006670285797061,0.613407053921902,0,1138.81201171875
49035,10,342,6,52,2,40.948668720377704,-2.856960001346562,0.4308640753373011,0,1138.81201171875
49035,10,342,6,53,2,51.96149696819588,-2.8987625775887986,0.3414213562373095,0,1138.81201171875
49035,10,342,6,54,2,44.18789393796839,-2.7673887300973736,0.482842712474619,0,1138.81201171875
49035,10,342,6,55,2,37.48523408184159,-2.5847905513762788,0.3414213562373095,0,1138.81201171875
49035,10,342,6,56,2,51.254854107941725,-2.762324982882354,0.4242640687119285,0,1138.81201171875
49035,10,342,6,57,2,44.49306544983954,-2.60789531082168,0.4242640687119285,0,1138.81201171875
49035,10,342,6,58,2,58.322810019576714,-2.7584884750485954,0.382842712474619,0,1138.81201171875
49035,10,342,6,59,2,51.51818098571564,-2.624705901458375,0.4242640687119285,0,1138.81201171875
49035,10,342,6,60,2,45.89875570834428,-2.4543950346967285,0.482842712474619,0,1138.81201171875
49035,10,342,6,61,2,43.680455324125504,-2.3542775447402384,0.37888543819998316,0,1138.81201171875
49035,10,342,6,62,2,58.554359966019604,-2.6374793280841997,0.4242640687119285,0,1138.81201171875
49035,10,342,6,63,2,52.73694980303197,-2.490977969085646,0.4242640687119285,0,1138.81201171875
49035,10,342,6,64,2,65.59804242493405,-2.6475109818141878,0.3414213562373095,0,1138.81201171875
49035,10,342,6,65,2,59.62948912644448,-2.5191344823142017,0.382842712474619,0,1138.81201171875
49035,10,342,6,66,2,54.84750474705368,-2.365411864931409,0.3414213562373095,0,1138.81201171875
49035,10,343,11,1,,,,,0,1139.1290283203125
49035,10,343,11,2,,,,,0,1139.1290283203125
49035,10,343,11,3,,,,,0,1139.1290283203125
49035,10,343,11,4,,,,,0,1139.1290283203125
49035,10,343,11,5,,,,,0,1139.1290283203125
49035,10,343,11,6,,,,,0,1139.1290283203125
49035,10,343,11,7,,,,,0,1139.1290283203125
49035,10,343,11,8,,,,,0,1139.1290283203125
49035,10,343,11,9,,,,,0,1139.1290283203125
49035,10,343,11,10,,,,,0,1139.1290283203125
49035,10,343,11,11,2,8.758052618507074,-0.3487719341738477,0.34843944249725717,1,1139.1290283203125
49035,10,343,11,12,,,,,0,1139.1290283203125
49035,10,343,11,13,,,,,0,1139.1290283203125
49035,10,343,11,14,,,,,0,1139.1290283203125
49035,10,343,11,15,2,9.85654957609924,-1.4598388096311639,0.5871183110269644,0,1139.1290283203125
49035,10,343,11,16,2,10.511416096021959,-0.9679038670556404,0.5276927682076162,0,1139.1290283203125
49035,10,343,11,17,2,13.338395849184765,-1.4287881213918467,0.5555604578187299,0,1139.1290283203125
49035,10,343,11,18,2,32.79678352257235,3.0544838847023423,0.37888543819998316,0,1139.1290283203125
49035,10,343,11,19,2,41.49488647610395,3.245187170583497,0.3414213562373095,0,1139.1290283203125
49035,10,343,11,20,2,31.599085449739984,3.2054216655111194,0.482842712474619,0,1139.1290283203125
49035,10,343,11,21,2,21.798596258823277,3.129673261171798,0.3414213562373095,0,1139.1290283203125
49035,10,343,11,22,2,36.166795466226446,3.365261602577752,0.4242640687119285,0,1139.1290283203125
49035,10,343,11,23,2,26.167034449686362,3.3630142865532733,0.4242640687119285,0,1139.1290283203125
49035,10,343,11,24,2,46.413723062625984,-2.808714869463354,0.37888543819998316,0,1139.1290283203125
49035,10,343,11,25,2,41.44360007687251,-2.796270591112322,0.482842712474619,0,1139.1290283203125
49035,10,343,11,26,2,31.531707611973086,-2.7596281322383907,0.4242640687119285,0,1139.1290283203125
49035,10,343,11,27,2,21.700810642051515,-2.6896078473722285,0.482842712474619,0,1139.1290283203125
49035,10,343,11,28,2,16.860115103989763,-2.6241387752914243,0.37888543819998316,0,1139.1290283203125
49035,10,343,11,29,2,37.46709860614844,-2.6477527200640942,0.4242640687119285,0,1139.1290283203125
49035,10,343,11,30,2,27.936715547072907,-2.5541101672955744,0.4242640687119285,0,1139.1290283203125
49035,10,343,11,31,2,43.74149484184027,-2.567186660698728,0.3414213562373095,0,1139.1290283203125
49035,10,343,11,32,2,34.49630369465624,-2.4690297510852566,0.482842712474619,0,1139.1290283203125
49035,10,343,11,33,2,25.81998385338706,-2.302237278047693,0.3414213562373095,0,1139.1290283203125
49035,10,343,11,34,2,36.9170443078458,-2.3463582343149354,0.4308640753373011,0,1139.1290283203125
49035,10,343,11,35,2,22.16239183765001,-1.623194253078629,0.613407053921902,0,1139.1290283203125
49035,10,343,11,36,2,27.18629337462861,-1.764499093548665,0.682842712474619,0,1139.1290283203125
49035,10,343,11,37,2,25.542765047053596,-1.5850609637154345,0.8513997106635237,0,1139.1290283203125
49035,10,343,11,38,2,24.814736449267205,-1.388259168581181,0.682842712474619,0,1139.1290283203125
49035,10,343,11,39,2,28.630408533007824,-1.6487617486787238,0.848528137423857,0,1139.1290283203125
49035,10,343,11,40,2,27.532500641324514,-1.4748013725619518,0.848528137423857,0,1139.1290283203125
49035,10,343,11,41,2,33.20212237382644,-1.79876605382629,0.613407053921902,0,1139.1290283203125
49035,10,343,11,42,2,31.811440383686993,-1.6998975296758605,0.8513997106635237,0,1139.1290283203125
49035,10,343,11,43,2,30.418843470495045,-1.5453702476679905,0.848528137423857,0,1139.1290283203125
49035,10,343,11,44,2,29.810138156004687,-1.3803766907941168,0.8513997106635237,0,1139.1290283203125
49035,10,343,11,45,2,29.87860682894053,-1.2630567438133,0.613407053921902,0,1139.1290283203125
49035,10,343,11,46,2,33.43012839640948,-1.603474066989899,0.848528137423857,0,1139.1290283203125
49035,10,343,11,47,2,32.49479625106196,-1.4543108264773783,0.848528137423857,0,1139.1290283203125
49035,10,343,11,48,2,36.53547496774016,-1.651842005252663,0.682842712474619,0,1139.1290283203125
49035,10,343,11,49,2,35.32958009821197,-1.51667804281788,0.8513997106635237,0,1139.1290283203125
49035,10,343,11,50,2,34.806860368519054,-1.3747570913609162,0.682842712474619,0,1139.1290283203125
49035,10,343,11,51,2,38.78067127061395,-1.5009256073224684,0.613407053921902,0,1139.1290283203125
49035,10,343,11,52,2,43.84521699642207,-2.311201483233453,0.4308640753373011,0,1139.1290283203125
49035,10,343,11,53,2,54.94178416926064,-2.3390357810335143,0.3414213562373095,0,1139.1290283203125
49035,10,343,11,54,2,46.853775144558355,-2.2230624749343453,0.482842712474619,0,1139.1290283203125
49035,10,343,11,55,2,39.64786050838115,-2.0620179512068058,0.3414213562373095,0,1139.1290283203125
49035,10,343,11,56,2,53.8962998575294,-2.210431977194744,0.4242640687119285,0,1139.1290283203125
49035,10,343,11,57,2,46.706399303820646,-2.071795436743015,0.4242640687119285,0,1139.1290283203125
49035,10,343,11,58,2,60.945434868976136,-2.200721978946594,0.382842712474619,0,1139.1290283203125
49035,10,343,11,59,2,53.76823066610828,-2.0790051507254717,0.4242640687119285,0,1139.1290283203125
49035,10,343,11,60,2,47.62036567015253,-1.9229817769049353,0.482842712474619,0,1139.1290283203125
49035,10,343,11,61,2,45.0670336871271,-1.8301520855379485,0.37888543819998316,0,1139.1290283203125
49035,10,343,11,62,2,60.83220793296685,-2.0845406818860246,0.4242640687119285,0,1139.1290283203125
49035,10,343,11,63,2,54.564036870405126,-1.9491958358090604,0.4242640687119285,0,1139.1290283203125
49035,10,343,11,64,2,67.89766133701222,-2.088924266587275,0.3414213562373095,0,1139.1290283203125
49035,10,343,11,65,2,61.53672897246667,-1.9694807246923995,0.382842712474619,0,1139.1290283203125
49035,10,343,11,66,2,56.244516268041934,-1.8251318505188958,0.3414213562373095,0,1139.1290283203125
