strategy,forager,level,collection_num,obj_ID,point_value,distance,turning_angle,neighbor_value,used,time
ta,65,2,0,1,5.0,34.48187929913333,-2.217135817179889,0.613407053921902,0,1.4215463238497232
ta,65,2,0,2,5.0,32.89756829919196,-2.3098308985059273,0.613407053921902,0,1.4215463238497232
ta,65,2,0,3,5.0,28.412145290350743,-2.2375515611704637,0.8513997106635237,0,1.4215463238497232
ta,65,2,0,4,5.0,37.51333096380539,-2.364554053313704,0.682842712474619,0,1.4215463238497232
ta,65,2,0,5,5.0,29.618406439239774,-2.352178447526503,0.682842712474619,0,1.4215463238497232
ta,65,2,0,6,5.0,34.311076928595526,-2.406326007932105,0.848528137423857,0,1.4215463238497232
ta,65,2,0,7,5.0,23.119256043393783,-2.356194490192345,0.848528137423857,0,1.4215463238497232
ta,65,2,0,8,5.0,26.405491853021786,-2.4049463178583124,0.613407053921902,0,1.4215463238497232
ta,65,2,0,9,5.0,31.18092365533773,-2.4565878052434313,0.8513997106635237,0,1.4215463238497232
ta,65,2,0,10,5.0,36.01735692690401,-2.4944400664601227,0.848528137423857,0,1.4215463238497232
ta,65,2,0,11,5.0,39.42714800743264,-2.5153913937158467,0.8513997106635237,0,1.4215463238497232
ta,65,2,0,12,5.0,28.146935890075138,-2.517869424237209,0.613407053921902,0,1.4215463238497232
ta,65,2,0,13,5.0,33.04920573932148,-2.550124971507961,0.848528137423857,0,1.4215463238497232
ta,65,2,0,14,5.0,25.243811122728676,-2.5935888831567966,0.848528137423857,0,1.4215463238497232
ta,65,2,0,15,5.0,30.20347662107791,-2.6165431977588773,0.682842712474619,0,1.4215463238497232
ta,65,2,0,16,5.0,35.174564673923115,-2.633016172147706,0.8513997106635237,0,1.4215463238497232
ta,65,2,0,17,5.0,30.0,-2.7326848246388677,0.682842712474619,0,1.4215463238497232
ta,65,2,0,18,5.0,42.42640687119285,-3.518082988036316,0.613407053921902,0,1.4215463238497232
ta,65,2,0,19,5.0,40.02811511925087,-3.456215142171936,0.613407053921902,0,1.4215463238497232
ta,65,2,0,20,5.0,36.43144246389374,-3.547200969543355,0.8513997106635237,0,1.4215463238497232
ta,65,2,0,21,5.0,43.900455578501685,-3.380741710569382,0.682842712474619,0,1.4215463238497232
ta,65,2,0,22,5.0,36.5,-3.450226165180012,0.682842712474619,0,1.4215463238497232
ta,65,2,0,23,5.0,40.40111384603152,-3.3687603273426188,0.848528137423857,0,1.4215463238497232
ta,65,2,0,24,5.0,30.405591591021544,-3.518082988036316,0.848528137423857,0,1.4215463238497232
ta,65,2,0,25,5.0,32.973474187595095,-3.442955832125554,0.613407053921902,0,1.4215463238497232
ta,65,2,0,26,5.0,36.908671067921155,-3.3545091124694575,0.8513997106635237,0,1.4215463238497232
ta,65,2,0,27,5.0,41.07614879708174,-3.283542359170584,0.848528137423857,0,1.4215463238497232
ta,65,2,0,28,5.0,44.09648512069868,-3.2419859686408796,0.8513997106635237,0,1.4215463238497232
ta,65,2,0,29,5.0,33.425289826716536,-3.3372834147323447,0.613407053921902,0,1.4215463238497232
ta,65,2,0,30,5.0,37.646380968162134,-3.2617152957185165,0.848528137423857,0,1.4215463238497232
ta,65,2,0,31,5.0,29.95413160150032,-3.316057831632724,0.848528137423857,0,1.4215463238497232
ta,65,2,0,32,5.0,34.23813663153998,-3.2355280355667286,0.682842712474619,0,1.4215463238497232
ta,65,2,0,33,5.0,38.69431482789171,-3.173215165255381,0.8513997106635237,0,1.4215463238497232
ta,65,2,0,34,5.0,32.69556544854363,-3.141592653589793,0.682842712474619,0,1.4215463238497232
ta,65,2,0,35,5.0,17.0,-1.1618884978439712,0.613407053921902,0,1.4215463238497232
ta,65,2,0,36,5.0,13.5,-1.1618884978439712,0.613407053921902,0,1.4215463238497232
ta,65,2,0,37,5.0,14.396180048887969,-1.5165941498549114,0.8513997106635237,0,1.4215463238497232
ta,65,2,0,38,5.0,14.396180048887969,-0.8071828458330308,0.682842712474619,0,1.4215463238497232
ta,65,2,0,39,5.0,11.280514172678478,-1.3853650989846042,0.682842712474619,0,1.4215463238497232
ta,65,2,0,40,5.0,11.280514172678478,-0.9384118967033381,0.848528137423857,0,1.4215463238497232
ta,65,2,0,41,5.0,12.020815280171307,-1.9472866612414195,0.848528137423857,0,1.4215463238497232
ta,65,2,0,42,5.0,9.86154146165801,-1.6936125651027767,0.613407053921902,0,1.4215463238497232
ta,65,2,0,43,5.0,8.5,-1.1618884978439712,0.8513997106635237,0,1.4215463238497232
ta,65,2,0,44,5.0,9.86154146165801,-0.6301644305851655,0.848528137423857,0,1.4215463238497232
ta,65,2,0,45,5.0,12.020815280171307,-0.3764903344465229,0.8513997106635237,0,1.4215463238497232
ta,65,2,0,46,5.0,6.5,-1.5566796175437327,0.613407053921902,0,1.4215463238497232
ta,65,2,0,47,5.0,6.5,-0.7670973781442096,0.848528137423857,0,1.4215463238497232
ta,65,2,0,48,5.0,6.103277807866851,-2.1219588602496593,0.848528137423857,0,1.4215463238497232
ta,65,2,0,49,5.0,3.5,-1.1618884978439712,0.682842712474619,0,1.4215463238497232
ta,65,2,0,50,5.0,6.103277807866851,-0.20181813543828309,0.8513997106635237,1,1.4215463238497232
ta,65,2,0,51,5.0,0.0,,0.682842712474619,0,1.4215463238497232
ta,65,2,0,52,5.0,30.0,-4.303481151433765,0.613407053921902,0,1.4215463238497232
ta,65,2,0,53,5.0,26.5,-4.303481151433765,0.613407053921902,0,1.4215463238497232
ta,65,2,0,54,5.0,26.9675731203236,-4.116994249766547,0.8513997106635237,0,1.4215463238497232
ta,65,2,0,55,5.0,26.9675731203236,-4.489968053100981,0.682842712474619,0,1.4215463238497232
ta,65,2,0,56,5.0,24.12985702402731,-4.199688810976721,0.682842712474619,0,1.4215463238497232
ta,65,2,0,57,5.0,24.12985702402731,-4.407273491890807,0.848528137423857,0,1.4215463238497232
ta,65,2,0,58,5.0,23.119256043393783,-3.9269908169872414,0.848528137423857,0,1.4215463238497232
ta,65,2,0,59,5.0,22.073740054644116,-4.074984512141902,0.613407053921902,0,1.4215463238497232
ta,65,2,0,60,5.0,21.5,-4.303481151433765,0.8513997106635237,0,1.4215463238497232
ta,65,2,0,61,5.0,22.073740054644116,-4.531977790725627,0.848528137423857,0,1.4215463238497232
ta,65,2,0,62,5.0,23.119256043393783,-4.679971485880287,0.8513997106635237,0,1.4215463238497232
ta,65,2,0,63,5.0,19.1637678967368,-4.172653755359708,0.613407053921902,0,1.4215463238497232
ta,65,2,0,64,5.0,19.1637678967368,-4.434308547507821,0.848528137423857,0,1.4215463238497232
ta,65,2,0,65,5.0,17.240939649566666,-4.009246586322576,0.848528137423857,0,1.4215463238497232
ta,65,2,0,66,5.0,16.5,-4.303481151433765,0.682842712474619,0,1.4215463238497232
ta,65,2,0,67,5.0,17.240939649566666,-4.597715716544952,0.8513997106635237,0,1.4215463238497232
ta,65,2,0,68,5.0,13.0,-4.303481151433765,0.682842712474619,0,1.4215463238497232
ta,65,2,1,1,4.0,37.51333096380539,-2.162735917875421,0.44956066981809384,0,1.9522661332294493
ta,65,2,1,2,4.0,36.40054944640259,-2.252567030195473,0.44956066981809384,0,1.9522661332294493
ta,65,2,1,3,4.0,31.622776601683793,-2.2091161348039425,0.5685569981889047,0,1.9522661332294493
ta,65,2,1,4,4.0,41.23105625617661,-2.2858880260737204,0.482842712474619,0,1.9522661332294493
ta,65,2,1,5,4.0,33.354160160315836,-2.304067841146699,0.482842712474619,0,1.9522661332294493
ta,65,2,1,6,4.0,38.242646351945886,-2.3334711293507038,0.565685424949238,0,1.9522661332294493
ta,65,2,1,7,4.0,26.9675731203236,-2.344379787533368,0.565685424949238,0,1.9522661332294493
ta,65,2,1,8,4.0,30.4138126514911,-2.3657180117859578,0.44956066981809384,0,1.9522661332294493
ta,65,2,1,9,4.0,35.35533905932738,-2.3889696345964206,0.5685569981889047,0,1.9522661332294493
ta,65,2,1,10,4.0,40.311288741492746,-2.4065116946538234,0.565685424949238,0,1.9522661332294493
ta,65,2,1,11,4.0,43.78641341786285,-2.416426383930521,0.5685569981889047,0,1.9522661332294493
ta,65,2,1,12,4.0,32.59601202601324,-2.4540947979308068,0.44956066981809384,0,1.9522661332294493
ta,65,2,1,13,4.0,37.58324094593227,-2.464298525424761,0.565685424949238,0,1.9522661332294493
ta,65,2,1,14,4.0,30.0,-2.5308666892005847,0.565685424949238,0,1.9522661332294493
ta,65,2,1,15,4.0,35.0,-2.5308666892005847,0.482842712474619,0,1.9522661332294493
ta,65,2,1,16,4.0,40.0,-2.5308666892005847,0.5685569981889047,0,1.9522661332294493
ta,65,2,1,17,4.0,35.174564673923115,-2.6305353416917465,0.482842712474619,0,1.9522661332294493
ta,65,2,1,18,4.0,48.44842618702903,-3.2943705414752547,0.44956066981809384,0,1.9522661332294493
ta,65,2,1,19,4.0,46.09772228646444,-3.239492961328255,0.44956066981809384,0,1.9522661332294493
ta,65,2,1,20,4.0,42.42640687119285,-3.316264852598033,0.5685569981889047,0,1.9522661332294493
ta,65,2,1,21,4.0,50.0,-3.174367797993869,0.482842712474619,0,1.9522661332294493
ta,65,2,1,22,4.0,42.573465914816005,-3.2331236207095917,0.482842712474619,0,1.9522661332294493
ta,65,2,1,23,4.0,46.502688094345686,-3.163615524202768,0.565685424949238,0,1.9522661332294493
ta,65,2,1,24,4.0,36.43144246389374,-3.287146871090994,0.565685424949238,0,1.9522661332294493
ta,65,2,1,25,4.0,39.05124837953327,-3.225604965397288,0.44956066981809384,0,1.9522661332294493
ta,65,2,1,26,4.0,43.01162633521314,-3.151116175183406,0.5685569981889047,0,1.9522661332294493
ta,65,2,1,27,4.0,47.16990566028302,-3.089466004544147,0.565685424949238,0,1.9522661332294493
ta,65,2,1,28,4.0,50.172203459684724,-3.052484986296971,0.5685569981889047,0,1.9522661332294493
ta,65,2,1,29,4.0,39.528470752104745,-3.136411352805555,0.44956066981809384,0,1.9522661332294493
ta,65,2,1,30,4.0,43.73213921133976,-3.0712861894711687,0.565685424949238,0,1.9522661332294493
ta,65,2,1,31,4.0,36.05551275463989,-3.118869292748152,0.565685424949238,0,1.9522661332294493
ta,65,2,1,32,4.0,40.311288741492746,-3.0500128034471077,0.482842712474619,0,1.9522661332294493
ta,65,2,1,33,4.0,44.721359549995796,-2.994514298201391,0.5685569981889047,0,1.9522661332294493
ta,65,2,1,34,4.0,38.69431482789171,-2.9713970298170977,0.482842712474619,0,1.9522661332294493
ta,65,2,1,35,4.0,14.396180048887969,-1.3147760144166283,0.44956066981809384,0,1.9522661332294493
ta,65,2,1,36,4.0,11.180339887498949,-1.4237179714064943,0.44956066981809384,0,1.9522661332294493
ta,65,2,1,37,4.0,14.142135623730951,-1.7454685258031364,0.5685569981889047,0,1.9522661332294493
ta,65,2,1,38,4.0,10.0,-0.9600703624056881,0.482842712474619,0,1.9522661332294493
ta,65,2,1,39,4.0,10.606601717798213,-1.7454685258031364,0.482842712474619,0,1.9522661332294493
ta,65,2,1,40,4.0,7.905694150420948,-1.2818209168023302,0.565685424949238,0,1.9522661332294493
ta,65,2,1,41,4.0,14.396180048887969,-2.1761610371896443,0.565685424949238,0,1.9522661332294493
ta,65,2,1,42,4.0,11.180339887498949,-2.0672190801997785,0.44956066981809384,0,1.9522661332294493
ta,65,2,1,43,4.0,7.0710678118654755,-1.7454685258031364,0.5685569981889047,0,1.9522661332294493
ta,65,2,1,44,4.0,5.0,-0.9600703624056881,0.565685424949238,0,1.9522661332294493
ta,65,2,1,45,4.0,6.103277807866851,-0.3493443980164792,0.5685569981889047,1,1.9522661332294493
ta,65,2,1,46,4.0,7.905694150420948,-2.2091161348039425,0.44956066981809384,0,1.9522661332294493
ta,65,2,1,47,4.0,3.5355339059327378,-1.7454685258031364,0.565685424949238,0,1.9522661332294493
ta,65,2,1,48,4.0,10.0,-2.5308666892005847,0.565685424949238,0,1.9522661332294493
ta,65,2,1,49,4.0,5.0,-2.5308666892005847,0.482842712474619,0,1.9522661332294493
ta,65,2,1,50,4.0,0.0,,0.565685424949238,0,1.9522661332294493
ta,65,2,1,52,4.0,33.8710791088799,-3.95350299526365,0.3276927682076162,0,1.9522661332294493
ta,65,2,1,53,4.0,30.4138126514911,-3.9365143385808548,0.44956066981809384,0,1.9522661332294493
ta,65,2,1,54,4.0,31.622776601683793,-3.779912461598839,0.5685569981889047,0,1.9522661332294493
ta,65,2,1,55,4.0,30.0,-4.101663015995481,0.482842712474619,0,1.9522661332294493
ta,65,2,1,56,4.0,28.50438562747845,-3.835410966844556,0.482842712474619,0,1.9522661332294493
ta,65,2,1,57,4.0,27.613402542968153,-4.011003128794736,0.565685424949238,0,1.9522661332294493
ta,65,2,1,58,4.0,28.412145290350743,-3.606529752527077,0.565685424949238,0,1.9522661332294493
ta,65,2,1,59,4.0,26.92582403567252,-3.7211566388831163,0.44956066981809384,0,1.9522661332294493
ta,65,2,1,60,4.0,25.495097567963924,-3.9042674561456003,0.5685569981889047,0,1.9522661332294493
ta,65,2,1,61,4.0,25.0,-4.101663015995481,0.565685424949238,0,1.9522661332294493
ta,65,2,1,62,4.0,25.243811122728676,-4.240758957477553,0.5685569981889047,0,1.9522661332294493
ta,65,2,1,63,4.0,23.717082451262844,-3.779912461598839,0.44956066981809384,0,1.9522661332294493
ta,65,2,1,64,4.0,22.638462845343543,-3.991005794821586,0.565685424949238,0,1.9522661332294493
ta,65,2,1,65,4.0,22.360679774997898,-3.638015406994675,0.565685424949238,0,1.9522661332294493
ta,65,2,1,66,4.0,20.615528128088304,-3.8566843528686174,0.482842712474619,0,1.9522661332294493
ta,65,2,1,67,4.0,20.0,-4.101663015995481,0.5685569981889047,0,1.9522661332294493
ta,65,2,1,68,4.0,17.240939649566666,-3.8074284508842933,0.482842712474619,0,1.9522661332294493
ta,65,2,2,1,1.0,39.42714800743264,-1.9642288602610845,0.44956066981809384,0,2.482985942609176
ta,65,2,2,2,1.0,38.82331773560833,-2.0523750010560855,0.44956066981809384,0,2.482985942609176
ta,65,2,2,3,1.0,33.8710791088799,-2.0333622704522742,0.5685569981889047,0,2.482985942609176
ta,65,2,2,4,1.0,43.78641341786285,-2.067081985914042,0.482842712474619,0,2.482985942609176
ta,65,2,2,5,1.0,36.08670115153226,-2.112189157495897,0.482842712474619,0,2.482985942609176
ta,65,2,2,6,1.0,41.07614879708174,-2.1206220829061175,0.565685424949238,0,2.482985942609176
ta,65,2,2,7,1.0,30.0,-2.1815222911841055,0.565685424949238,0,2.482985942609176
ta,65,2,2,8,1.0,33.5,-2.1815222911841055,0.44956066981809384,0,2.482985942609176
ta,65,2,2,9,1.0,38.5,-2.1815222911841055,0.5685569981889047,0,2.482985942609176
ta,65,2,2,10,1.0,43.5,-2.1815222911841055,0.565685424949238,0,2.482985942609176
ta,65,2,2,11,1.0,47.0,-2.1815222911841055,0.5685569981889047,0,2.482985942609176
ta,65,2,2,12,1.0,36.08670115153226,-2.250855424872314,0.44956066981809384,0,2.482985942609176
ta,65,2,2,13,1.0,41.07614879708174,-2.2424224994620934,0.565685424949238,0,2.482985942609176
ta,65,2,2,14,1.0,33.8710791088799,-2.3296823119159367,0.565685424949238,0,2.482985942609176
ta,65,2,2,15,1.0,38.82331773560833,-2.3106695813121254,0.482842712474619,0,2.482985942609176
ta,65,2,2,16,1.0,43.78641341786285,-2.295962596454169,0.5685569981889047,0,2.482985942609176
ta,65,2,2,17,1.0,39.42714800743264,-2.3988157221071265,0.482842712474619,0,2.482985942609176
ta,65,2,2,18,1.0,54.44722215136416,-2.9669204545815537,0.44956066981809384,0,2.482985942609176
ta,65,2,2,19,1.0,52.03124061561477,-2.9193373513045704,0.44956066981809384,0,2.482985942609176
ta,65,2,2,20,1.0,48.44842618702903,-2.988814765704332,0.5685569981889047,0,2.482985942609176
ta,65,2,2,21,1.0,55.832338299591214,-2.85906042890947,0.482842712474619,0,2.482985942609176
ta,65,2,2,22,1.0,48.5,-2.9158699588205437,0.482842712474619,0,2.482985942609176
ta,65,2,2,23,1.0,52.31873469418006,-2.8517856513908932,0.565685424949238,0,2.482985942609176
ta,65,2,2,24,1.0,42.42640687119285,-2.9669204545815537,0.565685424949238,0,2.482985942609176
ta,65,2,2,25,1.0,44.9694340635948,-2.9118580592078835,0.44956066981809384,0,2.482985942609176
ta,65,2,2,26,1.0,48.8082984747471,-2.8434639323896134,0.5685569981889047,0,2.482985942609176
ta,65,2,2,27,1.0,52.84174486142561,-2.785271624581542,0.565685424949238,0,2.482985942609176
ta,65,2,2,28,1.0,55.758407437802596,-2.7496270236585327,0.5685569981889047,0,2.482985942609176
ta,65,2,2,29,1.0,45.30176596999283,-2.833853192572997,0.44956066981809384,0,2.482985942609176
ta,65,2,2,30,1.0,49.36851223198852,-2.772333876107721,0.565685424949238,0,2.482985942609176
ta,65,2,2,31,1.0,41.80011961705373,-2.822631060043811,0.565685424949238,0,2.482985942609176
ta,65,2,2,32,1.0,45.90479277809671,-2.7574408908024584,0.482842712474619,0,2.482985942609176
ta,65,2,2,33,1.0,50.172203459684724,-2.703140588280492,0.5685569981889047,0,2.482985942609176
ta,65,2,2,34,1.0,44.09648512069868,-2.6908234351861173,0.482842712474619,0,2.482985942609176
ta,65,2,2,35,1.0,12.020815280171307,-1.3961241277866572,0.44956066981809384,0,2.482985942609176
ta,65,2,2,36,1.0,9.86154146165801,-1.6497982239252997,0.44956066981809384,0,2.482985942609176
ta,65,2,2,37,1.0,14.396180048887969,-1.826816639173165,0.5685569981889047,0,2.482985942609176
ta,65,2,2,38,1.0,6.103277807866851,-1.2214519287784174,0.482842712474619,1,2.482985942609176
ta,65,2,2,39,1.0,11.280514172678478,-1.9580456900434724,0.482842712474619,0,2.482985942609176
ta,65,2,2,40,1.0,6.5,-1.786731171484344,0.565685424949238,0,2.482985942609176
ta,65,2,2,41,1.0,17.0,-2.1815222911841055,0.565685424949238,0,2.482985942609176
ta,65,2,2,42,1.0,13.5,-2.1815222911841055,0.44956066981809384,0,2.482985942609176
ta,65,2,2,43,1.0,8.5,-2.1815222911841055,0.5685569981889047,0,2.482985942609176
ta,65,2,2,44,1.0,3.5,-2.1815222911841055,0.565685424949238,0,2.482985942609176
ta,65,2,2,45,1.0,0.0,,0.5685569981889047,0,2.482985942609176
ta,65,2,2,46,1.0,11.280514172678478,-2.4049988923247385,0.44956066981809384,0,2.482985942609176
ta,65,2,2,47,1.0,6.5,-2.576313410883867,0.565685424949238,0,2.482985942609176
ta,65,2,2,48,1.0,14.396180048887969,-2.536227943195046,0.565685424949238,0,2.482985942609176
ta,65,2,2,49,1.0,9.86154146165801,-2.713246358442911,0.482842712474619,0,2.482985942609176
ta,65,2,2,52,1.0,39.42714800743264,-3.535025187055981,0.317692537949962,0,2.482985942609176
ta,65,2,2,53,1.0,36.01735692690401,-3.514073859800257,0.44956066981809384,0,2.482985942609176
ta,65,2,2,54,1.0,37.51333096380539,-3.3841878466538384,0.5685569981889047,0,2.482985942609176
ta,65,2,2,55,1.0,35.174564673923115,-3.65264996548784,0.482842712474619,0,2.482985942609176
ta,65,2,2,56,1.0,34.311076928595526,-3.4259598012722394,0.482842712474619,0,2.482985942609176
ta,65,2,2,57,1.0,33.04920573932148,-3.5697587648480953,0.565685424949238,0,2.482985942609176
ta,65,2,2,58,1.0,34.48187929913333,-3.2367696105200228,0.565685424949238,0,2.482985942609176
ta,65,2,2,59,1.0,32.89756829919196,-3.329464691846061,0.44956066981809384,0,2.482985942609176
ta,65,2,2,60,1.0,31.18092365533773,-3.4762215985835656,0.5685569981889047,0,2.482985942609176
ta,65,2,2,61,1.0,30.20347662107791,-3.6361769910990116,0.565685424949238,0,2.482985942609176
ta,65,2,2,62,1.0,30.0,-3.752318617979002,0.5685569981889047,0,2.482985942609176
ta,65,2,2,63,1.0,29.618406439239774,-3.371812240866637,0.44956066981809384,0,2.482985942609176
ta,65,2,2,64,1.0,28.146935890075138,-3.5375032175773438,0.565685424949238,0,2.482985942609176
ta,65,2,2,65,1.0,28.412145290350743,-3.257185354510598,0.565685424949238,0,2.482985942609176
ta,65,2,2,66,1.0,26.405491853021786,-3.4245801111984466,0.482842712474619,0,2.482985942609176
ta,65,2,2,67,1.0,25.243811122728676,-3.613222676496931,0.5685569981889047,0,2.482985942609176
ta,65,2,2,68,1.0,23.119256043393783,-3.375828283532479,0.482842712474619,0,2.482985942609176
ta,65,2,3,1,1.0,35.174564673923115,-0.860401709914526,0.44956066981809384,0,3.013705751988902
ta,65,2,3,2,1.0,35.0,-0.960070362405688,0.44956066981809384,0,3.013705751988902
ta,65,2,3,3,1.0,30.0,-0.960070362405688,0.5685569981889047,0,3.013705751988902
ta,65,2,3,4,1.0,40.0,-0.960070362405688,0.482842712474619,0,3.013705751988902
ta,65,2,3,5,1.0,32.59601202601324,-1.036842253675466,0.482842712474619,0,3.013705751988902
ta,65,2,3,6,1.0,37.58324094593227,-1.0266385261815119,0.565685424949238,0,3.013705751988902
ta,65,2,3,7,1.0,26.9675731203236,-1.1465572640729047,0.565685424949238,0,3.013705751988902
ta,65,2,3,8,1.0,30.4138126514911,-1.1252190398203148,0.44956066981809384,1,3.013705751988902
ta,65,2,3,9,1.0,35.35533905932738,-1.101967417009852,0.5685569981889047,0,3.013705751988902
ta,65,2,3,10,1.0,40.311288741492746,-1.0844253569524493,0.565685424949238,0,3.013705751988902
ta,65,2,3,11,1.0,43.78641341786285,-1.0745106676757514,0.5685569981889047,0,3.013705751988902
ta,65,2,3,12,1.0,33.354160160315836,-1.186869210459574,0.44956066981809384,0,3.013705751988902
ta,65,2,3,13,1.0,38.242646351945886,-1.1574659222555688,0.565685424949238,0,3.013705751988902
ta,65,2,3,14,1.0,31.622776601683793,-1.2818209168023302,0.565685424949238,0,3.013705751988902
ta,65,2,3,15,1.0,36.40054944640259,-1.2383700214107993,0.482842712474619,0,3.013705751988902
ta,65,2,3,16,1.0,41.23105625617661,-1.205049025532552,0.5685569981889047,0,3.013705751988902
ta,65,2,3,17,1.0,37.51333096380539,-1.3282011337308517,0.482842712474619,0,3.013705751988902
ta,65,2,3,18,1.0,55.832338299591214,-1.85332855147522,0.44956066981809384,0,3.013705751988902
ta,65,2,3,19,1.0,53.150729063673246,-1.8120366895789601,0.44956066981809384,0,3.013705751988902
ta,65,2,3,20,1.0,50.0,-1.8873655804073002,0.5685569981889047,0,3.013705751988902
ta,65,2,3,21,1.0,56.568542494923804,-1.7454685258031364,0.482842712474619,0,3.013705751988902
ta,65,2,3,22,1.0,49.62358310319802,-1.8167759905884266,0.482842712474619,0,3.013705751988902
ta,65,2,3,23,1.0,53.033008588991066,-1.7454685258031364,0.565685424949238,0,3.013705751988902
ta,65,2,3,24,1.0,43.900455578501685,-1.8828098032700702,0.565685424949238,0,3.013705751988902
ta,65,2,3,25,1.0,46.09772228646444,-1.8222404170729143,0.44956066981809384,0,3.013705751988902
ta,65,2,3,26,1.0,49.49747468305833,-1.7454685258031364,0.5685569981889047,0,3.013705751988902
ta,65,2,3,27,1.0,53.150729063673246,-1.6789003620273126,0.565685424949238,0,3.013705751988902
ta,65,2,3,28,1.0,55.832338299591214,-1.6376085001310525,0.5685569981889047,0,3.013705751988902
ta,65,2,3,29,1.0,45.96194077712559,-1.7454685258031364,0.44956066981809384,0,3.013705751988902
ta,65,2,3,30,1.0,49.62358310319802,-1.6741610610178461,0.565685424949238,0,3.013705751988902
ta,65,2,3,31,1.0,42.42640687119285,-1.7454685258031364,0.565685424949238,0,3.013705751988902
ta,65,2,3,32,1.0,46.09772228646444,-1.6686966345333583,0.482842712474619,0,3.013705751988902
ta,65,2,3,33,1.0,50.0,-1.6035714711989724,0.5685569981889047,0,3.013705751988902
ta,65,2,3,34,1.0,43.900455578501685,-1.6081272483362024,0.482842712474619,0,3.013705751988902
ta,65,2,3,35,1.0,6.103277807866851,-0.34934439801647943,0.44956066981809384,0,3.013705751988902
ta,65,2,3,36,1.0,5.0,-0.960070362405688,0.44956066981809384,0,3.013705751988902
ta,65,2,3,37,1.0,10.0,-0.960070362405688,0.5685569981889047,0,3.013705751988902
ta,65,2,3,38,1.0,0.0,,0.482842712474619,0,3.013705751988902
ta,65,2,3,39,1.0,7.905694150420948,-1.2818209168023302,0.482842712474619,0,3.013705751988902
ta,65,2,3,40,1.0,3.5355339059327378,-1.7454685258031364,0.565685424949238,0,3.013705751988902
ta,65,2,3,41,1.0,14.396180048887969,-1.3147760144166283,0.565685424949238,0,3.013705751988902
ta,65,2,3,42,1.0,11.180339887498949,-1.423717971406494,0.44956066981809384,0,3.013705751988902
ta,65,2,3,43,1.0,7.0710678118654755,-1.7454685258031364,0.5685569981889047,0,3.013705751988902
ta,65,2,3,44,1.0,5.0,-2.5308666892005847,0.565685424949238,0,3.013705751988902
ta,65,2,3,46,1.0,10.606601717798213,-1.7454685258031364,0.317692537949962,0,3.013705751988902
ta,65,2,3,47,1.0,7.905694150420948,-2.2091161348039425,0.565685424949238,0,3.013705751988902
ta,65,2,3,48,1.0,14.142135623730951,-1.7454685258031364,0.565685424949238,0,3.013705751988902
ta,65,2,3,49,1.0,11.180339887498949,-2.0672190801997785,0.482842712474619,0,3.013705751988902
ta,65,2,3,52,1.0,43.78641341786285,-2.416426383930521,0.317692537949962,0,3.013705751988902
ta,65,2,3,53,1.0,40.311288741492746,-2.406511694653823,0.44956066981809384,0,3.013705751988902
ta,65,2,3,54,1.0,41.23105625617661,-2.2858880260737204,0.5685569981889047,0,3.013705751988902
ta,65,2,3,55,1.0,40.0,-2.5308666892005847,0.482842712474619,0,3.013705751988902
ta,65,2,3,56,1.0,38.242646351945886,-2.3334711293507038,0.482842712474619,0,3.013705751988902
ta,65,2,3,57,1.0,37.58324094593227,-2.464298525424761,0.565685424949238,0,3.013705751988902
ta,65,2,3,58,1.0,37.51333096380539,-2.162735917875421,0.565685424949238,0,3.013705751988902
ta,65,2,3,59,1.0,36.40054944640259,-2.252567030195473,0.44956066981809384,0,3.013705751988902
ta,65,2,3,60,1.0,35.35533905932738,-2.3889696345964206,0.5685569981889047,0,3.013705751988902
ta,65,2,3,61,1.0,35.0,-2.5308666892005847,0.565685424949238,0,3.013705751988902
ta,65,2,3,62,1.0,35.174564673923115,-2.6305353416917465,0.5685569981889047,0,3.013705751988902
ta,65,2,3,63,1.0,33.354160160315836,-2.304067841146699,0.44956066981809384,0,3.013705751988902
ta,65,2,3,64,1.0,32.59601202601324,-2.4540947979308068,0.565685424949238,0,3.013705751988902
ta,65,2,3,65,1.0,31.622776601683793,-2.2091161348039425,0.565685424949238,0,3.013705751988902
ta,65,2,3,66,1.0,30.4138126514911,-2.3657180117859578,0.482842712474619,0,3.013705751988902
ta,65,2,3,67,1.0,30.0,-2.5308666892005847,0.5685569981889047,0,3.013705751988902
ta,65,2,3,68,1.0,26.9675731203236,-2.344379787533368,0.482842712474619,0,3.013705751988902
ta,65,2,4,1,5.0,9.86154146165801,1.204220936950718,0.44956066981809384,0,5.658385112988128
ta,65,2,4,2,5.0,7.0710678118654755,0.9505468408120751,0.44956066981809384,0,5.658385112988128
ta,65,2,4,3,5.0,5.0,1.7359450042095235,0.5685569981889047,0,5.658385112988128
ta,65,2,4,4,5.0,11.180339887498949,0.628796286415433,0.482842712474619,0,5.658385112988128
ta,65,2,4,5,5.0,3.5355339059327378,0.9505468408120751,0.482842712474619,0,5.658385112988128
ta,65,2,4,6,5.0,7.905694150420948,0.48689923181126904,0.565685424949238,0,5.658385112988128
ta,65,2,4,7,5.0,3.5,3.30674133100442,0.565685424949238,0,5.658385112988128
ta,65,2,4,8,5.0,0.0,,0.44956066981809384,0,5.658385112988128
ta,65,2,4,9,5.0,5.0,0.16514867741462683,0.5685569981889047,0,5.658385112988128
ta,65,2,4,10,5.0,10.0,0.16514867741462683,0.565685424949238,0,5.658385112988128
ta,65,2,4,11,5.0,13.5,0.16514867741462683,0.5685569981889047,0,5.658385112988128
ta,65,2,4,12,5.0,3.5355339059327378,-0.6202494859828215,0.44956066981809384,0,5.658385112988128
ta,65,2,4,13,5.0,7.905694150420948,-0.15660187698201536,0.565685424949238,0,5.658385112988128
ta,65,2,4,14,5.0,5.0,-1.4056476493802696,0.565685424949238,0,5.658385112988128
ta,65,2,4,15,5.0,7.0710678118654755,-0.6202494859828215,0.482842712474619,1,5.658385112988128
ta,65,2,4,16,5.0,11.180339887498949,-0.29849893158617924,0.5685569981889047,0,5.658385112988128
ta,65,2,4,17,5.0,9.86154146165801,-0.8739235821214643,0.482842712474619,0,5.658385112988128
ta,65,2,4,18,5.0,38.82331773560833,-1.2765003592522497,0.44956066981809384,0,5.658385112988128
ta,65,2,4,19,5.0,35.35533905932738,-1.2637505947761059,0.44956066981809384,0,5.658385112988128
ta,65,2,4,20,5.0,35.0,-1.4056476493802696,0.5685569981889047,0,5.658385112988128
ta,65,2,4,21,5.0,36.40054944640259,-1.1273479903751584,0.482842712474619,0,5.658385112988128
ta,65,2,4,22,5.0,32.59601202601324,-1.3288757581104917,0.482842712474619,0,5.658385112988128
ta,65,2,4,23,5.0,33.354160160315836,-1.1788488013263838,0.565685424949238,0,5.658385112988128
ta,65,2,4,24,5.0,30.20347662107791,-1.5217892762602598,0.565685424949238,0,5.658385112988128
ta,65,2,4,25,5.0,30.0,-1.4056476493802696,0.44956066981809384,0,5.658385112988128
ta,65,2,4,26,5.0,30.4138126514911,-1.240498971965643,0.5685569981889047,0,5.658385112988128
ta,65,2,4,27,5.0,31.622776601683793,-1.0838970949836275,0.565685424949238,0,5.658385112988128
ta,65,2,4,28,5.0,32.89756829919196,-0.982793723247329,0.5685569981889047,0,5.658385112988128
ta,65,2,4,29,5.0,27.613402542968153,-1.3149877621795245,0.44956066981809384,0,5.658385112988128
ta,65,2,4,30,5.0,28.50438562747845,-1.1393956002293444,0.565685424949238,0,5.658385112988128
ta,65,2,4,31,5.0,25.0,-1.4056476493802696,0.565685424949238,0,5.658385112988128
ta,65,2,4,32,5.0,25.495097567963924,-1.208252089530389,0.482842712474619,0,5.658385112988128
ta,65,2,4,33,5.0,26.92582403567252,-1.0251412722679047,0.5685569981889047,0,5.658385112988128
ta,65,2,4,34,5.0,22.073740054644116,-1.1771510100884075,0.482842712474619,0,5.658385112988128
ta,65,2,4,35,5.0,26.405491853021786,2.9790028242238646,0.44956066981809384,0,5.658385112988128
ta,65,2,4,36,5.0,25.495097567963924,3.1093457711545396,0.44956066981809384,0,5.658385112988128
ta,65,2,4,37,5.0,20.615528128088304,3.061762667877556,0.5685569981889047,0,5.658385112988128
ta,65,2,4,39,5.0,22.638462845343543,3.1960841098305246,0.4,0,5.658385112988128
ta,65,2,4,40,5.0,27.613402542968153,3.216081443803675,0.565685424949238,0,5.658385112988128
ta,65,2,4,41,5.0,16.5,3.30674133100442,0.565685424949238,0,5.658385112988128
ta,65,2,4,42,5.0,20.0,3.30674133100442,0.44956066981809384,0,5.658385112988128
ta,65,2,4,43,5.0,25.0,3.30674133100442,0.5685569981889047,0,5.658385112988128
ta,65,2,4,44,5.0,30.0,3.30674133100442,0.565685424949238,0,5.658385112988128
ta,65,2,4,46,5.0,22.638462845343543,-2.865786755001271,0.3076923076923077,0,5.658385112988128
ta,65,2,4,47,5.0,27.613402542968153,-2.8857840889744213,0.565685424949238,0,5.658385112988128
ta,65,2,4,48,5.0,20.615528128088304,-2.731465313048302,0.565685424949238,0,5.658385112988128
ta,65,2,4,49,5.0,25.495097567963924,-2.7790484163252858,0.482842712474619,0,5.658385112988128
ta,65,2,4,52,5.0,45.90479277809671,-1.9815662489986225,0.317692537949962,0,5.658385112988128
ta,65,2,4,53,5.0,43.01162633521314,-2.025897135363091,0.44956066981809384,0,5.658385112988128
ta,65,2,4,54,5.0,40.311288741492746,-1.9247937636267927,0.5685569981889047,0,5.658385112988128
ta,65,2,4,55,5.0,46.09772228646444,-2.11427392150794,0.482842712474619,0,5.658385112988128
ta,65,2,4,56,5.0,39.528470752104745,-2.01119231298524,0.482842712474619,0,5.658385112988128
ta,65,2,4,57,5.0,42.573465914816005,-2.1079045808892767,0.565685424949238,0,5.658385112988128
ta,65,2,4,58,5.0,34.23813663153998,-1.9084908603081305,0.565685424949238,0,5.658385112988128
ta,65,2,4,59,5.0,36.05551275463989,-1.993650252927837,0.44956066981809384,0,5.658385112988128
ta,65,2,4,60,5.0,39.05124837953327,-2.100385925576973,0.5685569981889047,0,5.658385112988128
ta,65,2,4,61,5.0,42.42640687119285,-2.191045812777718,0.565685424949238,0,5.658385112988128
ta,65,2,4,62,5.0,44.9694340635948,-2.246108208151388,0.5685569981889047,0,5.658385112988128
ta,65,2,4,63,5.0,35.531676008879735,-2.091377160286556,0.44956066981809384,0,5.658385112988128
ta,65,2,4,64,5.0,38.890872965260115,-2.191045812777718,0.565685424949238,0,5.658385112988128
ta,65,2,4,65,5.0,32.01562118716424,-2.0803885916038225,0.565685424949238,0,5.658385112988128
ta,65,2,4,66,5.0,35.35533905932738,-2.191045812777718,0.482842712474619,0,5.658385112988128
ta,65,2,4,67,5.0,39.05124837953327,-2.2817056999784633,0.5685569981889047,0,5.658385112988128
ta,65,2,4,68,5.0,32.973474187595095,-2.26617296868848,0.482842712474619,0,5.658385112988128
ta,65,2,5,1,5.0,13.5,2.356194490192345,0.44956066981809384,0,6.273260574889473
ta,65,2,5,2,5.0,10.0,2.356194490192345,0.44956066981809384,0,6.273260574889473
ta,65,2,5,3,5.0,11.180339887498949,2.819842099193151,0.5685569981889047,0,6.273260574889473
ta,65,2,5,4,5.0,11.180339887498949,1.8925468811915387,0.482842712474619,0,6.273260574889473
ta,65,2,5,5,5.0,7.905694150420948,2.677945044588987,0.482842712474619,0,6.273260574889473
ta,65,2,5,6,5.0,7.905694150420948,2.0344439357957027,0.565685424949238,0,6.273260574889473
ta,65,2,5,7,5.0,9.86154146165801,3.395266749728436,0.565685424949238,0,6.273260574889473
ta,65,2,5,9,5.0,5.0,2.356194490192345,0.565685424949238,0,6.273260574889473
ta,65,2,5,10,5.0,7.0710678118654755,1.5707963267948966,0.565685424949238,0,6.273260574889473
ta,65,2,5,11,5.0,9.86154146165801,1.317122230656254,0.5685569981889047,0,6.273260574889473
ta,65,2,5,12,5.0,3.5355339059327378,3.141592653589793,0.44956066981809384,0,6.273260574889473
ta,65,2,5,13,5.0,3.5355339059327378,1.5707963267948966,0.565685424949238,0,6.273260574889473
ta,65,2,5,14,5.0,5.0,3.9269908169872414,0.565685424949238,0,6.273260574889473
ta,65,2,5,15,5.0,0.0,,0.482842712474619,0,6.273260574889473
ta,65,2,5,16,5.0,5.0,0.7853981633974483,0.5685569981889047,0,6.273260574889473
ta,65,2,5,17,5.0,3.5,-0.7853981633974483,0.482842712474619,1,6.273260574889473
ta,65,2,5,18,5.0,33.5,-0.7853981633974483,0.44956066981809384,0,6.273260574889473
ta,65,2,5,19,5.0,30.0,-0.7853981633974483,0.44956066981809384,0,6.273260574889473
ta,65,2,5,20,5.0,30.4138126514911,-0.9505468408120752,0.5685569981889047,0,6.273260574889473
ta,65,2,5,21,5.0,30.4138126514911,-0.6202494859828216,0.482842712474619,0,6.273260574889473
ta,65,2,5,22,5.0,27.613402542968153,-0.8760580505981934,0.482842712474619,0,6.273260574889473
ta,65,2,5,23,5.0,27.613402542968153,-0.6947382761967031,0.565685424949238,0,6.273260574889473
ta,65,2,5,24,5.0,26.405491853021786,-1.1131366701780039,0.565685424949238,0,6.273260574889473
ta,65,2,5,25,5.0,25.495097567963924,-0.9827937232473292,0.44956066981809384,0,6.273260574889473
ta,65,2,5,26,5.0,25.0,-0.7853981633974483,0.5685569981889047,0,6.273260574889473
ta,65,2,5,27,5.0,25.495097567963924,-0.5880026035475676,0.565685424949238,0,6.273260574889473
ta,65,2,5,28,5.0,26.405491853021786,-0.4576596566168929,0.5685569981889047,0,6.273260574889473
ta,65,2,5,29,5.0,22.638462845343543,-0.8960553845713439,0.44956066981809384,0,6.273260574889473
ta,65,2,5,30,5.0,22.638462845343543,-0.6747409422235526,0.565685424949238,0,6.273260574889473
ta,65,2,5,31,5.0,20.615528128088304,-1.0303768265243125,0.565685424949238,0,6.273260574889473
ta,65,2,5,32,5.0,20.0,-0.7853981633974483,0.482842712474619,0,6.273260574889473
ta,65,2,5,33,5.0,20.615528128088304,-0.5404195002705843,0.5685569981889047,0,6.273260574889473
ta,65,2,5,34,5.0,16.5,-0.7853981633974483,0.482842712474619,0,6.273260574889473
ta,65,2,5,35,5.0,32.89756829919196,3.504136890854301,0.44956066981809384,0,6.273260574889473
ta,65,2,5,36,5.0,31.622776601683793,3.6052402625905993,0.44956066981809384,0,6.273260574889473
ta,65,2,5,37,5.0,26.92582403567252,3.5464844398748765,0.5685569981889047,0,6.273260574889473
ta,65,2,5,39,5.0,28.50438562747845,3.660738767836316,0.4,0,6.273260574889473
ta,65,2,5,40,5.0,33.354160160315836,3.7001919689333556,0.565685424949238,0,6.273260574889473
ta,65,2,5,41,5.0,22.073740054644116,3.698494177695379,0.565685424949238,0,6.273260574889473
ta,65,2,5,42,5.0,25.495097567963924,3.729595257137361,0.44956066981809384,0,6.273260574889473
ta,65,2,5,43,5.0,30.4138126514911,3.7618421395726145,0.5685569981889047,0,6.273260574889473
ta,65,2,5,44,5.0,35.35533905932738,3.7850937623830774,0.565685424949238,0,6.273260574889473
ta,65,2,5,46,5.0,27.613402542968153,3.8363309297864965,0.3076923076923077,0,6.273260574889473
ta,65,2,5,47,5.0,32.59601202601324,3.8502189257174635,0.565685424949238,0,6.273260574889473
ta,65,2,5,48,5.0,25.0,3.9269908169872414,0.565685424949238,0,6.273260574889473
ta,65,2,5,49,5.0,30.0,3.9269908169872414,0.482842712474619,0,6.273260574889473
ta,65,2,5,51,5.0,30.20347662107791,-2.240052863312355,0.4,0,6.273260574889473
ta,65,2,5,52,5.0,44.9694340635948,-1.5157339314212264,0.44956066981809384,0,6.273260574889473
ta,65,2,5,53,5.0,42.42640687119285,-1.5707963267948966,0.44956066981809384,0,6.273260574889473
ta,65,2,5,54,5.0,39.05124837953327,-1.4801364395941516,0.5685569981889047,0,6.273260574889473
ta,65,2,5,55,5.0,46.09772228646444,-1.647568218064675,0.482842712474619,0,6.273260574889473
ta,65,2,5,56,5.0,38.890872965260115,-1.5707963267948966,0.482842712474619,0,6.273260574889473
ta,65,2,5,57,5.0,42.573465914816005,-1.6539375586833378,0.565685424949238,0,6.273260574889473
ta,65,2,5,58,5.0,32.973474187595095,-1.4956691708841348,0.565685424949238,0,6.273260574889473
ta,65,2,5,59,5.0,35.35533905932738,-1.5707963267948966,0.44956066981809384,0,6.273260574889473
ta,65,2,5,60,5.0,39.05124837953327,-1.661456213995642,0.5685569981889047,0,6.273260574889473
ta,65,2,5,61,5.0,43.01162633521314,-1.7359450042095235,0.565685424949238,0,6.273260574889473
ta,65,2,5,62,5.0,45.90479277809671,-1.780275890573992,0.5685569981889047,0,6.273260574889473
ta,65,2,5,63,5.0,35.531676008879735,-1.6704649792860589,0.44956066981809384,0,6.273260574889473
ta,65,2,5,64,5.0,39.528470752104745,-1.7506498265873751,0.565685424949238,0,6.273260574889473
ta,65,2,5,65,5.0,32.01562118716424,-1.6814535479687924,0.565685424949238,0,6.273260574889473
ta,65,2,5,66,5.0,36.05551275463989,-1.7681918866447774,0.482842712474619,0,6.273260574889473
ta,65,2,5,67,5.0,40.311288741492746,-1.8370483759458218,0.5685569981889047,0,6.273260574889473
ta,65,2,5,68,5.0,34.23813663153998,-1.853351279264484,0.482842712474619,0,6.273260574889473
ta,65,2,6,1,5.0,17.0,3.141592653589793,0.44956066981809384,0,6.57760840097643
ta,65,2,6,2,5.0,13.5,3.141592653589793,0.44956066981809384,0,6.57760840097643
ta,65,2,6,3,5.0,14.396180048887969,3.4962983056007335,0.5685569981889047,0,6.57760840097643
ta,65,2,6,4,5.0,14.396180048887969,2.7868870015788527,0.482842712474619,0,6.57760840097643
ta,65,2,6,5,5.0,11.280514172678478,3.365069254730426,0.482842712474619,0,6.57760840097643
ta,65,2,6,6,5.0,11.280514172678478,2.91811605244916,0.565685424949238,0,6.57760840097643
ta,65,2,6,7,5.0,12.020815280171307,3.9269908169872414,0.565685424949238,0,6.57760840097643
ta,65,2,6,8,5.0,9.86154146165801,3.673316720848599,0.44956066981809384,0,6.57760840097643
ta,65,2,6,9,5.0,8.5,3.141592653589793,0.5685569981889047,0,6.57760840097643
ta,65,2,6,10,5.0,9.86154146165801,2.609868586330988,0.565685424949238,0,6.57760840097643
ta,65,2,6,11,5.0,12.020815280171307,2.356194490192345,0.5685569981889047,0,6.57760840097643
ta,65,2,6,12,5.0,6.5,3.536383773289555,0.44956066981809384,0,6.57760840097643
ta,65,2,6,13,5.0,6.5,2.7468015338900313,0.565685424949238,0,6.57760840097643
ta,65,2,6,14,5.0,6.103277807866851,4.101663015995481,0.565685424949238,0,6.57760840097643
ta,65,2,6,16,5.0,6.103277807866851,2.181522291184105,0.565685424949238,0,6.57760840097643
ta,65,2,6,17,5.0,0.0,,0.482842712474619,0,6.57760840097643
ta,65,2,6,18,5.0,30.0,0.0,0.3276927682076162,0,6.57760840097643
ta,65,2,6,19,5.0,26.5,0.0,0.44956066981809384,0,6.57760840097643
ta,65,2,6,20,5.0,26.9675731203236,-0.18648690166721682,0.5685569981889047,0,6.57760840097643
ta,65,2,6,21,5.0,26.9675731203236,0.18648690166721682,0.482842712474619,0,6.57760840097643
ta,65,2,6,22,5.0,24.12985702402731,-0.10379234045704289,0.482842712474619,0,6.57760840097643
ta,65,2,6,23,5.0,24.12985702402731,0.10379234045704266,0.565685424949238,0,6.57760840097643
ta,65,2,6,24,5.0,23.119256043393783,-0.3764903344465229,0.565685424949238,0,6.57760840097643
ta,65,2,6,25,5.0,22.073740054644116,-0.22849663929186237,0.44956066981809384,0,6.57760840097643
ta,65,2,6,26,5.0,21.5,0.0,0.5685569981889047,0,6.57760840097643
ta,65,2,6,27,5.0,22.073740054644116,0.22849663929186215,0.565685424949238,0,6.57760840097643
ta,65,2,6,28,5.0,23.119256043393783,0.3764903344465229,0.5685569981889047,0,6.57760840097643
ta,65,2,6,29,5.0,19.1637678967368,-0.1308273960740569,0.44956066981809384,0,6.57760840097643
ta,65,2,6,30,5.0,19.1637678967368,0.1308273960740569,0.565685424949238,0,6.57760840097643
ta,65,2,6,31,5.0,17.240939649566666,-0.29423456511118773,0.565685424949238,0,6.57760840097643
ta,65,2,6,32,5.0,16.5,0.0,0.482842712474619,0,6.57760840097643
ta,65,2,6,33,5.0,17.240939649566666,0.29423456511118773,0.5685569981889047,0,6.57760840097643
ta,65,2,6,34,5.0,13.0,0.0,0.482842712474619,1,6.57760840097643
ta,65,2,6,35,5.0,34.48187929913333,4.19683997292571,0.44956066981809384,0,6.57760840097643
ta,65,2,6,36,5.0,32.89756829919196,4.289535054251749,0.44956066981809384,0,6.57760840097643
ta,65,2,6,37,5.0,28.412145290350743,4.217255716916286,0.5685569981889047,0,6.57760840097643
ta,65,2,6,39,5.0,29.618406439239774,4.331882603272325,0.4,0,6.57760840097643
ta,65,2,6,40,5.0,34.311076928595526,4.386030163677927,0.565685424949238,0,6.57760840097643
ta,65,2,6,41,5.0,23.119256043393783,4.335898645938167,0.565685424949238,0,6.57760840097643
ta,65,2,6,42,5.0,26.405491853021786,4.384650473604134,0.44956066981809384,0,6.57760840097643
ta,65,2,6,43,5.0,31.18092365533773,4.436291960989253,0.5685569981889047,0,6.57760840097643
ta,65,2,6,44,5.0,36.01735692690401,4.474144222205945,0.565685424949238,0,6.57760840097643
ta,65,2,6,45,5.0,39.42714800743264,4.495095549461668,0.5685569981889047,0,6.57760840097643
ta,65,2,6,46,5.0,28.146935890075138,4.497573579983031,0.44956066981809384,0,6.57760840097643
ta,65,2,6,47,5.0,33.04920573932148,4.529829127253783,0.565685424949238,0,6.57760840097643
ta,65,2,6,48,5.0,25.243811122728676,4.5732930389026185,0.565685424949238,0,6.57760840097643
ta,65,2,6,49,5.0,30.20347662107791,4.596247353504699,0.482842712474619,0,6.57760840097643
ta,65,2,6,50,5.0,35.174564673923115,4.612720327893528,0.5685569981889047,0,6.57760840097643
ta,65,2,6,51,5.0,30.0,4.71238898038469,0.482842712474619,0,6.57760840097643
ta,65,2,6,52,5.0,42.42640687119285,-0.7853981633974483,0.44956066981809384,0,6.57760840097643
ta,65,2,6,53,5.0,40.02811511925087,-0.8472660092618285,0.44956066981809384,0,6.57760840097643
ta,65,2,6,54,5.0,36.43144246389374,-0.7562801818904097,0.5685569981889047,0,6.57760840097643
ta,65,2,6,55,5.0,43.900455578501685,-0.9227394408643823,0.482842712474619,0,6.57760840097643
ta,65,2,6,56,5.0,36.5,-0.8532549862537522,0.482842712474619,0,6.57760840097643
ta,65,2,6,57,5.0,40.40111384603152,-0.9347208240911455,0.565685424949238,0,6.57760840097643
ta,65,2,6,58,5.0,30.405591591021544,-0.7853981633974483,0.565685424949238,0,6.57760840097643
ta,65,2,6,59,5.0,32.973474187595095,-0.8605253193082105,0.44956066981809384,0,6.57760840097643
ta,65,2,6,60,5.0,36.908671067921155,-0.9489720389643068,0.5685569981889047,0,6.57760840097643
ta,65,2,6,61,5.0,41.07614879708174,-1.0199387922631802,0.565685424949238,0,6.57760840097643
ta,65,2,6,62,5.0,44.09648512069868,-1.0614951827928847,0.5685569981889047,0,6.57760840097643
ta,65,2,6,63,5.0,33.425289826716536,-0.9661977367014196,0.44956066981809384,0,6.57760840097643
ta,65,2,6,64,5.0,37.646380968162134,-1.0417658557152483,0.565685424949238,0,6.57760840097643
ta,65,2,6,65,5.0,29.95413160150032,-0.9874233198010409,0.565685424949238,0,6.57760840097643
ta,65,2,6,66,5.0,34.23813663153998,-1.0679531158670357,0.482842712474619,0,6.57760840097643
ta,65,2,6,67,5.0,38.69431482789171,-1.1302659861783835,0.5685569981889047,0,6.57760840097643
ta,65,2,6,68,5.0,32.69556544854363,-1.1618884978439712,0.482842712474619,0,6.57760840097643
ta,65,2,7,1,5.0,30.0,3.141592653589793,0.44956066981809384,0,7.708043183585126
ta,65,2,7,2,5.0,26.5,3.141592653589793,0.44956066981809384,0,7.708043183585126
ta,65,2,7,3,5.0,26.9675731203236,3.32807955525701,0.5685569981889047,0,7.708043183585126
ta,65,2,7,4,5.0,26.9675731203236,2.9551057519225763,0.482842712474619,0,7.708043183585126
ta,65,2,7,5,5.0,24.12985702402731,3.245384994046836,0.482842712474619,0,7.708043183585126
ta,65,2,7,6,5.0,24.12985702402731,3.0378003131327507,0.565685424949238,0,7.708043183585126
ta,65,2,7,7,5.0,23.119256043393783,3.518082988036316,0.565685424949238,0,7.708043183585126
ta,65,2,7,8,5.0,22.073740054644116,3.3700892928816555,0.44956066981809384,0,7.708043183585126
ta,65,2,7,9,5.0,21.5,3.141592653589793,0.5685569981889047,0,7.708043183585126
ta,65,2,7,10,5.0,22.073740054644116,2.913096014297931,0.565685424949238,0,7.708043183585126
ta,65,2,7,11,5.0,23.119256043393783,2.76510231914327,0.5685569981889047,0,7.708043183585126
ta,65,2,7,12,5.0,19.1637678967368,3.2724200496638502,0.44956066981809384,0,7.708043183585126
ta,65,2,7,13,5.0,19.1637678967368,3.010765257515736,0.565685424949238,0,7.708043183585126
ta,65,2,7,14,5.0,17.240939649566666,3.4358272187009806,0.565685424949238,0,7.708043183585126
ta,65,2,7,16,5.0,17.240939649566666,2.8473580884786056,0.482842712474619,0,7.708043183585126
ta,65,2,7,18,5.0,17.0,0.0,0.317692537949962,0,7.708043183585126
ta,65,2,7,19,5.0,13.5,0.0,0.44956066981809384,0,7.708043183585126
ta,65,2,7,20,5.0,14.396180048887969,-0.3547056520109404,0.5685569981889047,0,7.708043183585126
ta,65,2,7,21,5.0,14.396180048887969,0.3547056520109402,0.482842712474619,0,7.708043183585126
ta,65,2,7,22,5.0,11.280514172678478,-0.22347660114063306,0.482842712474619,0,7.708043183585126
ta,65,2,7,23,5.0,11.280514172678478,0.22347660114063306,0.565685424949238,0,7.708043183585126
ta,65,2,7,24,5.0,12.020815280171307,-0.7853981633974483,0.565685424949238,0,7.708043183585126
ta,65,2,7,25,5.0,9.86154146165801,-0.5317240672588057,0.44956066981809384,0,7.708043183585126
ta,65,2,7,26,5.0,8.5,0.0,0.5685569981889047,0,7.708043183585126
ta,65,2,7,27,5.0,9.86154146165801,0.5317240672588055,0.565685424949238,0,7.708043183585126
ta,65,2,7,28,5.0,12.020815280171307,0.7853981633974483,0.5685569981889047,0,7.708043183585126
ta,65,2,7,29,5.0,6.5,-0.39479111969976155,0.44956066981809384,0,7.708043183585126
ta,65,2,7,30,5.0,6.5,0.39479111969976155,0.565685424949238,0,7.708043183585126
ta,65,2,7,31,5.0,6.103277807866851,-0.9600703624056881,0.565685424949238,0,7.708043183585126
ta,65,2,7,32,5.0,3.5,0.0,0.482842712474619,1,7.708043183585126
ta,65,2,7,33,5.0,6.103277807866851,0.960070362405688,0.5685569981889047,0,7.708043183585126
ta,65,2,7,34,5.0,0.0,,0.482842712474619,0,7.708043183585126
ta,65,2,7,35,5.0,42.42640687119285,3.9269908169872414,0.44956066981809384,0,7.708043183585126
ta,65,2,7,36,5.0,40.02811511925087,3.9888586628516216,0.44956066981809384,0,7.708043183585126
ta,65,2,7,37,5.0,36.43144246389374,3.897872835480203,0.5685569981889047,0,7.708043183585126
ta,65,2,7,39,5.0,36.5,3.9948476398435453,0.4,0,7.708043183585126
ta,65,2,7,40,5.0,40.40111384603152,4.076313477680939,0.565685424949238,0,7.708043183585126
ta,65,2,7,41,5.0,30.405591591021544,3.9269908169872414,0.565685424949238,0,7.708043183585126
ta,65,2,7,42,5.0,32.973474187595095,4.002117972898004,0.44956066981809384,0,7.708043183585126
ta,65,2,7,43,5.0,36.908671067921155,4.0905646925541,0.5685569981889047,0,7.708043183585126
ta,65,2,7,44,5.0,41.07614879708174,4.161531445852973,0.565685424949238,0,7.708043183585126
ta,65,2,7,45,5.0,44.09648512069868,4.203087836382678,0.5685569981889047,0,7.708043183585126
ta,65,2,7,46,5.0,33.425289826716536,4.107790390291212,0.44956066981809384,0,7.708043183585126
ta,65,2,7,47,5.0,37.646380968162134,4.183358509305041,0.565685424949238,0,7.708043183585126
ta,65,2,7,48,5.0,29.95413160150032,4.129015973390834,0.565685424949238,0,7.708043183585126
ta,65,2,7,49,5.0,34.23813663153998,4.209545769456829,0.482842712474619,0,7.708043183585126
ta,65,2,7,50,5.0,38.69431482789171,4.271858639768176,0.5685569981889047,0,7.708043183585126
ta,65,2,7,51,5.0,32.69556544854363,4.303481151433765,0.482842712474619,0,7.708043183585126
ta,65,2,7,52,5.0,34.48187929913333,-1.0552473193359178,0.44956066981809384,0,7.708043183585126
ta,65,2,7,53,5.0,32.89756829919196,-1.147942400661956,0.44956066981809384,0,7.708043183585126
ta,65,2,7,54,5.0,28.412145290350743,-1.0756630633264925,0.5685569981889047,0,7.708043183585126
ta,65,2,7,55,5.0,37.51333096380539,-1.202665555469733,0.482842712474619,0,7.708043183585126
ta,65,2,7,56,5.0,29.618406439239774,-1.1902899496825317,0.482842712474619,0,7.708043183585126
ta,65,2,7,57,5.0,34.311076928595526,-1.244437510088134,0.565685424949238,0,7.708043183585126
ta,65,2,7,58,5.0,23.119256043393783,-1.1943059923483736,0.565685424949238,0,7.708043183585126
ta,65,2,7,59,5.0,26.405491853021786,-1.2430578200143412,0.44956066981809384,0,7.708043183585126
ta,65,2,7,60,5.0,31.18092365533773,-1.2946993073994602,0.5685569981889047,0,7.708043183585126
ta,65,2,7,61,5.0,36.01735692690401,-1.3325515686161515,0.565685424949238,0,7.708043183585126
ta,65,2,7,62,5.0,39.42714800743264,-1.3535028958718756,0.5685569981889047,0,7.708043183585126
ta,65,2,7,63,5.0,28.146935890075138,-1.3559809263932379,0.44956066981809384,0,7.708043183585126
ta,65,2,7,64,5.0,33.04920573932148,-1.3882364736639898,0.565685424949238,0,7.708043183585126
ta,65,2,7,65,5.0,25.243811122728676,-1.4317003853128254,0.565685424949238,0,7.708043183585126
ta,65,2,7,66,5.0,30.20347662107791,-1.4546546999149066,0.482842712474619,0,7.708043183585126
ta,65,2,7,67,5.0,35.174564673923115,-1.4711276743037347,0.5685569981889047,0,7.708043183585126
ta,65,2,7,68,5.0,30.0,4.71238898038469,0.482842712474619,0,7.708043183585126
ta,65,2,8,1,5.0,33.5,3.141592653589793,0.44956066981809384,0,8.012391009672083
ta,65,2,8,2,5.0,30.0,3.141592653589793,0.44956066981809384,0,8.012391009672083
ta,65,2,8,3,5.0,30.4138126514911,3.30674133100442,0.5685569981889047,0,8.012391009672083
ta,65,2,8,4,5.0,30.4138126514911,2.976443976175166,0.482842712474619,0,8.012391009672083
ta,65,2,8,5,5.0,27.613402542968153,3.2322525407905385,0.482842712474619,0,8.012391009672083
ta,65,2,8,6,5.0,27.613402542968153,3.0509327663890478,0.565685424949238,0,8.012391009672083
ta,65,2,8,7,5.0,26.405491853021786,3.4693311603703485,0.565685424949238,0,8.012391009672083
ta,65,2,8,8,5.0,25.495097567963924,3.338988213439674,0.44956066981809384,0,8.012391009672083
ta,65,2,8,9,5.0,25.0,3.141592653589793,0.5685569981889047,0,8.012391009672083
ta,65,2,8,10,5.0,25.495097567963924,2.9441970937399127,0.565685424949238,0,8.012391009672083
ta,65,2,8,11,5.0,26.405491853021786,2.8138541468092377,0.5685569981889047,0,8.012391009672083
ta,65,2,8,12,5.0,22.638462845343543,3.252249874763689,0.44956066981809384,0,8.012391009672083
ta,65,2,8,13,5.0,22.638462845343543,3.0309354324158972,0.565685424949238,0,8.012391009672083
ta,65,2,8,14,5.0,20.615528128088304,3.3865713167166573,0.565685424949238,0,8.012391009672083
ta,65,2,8,16,5.0,20.615528128088304,2.896613990462929,0.482842712474619,0,8.012391009672083
ta,65,2,8,18,5.0,13.5,0.0,0.317692537949962,0,8.012391009672083
ta,65,2,8,19,5.0,10.0,0.0,0.44956066981809384,0,8.012391009672083
ta,65,2,8,20,5.0,11.180339887498949,-0.46364760900080615,0.5685569981889047,0,8.012391009672083
ta,65,2,8,21,5.0,11.180339887498949,0.46364760900080615,0.482842712474619,0,8.012391009672083
ta,65,2,8,22,5.0,7.905694150420948,-0.32175055439664235,0.482842712474619,0,8.012391009672083
ta,65,2,8,23,5.0,7.905694150420948,0.32175055439664213,0.565685424949238,0,8.012391009672083
ta,65,2,8,24,5.0,9.86154146165801,-1.0390722595360913,0.565685424949238,0,8.012391009672083
ta,65,2,8,25,5.0,7.0710678118654755,-0.7853981633974483,0.44956066981809384,1,8.012391009672083
ta,65,2,8,26,5.0,5.0,0.0,0.5685569981889047,0,8.012391009672083
ta,65,2,8,27,5.0,7.0710678118654755,0.7853981633974483,0.565685424949238,0,8.012391009672083
ta,65,2,8,28,5.0,9.86154146165801,1.0390722595360908,0.5685569981889047,0,8.012391009672083
ta,65,2,8,29,5.0,3.5355339059327378,-0.7853981633974483,0.44956066981809384,0,8.012391009672083
ta,65,2,8,30,5.0,3.5355339059327378,0.7853981633974483,0.565685424949238,0,8.012391009672083
ta,65,2,8,31,5.0,5.0,4.71238898038469,0.565685424949238,0,8.012391009672083
ta,65,2,8,32,5.0,0.0,,0.482842712474619,0,8.012391009672083
ta,65,2,8,33,5.0,5.0,1.5707963267948966,0.565685424949238,0,8.012391009672083
ta,65,2,8,35,5.0,44.9694340635948,3.871928421613571,0.3276927682076162,0,8.012391009672083
ta,65,2,8,36,5.0,42.42640687119285,3.9269908169872414,0.44956066981809384,0,8.012391009672083
ta,65,2,8,37,5.0,39.05124837953327,3.8363309297864965,0.5685569981889047,0,8.012391009672083
ta,65,2,8,38,5.0,46.09772228646444,4.003762708257019,0.482842712474619,0,8.012391009672083
ta,65,2,8,39,5.0,38.890872965260115,3.9269908169872414,0.482842712474619,0,8.012391009672083
ta,65,2,8,40,5.0,42.573465914816005,4.010132048875683,0.565685424949238,0,8.012391009672083
ta,65,2,8,41,5.0,32.973474187595095,3.8518636610764796,0.565685424949238,0,8.012391009672083
ta,65,2,8,42,5.0,35.35533905932738,3.9269908169872414,0.44956066981809384,0,8.012391009672083
ta,65,2,8,43,5.0,39.05124837953327,4.017650704187987,0.5685569981889047,0,8.012391009672083
ta,65,2,8,44,5.0,43.01162633521314,4.092139494401868,0.565685424949238,0,8.012391009672083
ta,65,2,8,45,5.0,45.90479277809671,4.136470380766337,0.5685569981889047,0,8.012391009672083
ta,65,2,8,46,5.0,35.531676008879735,4.026659469478403,0.44956066981809384,0,8.012391009672083
ta,65,2,8,47,5.0,39.528470752104745,4.1068443167797195,0.565685424949238,0,8.012391009672083
ta,65,2,8,48,5.0,32.01562118716424,4.037648038161137,0.565685424949238,0,8.012391009672083
ta,65,2,8,49,5.0,36.05551275463989,4.124386376837123,0.482842712474619,0,8.012391009672083
ta,65,2,8,50,5.0,40.311288741492746,4.193242866138167,0.5685569981889047,0,8.012391009672083
ta,65,2,8,51,5.0,34.23813663153998,4.209545769456829,0.482842712474619,0,8.012391009672083
ta,65,2,8,52,5.0,32.89756829919196,-1.147942400661956,0.44956066981809384,0,8.012391009672083
ta,65,2,8,53,5.0,31.622776601683793,-1.2490457723982544,0.44956066981809384,0,8.012391009672083
ta,65,2,8,54,5.0,26.92582403567252,-1.1902899496825317,0.5685569981889047,0,8.012391009672083
ta,65,2,8,55,5.0,36.40054944640259,-1.2924966677897851,0.482842712474619,0,8.012391009672083
ta,65,2,8,56,5.0,28.50438562747845,-1.3045442776439713,0.482842712474619,0,8.012391009672083
ta,65,2,8,57,5.0,33.354160160315836,-1.3439974787410107,0.565685424949238,0,8.012391009672083
ta,65,2,8,58,5.0,22.073740054644116,-1.3422996875030342,0.565685424949238,0,8.012391009672083
ta,65,2,8,59,5.0,25.495097567963924,-1.3734007669450161,0.44956066981809384,0,8.012391009672083
ta,65,2,8,60,5.0,30.4138126514911,-1.4056476493802696,0.5685569981889047,0,8.012391009672083
ta,65,2,8,61,5.0,35.35533905932738,-1.4288992721907325,0.565685424949238,0,8.012391009672083
ta,65,2,8,62,5.0,38.82331773560833,-1.4416490366668766,0.5685569981889047,0,8.012391009672083
ta,65,2,8,63,5.0,27.613402542968153,-1.4801364395941516,0.44956066981809384,0,8.012391009672083
ta,65,2,8,64,5.0,32.59601202601324,-1.4940244355251187,0.565685424949238,0,8.012391009672083
ta,65,2,8,65,5.0,25.0,4.71238898038469,0.565685424949238,0,8.012391009672083
ta,65,2,8,66,5.0,30.0,4.71238898038469,0.482842712474619,0,8.012391009672083
ta,65,2,8,67,5.0,35.0,4.71238898038469,0.5685569981889047,0,8.012391009672083
ta,65,2,8,68,5.0,30.20347662107791,4.596247353504699,0.482842712474619,0,8.012391009672083
ta,65,2,9,1,5.0,38.82331773560833,3.7978435268592214,0.44956066981809384,0,8.627266471573428
ta,65,2,9,2,5.0,35.35533905932738,3.7850937623830774,0.44956066981809384,0,8.627266471573428
ta,65,2,9,3,5.0,35.0,3.9269908169872414,0.5685569981889047,0,8.627266471573428
ta,65,2,9,4,5.0,36.40054944640259,3.64869115798213,0.482842712474619,0,8.627266471573428
ta,65,2,9,5,5.0,32.59601202601324,3.8502189257174635,0.482842712474619,0,8.627266471573428
ta,65,2,9,6,5.0,33.354160160315836,3.7001919689333556,0.565685424949238,0,8.627266471573428
ta,65,2,9,7,5.0,30.20347662107791,4.043132443867232,0.565685424949238,0,8.627266471573428
ta,65,2,9,8,5.0,30.0,3.9269908169872414,0.44956066981809384,0,8.627266471573428
ta,65,2,9,9,5.0,30.4138126514911,3.7618421395726145,0.5685569981889047,0,8.627266471573428
ta,65,2,9,10,5.0,31.622776601683793,3.6052402625905993,0.565685424949238,0,8.627266471573428
ta,65,2,9,11,5.0,32.89756829919196,3.5041368908543005,0.5685569981889047,0,8.627266471573428
ta,65,2,9,12,5.0,27.613402542968153,3.836330929786496,0.44956066981809384,0,8.627266471573428
ta,65,2,9,13,5.0,28.50438562747845,3.660738767836316,0.565685424949238,0,8.627266471573428
ta,65,2,9,14,5.0,25.0,3.9269908169872414,0.565685424949238,0,8.627266471573428
ta,65,2,9,16,5.0,26.92582403567252,3.5464844398748765,0.482842712474619,0,8.627266471573428
ta,65,2,9,18,5.0,9.86154146165801,1.3171222306562538,0.317692537949962,0,8.627266471573428
ta,65,2,9,19,5.0,7.0710678118654755,1.5707963267948966,0.44956066981809384,0,8.627266471573428
ta,65,2,9,20,5.0,5.0,0.7853981633974483,0.5685569981889047,0,8.627266471573428
ta,65,2,9,21,5.0,11.180339887498949,1.8925468811915387,0.482842712474619,0,8.627266471573428
ta,65,2,9,22,5.0,3.5355339059327378,1.5707963267948966,0.482842712474619,0,8.627266471573428
ta,65,2,9,23,5.0,7.905694150420948,2.0344439357957027,0.565685424949238,0,8.627266471573428
ta,65,2,9,24,5.0,3.5,5.497787143782138,0.565685424949238,1,8.627266471573428
ta,65,2,9,25,5.0,0.0,,0.44956066981809384,0,8.627266471573428
ta,65,2,9,26,5.0,5.0,2.356194490192345,0.5685569981889047,0,8.627266471573428
ta,65,2,9,27,5.0,10.0,2.356194490192345,0.565685424949238,0,8.627266471573428
ta,65,2,9,28,5.0,13.5,2.356194490192345,0.5685569981889047,0,8.627266471573428
ta,65,2,9,29,5.0,3.5355339059327378,3.141592653589793,0.44956066981809384,0,8.627266471573428
ta,65,2,9,30,5.0,7.905694150420948,2.677945044588987,0.565685424949238,0,8.627266471573428
ta,65,2,9,31,5.0,5.0,3.9269908169872414,0.565685424949238,0,8.627266471573428
ta,65,2,9,33,5.0,11.180339887498949,2.819842099193151,0.565685424949238,0,8.627266471573428
ta,65,2,9,34,5.0,9.86154146165801,3.395266749728436,0.482842712474619,0,8.627266471573428
ta,65,2,9,35,5.0,45.90479277809671,4.502909416605594,0.3276927682076162,0,8.627266471573428
ta,65,2,9,36,5.0,43.01162633521314,4.547240302970063,0.44956066981809384,0,8.627266471573428
ta,65,2,9,37,5.0,40.311288741492746,4.446136931233765,0.5685569981889047,0,8.627266471573428
ta,65,2,9,38,5.0,46.09772228646444,4.635617089114912,0.482842712474619,0,8.627266471573428
ta,65,2,9,39,5.0,39.528470752104745,4.532535480592212,0.482842712474619,0,8.627266471573428
ta,65,2,9,40,5.0,42.573465914816005,4.629247748496248,0.565685424949238,0,8.627266471573428
ta,65,2,9,41,5.0,34.23813663153998,4.429834027915103,0.565685424949238,0,8.627266471573428
ta,65,2,9,42,5.0,36.05551275463989,4.514993420534809,0.44956066981809384,0,8.627266471573428
ta,65,2,9,43,5.0,39.05124837953327,4.621729093183944,0.5685569981889047,0,8.627266471573428
ta,65,2,9,44,5.0,42.42640687119285,4.71238898038469,0.565685424949238,0,8.627266471573428
ta,65,2,9,45,5.0,44.9694340635948,4.76745137575836,0.5685569981889047,0,8.627266471573428
ta,65,2,9,46,5.0,35.531676008879735,4.612720327893528,0.44956066981809384,0,8.627266471573428
ta,65,2,9,47,5.0,38.890872965260115,4.71238898038469,0.565685424949238,0,8.627266471573428
ta,65,2,9,48,5.0,32.01562118716424,4.601731759210795,0.565685424949238,0,8.627266471573428
ta,65,2,9,49,5.0,35.35533905932738,4.71238898038469,0.482842712474619,0,8.627266471573428
ta,65,2,9,50,5.0,39.05124837953327,4.803048867585435,0.5685569981889047,0,8.627266471573428
ta,65,2,9,51,5.0,32.973474187595095,4.7875161362954515,0.482842712474619,0,8.627266471573428
ta,65,2,9,52,5.0,26.405491853021786,-0.4576596566168929,0.44956066981809384,0,8.627266471573428
ta,65,2,9,53,5.0,25.495097567963924,-0.5880026035475678,0.44956066981809384,0,8.627266471573428
ta,65,2,9,54,5.0,20.615528128088304,-0.540419500270584,0.5685569981889047,0,8.627266471573428
ta,65,2,9,55,5.0,30.4138126514911,-0.6202494859828214,0.482842712474619,0,8.627266471573428
ta,65,2,9,56,5.0,22.638462845343543,-0.6747409422235529,0.482842712474619,0,8.627266471573428
ta,65,2,9,57,5.0,27.613402542968153,-0.6947382761967034,0.565685424949238,0,8.627266471573428
ta,65,2,9,58,5.0,16.5,5.497787143782138,0.565685424949238,0,8.627266471573428
ta,65,2,9,59,5.0,20.0,5.497787143782138,0.44956066981809384,0,8.627266471573428
ta,65,2,9,60,5.0,25.0,5.497787143782138,0.5685569981889047,0,8.627266471573428
ta,65,2,9,61,5.0,30.0,5.497787143782138,0.565685424949238,0,8.627266471573428
ta,65,2,9,62,5.0,33.5,5.497787143782138,0.5685569981889047,0,8.627266471573428
ta,65,2,9,63,5.0,22.638462845343543,5.387129922608242,0.44956066981809384,0,8.627266471573428
ta,65,2,9,64,5.0,27.613402542968153,5.4071272565813935,0.565685424949238,0,8.627266471573428
ta,65,2,9,65,5.0,20.615528128088304,5.252808480655274,0.565685424949238,0,8.627266471573428
ta,65,2,9,66,5.0,25.495097567963924,5.3003915839322575,0.482842712474619,0,8.627266471573428
ta,65,2,9,67,5.0,30.4138126514911,5.332638466367511,0.5685569981889047,0,8.627266471573428
ta,65,2,9,68,5.0,26.405491853021786,5.170048637001583,0.482842712474619,0,8.627266471573428
ta,65,2,10,1,5.0,39.42714800743264,-1.7880897577179176,0.44956066981809384,0,8.931614297660385
ta,65,2,10,2,5.0,36.01735692690401,-1.8090410849736416,0.44956066981809384,0,8.931614297660385
ta,65,2,10,3,5.0,35.174564673923115,-1.6704649792860584,0.5685569981889047,0,8.931614297660385
ta,65,2,10,4,5.0,37.51333096380539,-1.9389270981200601,0.482842712474619,0,8.931614297660385
ta,65,2,10,5,5.0,33.04920573932148,-1.7533561799258033,0.482842712474619,0,8.931614297660385
ta,65,2,10,6,5.0,34.311076928595526,-1.8971551435016591,0.565685424949238,0,8.931614297660385
ta,65,2,10,7,5.0,30.0,-1.5707963267948966,0.565685424949238,0,8.931614297660385
ta,65,2,10,8,5.0,30.20347662107791,-1.6869379536748867,0.44956066981809384,0,8.931614297660385
ta,65,2,10,9,5.0,31.18092365533773,-1.846893346190333,0.5685569981889047,0,8.931614297660385
ta,65,2,10,10,5.0,32.89756829919196,-1.9936502529278373,0.565685424949238,0,8.931614297660385
ta,65,2,10,11,5.0,34.48187929913333,-2.086345334253876,0.5685569981889047,0,8.931614297660385
ta,65,2,10,12,5.0,28.146935890075138,-1.785611727196555,0.44956066981809384,0,8.931614297660385
ta,65,2,10,13,5.0,29.618406439239774,-1.9513027039072615,0.565685424949238,0,8.931614297660385
ta,65,2,10,14,5.0,25.243811122728676,-1.7098922682769677,0.565685424949238,0,8.931614297660385
ta,65,2,10,16,5.0,28.412145290350743,-2.0659295902633006,0.482842712474619,0,8.931614297660385
ta,65,2,10,18,5.0,12.020815280171307,-3.9269908169872414,0.317692537949962,0,8.931614297660385
ta,65,2,10,19,5.0,9.86154146165801,-3.673316720848599,0.44956066981809384,0,8.931614297660385
ta,65,2,10,20,5.0,6.103277807866851,-4.101663015995481,0.5685569981889047,0,8.931614297660385
ta,65,2,10,21,5.0,14.396180048887969,-3.4962983056007335,0.482842712474619,0,8.931614297660385
ta,65,2,10,22,5.0,6.5,-3.5363837732895544,0.482842712474619,0,8.931614297660385
ta,65,2,10,23,5.0,11.280514172678478,-3.365069254730426,0.565685424949238,0,8.931614297660385
ta,65,2,10,24,5.0,0.0,,0.565685424949238,0,8.931614297660385
ta,65,2,10,26,5.0,8.5,-3.141592653589793,0.565685424949238,0,8.931614297660385
ta,65,2,10,27,5.0,13.5,-3.141592653589793,0.565685424949238,0,8.931614297660385
ta,65,2,10,28,5.0,17.0,-3.141592653589793,0.5685569981889047,0,8.931614297660385
ta,65,2,10,29,5.0,6.5,-2.746801533890032,0.44956066981809384,0,8.931614297660385
ta,65,2,10,30,5.0,11.280514172678478,-2.91811605244916,0.565685424949238,0,8.931614297660385
ta,65,2,10,31,5.0,6.103277807866851,-2.181522291184105,0.565685424949238,0,8.931614297660385
ta,65,2,10,32,5.0,9.86154146165801,-2.6098685863309874,0.482842712474619,0,8.931614297660385
ta,65,2,10,33,5.0,14.396180048887969,-2.7868870015788527,0.5685569981889047,0,8.931614297660385
ta,65,2,10,34,5.0,12.020815280171307,-2.356194490192345,0.482842712474619,0,8.931614297660385
ta,65,2,10,35,5.0,44.09648512069868,-1.0614951827928847,0.44956066981809384,0,8.931614297660385
ta,65,2,10,36,5.0,41.07614879708174,-1.0199387922631802,0.44956066981809384,0,8.931614297660385
ta,65,2,10,37,5.0,38.69431482789171,-1.1302659861783835,0.5685569981889047,0,8.931614297660385
ta,65,2,10,38,5.0,43.900455578501685,-0.9227394408643823,0.482842712474619,0,8.931614297660385
ta,65,2,10,39,5.0,37.646380968162134,-1.0417658557152478,0.482842712474619,0,8.931614297660385
ta,65,2,10,40,5.0,40.40111384603152,-0.9347208240911455,0.565685424949238,0,8.931614297660385
ta,65,2,10,41,5.0,32.69556544854363,-1.1618884978439712,0.565685424949238,0,8.931614297660385
ta,65,2,10,42,5.0,34.23813663153998,-1.0679531158670357,0.44956066981809384,0,8.931614297660385
ta,65,2,10,43,5.0,36.908671067921155,-0.9489720389643068,0.5685569981889047,0,8.931614297660385
ta,65,2,10,44,5.0,40.02811511925087,-0.847266009261828,0.565685424949238,0,8.931614297660385
ta,65,2,10,45,5.0,42.42640687119285,-0.7853981633974483,0.5685569981889047,0,8.931614297660385
ta,65,2,10,46,5.0,33.425289826716536,-0.9661977367014196,0.44956066981809384,0,8.931614297660385
ta,65,2,10,47,5.0,36.5,-0.8532549862537522,0.565685424949238,0,8.931614297660385
ta,65,2,10,48,5.0,29.95413160150032,-0.9874233198010405,0.565685424949238,0,8.931614297660385
ta,65,2,10,49,5.0,32.973474187595095,-0.8605253193082101,0.482842712474619,0,8.931614297660385
ta,65,2,10,50,5.0,36.43144246389374,-0.7562801818904092,0.5685569981889047,0,8.931614297660385
ta,65,2,10,51,5.0,30.405591591021544,-0.7853981633974483,0.482842712474619,0,8.931614297660385
ta,65,2,10,52,5.0,23.119256043393783,-5.906694972733064,0.44956066981809384,0,8.931614297660385
ta,65,2,10,53,5.0,22.073740054644116,-6.054688667887724,0.44956066981809384,0,8.931614297660385
ta,65,2,10,54,5.0,17.240939649566666,-5.988950742068399,0.5685569981889047,0,8.931614297660385
ta,65,2,10,55,5.0,26.9675731203236,-6.096698405512369,0.482842712474619,0,8.931614297660385
ta,65,2,10,56,5.0,19.1637678967368,-6.152357911105529,0.482842712474619,0,8.931614297660385
ta,65,2,10,57,5.0,24.12985702402731,-6.179392966722544,0.565685424949238,0,8.931614297660385
ta,65,2,10,58,5.0,13.0,0.0,0.565685424949238,0,8.931614297660385
ta,65,2,10,59,5.0,16.5,0.0,0.44956066981809384,1,8.931614297660385
ta,65,2,10,60,5.0,21.5,0.0,0.5685569981889047,0,8.931614297660385
ta,65,2,10,61,5.0,26.5,0.0,0.565685424949238,0,8.931614297660385
ta,65,2,10,62,5.0,30.0,0.0,0.5685569981889047,0,8.931614297660385
ta,65,2,10,63,5.0,19.1637678967368,-0.1308273960740567,0.44956066981809384,0,8.931614297660385
ta,65,2,10,64,5.0,24.12985702402731,-0.10379234045704289,0.565685424949238,0,8.931614297660385
ta,65,2,10,65,5.0,17.240939649566666,-0.2942345651111875,0.565685424949238,0,8.931614297660385
ta,65,2,10,66,5.0,22.073740054644116,-0.22849663929186237,0.482842712474619,0,8.931614297660385
ta,65,2,10,67,5.0,26.9675731203236,-0.18648690166721682,0.5685569981889047,0,8.931614297660385
ta,65,2,10,68,5.0,23.119256043393783,-0.3764903344465229,0.482842712474619,0,8.931614297660385
ta,65,2,11,1,5.0,45.90479277809671,-2.1467149264132495,0.44956066981809384,0,10.366396906356036
ta,65,2,11,2,5.0,43.01162633521314,-2.191045812777718,0.44956066981809384,0,10.366396906356036
ta,65,2,11,3,5.0,40.311288741492746,-2.089942441041419,0.5685569981889047,0,10.366396906356036
ta,65,2,11,4,5.0,46.09772228646444,-2.279422598922567,0.482842712474619,0,10.366396906356036
ta,65,2,11,5,5.0,39.528470752104745,-2.1763409903998667,0.482842712474619,0,10.366396906356036
ta,65,2,11,6,5.0,42.573465914816005,-2.2730532583039036,0.565685424949238,0,10.366396906356036
ta,65,2,11,7,5.0,34.23813663153998,-2.073639537722757,0.565685424949238,0,10.366396906356036
ta,65,2,11,8,5.0,36.05551275463989,-2.158798930342464,0.44956066981809384,0,10.366396906356036
ta,65,2,11,9,5.0,39.05124837953327,-2.2655346029915995,0.5685569981889047,0,10.366396906356036
ta,65,2,11,10,5.0,42.42640687119285,-2.356194490192345,0.565685424949238,0,10.366396906356036
ta,65,2,11,11,5.0,44.9694340635948,-2.411256885566015,0.5685569981889047,0,10.366396906356036
ta,65,2,11,12,5.0,35.531676008879735,-2.256525837701183,0.44956066981809384,0,10.366396906356036
ta,65,2,11,13,5.0,38.890872965260115,-2.356194490192345,0.565685424949238,0,10.366396906356036
ta,65,2,11,14,5.0,32.01562118716424,-2.245537269018449,0.565685424949238,0,10.366396906356036
ta,65,2,11,16,5.0,39.05124837953327,-2.44685437739309,0.482842712474619,0,10.366396906356036
ta,65,2,11,18,5.0,26.405491853021786,-3.4693311603703485,0.317692537949962,0,10.366396906356036
ta,65,2,11,19,5.0,25.495097567963924,-3.338988213439674,0.44956066981809384,0,10.366396906356036
ta,65,2,11,20,5.0,20.615528128088304,-3.3865713167166573,0.5685569981889047,0,10.366396906356036
ta,65,2,11,21,5.0,30.4138126514911,-3.30674133100442,0.482842712474619,0,10.366396906356036
ta,65,2,11,22,5.0,22.638462845343543,-3.252249874763689,0.482842712474619,0,10.366396906356036
ta,65,2,11,23,5.0,27.613402542968153,-3.232252540790538,0.565685424949238,0,10.366396906356036
ta,65,2,11,25,5.0,20.0,-3.141592653589793,0.3276927682076162,0,10.366396906356036
ta,65,2,11,26,5.0,25.0,-3.141592653589793,0.565685424949238,0,10.366396906356036
ta,65,2,11,27,5.0,30.0,-3.141592653589793,0.565685424949238,0,10.366396906356036
ta,65,2,11,28,5.0,33.5,-3.141592653589793,0.5685569981889047,0,10.366396906356036
ta,65,2,11,29,5.0,22.638462845343543,-3.0309354324158972,0.44956066981809384,0,10.366396906356036
ta,65,2,11,30,5.0,27.613402542968153,-3.050932766389048,0.565685424949238,0,10.366396906356036
ta,65,2,11,31,5.0,20.615528128088304,-2.896613990462929,0.565685424949238,0,10.366396906356036
ta,65,2,11,32,5.0,25.495097567963924,-2.9441970937399122,0.482842712474619,0,10.366396906356036
ta,65,2,11,33,5.0,30.4138126514911,-2.976443976175166,0.5685569981889047,0,10.366396906356036
ta,65,2,11,34,5.0,26.405491853021786,-2.8138541468092377,0.482842712474619,0,10.366396906356036
ta,65,2,11,35,5.0,38.82331773560833,-1.4416490366668764,0.44956066981809384,0,10.366396906356036
ta,65,2,11,36,5.0,35.35533905932738,-1.4288992721907325,0.44956066981809384,0,10.366396906356036
ta,65,2,11,37,5.0,35.0,-1.5707963267948966,0.5685569981889047,0,10.366396906356036
ta,65,2,11,38,5.0,36.40054944640259,-1.2924966677897851,0.482842712474619,0,10.366396906356036
ta,65,2,11,39,5.0,32.59601202601324,-1.4940244355251184,0.482842712474619,0,10.366396906356036
ta,65,2,11,40,5.0,33.354160160315836,-1.3439974787410107,0.565685424949238,0,10.366396906356036
ta,65,2,11,41,5.0,30.20347662107791,-1.6869379536748867,0.565685424949238,0,10.366396906356036
ta,65,2,11,42,5.0,30.0,-1.5707963267948966,0.44956066981809384,0,10.366396906356036
ta,65,2,11,43,5.0,30.4138126514911,-1.4056476493802696,0.5685569981889047,0,10.366396906356036
ta,65,2,11,44,5.0,31.622776601683793,-1.2490457723982542,0.565685424949238,0,10.366396906356036
ta,65,2,11,45,5.0,32.89756829919196,-1.1479424006619559,0.5685569981889047,0,10.366396906356036
ta,65,2,11,46,5.0,27.613402542968153,-1.4801364395941514,0.44956066981809384,0,10.366396906356036
ta,65,2,11,47,5.0,28.50438562747845,-1.304544277643971,0.565685424949238,0,10.366396906356036
ta,65,2,11,48,5.0,25.0,-1.5707963267948966,0.565685424949238,0,10.366396906356036
ta,65,2,11,49,5.0,25.495097567963924,-1.3734007669450157,0.482842712474619,0,10.366396906356036
ta,65,2,11,50,5.0,26.92582403567252,-1.1902899496825317,0.5685569981889047,0,10.366396906356036
ta,65,2,11,51,5.0,22.073740054644116,-1.3422996875030342,0.482842712474619,0,10.366396906356036
ta,65,2,11,52,5.0,9.86154146165801,-5.244113047643495,0.44956066981809384,0,10.366396906356036
ta,65,2,11,53,5.0,7.0710678118654755,-5.497787143782138,0.44956066981809384,0,10.366396906356036
ta,65,2,11,54,5.0,5.0,-4.71238898038469,0.5685569981889047,0,10.366396906356036
ta,65,2,11,55,5.0,11.180339887498949,-5.81953769817878,0.482842712474619,0,10.366396906356036
ta,65,2,11,56,5.0,3.5355339059327378,-5.497787143782138,0.482842712474619,0,10.366396906356036
ta,65,2,11,57,5.0,7.905694150420948,-5.961434752782944,0.565685424949238,0,10.366396906356036
ta,65,2,11,58,5.0,3.5,-3.141592653589793,0.565685424949238,0,10.366396906356036
ta,65,2,11,59,5.0,0.0,,0.44956066981809384,0,10.366396906356036
ta,65,2,11,60,5.0,5.0,0.0,0.5685569981889047,0,10.366396906356036
ta,65,2,11,61,5.0,10.0,0.0,0.565685424949238,0,10.366396906356036
ta,65,2,11,62,5.0,13.5,0.0,0.5685569981889047,0,10.366396906356036
ta,65,2,11,63,5.0,3.5355339059327378,-0.7853981633974483,0.44956066981809384,0,10.366396906356036
ta,65,2,11,64,5.0,7.905694150420948,-0.32175055439664213,0.565685424949238,0,10.366396906356036
ta,65,2,11,65,5.0,5.0,-1.5707963267948966,0.565685424949238,0,10.366396906356036
ta,65,2,11,66,5.0,7.0710678118654755,-0.7853981633974483,0.482842712474619,1,10.366396906356036
ta,65,2,11,67,5.0,11.180339887498949,-0.46364760900080615,0.5685569981889047,0,10.366396906356036
ta,65,2,11,68,5.0,9.86154146165801,-1.0390722595360908,0.482842712474619,0,10.366396906356036
ta,65,2,12,1,5.0,44.9694340635948,-1.5157339314212264,0.44956066981809384,0,10.981272368257384
ta,65,2,12,2,5.0,42.42640687119285,-1.5707963267948966,0.44956066981809384,0,10.981272368257384
ta,65,2,12,3,5.0,39.05124837953327,-1.4801364395941514,0.5685569981889047,0,10.981272368257384
ta,65,2,12,4,5.0,46.09772228646444,-1.6475682180646745,0.482842712474619,0,10.981272368257384
ta,65,2,12,5,5.0,38.890872965260115,-1.5707963267948966,0.482842712474619,0,10.981272368257384
ta,65,2,12,6,5.0,42.573465914816005,-1.6539375586833378,0.565685424949238,0,10.981272368257384
ta,65,2,12,7,5.0,32.973474187595095,-1.4956691708841343,0.565685424949238,0,10.981272368257384
ta,65,2,12,8,5.0,35.35533905932738,-1.5707963267948966,0.44956066981809384,0,10.981272368257384
ta,65,2,12,9,5.0,39.05124837953327,-1.6614562139956417,0.5685569981889047,0,10.981272368257384
ta,65,2,12,10,5.0,43.01162633521314,-1.7359450042095235,0.565685424949238,0,10.981272368257384
ta,65,2,12,11,5.0,45.90479277809671,-1.780275890573992,0.5685569981889047,0,10.981272368257384
ta,65,2,12,12,5.0,35.531676008879735,-1.6704649792860584,0.44956066981809384,0,10.981272368257384
ta,65,2,12,13,5.0,39.528470752104745,-1.7506498265873747,0.565685424949238,0,10.981272368257384
ta,65,2,12,14,5.0,32.01562118716424,-1.6814535479687922,0.565685424949238,0,10.981272368257384
ta,65,2,12,15,5.0,36.05551275463989,-1.7681918866447774,0.482842712474619,0,10.981272368257384
ta,65,2,12,16,5.0,40.311288741492746,-1.8370483759458218,0.5685569981889047,0,10.981272368257384
ta,65,2,12,17,5.0,34.23813663153998,-1.853351279264484,0.482842712474619,0,10.981272368257384
ta,65,2,12,18,5.0,32.89756829919196,-2.7790484163252858,0.44956066981809384,0,10.981272368257384
ta,65,2,12,19,5.0,31.622776601683793,-2.677945044588987,0.44956066981809384,0,10.981272368257384
ta,65,2,12,20,5.0,26.92582403567252,-2.7367008673047097,0.5685569981889047,0,10.981272368257384
ta,65,2,12,21,5.0,36.40054944640259,-2.6344941491974563,0.482842712474619,0,10.981272368257384
ta,65,2,12,22,5.0,28.50438562747845,-2.62244653934327,0.482842712474619,0,10.981272368257384
ta,65,2,12,23,5.0,33.354160160315836,-2.5829933382462307,0.565685424949238,0,10.981272368257384
ta,65,2,12,24,5.0,22.073740054644116,-2.584691129484207,0.565685424949238,0,10.981272368257384
ta,65,2,12,25,5.0,25.495097567963924,-2.5535900500422257,0.44956066981809384,0,10.981272368257384
ta,65,2,12,26,5.0,30.4138126514911,-2.5213431676069717,0.5685569981889047,0,10.981272368257384
ta,65,2,12,27,5.0,35.35533905932738,-2.498091544796509,0.565685424949238,0,10.981272368257384
ta,65,2,12,28,5.0,38.82331773560833,-2.485341780320365,0.5685569981889047,0,10.981272368257384
ta,65,2,12,29,5.0,27.613402542968153,-2.4468543773930898,0.44956066981809384,0,10.981272368257384
ta,65,2,12,30,5.0,32.59601202601324,-2.4329663814621227,0.565685424949238,0,10.981272368257384
ta,65,2,12,31,5.0,25.0,-2.356194490192345,0.565685424949238,0,10.981272368257384
ta,65,2,12,32,5.0,30.0,-2.356194490192345,0.482842712474619,0,10.981272368257384
ta,65,2,12,33,5.0,35.0,-2.356194490192345,0.5685569981889047,0,10.981272368257384
ta,65,2,12,34,5.0,30.20347662107791,-2.2400528633123544,0.482842712474619,0,10.981272368257384
ta,65,2,12,35,5.0,33.5,-0.7853981633974483,0.44956066981809384,0,10.981272368257384
ta,65,2,12,36,5.0,30.0,-0.7853981633974483,0.44956066981809384,0,10.981272368257384
ta,65,2,12,37,5.0,30.4138126514911,-0.950546840812075,0.5685569981889047,0,10.981272368257384
ta,65,2,12,38,5.0,30.4138126514911,-0.6202494859828214,0.482842712474619,0,10.981272368257384
ta,65,2,12,39,5.0,27.613402542968153,-0.8760580505981934,0.482842712474619,0,10.981272368257384
ta,65,2,12,40,5.0,27.613402542968153,-0.6947382761967031,0.565685424949238,0,10.981272368257384
ta,65,2,12,41,5.0,26.405491853021786,-1.1131366701780037,0.565685424949238,0,10.981272368257384
ta,65,2,12,42,5.0,25.495097567963924,-0.9827937232473289,0.44956066981809384,0,10.981272368257384
ta,65,2,12,43,5.0,25.0,-0.7853981633974483,0.5685569981889047,0,10.981272368257384
ta,65,2,12,44,5.0,25.495097567963924,-0.5880026035475674,0.565685424949238,0,10.981272368257384
ta,65,2,12,45,5.0,26.405491853021786,-0.4576596566168927,0.5685569981889047,0,10.981272368257384
ta,65,2,12,46,5.0,22.638462845343543,-0.8960553845713439,0.44956066981809384,0,10.981272368257384
ta,65,2,12,47,5.0,22.638462845343543,-0.6747409422235526,0.565685424949238,0,10.981272368257384
ta,65,2,12,48,5.0,20.615528128088304,-1.0303768265243123,0.565685424949238,0,10.981272368257384
ta,65,2,12,49,5.0,20.0,-0.7853981633974483,0.482842712474619,1,10.981272368257384
ta,65,2,12,50,5.0,20.615528128088304,-0.540419500270584,0.5685569981889047,0,10.981272368257384
ta,65,2,12,51,5.0,16.5,-0.7853981633974483,0.482842712474619,0,10.981272368257384
ta,65,2,12,52,5.0,13.5,-3.9269908169872414,0.44956066981809384,0,10.981272368257384
ta,65,2,12,53,5.0,10.0,-3.9269908169872414,0.44956066981809384,0,10.981272368257384
ta,65,2,12,54,5.0,11.180339887498949,-3.4633432079864352,0.5685569981889047,0,10.981272368257384
ta,65,2,12,55,5.0,11.180339887498949,-4.3906384259880475,0.482842712474619,0,10.981272368257384
ta,65,2,12,56,5.0,7.905694150420948,-3.6052402625905993,0.482842712474619,0,10.981272368257384
ta,65,2,12,57,5.0,7.905694150420948,-4.2487413713838835,0.565685424949238,0,10.981272368257384
ta,65,2,12,58,5.0,9.86154146165801,-2.8879185574511506,0.565685424949238,0,10.981272368257384
ta,65,2,12,60,5.0,5.0,-3.9269908169872414,0.565685424949238,0,10.981272368257384
ta,65,2,12,61,5.0,7.0710678118654755,-4.71238898038469,0.565685424949238,0,10.981272368257384
ta,65,2,12,62,5.0,9.86154146165801,-4.966063076523333,0.5685569981889047,0,10.981272368257384
ta,65,2,12,63,5.0,3.5355339059327378,-3.141592653589793,0.44956066981809384,0,10.981272368257384
ta,65,2,12,64,5.0,3.5355339059327378,-4.71238898038469,0.565685424949238,0,10.981272368257384
ta,65,2,12,65,5.0,5.0,-2.356194490192345,0.565685424949238,0,10.981272368257384
ta,65,2,12,66,5.0,0.0,,0.482842712474619,0,10.981272368257384
ta,65,2,12,67,5.0,5.0,0.7853981633974483,0.5685569981889047,0,10.981272368257384
ta,65,2,12,68,5.0,3.5,-0.7853981633974483,0.482842712474619,0,10.981272368257384
ta,65,2,13,1,5.0,32.89756829919196,-1.1479424006619559,0.3276927682076162,0,12.720402803039992
ta,65,2,13,2,5.0,31.622776601683793,-1.2490457723982544,0.44956066981809384,0,12.720402803039992
ta,65,2,13,3,5.0,26.92582403567252,-1.1902899496825317,0.5685569981889047,0,12.720402803039992
ta,65,2,13,4,5.0,36.40054944640259,-1.2924966677897851,0.482842712474619,0,12.720402803039992
ta,65,2,13,5,5.0,28.50438562747845,-1.3045442776439713,0.482842712474619,0,12.720402803039992
ta,65,2,13,6,5.0,33.354160160315836,-1.3439974787410107,0.565685424949238,0,12.720402803039992
ta,65,2,13,7,5.0,22.073740054644116,-1.3422996875030342,0.565685424949238,0,12.720402803039992
ta,65,2,13,8,5.0,25.495097567963924,-1.373400766945016,0.44956066981809384,0,12.720402803039992
ta,65,2,13,9,5.0,30.4138126514911,-1.4056476493802696,0.5685569981889047,0,12.720402803039992
ta,65,2,13,10,5.0,35.35533905932738,-1.4288992721907325,0.565685424949238,0,12.720402803039992
ta,65,2,13,11,5.0,38.82331773560833,-1.4416490366668766,0.5685569981889047,0,12.720402803039992
ta,65,2,13,12,5.0,27.613402542968153,-1.4801364395941514,0.44956066981809384,0,12.720402803039992
ta,65,2,13,13,5.0,32.59601202601324,-1.4940244355251184,0.565685424949238,0,12.720402803039992
ta,65,2,13,14,5.0,25.0,-1.5707963267948966,0.565685424949238,0,12.720402803039992
ta,65,2,13,15,5.0,30.0,-1.5707963267948966,0.482842712474619,0,12.720402803039992
ta,65,2,13,16,5.0,35.0,-1.5707963267948966,0.5685569981889047,0,12.720402803039992
ta,65,2,13,17,5.0,30.20347662107791,-1.6869379536748867,0.482842712474619,0,12.720402803039992
ta,65,2,13,18,5.0,44.9694340635948,-2.411256885566015,0.44956066981809384,0,12.720402803039992
ta,65,2,13,19,5.0,42.42640687119285,-2.356194490192345,0.44956066981809384,0,12.720402803039992
ta,65,2,13,20,5.0,39.05124837953327,-2.44685437739309,0.5685569981889047,0,12.720402803039992
ta,65,2,13,21,5.0,46.09772228646444,-2.279422598922567,0.482842712474619,0,12.720402803039992
ta,65,2,13,22,5.0,38.890872965260115,-2.356194490192345,0.482842712474619,0,12.720402803039992
ta,65,2,13,23,5.0,42.573465914816005,-2.2730532583039036,0.565685424949238,0,12.720402803039992
ta,65,2,13,24,5.0,32.973474187595095,-2.431321646103107,0.565685424949238,0,12.720402803039992
ta,65,2,13,25,5.0,35.35533905932738,-2.356194490192345,0.44956066981809384,0,12.720402803039992
ta,65,2,13,26,5.0,39.05124837953327,-2.2655346029915995,0.5685569981889047,0,12.720402803039992
ta,65,2,13,27,5.0,43.01162633521314,-2.191045812777718,0.565685424949238,0,12.720402803039992
ta,65,2,13,28,5.0,45.90479277809671,-2.1467149264132495,0.5685569981889047,0,12.720402803039992
ta,65,2,13,29,5.0,35.531676008879735,-2.256525837701183,0.44956066981809384,0,12.720402803039992
ta,65,2,13,30,5.0,39.528470752104745,-2.1763409903998667,0.565685424949238,0,12.720402803039992
ta,65,2,13,31,5.0,32.01562118716424,-2.245537269018449,0.565685424949238,0,12.720402803039992
ta,65,2,13,32,5.0,36.05551275463989,-2.158798930342464,0.482842712474619,0,12.720402803039992
ta,65,2,13,33,5.0,40.311288741492746,-2.0899424410414196,0.5685569981889047,0,12.720402803039992
ta,65,2,13,34,5.0,34.23813663153998,-2.0736395377227574,0.482842712474619,0,12.720402803039992
ta,65,2,13,35,5.0,13.5,0.0,0.44956066981809384,0,12.720402803039992
ta,65,2,13,36,5.0,10.0,0.0,0.44956066981809384,0,12.720402803039992
ta,65,2,13,37,5.0,11.180339887498949,-0.46364760900080615,0.5685569981889047,0,12.720402803039992
ta,65,2,13,38,5.0,11.180339887498949,0.46364760900080615,0.482842712474619,0,12.720402803039992
ta,65,2,13,39,5.0,7.905694150420948,-0.32175055439664213,0.482842712474619,0,12.720402803039992
ta,65,2,13,40,5.0,7.905694150420948,0.32175055439664235,0.565685424949238,0,12.720402803039992
ta,65,2,13,41,5.0,9.86154146165801,-1.0390722595360908,0.565685424949238,0,12.720402803039992
ta,65,2,13,42,5.0,7.0710678118654755,-0.7853981633974483,0.44956066981809384,1,12.720402803039992
ta,65,2,13,43,5.0,5.0,0.0,0.5685569981889047,0,12.720402803039992
ta,65,2,13,44,5.0,7.0710678118654755,0.7853981633974483,0.565685424949238,0,12.720402803039992
ta,65,2,13,45,5.0,9.86154146165801,1.0390722595360913,0.5685569981889047,0,12.720402803039992
ta,65,2,13,46,5.0,3.5355339059327378,-0.7853981633974483,0.44956066981809384,0,12.720402803039992
ta,65,2,13,47,5.0,3.5355339059327378,0.7853981633974483,0.565685424949238,0,12.720402803039992
ta,65,2,13,48,5.0,5.0,-1.5707963267948966,0.565685424949238,0,12.720402803039992
ta,65,2,13,49,5.0,0.0,,0.482842712474619,0,12.720402803039992
ta,65,2,13,50,5.0,5.0,1.5707963267948966,0.5685569981889047,0,12.720402803039992
ta,65,2,13,51,5.0,3.5,-3.141592653589793,0.482842712474619,0,12.720402803039992
ta,65,2,13,52,5.0,33.5,-3.141592653589793,0.44956066981809384,0,12.720402803039992
ta,65,2,13,53,5.0,30.0,-3.141592653589793,0.44956066981809384,0,12.720402803039992
ta,65,2,13,54,5.0,30.4138126514911,-2.976443976175166,0.5685569981889047,0,12.720402803039992
ta,65,2,13,55,5.0,30.4138126514911,-3.30674133100442,0.482842712474619,0,12.720402803039992
ta,65,2,13,56,5.0,27.613402542968153,-3.0509327663890478,0.482842712474619,0,12.720402803039992
ta,65,2,13,57,5.0,27.613402542968153,-3.2322525407905385,0.565685424949238,0,12.720402803039992
ta,65,2,13,58,5.0,26.405491853021786,-2.8138541468092377,0.565685424949238,0,12.720402803039992
ta,65,2,13,60,5.0,25.0,-3.141592653589793,0.565685424949238,0,12.720402803039992
ta,65,2,13,61,5.0,25.495097567963924,-3.338988213439674,0.565685424949238,0,12.720402803039992
ta,65,2,13,62,5.0,26.405491853021786,-3.4693311603703485,0.5685569981889047,0,12.720402803039992
ta,65,2,13,63,5.0,22.638462845343543,-3.0309354324158972,0.44956066981809384,0,12.720402803039992
ta,65,2,13,64,5.0,22.638462845343543,-3.252249874763689,0.565685424949238,0,12.720402803039992
ta,65,2,13,65,5.0,20.615528128088304,-2.896613990462929,0.565685424949238,0,12.720402803039992
ta,65,2,13,67,5.0,20.615528128088304,-3.3865713167166573,0.565685424949238,0,12.720402803039992
ta,65,2,13,68,5.0,16.5,-3.141592653589793,0.482842712474619,0,12.720402803039992
ta,65,2,14,1,5.0,26.405491853021786,-0.45765965661689284,0.3276927682076162,0,13.335278264941335
ta,65,2,14,2,5.0,25.495097567963924,-0.5880026035475675,0.44956066981809384,0,13.335278264941335
ta,65,2,14,3,5.0,20.615528128088304,-0.5404195002705842,0.5685569981889047,0,13.335278264941335
ta,65,2,14,4,5.0,30.4138126514911,-0.6202494859828215,0.482842712474619,0,13.335278264941335
ta,65,2,14,5,5.0,22.638462845343543,-0.6747409422235526,0.482842712474619,0,13.335278264941335
ta,65,2,14,6,5.0,27.613402542968153,-0.6947382761967031,0.565685424949238,0,13.335278264941335
ta,65,2,14,7,5.0,16.5,-0.7853981633974483,0.565685424949238,1,13.335278264941335
ta,65,2,14,8,5.0,20.0,-0.7853981633974483,0.44956066981809384,0,13.335278264941335
ta,65,2,14,9,5.0,25.0,-0.7853981633974483,0.5685569981889047,0,13.335278264941335
ta,65,2,14,10,5.0,30.0,-0.7853981633974483,0.565685424949238,0,13.335278264941335
ta,65,2,14,11,5.0,33.5,-0.7853981633974483,0.5685569981889047,0,13.335278264941335
ta,65,2,14,12,5.0,22.638462845343543,-0.8960553845713439,0.44956066981809384,0,13.335278264941335
ta,65,2,14,13,5.0,27.613402542968153,-0.8760580505981934,0.565685424949238,0,13.335278264941335
ta,65,2,14,14,5.0,20.615528128088304,-1.0303768265243125,0.565685424949238,0,13.335278264941335
ta,65,2,14,15,5.0,25.495097567963924,-0.982793723247329,0.482842712474619,0,13.335278264941335
ta,65,2,14,16,5.0,30.4138126514911,-0.9505468408120751,0.5685569981889047,0,13.335278264941335
ta,65,2,14,17,5.0,26.405491853021786,-1.1131366701780037,0.482842712474619,0,13.335278264941335
ta,65,2,14,18,5.0,45.90479277809671,-1.780275890573992,0.44956066981809384,0,13.335278264941335
ta,65,2,14,19,5.0,43.01162633521314,-1.7359450042095235,0.44956066981809384,0,13.335278264941335
ta,65,2,14,20,5.0,40.311288741492746,-1.837048375945822,0.5685569981889047,0,13.335278264941335
ta,65,2,14,21,5.0,46.09772228646444,-1.6475682180646747,0.482842712474619,0,13.335278264941335
ta,65,2,14,22,5.0,39.528470752104745,-1.750649826587375,0.482842712474619,0,13.335278264941335
ta,65,2,14,23,5.0,42.573465914816005,-1.6539375586833378,0.565685424949238,0,13.335278264941335
ta,65,2,14,24,5.0,34.23813663153998,-1.8533512792644842,0.565685424949238,0,13.335278264941335
ta,65,2,14,25,5.0,36.05551275463989,-1.7681918866447774,0.44956066981809384,0,13.335278264941335
ta,65,2,14,26,5.0,39.05124837953327,-1.6614562139956417,0.5685569981889047,0,13.335278264941335
ta,65,2,14,27,5.0,42.42640687119285,-1.5707963267948966,0.565685424949238,0,13.335278264941335
ta,65,2,14,28,5.0,44.9694340635948,-1.5157339314212264,0.5685569981889047,0,13.335278264941335
ta,65,2,14,29,5.0,35.531676008879735,-1.6704649792860586,0.44956066981809384,0,13.335278264941335
ta,65,2,14,30,5.0,38.890872965260115,-1.5707963267948966,0.565685424949238,0,13.335278264941335
ta,65,2,14,31,5.0,32.01562118716424,-1.6814535479687922,0.565685424949238,0,13.335278264941335
ta,65,2,14,32,5.0,35.35533905932738,-1.5707963267948966,0.482842712474619,0,13.335278264941335
ta,65,2,14,33,5.0,39.05124837953327,-1.4801364395941514,0.5685569981889047,0,13.335278264941335
ta,65,2,14,34,5.0,32.973474187595095,-1.4956691708841345,0.482842712474619,0,13.335278264941335
ta,65,2,14,35,5.0,9.86154146165801,1.317122230656254,0.44956066981809384,0,13.335278264941335
ta,65,2,14,36,5.0,7.0710678118654755,1.5707963267948966,0.44956066981809384,0,13.335278264941335
ta,65,2,14,37,5.0,5.0,0.7853981633974483,0.5685569981889047,0,13.335278264941335
ta,65,2,14,38,5.0,11.180339887498949,1.8925468811915387,0.482842712474619,0,13.335278264941335
ta,65,2,14,39,5.0,3.5355339059327378,1.5707963267948966,0.482842712474619,0,13.335278264941335
ta,65,2,14,40,5.0,7.905694150420948,2.0344439357957027,0.565685424949238,0,13.335278264941335
ta,65,2,14,41,5.0,3.5,-0.7853981633974483,0.565685424949238,0,13.335278264941335
ta,65,2,14,42,5.0,0.0,,0.44956066981809384,0,13.335278264941335
ta,65,2,14,43,5.0,5.0,2.356194490192345,0.5685569981889047,0,13.335278264941335
ta,65,2,14,44,5.0,10.0,2.356194490192345,0.565685424949238,0,13.335278264941335
ta,65,2,14,45,5.0,13.5,2.356194490192345,0.5685569981889047,0,13.335278264941335
ta,65,2,14,46,5.0,3.5355339059327378,-3.141592653589793,0.44956066981809384,0,13.335278264941335
ta,65,2,14,47,5.0,7.905694150420948,-3.6052402625905993,0.565685424949238,0,13.335278264941335
ta,65,2,14,48,5.0,5.0,-2.356194490192345,0.565685424949238,0,13.335278264941335
ta,65,2,14,50,5.0,11.180339887498949,-3.4633432079864352,0.565685424949238,0,13.335278264941335
ta,65,2,14,51,5.0,9.86154146165801,-2.8879185574511506,0.482842712474619,0,13.335278264941335
ta,65,2,14,52,5.0,38.82331773560833,-2.485341780320365,0.3276927682076162,0,13.335278264941335
ta,65,2,14,53,5.0,35.35533905932738,-2.498091544796509,0.44956066981809384,0,13.335278264941335
ta,65,2,14,54,5.0,35.0,-2.356194490192345,0.5685569981889047,0,13.335278264941335
ta,65,2,14,55,5.0,36.40054944640259,-2.6344941491974563,0.482842712474619,0,13.335278264941335
ta,65,2,14,56,5.0,32.59601202601324,-2.4329663814621227,0.482842712474619,0,13.335278264941335
ta,65,2,14,57,5.0,33.354160160315836,-2.5829933382462307,0.565685424949238,0,13.335278264941335
ta,65,2,14,58,5.0,30.20347662107791,-2.2400528633123544,0.565685424949238,0,13.335278264941335
ta,65,2,14,60,5.0,30.4138126514911,-2.5213431676069717,0.565685424949238,0,13.335278264941335
ta,65,2,14,61,5.0,31.622776601683793,-2.677945044588987,0.565685424949238,0,13.335278264941335
ta,65,2,14,62,5.0,32.89756829919196,-2.7790484163252858,0.5685569981889047,0,13.335278264941335
ta,65,2,14,63,5.0,27.613402542968153,-2.44685437739309,0.44956066981809384,0,13.335278264941335
ta,65,2,14,64,5.0,28.50438562747845,-2.6224465393432705,0.565685424949238,0,13.335278264941335
ta,65,2,14,65,5.0,25.0,-2.356194490192345,0.565685424949238,0,13.335278264941335
ta,65,2,14,67,5.0,26.92582403567252,-2.7367008673047097,0.565685424949238,0,13.335278264941335
ta,65,2,14,68,5.0,22.073740054644116,-2.584691129484207,0.482842712474619,0,13.335278264941335
ta,65,2,15,1,5.0,12.020815280171307,0.7853981633974483,0.3276927682076162,0,14.77006087363699
ta,65,2,15,2,5.0,9.86154146165801,0.5317240672588056,0.44956066981809384,0,14.77006087363699
ta,65,2,15,3,5.0,6.103277807866851,0.960070362405688,0.5685569981889047,0,14.77006087363699
ta,65,2,15,4,5.0,14.396180048887969,0.35470565201094034,0.482842712474619,0,14.77006087363699
ta,65,2,15,5,5.0,6.5,0.3947911196997615,0.482842712474619,0,14.77006087363699
ta,65,2,15,6,5.0,11.280514172678478,0.22347660114063303,0.565685424949238,0,14.77006087363699
ta,65,2,15,7,5.0,0.0,,0.565685424949238,0,14.77006087363699
ta,65,2,15,8,5.0,3.5,0.0,0.44956066981809384,1,14.77006087363699
ta,65,2,15,9,5.0,8.5,0.0,0.5685569981889047,0,14.77006087363699
ta,65,2,15,10,5.0,13.5,0.0,0.565685424949238,0,14.77006087363699
ta,65,2,15,11,5.0,17.0,0.0,0.5685569981889047,0,14.77006087363699
ta,65,2,15,12,5.0,6.5,-0.3947911196997615,0.44956066981809384,0,14.77006087363699
ta,65,2,15,13,5.0,11.280514172678478,-0.22347660114063303,0.565685424949238,0,14.77006087363699
ta,65,2,15,14,5.0,6.103277807866851,-0.960070362405688,0.565685424949238,0,14.77006087363699
ta,65,2,15,15,5.0,9.86154146165801,-0.5317240672588056,0.482842712474619,0,14.77006087363699
ta,65,2,15,16,5.0,14.396180048887969,-0.35470565201094034,0.5685569981889047,0,14.77006087363699
ta,65,2,15,17,5.0,12.020815280171307,-0.7853981633974483,0.482842712474619,0,14.77006087363699
ta,65,2,15,18,5.0,39.42714800743264,-1.3535028958718756,0.44956066981809384,0,14.77006087363699
ta,65,2,15,19,5.0,36.01735692690401,-1.3325515686161515,0.44956066981809384,0,14.77006087363699
ta,65,2,15,20,5.0,35.174564673923115,-1.4711276743037347,0.5685569981889047,0,14.77006087363699
ta,65,2,15,21,5.0,37.51333096380539,-1.202665555469733,0.482842712474619,0,14.77006087363699
ta,65,2,15,22,5.0,33.04920573932148,-1.3882364736639898,0.482842712474619,0,14.77006087363699
ta,65,2,15,23,5.0,34.311076928595526,-1.244437510088134,0.565685424949238,0,14.77006087363699
ta,65,2,15,24,5.0,30.0,-1.5707963267948966,0.565685424949238,0,14.77006087363699
ta,65,2,15,25,5.0,30.20347662107791,-1.4546546999149064,0.44956066981809384,0,14.77006087363699
ta,65,2,15,26,5.0,31.18092365533773,-1.2946993073994602,0.5685569981889047,0,14.77006087363699
ta,65,2,15,27,5.0,32.89756829919196,-1.1479424006619559,0.565685424949238,0,14.77006087363699
ta,65,2,15,28,5.0,34.48187929913333,-1.0552473193359175,0.5685569981889047,0,14.77006087363699
ta,65,2,15,29,5.0,28.146935890075138,-1.355980926393238,0.44956066981809384,0,14.77006087363699
ta,65,2,15,30,5.0,29.618406439239774,-1.1902899496825317,0.565685424949238,0,14.77006087363699
ta,65,2,15,31,5.0,25.243811122728676,-1.4317003853128254,0.565685424949238,0,14.77006087363699
ta,65,2,15,32,5.0,26.405491853021786,-1.2430578200143412,0.482842712474619,0,14.77006087363699
ta,65,2,15,33,5.0,28.412145290350743,-1.0756630633264925,0.5685569981889047,0,14.77006087363699
ta,65,2,15,34,5.0,23.119256043393783,-1.1943059923483736,0.482842712474619,0,14.77006087363699
ta,65,2,15,35,5.0,23.119256043393783,2.76510231914327,0.44956066981809384,0,14.77006087363699
ta,65,2,15,36,5.0,22.073740054644116,2.9130960142979307,0.44956066981809384,0,14.77006087363699
ta,65,2,15,37,5.0,17.240939649566666,2.8473580884786056,0.5685569981889047,0,14.77006087363699
ta,65,2,15,38,5.0,26.9675731203236,2.9551057519225763,0.482842712474619,0,14.77006087363699
ta,65,2,15,39,5.0,19.1637678967368,3.0107652575157364,0.482842712474619,0,14.77006087363699
ta,65,2,15,40,5.0,24.12985702402731,3.0378003131327502,0.565685424949238,0,14.77006087363699
ta,65,2,15,41,5.0,13.0,3.141592653589793,0.565685424949238,0,14.77006087363699
ta,65,2,15,43,5.0,21.5,3.141592653589793,0.565685424949238,0,14.77006087363699
ta,65,2,15,44,5.0,26.5,3.141592653589793,0.565685424949238,0,14.77006087363699
ta,65,2,15,45,5.0,30.0,3.141592653589793,0.5685569981889047,0,14.77006087363699
ta,65,2,15,46,5.0,19.1637678967368,-3.0107652575157364,0.44956066981809384,0,14.77006087363699
ta,65,2,15,47,5.0,24.12985702402731,-3.0378003131327502,0.565685424949238,0,14.77006087363699
ta,65,2,15,48,5.0,17.240939649566666,-2.8473580884786056,0.565685424949238,0,14.77006087363699
ta,65,2,15,50,5.0,26.9675731203236,-2.9551057519225763,0.565685424949238,0,14.77006087363699
ta,65,2,15,51,5.0,23.119256043393783,-2.76510231914327,0.482842712474619,0,14.77006087363699
ta,65,2,15,52,5.0,44.09648512069868,-2.0800974707969084,0.3276927682076162,0,14.77006087363699
ta,65,2,15,53,5.0,41.07614879708174,-2.121653861326613,0.44956066981809384,0,14.77006087363699
ta,65,2,15,54,5.0,38.69431482789171,-2.0113266674114096,0.5685569981889047,0,14.77006087363699
ta,65,2,15,55,5.0,43.900455578501685,-2.218853212725411,0.482842712474619,0,14.77006087363699
ta,65,2,15,56,5.0,37.646380968162134,-2.0998267978745453,0.482842712474619,0,14.77006087363699
ta,65,2,15,57,5.0,40.40111384603152,-2.2068718294986476,0.565685424949238,0,14.77006087363699
ta,65,2,15,58,5.0,32.69556544854363,-1.979704155745822,0.565685424949238,0,14.77006087363699
ta,65,2,15,59,5.0,34.23813663153998,-2.0736395377227574,0.44956066981809384,0,14.77006087363699
ta,65,2,15,60,5.0,36.908671067921155,-2.1926206146254863,0.5685569981889047,0,14.77006087363699
ta,65,2,15,61,5.0,40.02811511925087,-2.294326644327965,0.565685424949238,0,14.77006087363699
ta,65,2,15,62,5.0,42.42640687119285,-2.356194490192345,0.5685569981889047,0,14.77006087363699
ta,65,2,15,63,5.0,33.425289826716536,-2.1753949168883735,0.44956066981809384,0,14.77006087363699
ta,65,2,15,64,5.0,36.5,-2.288337667336041,0.565685424949238,0,14.77006087363699
ta,65,2,15,65,5.0,29.95413160150032,-2.1541693337887526,0.565685424949238,0,14.77006087363699
ta,65,2,15,67,5.0,36.43144246389374,-2.385312471699384,0.565685424949238,0,14.77006087363699
ta,65,2,15,68,5.0,30.405591591021544,-2.356194490192345,0.482842712474619,0,14.77006087363699
ta,65,2,16,1,5.0,9.86154146165801,1.039072259536091,0.3276927682076162,0,15.074408699723946
ta,65,2,16,2,5.0,7.0710678118654755,0.7853981633974483,0.44956066981809384,0,15.074408699723946
ta,65,2,16,3,5.0,5.0,1.5707963267948966,0.5685569981889047,0,15.074408699723946
ta,65,2,16,4,5.0,11.180339887498949,0.4636476090008061,0.482842712474619,0,15.074408699723946
ta,65,2,16,5,5.0,3.5355339059327378,0.7853981633974483,0.482842712474619,0,15.074408699723946
ta,65,2,16,6,5.0,7.905694150420948,0.3217505543966422,0.565685424949238,0,15.074408699723946
ta,65,2,16,8,5.0,0.0,,0.3276927682076162,0,15.074408699723946
ta,65,2,16,9,5.0,5.0,0.0,0.565685424949238,0,15.074408699723946
ta,65,2,16,10,5.0,10.0,0.0,0.565685424949238,0,15.074408699723946
ta,65,2,16,11,5.0,13.5,0.0,0.5685569981889047,0,15.074408699723946
ta,65,2,16,12,5.0,3.5355339059327378,-0.7853981633974483,0.44956066981809384,0,15.074408699723946
ta,65,2,16,13,5.0,7.905694150420948,-0.3217505543966422,0.565685424949238,0,15.074408699723946
ta,65,2,16,14,5.0,5.0,-1.5707963267948966,0.565685424949238,0,15.074408699723946
ta,65,2,16,15,5.0,7.0710678118654755,-0.7853981633974483,0.482842712474619,1,15.074408699723946
ta,65,2,16,16,5.0,11.180339887498949,-0.4636476090008061,0.5685569981889047,0,15.074408699723946
ta,65,2,16,17,5.0,9.86154146165801,-1.039072259536091,0.482842712474619,0,15.074408699723946
ta,65,2,16,18,5.0,38.82331773560833,-1.4416490366668766,0.44956066981809384,0,15.074408699723946
ta,65,2,16,19,5.0,35.35533905932738,-1.4288992721907328,0.44956066981809384,0,15.074408699723946
ta,65,2,16,20,5.0,35.0,-1.5707963267948966,0.5685569981889047,0,15.074408699723946
ta,65,2,16,21,5.0,36.40054944640259,-1.2924966677897853,0.482842712474619,0,15.074408699723946
ta,65,2,16,22,5.0,32.59601202601324,-1.4940244355251187,0.482842712474619,0,15.074408699723946
ta,65,2,16,23,5.0,33.354160160315836,-1.3439974787410107,0.565685424949238,0,15.074408699723946
ta,65,2,16,24,5.0,30.20347662107791,-1.6869379536748867,0.565685424949238,0,15.074408699723946
ta,65,2,16,25,5.0,30.0,-1.5707963267948966,0.44956066981809384,0,15.074408699723946
ta,65,2,16,26,5.0,30.4138126514911,-1.4056476493802699,0.5685569981889047,0,15.074408699723946
ta,65,2,16,27,5.0,31.622776601683793,-1.2490457723982544,0.565685424949238,0,15.074408699723946
ta,65,2,16,28,5.0,32.89756829919196,-1.1479424006619559,0.5685569981889047,0,15.074408699723946
ta,65,2,16,29,5.0,27.613402542968153,-1.4801364395941514,0.44956066981809384,0,15.074408699723946
ta,65,2,16,30,5.0,28.50438562747845,-1.3045442776439713,0.565685424949238,0,15.074408699723946
ta,65,2,16,31,5.0,25.0,-1.5707963267948966,0.565685424949238,0,15.074408699723946
ta,65,2,16,32,5.0,25.495097567963924,-1.373400766945016,0.482842712474619,0,15.074408699723946
ta,65,2,16,33,5.0,26.92582403567252,-1.1902899496825317,0.5685569981889047,0,15.074408699723946
ta,65,2,16,34,5.0,22.073740054644116,-1.3422996875030344,0.482842712474619,0,15.074408699723946
ta,65,2,16,35,5.0,26.405491853021786,2.8138541468092377,0.44956066981809384,0,15.074408699723946
ta,65,2,16,36,5.0,25.495097567963924,2.9441970937399127,0.44956066981809384,0,15.074408699723946
ta,65,2,16,37,5.0,20.615528128088304,2.896613990462929,0.5685569981889047,0,15.074408699723946
ta,65,2,16,38,5.0,30.4138126514911,2.976443976175166,0.482842712474619,0,15.074408699723946
ta,65,2,16,39,5.0,22.638462845343543,3.0309354324158977,0.482842712474619,0,15.074408699723946
ta,65,2,16,40,5.0,27.613402542968153,3.050932766389048,0.565685424949238,0,15.074408699723946
ta,65,2,16,41,5.0,16.5,3.141592653589793,0.565685424949238,0,15.074408699723946
ta,65,2,16,42,5.0,20.0,3.141592653589793,0.44956066981809384,0,15.074408699723946
ta,65,2,16,43,5.0,25.0,3.141592653589793,0.5685569981889047,0,15.074408699723946
ta,65,2,16,44,5.0,30.0,3.141592653589793,0.565685424949238,0,15.074408699723946
ta,65,2,16,45,5.0,33.5,3.141592653589793,0.5685569981889047,0,15.074408699723946
ta,65,2,16,46,5.0,22.638462845343543,-3.0309354324158977,0.44956066981809384,0,15.074408699723946
ta,65,2,16,47,5.0,27.613402542968153,-3.050932766389048,0.565685424949238,0,15.074408699723946
ta,65,2,16,48,5.0,20.615528128088304,-2.896613990462929,0.565685424949238,0,15.074408699723946
ta,65,2,16,50,5.0,30.4138126514911,-2.976443976175166,0.565685424949238,0,15.074408699723946
ta,65,2,16,51,5.0,26.405491853021786,-2.8138541468092377,0.482842712474619,0,15.074408699723946
ta,65,2,16,52,5.0,45.90479277809671,-2.1467149264132495,0.3276927682076162,0,15.074408699723946
ta,65,2,16,53,5.0,43.01162633521314,-2.191045812777718,0.44956066981809384,0,15.074408699723946
ta,65,2,16,54,5.0,40.311288741492746,-2.0899424410414196,0.5685569981889047,0,15.074408699723946
ta,65,2,16,55,5.0,46.09772228646444,-2.279422598922567,0.482842712474619,0,15.074408699723946
ta,65,2,16,56,5.0,39.528470752104745,-2.1763409903998667,0.482842712474619,0,15.074408699723946
ta,65,2,16,57,5.0,42.573465914816005,-2.2730532583039036,0.565685424949238,0,15.074408699723946
ta,65,2,16,58,5.0,34.23813663153998,-2.0736395377227574,0.565685424949238,0,15.074408699723946
ta,65,2,16,59,5.0,36.05551275463989,-2.158798930342464,0.44956066981809384,0,15.074408699723946
ta,65,2,16,60,5.0,39.05124837953327,-2.2655346029916,0.5685569981889047,0,15.074408699723946
ta,65,2,16,61,5.0,42.42640687119285,-2.356194490192345,0.565685424949238,0,15.074408699723946
ta,65,2,16,62,5.0,44.9694340635948,-2.411256885566015,0.5685569981889047,0,15.074408699723946
ta,65,2,16,63,5.0,35.531676008879735,-2.256525837701183,0.44956066981809384,0,15.074408699723946
ta,65,2,16,64,5.0,38.890872965260115,-2.356194490192345,0.565685424949238,0,15.074408699723946
ta,65,2,16,65,5.0,32.01562118716424,-2.2455372690184494,0.565685424949238,0,15.074408699723946
ta,65,2,16,67,5.0,39.05124837953327,-2.44685437739309,0.565685424949238,0,15.074408699723946
ta,65,2,16,68,5.0,32.973474187595095,-2.431321646103107,0.482842712474619,0,15.074408699723946
ta,65,2,17,1,5.0,13.5,2.356194490192345,0.44956066981809384,0,15.689284161625292
ta,65,2,17,2,5.0,10.0,2.356194490192345,0.44956066981809384,0,15.689284161625292
ta,65,2,17,3,5.0,11.180339887498949,2.819842099193151,0.5685569981889047,0,15.689284161625292
ta,65,2,17,4,5.0,11.180339887498949,1.8925468811915387,0.482842712474619,0,15.689284161625292
ta,65,2,17,5,5.0,7.905694150420948,2.677945044588987,0.482842712474619,0,15.689284161625292
ta,65,2,17,6,5.0,7.905694150420948,2.0344439357957027,0.565685424949238,0,15.689284161625292
ta,65,2,17,7,5.0,9.86154146165801,3.395266749728436,0.565685424949238,0,15.689284161625292
ta,65,2,17,9,5.0,5.0,2.356194490192345,0.565685424949238,0,15.689284161625292
ta,65,2,17,10,5.0,7.0710678118654755,1.5707963267948966,0.565685424949238,0,15.689284161625292
ta,65,2,17,11,5.0,9.86154146165801,1.317122230656254,0.5685569981889047,0,15.689284161625292
ta,65,2,17,12,5.0,3.5355339059327378,3.141592653589793,0.44956066981809384,0,15.689284161625292
ta,65,2,17,13,5.0,3.5355339059327378,1.5707963267948966,0.565685424949238,0,15.689284161625292
ta,65,2,17,14,5.0,5.0,3.9269908169872414,0.565685424949238,0,15.689284161625292
ta,65,2,17,15,5.0,0.0,,0.482842712474619,0,15.689284161625292
ta,65,2,17,16,5.0,5.0,0.7853981633974483,0.5685569981889047,0,15.689284161625292
ta,65,2,17,17,5.0,3.5,-0.7853981633974483,0.482842712474619,0,15.689284161625292
ta,65,2,17,18,5.0,33.5,-0.7853981633974483,0.44956066981809384,0,15.689284161625292
ta,65,2,17,19,5.0,30.0,-0.7853981633974483,0.44956066981809384,0,15.689284161625292
ta,65,2,17,20,5.0,30.4138126514911,-0.9505468408120752,0.5685569981889047,0,15.689284161625292
ta,65,2,17,21,5.0,30.4138126514911,-0.6202494859828216,0.482842712474619,0,15.689284161625292
ta,65,2,17,22,5.0,27.613402542968153,-0.8760580505981934,0.482842712474619,0,15.689284161625292
ta,65,2,17,23,5.0,27.613402542968153,-0.6947382761967031,0.565685424949238,0,15.689284161625292
ta,65,2,17,24,5.0,26.405491853021786,-1.1131366701780039,0.565685424949238,0,15.689284161625292
ta,65,2,17,25,5.0,25.495097567963924,-0.9827937232473292,0.44956066981809384,0,15.689284161625292
ta,65,2,17,26,5.0,25.0,-0.7853981633974483,0.5685569981889047,0,15.689284161625292
ta,65,2,17,27,5.0,25.495097567963924,-0.5880026035475676,0.565685424949238,0,15.689284161625292
ta,65,2,17,28,5.0,26.405491853021786,-0.4576596566168929,0.5685569981889047,0,15.689284161625292
ta,65,2,17,29,5.0,22.638462845343543,-0.8960553845713439,0.44956066981809384,0,15.689284161625292
ta,65,2,17,30,5.0,22.638462845343543,-0.6747409422235526,0.565685424949238,0,15.689284161625292
ta,65,2,17,31,5.0,20.615528128088304,-1.0303768265243125,0.565685424949238,0,15.689284161625292
ta,65,2,17,32,5.0,20.0,-0.7853981633974483,0.482842712474619,0,15.689284161625292
ta,65,2,17,33,5.0,20.615528128088304,-0.5404195002705843,0.5685569981889047,0,15.689284161625292
ta,65,2,17,34,5.0,16.5,-0.7853981633974483,0.482842712474619,1,15.689284161625292
ta,65,2,17,35,5.0,32.89756829919196,3.504136890854301,0.44956066981809384,0,15.689284161625292
ta,65,2,17,36,5.0,31.622776601683793,3.6052402625905993,0.44956066981809384,0,15.689284161625292
ta,65,2,17,37,5.0,26.92582403567252,3.5464844398748765,0.5685569981889047,0,15.689284161625292
ta,65,2,17,38,5.0,36.40054944640259,3.64869115798213,0.482842712474619,0,15.689284161625292
ta,65,2,17,39,5.0,28.50438562747845,3.660738767836316,0.482842712474619,0,15.689284161625292
ta,65,2,17,40,5.0,33.354160160315836,3.7001919689333556,0.565685424949238,0,15.689284161625292
ta,65,2,17,41,5.0,22.073740054644116,3.698494177695379,0.565685424949238,0,15.689284161625292
ta,65,2,17,42,5.0,25.495097567963924,3.729595257137361,0.44956066981809384,0,15.689284161625292
ta,65,2,17,43,5.0,30.4138126514911,3.7618421395726145,0.5685569981889047,0,15.689284161625292
ta,65,2,17,44,5.0,35.35533905932738,3.7850937623830774,0.565685424949238,0,15.689284161625292
ta,65,2,17,45,5.0,38.82331773560833,3.7978435268592214,0.5685569981889047,0,15.689284161625292
ta,65,2,17,46,5.0,27.613402542968153,3.8363309297864965,0.44956066981809384,0,15.689284161625292
ta,65,2,17,47,5.0,32.59601202601324,3.8502189257174635,0.565685424949238,0,15.689284161625292
ta,65,2,17,48,5.0,25.0,3.9269908169872414,0.565685424949238,0,15.689284161625292
ta,65,2,17,50,5.0,35.0,3.9269908169872414,0.565685424949238,0,15.689284161625292
ta,65,2,17,51,5.0,30.20347662107791,-2.240052863312355,0.482842712474619,0,15.689284161625292
ta,65,2,17,52,5.0,44.9694340635948,-1.5157339314212264,0.3276927682076162,0,15.689284161625292
ta,65,2,17,53,5.0,42.42640687119285,-1.5707963267948966,0.44956066981809384,0,15.689284161625292
ta,65,2,17,54,5.0,39.05124837953327,-1.4801364395941516,0.5685569981889047,0,15.689284161625292
ta,65,2,17,55,5.0,46.09772228646444,-1.647568218064675,0.482842712474619,0,15.689284161625292
ta,65,2,17,56,5.0,38.890872965260115,-1.5707963267948966,0.482842712474619,0,15.689284161625292
ta,65,2,17,57,5.0,42.573465914816005,-1.6539375586833378,0.565685424949238,0,15.689284161625292
ta,65,2,17,58,5.0,32.973474187595095,-1.4956691708841348,0.565685424949238,0,15.689284161625292
ta,65,2,17,59,5.0,35.35533905932738,-1.5707963267948966,0.44956066981809384,0,15.689284161625292
ta,65,2,17,60,5.0,39.05124837953327,-1.661456213995642,0.5685569981889047,0,15.689284161625292
ta,65,2,17,61,5.0,43.01162633521314,-1.7359450042095235,0.565685424949238,0,15.689284161625292
ta,65,2,17,62,5.0,45.90479277809671,-1.780275890573992,0.5685569981889047,0,15.689284161625292
ta,65,2,17,63,5.0,35.531676008879735,-1.6704649792860589,0.44956066981809384,0,15.689284161625292
ta,65,2,17,64,5.0,39.528470752104745,-1.7506498265873751,0.565685424949238,0,15.689284161625292
ta,65,2,17,65,5.0,32.01562118716424,-1.6814535479687924,0.565685424949238,0,15.689284161625292
ta,65,2,17,66,5.0,36.05551275463989,-1.7681918866447774,0.482842712474619,0,15.689284161625292
ta,65,2,17,67,5.0,40.311288741492746,-1.8370483759458218,0.5685569981889047,0,15.689284161625292
ta,65,2,17,68,5.0,34.23813663153998,-1.853351279264484,0.482842712474619,0,15.689284161625292
ta,65,2,18,1,5.0,30.0,3.141592653589793,0.44956066981809384,0,17.124066770320944
ta,65,2,18,2,5.0,26.5,3.141592653589793,0.44956066981809384,0,17.124066770320944
ta,65,2,18,3,5.0,26.9675731203236,3.32807955525701,0.5685569981889047,0,17.124066770320944
ta,65,2,18,4,5.0,26.9675731203236,2.9551057519225763,0.482842712474619,0,17.124066770320944
ta,65,2,18,5,5.0,24.12985702402731,3.245384994046836,0.482842712474619,0,17.124066770320944
ta,65,2,18,6,5.0,24.12985702402731,3.0378003131327507,0.565685424949238,0,17.124066770320944
ta,65,2,18,7,5.0,23.119256043393783,3.518082988036316,0.565685424949238,0,17.124066770320944
ta,65,2,18,9,5.0,21.5,3.141592653589793,0.565685424949238,0,17.124066770320944
ta,65,2,18,10,5.0,22.073740054644116,2.913096014297931,0.565685424949238,0,17.124066770320944
ta,65,2,18,11,5.0,23.119256043393783,2.76510231914327,0.5685569981889047,0,17.124066770320944
ta,65,2,18,12,5.0,19.1637678967368,3.2724200496638502,0.44956066981809384,0,17.124066770320944
ta,65,2,18,13,5.0,19.1637678967368,3.010765257515736,0.565685424949238,0,17.124066770320944
ta,65,2,18,14,5.0,17.240939649566666,3.4358272187009806,0.565685424949238,0,17.124066770320944
ta,65,2,18,16,5.0,17.240939649566666,2.8473580884786056,0.565685424949238,0,17.124066770320944
ta,65,2,18,17,5.0,13.0,3.141592653589793,0.482842712474619,0,17.124066770320944
ta,65,2,18,18,5.0,17.0,0.0,0.3276927682076162,0,17.124066770320944
ta,65,2,18,19,5.0,13.5,0.0,0.44956066981809384,0,17.124066770320944
ta,65,2,18,20,5.0,14.396180048887969,-0.3547056520109404,0.5685569981889047,0,17.124066770320944
ta,65,2,18,21,5.0,14.396180048887969,0.3547056520109402,0.482842712474619,0,17.124066770320944
ta,65,2,18,22,5.0,11.280514172678478,-0.22347660114063306,0.482842712474619,0,17.124066770320944
ta,65,2,18,23,5.0,11.280514172678478,0.22347660114063306,0.565685424949238,0,17.124066770320944
ta,65,2,18,24,5.0,12.020815280171307,-0.7853981633974483,0.565685424949238,0,17.124066770320944
ta,65,2,18,25,5.0,9.86154146165801,-0.5317240672588057,0.44956066981809384,0,17.124066770320944
ta,65,2,18,26,5.0,8.5,0.0,0.5685569981889047,0,17.124066770320944
ta,65,2,18,27,5.0,9.86154146165801,0.5317240672588055,0.565685424949238,0,17.124066770320944
ta,65,2,18,28,5.0,12.020815280171307,0.7853981633974483,0.5685569981889047,0,17.124066770320944
ta,65,2,18,29,5.0,6.5,-0.39479111969976155,0.44956066981809384,0,17.124066770320944
ta,65,2,18,30,5.0,6.5,0.39479111969976155,0.565685424949238,0,17.124066770320944
ta,65,2,18,31,5.0,6.103277807866851,-0.9600703624056881,0.565685424949238,0,17.124066770320944
ta,65,2,18,32,5.0,3.5,0.0,0.482842712474619,1,17.124066770320944
ta,65,2,18,33,5.0,6.103277807866851,0.960070362405688,0.5685569981889047,0,17.124066770320944
ta,65,2,18,34,5.0,0.0,,0.482842712474619,0,17.124066770320944
ta,65,2,18,35,5.0,42.42640687119285,3.9269908169872414,0.44956066981809384,0,17.124066770320944
ta,65,2,18,36,5.0,40.02811511925087,3.9888586628516216,0.44956066981809384,0,17.124066770320944
ta,65,2,18,37,5.0,36.43144246389374,3.897872835480203,0.5685569981889047,0,17.124066770320944
ta,65,2,18,38,5.0,43.900455578501685,4.064332094454175,0.482842712474619,0,17.124066770320944
ta,65,2,18,39,5.0,36.5,3.9948476398435453,0.482842712474619,0,17.124066770320944
ta,65,2,18,40,5.0,40.40111384603152,4.076313477680939,0.565685424949238,0,17.124066770320944
ta,65,2,18,41,5.0,30.405591591021544,3.9269908169872414,0.565685424949238,0,17.124066770320944
ta,65,2,18,42,5.0,32.973474187595095,4.002117972898004,0.44956066981809384,0,17.124066770320944
ta,65,2,18,43,5.0,36.908671067921155,4.0905646925541,0.5685569981889047,0,17.124066770320944
ta,65,2,18,44,5.0,41.07614879708174,4.161531445852973,0.565685424949238,0,17.124066770320944
ta,65,2,18,45,5.0,44.09648512069868,4.203087836382678,0.5685569981889047,0,17.124066770320944
ta,65,2,18,46,5.0,33.425289826716536,4.107790390291212,0.44956066981809384,0,17.124066770320944
ta,65,2,18,47,5.0,37.646380968162134,4.183358509305041,0.565685424949238,0,17.124066770320944
ta,65,2,18,48,5.0,29.95413160150032,4.129015973390834,0.565685424949238,0,17.124066770320944
ta,65,2,18,49,5.0,34.23813663153998,4.209545769456829,0.482842712474619,0,17.124066770320944
ta,65,2,18,50,5.0,38.69431482789171,4.271858639768176,0.5685569981889047,0,17.124066770320944
ta,65,2,18,51,5.0,32.69556544854363,4.303481151433765,0.482842712474619,0,17.124066770320944
ta,65,2,18,52,5.0,34.48187929913333,-1.0552473193359178,0.44956066981809384,0,17.124066770320944
ta,65,2,18,53,5.0,32.89756829919196,-1.147942400661956,0.44956066981809384,0,17.124066770320944
ta,65,2,18,54,5.0,28.412145290350743,-1.0756630633264925,0.5685569981889047,0,17.124066770320944
ta,65,2,18,55,5.0,37.51333096380539,-1.202665555469733,0.482842712474619,0,17.124066770320944
ta,65,2,18,56,5.0,29.618406439239774,-1.1902899496825317,0.482842712474619,0,17.124066770320944
ta,65,2,18,57,5.0,34.311076928595526,-1.244437510088134,0.565685424949238,0,17.124066770320944
ta,65,2,18,58,5.0,23.119256043393783,-1.1943059923483736,0.565685424949238,0,17.124066770320944
ta,65,2,18,59,5.0,26.405491853021786,-1.2430578200143412,0.44956066981809384,0,17.124066770320944
ta,65,2,18,60,5.0,31.18092365533773,-1.2946993073994602,0.5685569981889047,0,17.124066770320944
ta,65,2,18,61,5.0,36.01735692690401,-1.3325515686161515,0.565685424949238,0,17.124066770320944
ta,65,2,18,62,5.0,39.42714800743264,-1.3535028958718756,0.5685569981889047,0,17.124066770320944
ta,65,2,18,63,5.0,28.146935890075138,-1.3559809263932379,0.44956066981809384,0,17.124066770320944
ta,65,2,18,64,5.0,33.04920573932148,-1.3882364736639898,0.565685424949238,0,17.124066770320944
ta,65,2,18,65,5.0,25.243811122728676,-1.4317003853128254,0.565685424949238,0,17.124066770320944
ta,65,2,18,66,5.0,30.20347662107791,-1.4546546999149066,0.482842712474619,0,17.124066770320944
ta,65,2,18,67,5.0,35.174564673923115,-1.4711276743037347,0.5685569981889047,0,17.124066770320944
ta,65,2,18,68,5.0,30.0,4.71238898038469,0.482842712474619,0,17.124066770320944
ta,65,2,19,1,5.0,33.5,3.141592653589793,0.44956066981809384,0,17.4284145964079
ta,65,2,19,2,5.0,30.0,3.141592653589793,0.44956066981809384,0,17.4284145964079
ta,65,2,19,3,5.0,30.4138126514911,3.30674133100442,0.5685569981889047,0,17.4284145964079
ta,65,2,19,4,5.0,30.4138126514911,2.976443976175166,0.482842712474619,0,17.4284145964079
ta,65,2,19,5,5.0,27.613402542968153,3.2322525407905385,0.482842712474619,0,17.4284145964079
ta,65,2,19,6,5.0,27.613402542968153,3.0509327663890478,0.565685424949238,0,17.4284145964079
ta,65,2,19,7,5.0,26.405491853021786,3.4693311603703485,0.565685424949238,0,17.4284145964079
ta,65,2,19,9,5.0,25.0,3.141592653589793,0.565685424949238,0,17.4284145964079
ta,65,2,19,10,5.0,25.495097567963924,2.9441970937399127,0.565685424949238,0,17.4284145964079
ta,65,2,19,11,5.0,26.405491853021786,2.8138541468092377,0.5685569981889047,0,17.4284145964079
ta,65,2,19,12,5.0,22.638462845343543,3.252249874763689,0.44956066981809384,0,17.4284145964079
ta,65,2,19,13,5.0,22.638462845343543,3.0309354324158972,0.565685424949238,0,17.4284145964079
ta,65,2,19,14,5.0,20.615528128088304,3.3865713167166573,0.565685424949238,0,17.4284145964079
ta,65,2,19,15,5.0,20.0,3.141592653589793,0.482842712474619,0,17.4284145964079
ta,65,2,19,16,5.0,20.615528128088304,2.896613990462929,0.5685569981889047,0,17.4284145964079
ta,65,2,19,17,5.0,16.5,3.141592653589793,0.482842712474619,0,17.4284145964079
ta,65,2,19,18,5.0,13.5,0.0,0.44956066981809384,0,17.4284145964079
ta,65,2,19,19,5.0,10.0,0.0,0.44956066981809384,0,17.4284145964079
ta,65,2,19,20,5.0,11.180339887498949,-0.46364760900080615,0.5685569981889047,0,17.4284145964079
ta,65,2,19,21,5.0,11.180339887498949,0.46364760900080615,0.482842712474619,0,17.4284145964079
ta,65,2,19,22,5.0,7.905694150420948,-0.32175055439664235,0.482842712474619,0,17.4284145964079
ta,65,2,19,23,5.0,7.905694150420948,0.32175055439664213,0.565685424949238,0,17.4284145964079
ta,65,2,19,24,5.0,9.86154146165801,-1.0390722595360913,0.565685424949238,0,17.4284145964079
ta,65,2,19,25,5.0,7.0710678118654755,-0.7853981633974483,0.44956066981809384,1,17.4284145964079
ta,65,2,19,26,5.0,5.0,0.0,0.5685569981889047,0,17.4284145964079
ta,65,2,19,27,5.0,7.0710678118654755,0.7853981633974483,0.565685424949238,0,17.4284145964079
ta,65,2,19,28,5.0,9.86154146165801,1.0390722595360908,0.5685569981889047,0,17.4284145964079
ta,65,2,19,29,5.0,3.5355339059327378,-0.7853981633974483,0.44956066981809384,0,17.4284145964079
ta,65,2,19,30,5.0,3.5355339059327378,0.7853981633974483,0.565685424949238,0,17.4284145964079
ta,65,2,19,31,5.0,5.0,4.71238898038469,0.565685424949238,0,17.4284145964079
ta,65,2,19,32,5.0,0.0,,0.482842712474619,0,17.4284145964079
ta,65,2,19,33,5.0,5.0,1.5707963267948966,0.565685424949238,0,17.4284145964079
ta,65,2,19,35,5.0,44.9694340635948,3.871928421613571,0.3276927682076162,0,17.4284145964079
ta,65,2,19,36,5.0,42.42640687119285,3.9269908169872414,0.44956066981809384,0,17.4284145964079
ta,65,2,19,37,5.0,39.05124837953327,3.8363309297864965,0.5685569981889047,0,17.4284145964079
ta,65,2,19,38,5.0,46.09772228646444,4.003762708257019,0.482842712474619,0,17.4284145964079
ta,65,2,19,39,5.0,38.890872965260115,3.9269908169872414,0.482842712474619,0,17.4284145964079
ta,65,2,19,40,5.0,42.573465914816005,4.010132048875683,0.565685424949238,0,17.4284145964079
ta,65,2,19,41,5.0,32.973474187595095,3.8518636610764796,0.565685424949238,0,17.4284145964079
ta,65,2,19,42,5.0,35.35533905932738,3.9269908169872414,0.44956066981809384,0,17.4284145964079
ta,65,2,19,43,5.0,39.05124837953327,4.017650704187987,0.5685569981889047,0,17.4284145964079
ta,65,2,19,44,5.0,43.01162633521314,4.092139494401868,0.565685424949238,0,17.4284145964079
ta,65,2,19,45,5.0,45.90479277809671,4.136470380766337,0.5685569981889047,0,17.4284145964079
ta,65,2,19,46,5.0,35.531676008879735,4.026659469478403,0.44956066981809384,0,17.4284145964079
ta,65,2,19,47,5.0,39.528470752104745,4.1068443167797195,0.565685424949238,0,17.4284145964079
ta,65,2,19,48,5.0,32.01562118716424,4.037648038161137,0.565685424949238,0,17.4284145964079
ta,65,2,19,49,5.0,36.05551275463989,4.124386376837123,0.482842712474619,0,17.4284145964079
ta,65,2,19,50,5.0,40.311288741492746,4.193242866138167,0.5685569981889047,0,17.4284145964079
ta,65,2,19,51,5.0,34.23813663153998,4.209545769456829,0.482842712474619,0,17.4284145964079
ta,65,2,19,52,5.0,32.89756829919196,-1.147942400661956,0.44956066981809384,0,17.4284145964079
ta,65,2,19,53,5.0,31.622776601683793,-1.2490457723982544,0.44956066981809384,0,17.4284145964079
ta,65,2,19,54,5.0,26.92582403567252,-1.1902899496825317,0.5685569981889047,0,17.4284145964079
ta,65,2,19,55,5.0,36.40054944640259,-1.2924966677897851,0.482842712474619,0,17.4284145964079
ta,65,2,19,56,5.0,28.50438562747845,-1.3045442776439713,0.482842712474619,0,17.4284145964079
ta,65,2,19,57,5.0,33.354160160315836,-1.3439974787410107,0.565685424949238,0,17.4284145964079
ta,65,2,19,58,5.0,22.073740054644116,-1.3422996875030342,0.565685424949238,0,17.4284145964079
ta,65,2,19,59,5.0,25.495097567963924,-1.3734007669450161,0.44956066981809384,0,17.4284145964079
ta,65,2,19,60,5.0,30.4138126514911,-1.4056476493802696,0.5685569981889047,0,17.4284145964079
ta,65,2,19,61,5.0,35.35533905932738,-1.4288992721907325,0.565685424949238,0,17.4284145964079
ta,65,2,19,62,5.0,38.82331773560833,-1.4416490366668766,0.5685569981889047,0,17.4284145964079
ta,65,2,19,63,5.0,27.613402542968153,-1.4801364395941516,0.44956066981809384,0,17.4284145964079
ta,65,2,19,64,5.0,32.59601202601324,-1.4940244355251187,0.565685424949238,0,17.4284145964079
ta,65,2,19,65,5.0,25.0,4.71238898038469,0.565685424949238,0,17.4284145964079
ta,65,2,19,66,5.0,30.0,4.71238898038469,0.482842712474619,0,17.4284145964079
ta,65,2,19,67,5.0,35.0,4.71238898038469,0.5685569981889047,0,17.4284145964079
ta,65,2,19,68,5.0,30.20347662107791,4.596247353504699,0.482842712474619,0,17.4284145964079
ta,65,2,20,1,5.0,38.82331773560833,3.7978435268592214,0.44956066981809384,0,18.04329005830925
ta,65,2,20,2,5.0,35.35533905932738,3.7850937623830774,0.44956066981809384,0,18.04329005830925
ta,65,2,20,3,5.0,35.0,3.9269908169872414,0.5685569981889047,0,18.04329005830925
ta,65,2,20,4,5.0,36.40054944640259,3.64869115798213,0.482842712474619,0,18.04329005830925
ta,65,2,20,5,5.0,32.59601202601324,3.8502189257174635,0.482842712474619,0,18.04329005830925
ta,65,2,20,6,5.0,33.354160160315836,3.7001919689333556,0.565685424949238,0,18.04329005830925
ta,65,2,20,7,5.0,30.20347662107791,4.043132443867232,0.565685424949238,0,18.04329005830925
ta,65,2,20,9,5.0,30.4138126514911,3.7618421395726145,0.565685424949238,0,18.04329005830925
ta,65,2,20,10,5.0,31.622776601683793,3.6052402625905993,0.565685424949238,0,18.04329005830925
ta,65,2,20,11,5.0,32.89756829919196,3.5041368908543005,0.5685569981889047,0,18.04329005830925
ta,65,2,20,12,5.0,27.613402542968153,3.836330929786496,0.44956066981809384,0,18.04329005830925
ta,65,2,20,13,5.0,28.50438562747845,3.660738767836316,0.565685424949238,0,18.04329005830925
ta,65,2,20,14,5.0,25.0,3.9269908169872414,0.565685424949238,0,18.04329005830925
ta,65,2,20,15,5.0,25.495097567963924,3.729595257137361,0.482842712474619,0,18.04329005830925
ta,65,2,20,16,5.0,26.92582403567252,3.5464844398748765,0.5685569981889047,0,18.04329005830925
ta,65,2,20,17,5.0,22.073740054644116,3.6984941776953795,0.482842712474619,0,18.04329005830925
ta,65,2,20,18,5.0,9.86154146165801,1.3171222306562538,0.44956066981809384,0,18.04329005830925
ta,65,2,20,19,5.0,7.0710678118654755,1.5707963267948966,0.44956066981809384,0,18.04329005830925
ta,65,2,20,20,5.0,5.0,0.7853981633974483,0.5685569981889047,0,18.04329005830925
ta,65,2,20,21,5.0,11.180339887498949,1.8925468811915387,0.482842712474619,0,18.04329005830925
ta,65,2,20,22,5.0,3.5355339059327378,1.5707963267948966,0.482842712474619,0,18.04329005830925
ta,65,2,20,23,5.0,7.905694150420948,2.0344439357957027,0.565685424949238,0,18.04329005830925
ta,65,2,20,24,5.0,3.5,5.497787143782138,0.565685424949238,0,18.04329005830925
ta,65,2,20,25,5.0,0.0,,0.44956066981809384,0,18.04329005830925
ta,65,2,20,26,5.0,5.0,2.356194490192345,0.5685569981889047,0,18.04329005830925
ta,65,2,20,27,5.0,10.0,2.356194490192345,0.565685424949238,0,18.04329005830925
ta,65,2,20,28,5.0,13.5,2.356194490192345,0.5685569981889047,0,18.04329005830925
ta,65,2,20,29,5.0,3.5355339059327378,3.141592653589793,0.44956066981809384,0,18.04329005830925
ta,65,2,20,30,5.0,7.905694150420948,2.677945044588987,0.565685424949238,0,18.04329005830925
ta,65,2,20,31,5.0,5.0,3.9269908169872414,0.565685424949238,0,18.04329005830925
ta,65,2,20,33,5.0,11.180339887498949,2.819842099193151,0.565685424949238,0,18.04329005830925
ta,65,2,20,34,5.0,9.86154146165801,3.395266749728436,0.482842712474619,0,18.04329005830925
ta,65,2,20,35,5.0,45.90479277809671,4.502909416605594,0.3276927682076162,0,18.04329005830925
ta,65,2,20,36,5.0,43.01162633521314,4.547240302970063,0.44956066981809384,0,18.04329005830925
ta,65,2,20,37,5.0,40.311288741492746,4.446136931233765,0.5685569981889047,0,18.04329005830925
ta,65,2,20,38,5.0,46.09772228646444,4.635617089114912,0.482842712474619,0,18.04329005830925
ta,65,2,20,39,5.0,39.528470752104745,4.532535480592212,0.482842712474619,0,18.04329005830925
ta,65,2,20,40,5.0,42.573465914816005,4.629247748496248,0.565685424949238,0,18.04329005830925
ta,65,2,20,41,5.0,34.23813663153998,4.429834027915103,0.565685424949238,0,18.04329005830925
ta,65,2,20,42,5.0,36.05551275463989,4.514993420534809,0.44956066981809384,0,18.04329005830925
ta,65,2,20,43,5.0,39.05124837953327,4.621729093183944,0.5685569981889047,0,18.04329005830925
ta,65,2,20,44,5.0,42.42640687119285,4.71238898038469,0.565685424949238,0,18.04329005830925
ta,65,2,20,45,5.0,44.9694340635948,4.76745137575836,0.5685569981889047,0,18.04329005830925
ta,65,2,20,46,5.0,35.531676008879735,4.612720327893528,0.44956066981809384,0,18.04329005830925
ta,65,2,20,47,5.0,38.890872965260115,4.71238898038469,0.565685424949238,0,18.04329005830925
ta,65,2,20,48,5.0,32.01562118716424,4.601731759210795,0.565685424949238,0,18.04329005830925
ta,65,2,20,49,5.0,35.35533905932738,4.71238898038469,0.482842712474619,0,18.04329005830925
ta,65,2,20,50,5.0,39.05124837953327,4.803048867585435,0.5685569981889047,0,18.04329005830925
ta,65,2,20,51,5.0,32.973474187595095,4.7875161362954515,0.482842712474619,0,18.04329005830925
ta,65,2,20,52,5.0,26.405491853021786,-0.4576596566168929,0.44956066981809384,0,18.04329005830925
ta,65,2,20,53,5.0,25.495097567963924,-0.5880026035475678,0.44956066981809384,0,18.04329005830925
ta,65,2,20,54,5.0,20.615528128088304,-0.540419500270584,0.5685569981889047,0,18.04329005830925
ta,65,2,20,55,5.0,30.4138126514911,-0.6202494859828214,0.482842712474619,0,18.04329005830925
ta,65,2,20,56,5.0,22.638462845343543,-0.6747409422235529,0.482842712474619,0,18.04329005830925
ta,65,2,20,57,5.0,27.613402542968153,-0.6947382761967034,0.565685424949238,0,18.04329005830925
ta,65,2,20,58,5.0,16.5,5.497787143782138,0.565685424949238,0,18.04329005830925
ta,65,2,20,59,5.0,20.0,5.497787143782138,0.44956066981809384,1,18.04329005830925
ta,65,2,20,60,5.0,25.0,5.497787143782138,0.5685569981889047,0,18.04329005830925
ta,65,2,20,61,5.0,30.0,5.497787143782138,0.565685424949238,0,18.04329005830925
ta,65,2,20,62,5.0,33.5,5.497787143782138,0.5685569981889047,0,18.04329005830925
ta,65,2,20,63,5.0,22.638462845343543,5.387129922608242,0.44956066981809384,0,18.04329005830925
ta,65,2,20,64,5.0,27.613402542968153,5.4071272565813935,0.565685424949238,0,18.04329005830925
ta,65,2,20,65,5.0,20.615528128088304,5.252808480655274,0.565685424949238,0,18.04329005830925
ta,65,2,20,66,5.0,25.495097567963924,5.3003915839322575,0.482842712474619,0,18.04329005830925
ta,65,2,20,67,5.0,30.4138126514911,5.332638466367511,0.5685569981889047,0,18.04329005830925
ta,65,2,20,68,5.0,26.405491853021786,5.170048637001583,0.482842712474619,0,18.04329005830925
ta,65,2,21,1,5.0,45.90479277809671,-2.1467149264132495,0.44956066981809384,0,19.782420493091852
ta,65,2,21,2,5.0,43.01162633521314,-2.191045812777718,0.44956066981809384,0,19.782420493091852
ta,65,2,21,3,5.0,40.311288741492746,-2.089942441041419,0.5685569981889047,0,19.782420493091852
ta,65,2,21,4,5.0,46.09772228646444,-2.279422598922567,0.482842712474619,0,19.782420493091852
ta,65,2,21,5,5.0,39.528470752104745,-2.1763409903998667,0.482842712474619,0,19.782420493091852
ta,65,2,21,6,5.0,42.573465914816005,-2.2730532583039036,0.565685424949238,0,19.782420493091852
ta,65,2,21,7,5.0,34.23813663153998,-2.073639537722757,0.565685424949238,0,19.782420493091852
ta,65,2,21,8,5.0,36.05551275463989,-2.158798930342464,0.44956066981809384,0,19.782420493091852
ta,65,2,21,9,5.0,39.05124837953327,-2.2655346029915995,0.5685569981889047,0,19.782420493091852
ta,65,2,21,10,5.0,42.42640687119285,-2.356194490192345,0.565685424949238,0,19.782420493091852
ta,65,2,21,11,5.0,44.9694340635948,-2.411256885566015,0.5685569981889047,0,19.782420493091852
ta,65,2,21,12,5.0,35.531676008879735,-2.256525837701183,0.44956066981809384,0,19.782420493091852
ta,65,2,21,13,5.0,38.890872965260115,-2.356194490192345,0.565685424949238,0,19.782420493091852
ta,65,2,21,14,5.0,32.01562118716424,-2.245537269018449,0.565685424949238,0,19.782420493091852
ta,65,2,21,15,5.0,35.35533905932738,-2.356194490192345,0.482842712474619,0,19.782420493091852
ta,65,2,21,16,5.0,39.05124837953327,-2.44685437739309,0.5685569981889047,0,19.782420493091852
ta,65,2,21,17,5.0,32.973474187595095,-2.4313216461031066,0.482842712474619,0,19.782420493091852
ta,65,2,21,18,5.0,26.405491853021786,-3.4693311603703485,0.44956066981809384,0,19.782420493091852
ta,65,2,21,19,5.0,25.495097567963924,-3.338988213439674,0.44956066981809384,0,19.782420493091852
ta,65,2,21,20,5.0,20.615528128088304,-3.3865713167166573,0.5685569981889047,0,19.782420493091852
ta,65,2,21,21,5.0,30.4138126514911,-3.30674133100442,0.482842712474619,0,19.782420493091852
ta,65,2,21,22,5.0,22.638462845343543,-3.252249874763689,0.482842712474619,0,19.782420493091852
ta,65,2,21,23,5.0,27.613402542968153,-3.232252540790538,0.565685424949238,0,19.782420493091852
ta,65,2,21,24,5.0,16.5,-3.141592653589793,0.565685424949238,0,19.782420493091852
ta,65,2,21,26,5.0,25.0,-3.141592653589793,0.565685424949238,0,19.782420493091852
ta,65,2,21,27,5.0,30.0,-3.141592653589793,0.565685424949238,0,19.782420493091852
ta,65,2,21,28,5.0,33.5,-3.141592653589793,0.5685569981889047,0,19.782420493091852
ta,65,2,21,29,5.0,22.638462845343543,-3.0309354324158972,0.44956066981809384,0,19.782420493091852
ta,65,2,21,30,5.0,27.613402542968153,-3.050932766389048,0.565685424949238,0,19.782420493091852
ta,65,2,21,31,5.0,20.615528128088304,-2.896613990462929,0.565685424949238,0,19.782420493091852
ta,65,2,21,32,5.0,25.495097567963924,-2.9441970937399122,0.482842712474619,0,19.782420493091852
ta,65,2,21,33,5.0,30.4138126514911,-2.976443976175166,0.5685569981889047,0,19.782420493091852
ta,65,2,21,34,5.0,26.405491853021786,-2.8138541468092377,0.482842712474619,0,19.782420493091852
ta,65,2,21,35,5.0,38.82331773560833,-1.4416490366668764,0.44956066981809384,0,19.782420493091852
ta,65,2,21,36,5.0,35.35533905932738,-1.4288992721907325,0.44956066981809384,0,19.782420493091852
ta,65,2,21,37,5.0,35.0,-1.5707963267948966,0.5685569981889047,0,19.782420493091852
ta,65,2,21,38,5.0,36.40054944640259,-1.2924966677897851,0.482842712474619,0,19.782420493091852
ta,65,2,21,39,5.0,32.59601202601324,-1.4940244355251184,0.482842712474619,0,19.782420493091852
ta,65,2,21,40,5.0,33.354160160315836,-1.3439974787410107,0.565685424949238,0,19.782420493091852
ta,65,2,21,41,5.0,30.20347662107791,-1.6869379536748867,0.565685424949238,0,19.782420493091852
ta,65,2,21,42,5.0,30.0,-1.5707963267948966,0.44956066981809384,0,19.782420493091852
ta,65,2,21,43,5.0,30.4138126514911,-1.4056476493802696,0.5685569981889047,0,19.782420493091852
ta,65,2,21,44,5.0,31.622776601683793,-1.2490457723982542,0.565685424949238,0,19.782420493091852
ta,65,2,21,45,5.0,32.89756829919196,-1.1479424006619559,0.5685569981889047,0,19.782420493091852
ta,65,2,21,46,5.0,27.613402542968153,-1.4801364395941514,0.44956066981809384,0,19.782420493091852
ta,65,2,21,47,5.0,28.50438562747845,-1.304544277643971,0.565685424949238,0,19.782420493091852
ta,65,2,21,48,5.0,25.0,-1.5707963267948966,0.565685424949238,0,19.782420493091852
ta,65,2,21,49,5.0,25.495097567963924,-1.3734007669450157,0.482842712474619,0,19.782420493091852
ta,65,2,21,50,5.0,26.92582403567252,-1.1902899496825317,0.5685569981889047,0,19.782420493091852
ta,65,2,21,51,5.0,22.073740054644116,-1.3422996875030342,0.482842712474619,0,19.782420493091852
ta,65,2,21,52,5.0,9.86154146165801,-5.244113047643495,0.44956066981809384,0,19.782420493091852
ta,65,2,21,53,5.0,7.0710678118654755,-5.497787143782138,0.44956066981809384,0,19.782420493091852
ta,65,2,21,54,5.0,5.0,-4.71238898038469,0.5685569981889047,0,19.782420493091852
ta,65,2,21,55,5.0,11.180339887498949,-5.81953769817878,0.482842712474619,0,19.782420493091852
ta,65,2,21,56,5.0,3.5355339059327378,-5.497787143782138,0.482842712474619,0,19.782420493091852
ta,65,2,21,57,5.0,7.905694150420948,-5.961434752782944,0.565685424949238,0,19.782420493091852
ta,65,2,21,58,5.0,3.5,-3.141592653589793,0.565685424949238,0,19.782420493091852
ta,65,2,21,59,5.0,0.0,,0.44956066981809384,0,19.782420493091852
ta,65,2,21,60,5.0,5.0,0.0,0.5685569981889047,0,19.782420493091852
ta,65,2,21,61,5.0,10.0,0.0,0.565685424949238,0,19.782420493091852
ta,65,2,21,62,5.0,13.5,0.0,0.5685569981889047,0,19.782420493091852
ta,65,2,21,63,5.0,3.5355339059327378,-0.7853981633974483,0.44956066981809384,0,19.782420493091852
ta,65,2,21,64,5.0,7.905694150420948,-0.32175055439664213,0.565685424949238,0,19.782420493091852
ta,65,2,21,65,5.0,5.0,-1.5707963267948966,0.565685424949238,0,19.782420493091852
ta,65,2,21,66,5.0,7.0710678118654755,-0.7853981633974483,0.482842712474619,1,19.782420493091852
ta,65,2,21,67,5.0,11.180339887498949,-0.46364760900080615,0.5685569981889047,0,19.782420493091852
ta,65,2,21,68,5.0,9.86154146165801,-1.0390722595360908,0.482842712474619,0,19.782420493091852
ta,65,2,22,1,5.0,44.9694340635948,-1.5157339314212264,0.44956066981809384,0,20.3972959549932
ta,65,2,22,2,5.0,42.42640687119285,-1.5707963267948966,0.44956066981809384,0,20.3972959549932
ta,65,2,22,3,5.0,39.05124837953327,-1.4801364395941514,0.5685569981889047,0,20.3972959549932
ta,65,2,22,4,5.0,46.09772228646444,-1.6475682180646745,0.482842712474619,0,20.3972959549932
ta,65,2,22,5,5.0,38.890872965260115,-1.5707963267948966,0.482842712474619,0,20.3972959549932
ta,65,2,22,6,5.0,42.573465914816005,-1.6539375586833378,0.565685424949238,0,20.3972959549932
ta,65,2,22,7,5.0,32.973474187595095,-1.4956691708841343,0.565685424949238,0,20.3972959549932
ta,65,2,22,8,5.0,35.35533905932738,-1.5707963267948966,0.44956066981809384,0,20.3972959549932
ta,65,2,22,9,5.0,39.05124837953327,-1.6614562139956417,0.5685569981889047,0,20.3972959549932
ta,65,2,22,10,5.0,43.01162633521314,-1.7359450042095235,0.565685424949238,0,20.3972959549932
ta,65,2,22,11,5.0,45.90479277809671,-1.780275890573992,0.5685569981889047,0,20.3972959549932
ta,65,2,22,12,5.0,35.531676008879735,-1.6704649792860584,0.44956066981809384,0,20.3972959549932
ta,65,2,22,13,5.0,39.528470752104745,-1.7506498265873747,0.565685424949238,0,20.3972959549932
ta,65,2,22,14,5.0,32.01562118716424,-1.6814535479687922,0.565685424949238,0,20.3972959549932
ta,65,2,22,15,5.0,36.05551275463989,-1.7681918866447774,0.482842712474619,0,20.3972959549932
ta,65,2,22,16,5.0,40.311288741492746,-1.8370483759458218,0.5685569981889047,0,20.3972959549932
ta,65,2,22,17,5.0,34.23813663153998,-1.853351279264484,0.482842712474619,0,20.3972959549932
ta,65,2,22,18,5.0,32.89756829919196,-2.7790484163252858,0.44956066981809384,0,20.3972959549932
ta,65,2,22,19,5.0,31.622776601683793,-2.677945044588987,0.44956066981809384,0,20.3972959549932
ta,65,2,22,20,5.0,26.92582403567252,-2.7367008673047097,0.5685569981889047,0,20.3972959549932
ta,65,2,22,21,5.0,36.40054944640259,-2.6344941491974563,0.482842712474619,0,20.3972959549932
ta,65,2,22,22,5.0,28.50438562747845,-2.62244653934327,0.482842712474619,0,20.3972959549932
ta,65,2,22,23,5.0,33.354160160315836,-2.5829933382462307,0.565685424949238,0,20.3972959549932
ta,65,2,22,24,5.0,22.073740054644116,-2.584691129484207,0.565685424949238,0,20.3972959549932
ta,65,2,22,26,5.0,30.4138126514911,-2.5213431676069717,0.565685424949238,0,20.3972959549932
ta,65,2,22,27,5.0,35.35533905932738,-2.498091544796509,0.565685424949238,0,20.3972959549932
ta,65,2,22,28,5.0,38.82331773560833,-2.485341780320365,0.5685569981889047,0,20.3972959549932
ta,65,2,22,29,5.0,27.613402542968153,-2.4468543773930898,0.44956066981809384,0,20.3972959549932
ta,65,2,22,30,5.0,32.59601202601324,-2.4329663814621227,0.565685424949238,0,20.3972959549932
ta,65,2,22,31,5.0,25.0,-2.356194490192345,0.565685424949238,0,20.3972959549932
ta,65,2,22,32,5.0,30.0,-2.356194490192345,0.482842712474619,0,20.3972959549932
ta,65,2,22,33,5.0,35.0,-2.356194490192345,0.5685569981889047,0,20.3972959549932
ta,65,2,22,34,5.0,30.20347662107791,-2.2400528633123544,0.482842712474619,0,20.3972959549932
ta,65,2,22,35,5.0,33.5,-0.7853981633974483,0.44956066981809384,0,20.3972959549932
ta,65,2,22,36,5.0,30.0,-0.7853981633974483,0.44956066981809384,0,20.3972959549932
ta,65,2,22,37,5.0,30.4138126514911,-0.950546840812075,0.5685569981889047,0,20.3972959549932
ta,65,2,22,38,5.0,30.4138126514911,-0.6202494859828214,0.482842712474619,0,20.3972959549932
ta,65,2,22,39,5.0,27.613402542968153,-0.8760580505981934,0.482842712474619,0,20.3972959549932
ta,65,2,22,40,5.0,27.613402542968153,-0.6947382761967031,0.565685424949238,0,20.3972959549932
ta,65,2,22,41,5.0,26.405491853021786,-1.1131366701780037,0.565685424949238,0,20.3972959549932
ta,65,2,22,42,5.0,25.495097567963924,-0.9827937232473289,0.44956066981809384,0,20.3972959549932
ta,65,2,22,43,5.0,25.0,-0.7853981633974483,0.5685569981889047,0,20.3972959549932
ta,65,2,22,44,5.0,25.495097567963924,-0.5880026035475674,0.565685424949238,0,20.3972959549932
ta,65,2,22,45,5.0,26.405491853021786,-0.4576596566168927,0.5685569981889047,0,20.3972959549932
ta,65,2,22,46,5.0,22.638462845343543,-0.8960553845713439,0.44956066981809384,0,20.3972959549932
ta,65,2,22,47,5.0,22.638462845343543,-0.6747409422235526,0.565685424949238,0,20.3972959549932
ta,65,2,22,48,5.0,20.615528128088304,-1.0303768265243123,0.565685424949238,0,20.3972959549932
ta,65,2,22,49,5.0,20.0,-0.7853981633974483,0.482842712474619,0,20.3972959549932
ta,65,2,22,50,5.0,20.615528128088304,-0.540419500270584,0.5685569981889047,0,20.3972959549932
ta,65,2,22,51,5.0,16.5,-0.7853981633974483,0.482842712474619,0,20.3972959549932
ta,65,2,22,52,5.0,13.5,-3.9269908169872414,0.44956066981809384,0,20.3972959549932
ta,65,2,22,53,5.0,10.0,-3.9269908169872414,0.44956066981809384,0,20.3972959549932
ta,65,2,22,54,5.0,11.180339887498949,-3.4633432079864352,0.5685569981889047,0,20.3972959549932
ta,65,2,22,55,5.0,11.180339887498949,-4.3906384259880475,0.482842712474619,0,20.3972959549932
ta,65,2,22,56,5.0,7.905694150420948,-3.6052402625905993,0.482842712474619,0,20.3972959549932
ta,65,2,22,57,5.0,7.905694150420948,-4.2487413713838835,0.565685424949238,0,20.3972959549932
ta,65,2,22,58,5.0,9.86154146165801,-2.8879185574511506,0.565685424949238,0,20.3972959549932
ta,65,2,22,60,5.0,5.0,-3.9269908169872414,0.565685424949238,0,20.3972959549932
ta,65,2,22,61,5.0,7.0710678118654755,-4.71238898038469,0.565685424949238,0,20.3972959549932
ta,65,2,22,62,5.0,9.86154146165801,-4.966063076523333,0.5685569981889047,0,20.3972959549932
ta,65,2,22,63,5.0,3.5355339059327378,-3.141592653589793,0.44956066981809384,0,20.3972959549932
ta,65,2,22,64,5.0,3.5355339059327378,-4.71238898038469,0.565685424949238,0,20.3972959549932
ta,65,2,22,65,5.0,5.0,-2.356194490192345,0.565685424949238,0,20.3972959549932
ta,65,2,22,66,5.0,0.0,,0.482842712474619,0,20.3972959549932
ta,65,2,22,67,5.0,5.0,0.7853981633974483,0.5685569981889047,0,20.3972959549932
ta,65,2,22,68,5.0,3.5,-0.7853981633974483,0.482842712474619,1,20.3972959549932
ta,65,2,23,1,5.0,42.42640687119285,-0.7853981633974483,0.3276927682076162,0,20.70164378108016
ta,65,2,23,2,5.0,40.02811511925087,-0.8472660092618283,0.44956066981809384,0,20.70164378108016
ta,65,2,23,3,5.0,36.43144246389374,-0.7562801818904094,0.5685569981889047,0,20.70164378108016
ta,65,2,23,4,5.0,43.900455578501685,-0.9227394408643822,0.482842712474619,0,20.70164378108016
ta,65,2,23,5,5.0,36.5,-0.8532549862537521,0.482842712474619,0,20.70164378108016
ta,65,2,23,6,5.0,40.40111384603152,-0.9347208240911457,0.565685424949238,0,20.70164378108016
ta,65,2,23,7,5.0,30.405591591021544,-0.7853981633974483,0.565685424949238,0,20.70164378108016
ta,65,2,23,8,5.0,32.973474187595095,-0.8605253193082103,0.44956066981809384,0,20.70164378108016
ta,65,2,23,9,5.0,36.908671067921155,-0.9489720389643067,0.5685569981889047,0,20.70164378108016
ta,65,2,23,10,5.0,41.07614879708174,-1.0199387922631802,0.565685424949238,0,20.70164378108016
ta,65,2,23,11,5.0,44.09648512069868,-1.0614951827928847,0.5685569981889047,0,20.70164378108016
ta,65,2,23,12,5.0,33.425289826716536,-0.9661977367014197,0.44956066981809384,0,20.70164378108016
ta,65,2,23,13,5.0,37.646380968162134,-1.0417658557152478,0.565685424949238,0,20.70164378108016
ta,65,2,23,14,5.0,29.95413160150032,-0.9874233198010406,0.565685424949238,0,20.70164378108016
ta,65,2,23,15,5.0,34.23813663153998,-1.0679531158670357,0.482842712474619,0,20.70164378108016
ta,65,2,23,16,5.0,38.69431482789171,-1.1302659861783835,0.5685569981889047,0,20.70164378108016
ta,65,2,23,17,5.0,32.69556544854363,-1.1618884978439712,0.482842712474619,0,20.70164378108016
ta,65,2,23,18,5.0,34.48187929913333,-2.086345334253876,0.44956066981809384,0,20.70164378108016
ta,65,2,23,19,5.0,32.89756829919196,-1.9936502529278373,0.44956066981809384,0,20.70164378108016
ta,65,2,23,20,5.0,28.412145290350743,-2.0659295902633006,0.5685569981889047,0,20.70164378108016
ta,65,2,23,21,5.0,37.51333096380539,-1.9389270981200601,0.482842712474619,0,20.70164378108016
ta,65,2,23,22,5.0,29.618406439239774,-1.9513027039072615,0.482842712474619,0,20.70164378108016
ta,65,2,23,23,5.0,34.311076928595526,-1.8971551435016591,0.565685424949238,0,20.70164378108016
ta,65,2,23,24,5.0,23.119256043393783,-1.9472866612414195,0.565685424949238,0,20.70164378108016
ta,65,2,23,25,5.0,26.405491853021786,-1.898534833575452,0.44956066981809384,0,20.70164378108016
ta,65,2,23,26,5.0,31.18092365533773,-1.846893346190333,0.5685569981889047,0,20.70164378108016
ta,65,2,23,27,5.0,36.01735692690401,-1.8090410849736416,0.565685424949238,0,20.70164378108016
ta,65,2,23,28,5.0,39.42714800743264,-1.7880897577179176,0.5685569981889047,0,20.70164378108016
ta,65,2,23,29,5.0,28.146935890075138,-1.7856117271965553,0.44956066981809384,0,20.70164378108016
ta,65,2,23,30,5.0,33.04920573932148,-1.7533561799258033,0.565685424949238,0,20.70164378108016
ta,65,2,23,31,5.0,25.243811122728676,-1.709892268276968,0.565685424949238,0,20.70164378108016
ta,65,2,23,32,5.0,30.20347662107791,-1.6869379536748867,0.482842712474619,0,20.70164378108016
ta,65,2,23,33,5.0,35.174564673923115,-1.6704649792860586,0.5685569981889047,0,20.70164378108016
ta,65,2,23,34,5.0,30.0,-1.5707963267948966,0.482842712474619,0,20.70164378108016
ta,65,2,23,35,5.0,30.0,0.0,0.44956066981809384,0,20.70164378108016
ta,65,2,23,36,5.0,26.5,0.0,0.44956066981809384,0,20.70164378108016
ta,65,2,23,37,5.0,26.9675731203236,-0.18648690166721682,0.5685569981889047,0,20.70164378108016
ta,65,2,23,38,5.0,26.9675731203236,0.18648690166721682,0.482842712474619,0,20.70164378108016
ta,65,2,23,39,5.0,24.12985702402731,-0.10379234045704266,0.482842712474619,0,20.70164378108016
ta,65,2,23,40,5.0,24.12985702402731,0.10379234045704289,0.565685424949238,0,20.70164378108016
ta,65,2,23,41,5.0,23.119256043393783,-0.3764903344465229,0.565685424949238,0,20.70164378108016
ta,65,2,23,42,5.0,22.073740054644116,-0.22849663929186215,0.44956066981809384,0,20.70164378108016
ta,65,2,23,43,5.0,21.5,0.0,0.5685569981889047,0,20.70164378108016
ta,65,2,23,44,5.0,22.073740054644116,0.22849663929186237,0.565685424949238,0,20.70164378108016
ta,65,2,23,45,5.0,23.119256043393783,0.3764903344465229,0.5685569981889047,0,20.70164378108016
ta,65,2,23,46,5.0,19.1637678967368,-0.1308273960740569,0.44956066981809384,0,20.70164378108016
ta,65,2,23,47,5.0,19.1637678967368,0.1308273960740569,0.565685424949238,0,20.70164378108016
ta,65,2,23,48,5.0,17.240939649566666,-0.29423456511118773,0.565685424949238,0,20.70164378108016
ta,65,2,23,49,5.0,16.5,0.0,0.482842712474619,1,20.70164378108016
ta,65,2,23,50,5.0,17.240939649566666,0.29423456511118773,0.5685569981889047,0,20.70164378108016
ta,65,2,23,51,5.0,13.0,0.0,0.482842712474619,0,20.70164378108016
ta,65,2,23,52,5.0,17.0,-3.141592653589793,0.44956066981809384,0,20.70164378108016
ta,65,2,23,53,5.0,13.5,-3.141592653589793,0.44956066981809384,0,20.70164378108016
ta,65,2,23,54,5.0,14.396180048887969,-2.7868870015788527,0.5685569981889047,0,20.70164378108016
ta,65,2,23,55,5.0,14.396180048887969,-3.4962983056007335,0.482842712474619,0,20.70164378108016
ta,65,2,23,56,5.0,11.280514172678478,-2.91811605244916,0.482842712474619,0,20.70164378108016
ta,65,2,23,57,5.0,11.280514172678478,-3.365069254730426,0.565685424949238,0,20.70164378108016
ta,65,2,23,58,5.0,12.020815280171307,-2.356194490192345,0.565685424949238,0,20.70164378108016
ta,65,2,23,60,5.0,8.5,-3.141592653589793,0.565685424949238,0,20.70164378108016
ta,65,2,23,61,5.0,9.86154146165801,-3.673316720848599,0.565685424949238,0,20.70164378108016
ta,65,2,23,62,5.0,12.020815280171307,-3.9269908169872414,0.5685569981889047,0,20.70164378108016
ta,65,2,23,63,5.0,6.5,-2.7468015338900313,0.44956066981809384,0,20.70164378108016
ta,65,2,23,64,5.0,6.5,-3.536383773289555,0.565685424949238,0,20.70164378108016
ta,65,2,23,65,5.0,6.103277807866851,-2.181522291184105,0.565685424949238,0,20.70164378108016
ta,65,2,23,67,5.0,6.103277807866851,-4.101663015995481,0.565685424949238,0,20.70164378108016
ta,65,2,23,68,5.0,0.0,,0.482842712474619,0,20.70164378108016
ta,65,2,24,1,5.0,32.89756829919196,-1.1479424006619559,0.3276927682076162,0,22.13642638977581
ta,65,2,24,2,5.0,31.622776601683793,-1.2490457723982544,0.44956066981809384,0,22.13642638977581
ta,65,2,24,3,5.0,26.92582403567252,-1.1902899496825317,0.5685569981889047,0,22.13642638977581
ta,65,2,24,4,5.0,36.40054944640259,-1.2924966677897851,0.482842712474619,0,22.13642638977581
ta,65,2,24,5,5.0,28.50438562747845,-1.3045442776439713,0.482842712474619,0,22.13642638977581
ta,65,2,24,6,5.0,33.354160160315836,-1.3439974787410107,0.565685424949238,0,22.13642638977581
ta,65,2,24,7,5.0,22.073740054644116,-1.3422996875030342,0.565685424949238,0,22.13642638977581
ta,65,2,24,8,5.0,25.495097567963924,-1.373400766945016,0.44956066981809384,0,22.13642638977581
ta,65,2,24,9,5.0,30.4138126514911,-1.4056476493802696,0.5685569981889047,0,22.13642638977581
ta,65,2,24,10,5.0,35.35533905932738,-1.4288992721907325,0.565685424949238,0,22.13642638977581
ta,65,2,24,11,5.0,38.82331773560833,-1.4416490366668766,0.5685569981889047,0,22.13642638977581
ta,65,2,24,12,5.0,27.613402542968153,-1.4801364395941514,0.44956066981809384,0,22.13642638977581
ta,65,2,24,13,5.0,32.59601202601324,-1.4940244355251184,0.565685424949238,0,22.13642638977581
ta,65,2,24,14,5.0,25.0,-1.5707963267948966,0.565685424949238,0,22.13642638977581
ta,65,2,24,15,5.0,30.0,-1.5707963267948966,0.482842712474619,0,22.13642638977581
ta,65,2,24,16,5.0,35.0,-1.5707963267948966,0.5685569981889047,0,22.13642638977581
ta,65,2,24,17,5.0,30.20347662107791,-1.6869379536748867,0.482842712474619,0,22.13642638977581
ta,65,2,24,18,5.0,44.9694340635948,-2.411256885566015,0.44956066981809384,0,22.13642638977581
ta,65,2,24,19,5.0,42.42640687119285,-2.356194490192345,0.44956066981809384,0,22.13642638977581
ta,65,2,24,20,5.0,39.05124837953327,-2.44685437739309,0.5685569981889047,0,22.13642638977581
ta,65,2,24,21,5.0,46.09772228646444,-2.279422598922567,0.482842712474619,0,22.13642638977581
ta,65,2,24,22,5.0,38.890872965260115,-2.356194490192345,0.482842712474619,0,22.13642638977581
ta,65,2,24,23,5.0,42.573465914816005,-2.2730532583039036,0.565685424949238,0,22.13642638977581
ta,65,2,24,24,5.0,32.973474187595095,-2.431321646103107,0.565685424949238,0,22.13642638977581
ta,65,2,24,25,5.0,35.35533905932738,-2.356194490192345,0.44956066981809384,0,22.13642638977581
ta,65,2,24,26,5.0,39.05124837953327,-2.2655346029915995,0.5685569981889047,0,22.13642638977581
ta,65,2,24,27,5.0,43.01162633521314,-2.191045812777718,0.565685424949238,0,22.13642638977581
ta,65,2,24,28,5.0,45.90479277809671,-2.1467149264132495,0.5685569981889047,0,22.13642638977581
ta,65,2,24,29,5.0,35.531676008879735,-2.256525837701183,0.44956066981809384,0,22.13642638977581
ta,65,2,24,30,5.0,39.528470752104745,-2.1763409903998667,0.565685424949238,0,22.13642638977581
ta,65,2,24,31,5.0,32.01562118716424,-2.245537269018449,0.565685424949238,0,22.13642638977581
ta,65,2,24,32,5.0,36.05551275463989,-2.158798930342464,0.482842712474619,0,22.13642638977581
ta,65,2,24,33,5.0,40.311288741492746,-2.0899424410414196,0.5685569981889047,0,22.13642638977581
ta,65,2,24,34,5.0,34.23813663153998,-2.0736395377227574,0.482842712474619,0,22.13642638977581
ta,65,2,24,35,5.0,13.5,0.0,0.44956066981809384,0,22.13642638977581
ta,65,2,24,36,5.0,10.0,0.0,0.44956066981809384,0,22.13642638977581
ta,65,2,24,37,5.0,11.180339887498949,-0.46364760900080615,0.5685569981889047,0,22.13642638977581
ta,65,2,24,38,5.0,11.180339887498949,0.46364760900080615,0.482842712474619,0,22.13642638977581
ta,65,2,24,39,5.0,7.905694150420948,-0.32175055439664213,0.482842712474619,0,22.13642638977581
ta,65,2,24,40,5.0,7.905694150420948,0.32175055439664235,0.565685424949238,0,22.13642638977581
ta,65,2,24,41,5.0,9.86154146165801,-1.0390722595360908,0.565685424949238,0,22.13642638977581
ta,65,2,24,42,5.0,7.0710678118654755,-0.7853981633974483,0.44956066981809384,1,22.13642638977581
ta,65,2,24,43,5.0,5.0,0.0,0.5685569981889047,0,22.13642638977581
ta,65,2,24,44,5.0,7.0710678118654755,0.7853981633974483,0.565685424949238,0,22.13642638977581
ta,65,2,24,45,5.0,9.86154146165801,1.0390722595360913,0.5685569981889047,0,22.13642638977581
ta,65,2,24,46,5.0,3.5355339059327378,-0.7853981633974483,0.44956066981809384,0,22.13642638977581
ta,65,2,24,47,5.0,3.5355339059327378,0.7853981633974483,0.565685424949238,0,22.13642638977581
ta,65,2,24,48,5.0,5.0,-1.5707963267948966,0.565685424949238,0,22.13642638977581
ta,65,2,24,49,5.0,0.0,,0.482842712474619,0,22.13642638977581
ta,65,2,24,50,5.0,5.0,1.5707963267948966,0.5685569981889047,0,22.13642638977581
ta,65,2,24,51,5.0,3.5,-3.141592653589793,0.482842712474619,0,22.13642638977581
ta,65,2,24,52,5.0,33.5,-3.141592653589793,0.44956066981809384,0,22.13642638977581
ta,65,2,24,53,5.0,30.0,-3.141592653589793,0.44956066981809384,0,22.13642638977581
ta,65,2,24,54,5.0,30.4138126514911,-2.976443976175166,0.5685569981889047,0,22.13642638977581
ta,65,2,24,55,5.0,30.4138126514911,-3.30674133100442,0.482842712474619,0,22.13642638977581
ta,65,2,24,56,5.0,27.613402542968153,-3.0509327663890478,0.482842712474619,0,22.13642638977581
ta,65,2,24,57,5.0,27.613402542968153,-3.2322525407905385,0.565685424949238,0,22.13642638977581
ta,65,2,24,58,5.0,26.405491853021786,-2.8138541468092377,0.565685424949238,0,22.13642638977581
ta,65,2,24,60,5.0,25.0,-3.141592653589793,0.565685424949238,0,22.13642638977581
ta,65,2,24,61,5.0,25.495097567963924,-3.338988213439674,0.565685424949238,0,22.13642638977581
ta,65,2,24,62,5.0,26.405491853021786,-3.4693311603703485,0.5685569981889047,0,22.13642638977581
ta,65,2,24,63,5.0,22.638462845343543,-3.0309354324158972,0.44956066981809384,0,22.13642638977581
ta,65,2,24,64,5.0,22.638462845343543,-3.252249874763689,0.565685424949238,0,22.13642638977581
ta,65,2,24,65,5.0,20.615528128088304,-2.896613990462929,0.565685424949238,0,22.13642638977581
ta,65,2,24,66,5.0,20.0,-3.141592653589793,0.482842712474619,0,22.13642638977581
ta,65,2,24,67,5.0,20.615528128088304,-3.3865713167166573,0.565685424949238,0,22.13642638977581
ta,65,2,25,1,5.0,26.405491853021786,-0.45765965661689284,0.44956066981809384,0,22.751301851677155
ta,65,2,25,2,5.0,25.495097567963924,-0.5880026035475675,0.44956066981809384,0,22.751301851677155
ta,65,2,25,3,5.0,20.615528128088304,-0.5404195002705842,0.5685569981889047,0,22.751301851677155
ta,65,2,25,4,5.0,30.4138126514911,-0.6202494859828215,0.482842712474619,0,22.751301851677155
ta,65,2,25,5,5.0,22.638462845343543,-0.6747409422235526,0.482842712474619,0,22.751301851677155
ta,65,2,25,6,5.0,27.613402542968153,-0.6947382761967031,0.565685424949238,0,22.751301851677155
ta,65,2,25,7,5.0,16.5,-0.7853981633974483,0.565685424949238,0,22.751301851677155
ta,65,2,25,8,5.0,20.0,-0.7853981633974483,0.44956066981809384,1,22.751301851677155
ta,65,2,25,9,5.0,25.0,-0.7853981633974483,0.5685569981889047,0,22.751301851677155
ta,65,2,25,10,5.0,30.0,-0.7853981633974483,0.565685424949238,0,22.751301851677155
ta,65,2,25,11,5.0,33.5,-0.7853981633974483,0.5685569981889047,0,22.751301851677155
ta,65,2,25,12,5.0,22.638462845343543,-0.8960553845713439,0.44956066981809384,0,22.751301851677155
ta,65,2,25,13,5.0,27.613402542968153,-0.8760580505981934,0.565685424949238,0,22.751301851677155
ta,65,2,25,14,5.0,20.615528128088304,-1.0303768265243125,0.565685424949238,0,22.751301851677155
ta,65,2,25,15,5.0,25.495097567963924,-0.982793723247329,0.482842712474619,0,22.751301851677155
ta,65,2,25,16,5.0,30.4138126514911,-0.9505468408120751,0.5685569981889047,0,22.751301851677155
ta,65,2,25,17,5.0,26.405491853021786,-1.1131366701780037,0.482842712474619,0,22.751301851677155
ta,65,2,25,18,5.0,45.90479277809671,-1.780275890573992,0.44956066981809384,0,22.751301851677155
ta,65,2,25,19,5.0,43.01162633521314,-1.7359450042095235,0.44956066981809384,0,22.751301851677155
ta,65,2,25,20,5.0,40.311288741492746,-1.837048375945822,0.5685569981889047,0,22.751301851677155
ta,65,2,25,21,5.0,46.09772228646444,-1.6475682180646747,0.482842712474619,0,22.751301851677155
ta,65,2,25,22,5.0,39.528470752104745,-1.750649826587375,0.482842712474619,0,22.751301851677155
ta,65,2,25,23,5.0,42.573465914816005,-1.6539375586833378,0.565685424949238,0,22.751301851677155
ta,65,2,25,24,5.0,34.23813663153998,-1.8533512792644842,0.565685424949238,0,22.751301851677155
ta,65,2,25,25,5.0,36.05551275463989,-1.7681918866447774,0.44956066981809384,0,22.751301851677155
ta,65,2,25,26,5.0,39.05124837953327,-1.6614562139956417,0.5685569981889047,0,22.751301851677155
ta,65,2,25,27,5.0,42.42640687119285,-1.5707963267948966,0.565685424949238,0,22.751301851677155
ta,65,2,25,28,5.0,44.9694340635948,-1.5157339314212264,0.5685569981889047,0,22.751301851677155
ta,65,2,25,29,5.0,35.531676008879735,-1.6704649792860586,0.44956066981809384,0,22.751301851677155
ta,65,2,25,30,5.0,38.890872965260115,-1.5707963267948966,0.565685424949238,0,22.751301851677155
ta,65,2,25,31,5.0,32.01562118716424,-1.6814535479687922,0.565685424949238,0,22.751301851677155
ta,65,2,25,32,5.0,35.35533905932738,-1.5707963267948966,0.482842712474619,0,22.751301851677155
ta,65,2,25,33,5.0,39.05124837953327,-1.4801364395941514,0.5685569981889047,0,22.751301851677155
ta,65,2,25,34,5.0,32.973474187595095,-1.4956691708841345,0.482842712474619,0,22.751301851677155
ta,65,2,25,35,5.0,9.86154146165801,1.317122230656254,0.44956066981809384,0,22.751301851677155
ta,65,2,25,36,5.0,7.0710678118654755,1.5707963267948966,0.44956066981809384,0,22.751301851677155
ta,65,2,25,37,5.0,5.0,0.7853981633974483,0.5685569981889047,0,22.751301851677155
ta,65,2,25,38,5.0,11.180339887498949,1.8925468811915387,0.482842712474619,0,22.751301851677155
ta,65,2,25,39,5.0,3.5355339059327378,1.5707963267948966,0.482842712474619,0,22.751301851677155
ta,65,2,25,40,5.0,7.905694150420948,2.0344439357957027,0.565685424949238,0,22.751301851677155
ta,65,2,25,41,5.0,3.5,-0.7853981633974483,0.565685424949238,0,22.751301851677155
ta,65,2,25,42,5.0,0.0,,0.44956066981809384,0,22.751301851677155
ta,65,2,25,43,5.0,5.0,2.356194490192345,0.5685569981889047,0,22.751301851677155
ta,65,2,25,44,5.0,10.0,2.356194490192345,0.565685424949238,0,22.751301851677155
ta,65,2,25,45,5.0,13.5,2.356194490192345,0.5685569981889047,0,22.751301851677155
ta,65,2,25,46,5.0,3.5355339059327378,-3.141592653589793,0.44956066981809384,0,22.751301851677155
ta,65,2,25,47,5.0,7.905694150420948,-3.6052402625905993,0.565685424949238,0,22.751301851677155
ta,65,2,25,48,5.0,5.0,-2.356194490192345,0.565685424949238,0,22.751301851677155
ta,65,2,25,50,5.0,11.180339887498949,-3.4633432079864352,0.565685424949238,0,22.751301851677155
ta,65,2,25,51,5.0,9.86154146165801,-2.8879185574511506,0.482842712474619,0,22.751301851677155
ta,65,2,25,52,5.0,38.82331773560833,-2.485341780320365,0.3276927682076162,0,22.751301851677155
ta,65,2,25,53,5.0,35.35533905932738,-2.498091544796509,0.44956066981809384,0,22.751301851677155
ta,65,2,25,54,5.0,35.0,-2.356194490192345,0.5685569981889047,0,22.751301851677155
ta,65,2,25,55,5.0,36.40054944640259,-2.6344941491974563,0.482842712474619,0,22.751301851677155
ta,65,2,25,56,5.0,32.59601202601324,-2.4329663814621227,0.482842712474619,0,22.751301851677155
ta,65,2,25,57,5.0,33.354160160315836,-2.5829933382462307,0.565685424949238,0,22.751301851677155
ta,65,2,25,58,5.0,30.20347662107791,-2.2400528633123544,0.565685424949238,0,22.751301851677155
ta,65,2,25,60,5.0,30.4138126514911,-2.5213431676069717,0.565685424949238,0,22.751301851677155
ta,65,2,25,61,5.0,31.622776601683793,-2.677945044588987,0.565685424949238,0,22.751301851677155
ta,65,2,25,62,5.0,32.89756829919196,-2.7790484163252858,0.5685569981889047,0,22.751301851677155
ta,65,2,25,63,5.0,27.613402542968153,-2.44685437739309,0.44956066981809384,0,22.751301851677155
ta,65,2,25,64,5.0,28.50438562747845,-2.6224465393432705,0.565685424949238,0,22.751301851677155
ta,65,2,25,65,5.0,25.0,-2.356194490192345,0.565685424949238,0,22.751301851677155
ta,65,2,25,66,5.0,25.495097567963924,-2.5535900500422257,0.482842712474619,0,22.751301851677155
ta,65,2,25,67,5.0,26.92582403567252,-2.7367008673047097,0.5685569981889047,0,22.751301851677155
ta,65,2,25,68,5.0,22.073740054644116,-2.584691129484207,0.482842712474619,0,22.751301851677155
ta,65,2,26,1,5.0,9.86154146165801,1.039072259536091,0.44956066981809384,0,24.490432286459765
ta,65,2,26,2,5.0,7.0710678118654755,0.7853981633974483,0.44956066981809384,0,24.490432286459765
ta,65,2,26,3,5.0,5.0,1.5707963267948966,0.5685569981889047,0,24.490432286459765
ta,65,2,26,4,5.0,11.180339887498949,0.4636476090008061,0.482842712474619,0,24.490432286459765
ta,65,2,26,5,5.0,3.5355339059327378,0.7853981633974483,0.482842712474619,0,24.490432286459765
ta,65,2,26,6,5.0,7.905694150420948,0.3217505543966422,0.565685424949238,0,24.490432286459765
ta,65,2,26,7,5.0,3.5,3.141592653589793,0.565685424949238,0,24.490432286459765
ta,65,2,26,8,5.0,0.0,,0.44956066981809384,0,24.490432286459765
ta,65,2,26,9,5.0,5.0,0.0,0.5685569981889047,0,24.490432286459765
ta,65,2,26,10,5.0,10.0,0.0,0.565685424949238,0,24.490432286459765
ta,65,2,26,11,5.0,13.5,0.0,0.5685569981889047,0,24.490432286459765
ta,65,2,26,12,5.0,3.5355339059327378,-0.7853981633974483,0.44956066981809384,0,24.490432286459765
ta,65,2,26,13,5.0,7.905694150420948,-0.3217505543966422,0.565685424949238,0,24.490432286459765
ta,65,2,26,14,5.0,5.0,-1.5707963267948966,0.565685424949238,0,24.490432286459765
ta,65,2,26,15,5.0,7.0710678118654755,-0.7853981633974483,0.482842712474619,1,24.490432286459765
ta,65,2,26,16,5.0,11.180339887498949,-0.4636476090008061,0.5685569981889047,0,24.490432286459765
ta,65,2,26,17,5.0,9.86154146165801,-1.039072259536091,0.482842712474619,0,24.490432286459765
ta,65,2,26,18,5.0,38.82331773560833,-1.4416490366668766,0.44956066981809384,0,24.490432286459765
ta,65,2,26,19,5.0,35.35533905932738,-1.4288992721907328,0.44956066981809384,0,24.490432286459765
ta,65,2,26,20,5.0,35.0,-1.5707963267948966,0.5685569981889047,0,24.490432286459765
ta,65,2,26,21,5.0,36.40054944640259,-1.2924966677897853,0.482842712474619,0,24.490432286459765
ta,65,2,26,22,5.0,32.59601202601324,-1.4940244355251187,0.482842712474619,0,24.490432286459765
ta,65,2,26,23,5.0,33.354160160315836,-1.3439974787410107,0.565685424949238,0,24.490432286459765
ta,65,2,26,24,5.0,30.20347662107791,-1.6869379536748867,0.565685424949238,0,24.490432286459765
ta,65,2,26,25,5.0,30.0,-1.5707963267948966,0.44956066981809384,0,24.490432286459765
ta,65,2,26,26,5.0,30.4138126514911,-1.4056476493802699,0.5685569981889047,0,24.490432286459765
ta,65,2,26,27,5.0,31.622776601683793,-1.2490457723982544,0.565685424949238,0,24.490432286459765
ta,65,2,26,28,5.0,32.89756829919196,-1.1479424006619559,0.5685569981889047,0,24.490432286459765
ta,65,2,26,29,5.0,27.613402542968153,-1.4801364395941514,0.44956066981809384,0,24.490432286459765
ta,65,2,26,30,5.0,28.50438562747845,-1.3045442776439713,0.565685424949238,0,24.490432286459765
ta,65,2,26,31,5.0,25.0,-1.5707963267948966,0.565685424949238,0,24.490432286459765
ta,65,2,26,32,5.0,25.495097567963924,-1.373400766945016,0.482842712474619,0,24.490432286459765
ta,65,2,26,33,5.0,26.92582403567252,-1.1902899496825317,0.5685569981889047,0,24.490432286459765
ta,65,2,26,34,5.0,22.073740054644116,-1.3422996875030344,0.482842712474619,0,24.490432286459765
ta,65,2,26,35,5.0,26.405491853021786,2.8138541468092377,0.44956066981809384,0,24.490432286459765
ta,65,2,26,36,5.0,25.495097567963924,2.9441970937399127,0.44956066981809384,0,24.490432286459765
ta,65,2,26,37,5.0,20.615528128088304,2.896613990462929,0.5685569981889047,0,24.490432286459765
ta,65,2,26,38,5.0,30.4138126514911,2.976443976175166,0.482842712474619,0,24.490432286459765
ta,65,2,26,39,5.0,22.638462845343543,3.0309354324158977,0.482842712474619,0,24.490432286459765
ta,65,2,26,40,5.0,27.613402542968153,3.050932766389048,0.565685424949238,0,24.490432286459765
ta,65,2,26,41,5.0,16.5,3.141592653589793,0.565685424949238,0,24.490432286459765
ta,65,2,26,43,5.0,25.0,3.141592653589793,0.565685424949238,0,24.490432286459765
ta,65,2,26,44,5.0,30.0,3.141592653589793,0.565685424949238,0,24.490432286459765
ta,65,2,26,45,5.0,33.5,3.141592653589793,0.5685569981889047,0,24.490432286459765
ta,65,2,26,46,5.0,22.638462845343543,-3.0309354324158977,0.44956066981809384,0,24.490432286459765
ta,65,2,26,47,5.0,27.613402542968153,-3.050932766389048,0.565685424949238,0,24.490432286459765
ta,65,2,26,48,5.0,20.615528128088304,-2.896613990462929,0.565685424949238,0,24.490432286459765
ta,65,2,26,49,5.0,25.495097567963924,-2.9441970937399127,0.482842712474619,0,24.490432286459765
ta,65,2,26,50,5.0,30.4138126514911,-2.976443976175166,0.5685569981889047,0,24.490432286459765
ta,65,2,26,51,5.0,26.405491853021786,-2.8138541468092377,0.482842712474619,0,24.490432286459765
ta,65,2,26,52,5.0,45.90479277809671,-2.1467149264132495,0.44956066981809384,0,24.490432286459765
ta,65,2,26,53,5.0,43.01162633521314,-2.191045812777718,0.44956066981809384,0,24.490432286459765
ta,65,2,26,54,5.0,40.311288741492746,-2.0899424410414196,0.5685569981889047,0,24.490432286459765
ta,65,2,26,55,5.0,46.09772228646444,-2.279422598922567,0.482842712474619,0,24.490432286459765
ta,65,2,26,56,5.0,39.528470752104745,-2.1763409903998667,0.482842712474619,0,24.490432286459765
ta,65,2,26,57,5.0,42.573465914816005,-2.2730532583039036,0.565685424949238,0,24.490432286459765
ta,65,2,26,58,5.0,34.23813663153998,-2.0736395377227574,0.565685424949238,0,24.490432286459765
ta,65,2,26,59,5.0,36.05551275463989,-2.158798930342464,0.44956066981809384,0,24.490432286459765
ta,65,2,26,60,5.0,39.05124837953327,-2.2655346029916,0.5685569981889047,0,24.490432286459765
ta,65,2,26,61,5.0,42.42640687119285,-2.356194490192345,0.565685424949238,0,24.490432286459765
ta,65,2,26,62,5.0,44.9694340635948,-2.411256885566015,0.5685569981889047,0,24.490432286459765
ta,65,2,26,63,5.0,35.531676008879735,-2.256525837701183,0.44956066981809384,0,24.490432286459765
ta,65,2,26,64,5.0,38.890872965260115,-2.356194490192345,0.565685424949238,0,24.490432286459765
ta,65,2,26,65,5.0,32.01562118716424,-2.2455372690184494,0.565685424949238,0,24.490432286459765
ta,65,2,26,66,5.0,35.35533905932738,-2.356194490192345,0.482842712474619,0,24.490432286459765
ta,65,2,26,67,5.0,39.05124837953327,-2.44685437739309,0.5685569981889047,0,24.490432286459765
ta,65,2,26,68,5.0,32.973474187595095,-2.431321646103107,0.482842712474619,0,24.490432286459765
ta,65,2,27,1,5.0,13.5,2.356194490192345,0.44956066981809384,0,25.10530774836111
ta,65,2,27,2,5.0,10.0,2.356194490192345,0.44956066981809384,0,25.10530774836111
ta,65,2,27,3,5.0,11.180339887498949,2.819842099193151,0.5685569981889047,0,25.10530774836111
ta,65,2,27,4,5.0,11.180339887498949,1.8925468811915387,0.482842712474619,0,25.10530774836111
ta,65,2,27,5,5.0,7.905694150420948,2.677945044588987,0.482842712474619,0,25.10530774836111
ta,65,2,27,6,5.0,7.905694150420948,2.0344439357957027,0.565685424949238,0,25.10530774836111
ta,65,2,27,7,5.0,9.86154146165801,3.395266749728436,0.565685424949238,0,25.10530774836111
ta,65,2,27,9,5.0,5.0,2.356194490192345,0.565685424949238,0,25.10530774836111
ta,65,2,27,10,5.0,7.0710678118654755,1.5707963267948966,0.565685424949238,0,25.10530774836111
ta,65,2,27,11,5.0,9.86154146165801,1.317122230656254,0.5685569981889047,0,25.10530774836111
ta,65,2,27,12,5.0,3.5355339059327378,3.141592653589793,0.44956066981809384,0,25.10530774836111
ta,65,2,27,13,5.0,3.5355339059327378,1.5707963267948966,0.565685424949238,0,25.10530774836111
ta,65,2,27,14,5.0,5.0,3.9269908169872414,0.565685424949238,0,25.10530774836111
ta,65,2,27,15,5.0,0.0,,0.482842712474619,0,25.10530774836111
ta,65,2,27,16,5.0,5.0,0.7853981633974483,0.5685569981889047,0,25.10530774836111
ta,65,2,27,17,5.0,3.5,-0.7853981633974483,0.482842712474619,1,25.10530774836111
ta,65,2,27,18,5.0,33.5,-0.7853981633974483,0.44956066981809384,0,25.10530774836111
ta,65,2,27,19,5.0,30.0,-0.7853981633974483,0.44956066981809384,0,25.10530774836111
ta,65,2,27,20,5.0,30.4138126514911,-0.9505468408120752,0.5685569981889047,0,25.10530774836111
ta,65,2,27,21,5.0,30.4138126514911,-0.6202494859828216,0.482842712474619,0,25.10530774836111
ta,65,2,27,22,5.0,27.613402542968153,-0.8760580505981934,0.482842712474619,0,25.10530774836111
ta,65,2,27,23,5.0,27.613402542968153,-0.6947382761967031,0.565685424949238,0,25.10530774836111
ta,65,2,27,24,5.0,26.405491853021786,-1.1131366701780039,0.565685424949238,0,25.10530774836111
ta,65,2,27,25,5.0,25.495097567963924,-0.9827937232473292,0.44956066981809384,0,25.10530774836111
ta,65,2,27,26,5.0,25.0,-0.7853981633974483,0.5685569981889047,0,25.10530774836111
ta,65,2,27,27,5.0,25.495097567963924,-0.5880026035475676,0.565685424949238,0,25.10530774836111
ta,65,2,27,28,5.0,26.405491853021786,-0.4576596566168929,0.5685569981889047,0,25.10530774836111
ta,65,2,27,29,5.0,22.638462845343543,-0.8960553845713439,0.44956066981809384,0,25.10530774836111
ta,65,2,27,30,5.0,22.638462845343543,-0.6747409422235526,0.565685424949238,0,25.10530774836111
ta,65,2,27,31,5.0,20.615528128088304,-1.0303768265243125,0.565685424949238,0,25.10530774836111
ta,65,2,27,32,5.0,20.0,-0.7853981633974483,0.482842712474619,0,25.10530774836111
ta,65,2,27,33,5.0,20.615528128088304,-0.5404195002705843,0.5685569981889047,0,25.10530774836111
ta,65,2,27,34,5.0,16.5,-0.7853981633974483,0.482842712474619,0,25.10530774836111
ta,65,2,27,35,5.0,32.89756829919196,3.504136890854301,0.44956066981809384,0,25.10530774836111
ta,65,2,27,36,5.0,31.622776601683793,3.6052402625905993,0.44956066981809384,0,25.10530774836111
ta,65,2,27,37,5.0,26.92582403567252,3.5464844398748765,0.5685569981889047,0,25.10530774836111
ta,65,2,27,38,5.0,36.40054944640259,3.64869115798213,0.482842712474619,0,25.10530774836111
ta,65,2,27,39,5.0,28.50438562747845,3.660738767836316,0.482842712474619,0,25.10530774836111
ta,65,2,27,40,5.0,33.354160160315836,3.7001919689333556,0.565685424949238,0,25.10530774836111
ta,65,2,27,41,5.0,22.073740054644116,3.698494177695379,0.565685424949238,0,25.10530774836111
ta,65,2,27,43,5.0,30.4138126514911,3.7618421395726145,0.565685424949238,0,25.10530774836111
ta,65,2,27,44,5.0,35.35533905932738,3.7850937623830774,0.565685424949238,0,25.10530774836111
ta,65,2,27,45,5.0,38.82331773560833,3.7978435268592214,0.5685569981889047,0,25.10530774836111
ta,65,2,27,46,5.0,27.613402542968153,3.8363309297864965,0.44956066981809384,0,25.10530774836111
ta,65,2,27,47,5.0,32.59601202601324,3.8502189257174635,0.565685424949238,0,25.10530774836111
ta,65,2,27,48,5.0,25.0,3.9269908169872414,0.565685424949238,0,25.10530774836111
ta,65,2,27,49,5.0,30.0,3.9269908169872414,0.482842712474619,0,25.10530774836111
ta,65,2,27,50,5.0,35.0,3.9269908169872414,0.5685569981889047,0,25.10530774836111
ta,65,2,27,51,5.0,30.20347662107791,-2.240052863312355,0.482842712474619,0,25.10530774836111
ta,65,2,27,52,5.0,44.9694340635948,-1.5157339314212264,0.44956066981809384,0,25.10530774836111
ta,65,2,27,53,5.0,42.42640687119285,-1.5707963267948966,0.44956066981809384,0,25.10530774836111
ta,65,2,27,54,5.0,39.05124837953327,-1.4801364395941516,0.5685569981889047,0,25.10530774836111
ta,65,2,27,55,5.0,46.09772228646444,-1.647568218064675,0.482842712474619,0,25.10530774836111
ta,65,2,27,56,5.0,38.890872965260115,-1.5707963267948966,0.482842712474619,0,25.10530774836111
ta,65,2,27,57,5.0,42.573465914816005,-1.6539375586833378,0.565685424949238,0,25.10530774836111
ta,65,2,27,58,5.0,32.973474187595095,-1.4956691708841348,0.565685424949238,0,25.10530774836111
ta,65,2,27,59,5.0,35.35533905932738,-1.5707963267948966,0.44956066981809384,0,25.10530774836111
ta,65,2,27,60,5.0,39.05124837953327,-1.661456213995642,0.5685569981889047,0,25.10530774836111
ta,65,2,27,61,5.0,43.01162633521314,-1.7359450042095235,0.565685424949238,0,25.10530774836111
ta,65,2,27,62,5.0,45.90479277809671,-1.780275890573992,0.5685569981889047,0,25.10530774836111
ta,65,2,27,63,5.0,35.531676008879735,-1.6704649792860589,0.44956066981809384,0,25.10530774836111
ta,65,2,27,64,5.0,39.528470752104745,-1.7506498265873751,0.565685424949238,0,25.10530774836111
ta,65,2,27,65,5.0,32.01562118716424,-1.6814535479687924,0.565685424949238,0,25.10530774836111
ta,65,2,27,66,5.0,36.05551275463989,-1.7681918866447774,0.482842712474619,0,25.10530774836111
ta,65,2,27,67,5.0,40.311288741492746,-1.8370483759458218,0.5685569981889047,0,25.10530774836111
ta,65,2,27,68,5.0,34.23813663153998,-1.853351279264484,0.482842712474619,0,25.10530774836111
ta,65,2,28,1,5.0,17.0,3.141592653589793,0.44956066981809384,0,25.409655574448067
ta,65,2,28,2,5.0,13.5,3.141592653589793,0.44956066981809384,0,25.409655574448067
ta,65,2,28,3,5.0,14.396180048887969,3.4962983056007335,0.5685569981889047,0,25.409655574448067
ta,65,2,28,4,5.0,14.396180048887969,2.7868870015788527,0.482842712474619,0,25.409655574448067
ta,65,2,28,5,5.0,11.280514172678478,3.365069254730426,0.482842712474619,0,25.409655574448067
ta,65,2,28,6,5.0,11.280514172678478,2.91811605244916,0.565685424949238,0,25.409655574448067
ta,65,2,28,7,5.0,12.020815280171307,3.9269908169872414,0.565685424949238,0,25.409655574448067
ta,65,2,28,9,5.0,8.5,3.141592653589793,0.565685424949238,0,25.409655574448067
ta,65,2,28,10,5.0,9.86154146165801,2.609868586330988,0.565685424949238,0,25.409655574448067
ta,65,2,28,11,5.0,12.020815280171307,2.356194490192345,0.5685569981889047,0,25.409655574448067
ta,65,2,28,12,5.0,6.5,3.536383773289555,0.44956066981809384,0,25.409655574448067
ta,65,2,28,13,5.0,6.5,2.7468015338900313,0.565685424949238,0,25.409655574448067
ta,65,2,28,14,5.0,6.103277807866851,4.101663015995481,0.565685424949238,0,25.409655574448067
ta,65,2,28,16,5.0,6.103277807866851,2.181522291184105,0.565685424949238,0,25.409655574448067
ta,65,2,28,17,5.0,0.0,,0.482842712474619,0,25.409655574448067
ta,65,2,28,18,5.0,30.0,0.0,0.3276927682076162,0,25.409655574448067
ta,65,2,28,19,5.0,26.5,0.0,0.44956066981809384,0,25.409655574448067
ta,65,2,28,20,5.0,26.9675731203236,-0.18648690166721682,0.5685569981889047,0,25.409655574448067
ta,65,2,28,21,5.0,26.9675731203236,0.18648690166721682,0.482842712474619,0,25.409655574448067
ta,65,2,28,22,5.0,24.12985702402731,-0.10379234045704289,0.482842712474619,0,25.409655574448067
ta,65,2,28,23,5.0,24.12985702402731,0.10379234045704266,0.565685424949238,0,25.409655574448067
ta,65,2,28,24,5.0,23.119256043393783,-0.3764903344465229,0.565685424949238,0,25.409655574448067
ta,65,2,28,25,5.0,22.073740054644116,-0.22849663929186237,0.44956066981809384,0,25.409655574448067
ta,65,2,28,26,5.0,21.5,0.0,0.5685569981889047,0,25.409655574448067
ta,65,2,28,27,5.0,22.073740054644116,0.22849663929186215,0.565685424949238,0,25.409655574448067
ta,65,2,28,28,5.0,23.119256043393783,0.3764903344465229,0.5685569981889047,0,25.409655574448067
ta,65,2,28,29,5.0,19.1637678967368,-0.1308273960740569,0.44956066981809384,0,25.409655574448067
ta,65,2,28,30,5.0,19.1637678967368,0.1308273960740569,0.565685424949238,0,25.409655574448067
ta,65,2,28,31,5.0,17.240939649566666,-0.29423456511118773,0.565685424949238,0,25.409655574448067
ta,65,2,28,32,5.0,16.5,0.0,0.482842712474619,1,25.409655574448067
ta,65,2,28,33,5.0,17.240939649566666,0.29423456511118773,0.5685569981889047,0,25.409655574448067
ta,65,2,28,34,5.0,13.0,0.0,0.482842712474619,0,25.409655574448067
ta,65,2,28,35,5.0,34.48187929913333,4.19683997292571,0.44956066981809384,0,25.409655574448067
ta,65,2,28,36,5.0,32.89756829919196,4.289535054251749,0.44956066981809384,0,25.409655574448067
ta,65,2,28,37,5.0,28.412145290350743,4.217255716916286,0.5685569981889047,0,25.409655574448067
ta,65,2,28,38,5.0,37.51333096380539,4.344258209059526,0.482842712474619,0,25.409655574448067
ta,65,2,28,39,5.0,29.618406439239774,4.331882603272325,0.482842712474619,0,25.409655574448067
ta,65,2,28,40,5.0,34.311076928595526,4.386030163677927,0.565685424949238,0,25.409655574448067
ta,65,2,28,41,5.0,23.119256043393783,4.335898645938167,0.565685424949238,0,25.409655574448067
ta,65,2,28,42,5.0,26.405491853021786,4.384650473604134,0.44956066981809384,0,25.409655574448067
ta,65,2,28,43,5.0,31.18092365533773,4.436291960989253,0.5685569981889047,0,25.409655574448067
ta,65,2,28,44,5.0,36.01735692690401,4.474144222205945,0.565685424949238,0,25.409655574448067
ta,65,2,28,45,5.0,39.42714800743264,4.495095549461668,0.5685569981889047,0,25.409655574448067
ta,65,2,28,46,5.0,28.146935890075138,4.497573579983031,0.44956066981809384,0,25.409655574448067
ta,65,2,28,47,5.0,33.04920573932148,4.529829127253783,0.565685424949238,0,25.409655574448067
ta,65,2,28,48,5.0,25.243811122728676,4.5732930389026185,0.565685424949238,0,25.409655574448067
ta,65,2,28,49,5.0,30.20347662107791,4.596247353504699,0.482842712474619,0,25.409655574448067
ta,65,2,28,50,5.0,35.174564673923115,4.612720327893528,0.5685569981889047,0,25.409655574448067
ta,65,2,28,51,5.0,30.0,4.71238898038469,0.482842712474619,0,25.409655574448067
ta,65,2,28,52,5.0,42.42640687119285,-0.7853981633974483,0.44956066981809384,0,25.409655574448067
ta,65,2,28,53,5.0,40.02811511925087,-0.8472660092618285,0.44956066981809384,0,25.409655574448067
ta,65,2,28,54,5.0,36.43144246389374,-0.7562801818904097,0.5685569981889047,0,25.409655574448067
ta,65,2,28,55,5.0,43.900455578501685,-0.9227394408643823,0.482842712474619,0,25.409655574448067
ta,65,2,28,56,5.0,36.5,-0.8532549862537522,0.482842712474619,0,25.409655574448067
ta,65,2,28,57,5.0,40.40111384603152,-0.9347208240911455,0.565685424949238,0,25.409655574448067
ta,65,2,28,58,5.0,30.405591591021544,-0.7853981633974483,0.565685424949238,0,25.409655574448067
ta,65,2,28,59,5.0,32.973474187595095,-0.8605253193082105,0.44956066981809384,0,25.409655574448067
ta,65,2,28,60,5.0,36.908671067921155,-0.9489720389643068,0.5685569981889047,0,25.409655574448067
ta,65,2,28,61,5.0,41.07614879708174,-1.0199387922631802,0.565685424949238,0,25.409655574448067
ta,65,2,28,62,5.0,44.09648512069868,-1.0614951827928847,0.5685569981889047,0,25.409655574448067
ta,65,2,28,63,5.0,33.425289826716536,-0.9661977367014196,0.44956066981809384,0,25.409655574448067
ta,65,2,28,64,5.0,37.646380968162134,-1.0417658557152483,0.565685424949238,0,25.409655574448067
ta,65,2,28,65,5.0,29.95413160150032,-0.9874233198010409,0.565685424949238,0,25.409655574448067
ta,65,2,28,66,5.0,34.23813663153998,-1.0679531158670357,0.482842712474619,0,25.409655574448067
ta,65,2,28,67,5.0,38.69431482789171,-1.1302659861783835,0.5685569981889047,0,25.409655574448067
ta,65,2,28,68,5.0,32.69556544854363,-1.1618884978439712,0.482842712474619,0,25.409655574448067
ta,65,2,29,1,5.0,33.5,3.141592653589793,0.44956066981809384,0,26.84443818314372
ta,65,2,29,2,5.0,30.0,3.141592653589793,0.44956066981809384,0,26.84443818314372
ta,65,2,29,3,5.0,30.4138126514911,3.30674133100442,0.5685569981889047,0,26.84443818314372
ta,65,2,29,4,5.0,30.4138126514911,2.976443976175166,0.482842712474619,0,26.84443818314372
ta,65,2,29,5,5.0,27.613402542968153,3.2322525407905385,0.482842712474619,0,26.84443818314372
ta,65,2,29,6,5.0,27.613402542968153,3.0509327663890478,0.565685424949238,0,26.84443818314372
ta,65,2,29,7,5.0,26.405491853021786,3.4693311603703485,0.565685424949238,0,26.84443818314372
ta,65,2,29,9,5.0,25.0,3.141592653589793,0.565685424949238,0,26.84443818314372
ta,65,2,29,10,5.0,25.495097567963924,2.9441970937399127,0.565685424949238,0,26.84443818314372
ta,65,2,29,11,5.0,26.405491853021786,2.8138541468092377,0.5685569981889047,0,26.84443818314372
ta,65,2,29,12,5.0,22.638462845343543,3.252249874763689,0.44956066981809384,0,26.84443818314372
ta,65,2,29,13,5.0,22.638462845343543,3.0309354324158972,0.565685424949238,0,26.84443818314372
ta,65,2,29,14,5.0,20.615528128088304,3.3865713167166573,0.565685424949238,0,26.84443818314372
ta,65,2,29,15,5.0,20.0,3.141592653589793,0.482842712474619,0,26.84443818314372
ta,65,2,29,16,5.0,20.615528128088304,2.896613990462929,0.565685424949238,0,26.84443818314372
ta,65,2,29,18,5.0,13.5,0.0,0.3276927682076162,0,26.84443818314372
ta,65,2,29,19,5.0,10.0,0.0,0.44956066981809384,0,26.84443818314372
ta,65,2,29,20,5.0,11.180339887498949,-0.46364760900080615,0.5685569981889047,0,26.84443818314372
ta,65,2,29,21,5.0,11.180339887498949,0.46364760900080615,0.482842712474619,0,26.84443818314372
ta,65,2,29,22,5.0,7.905694150420948,-0.32175055439664235,0.482842712474619,0,26.84443818314372
ta,65,2,29,23,5.0,7.905694150420948,0.32175055439664213,0.565685424949238,0,26.84443818314372
ta,65,2,29,24,5.0,9.86154146165801,-1.0390722595360913,0.565685424949238,0,26.84443818314372
ta,65,2,29,25,5.0,7.0710678118654755,-0.7853981633974483,0.44956066981809384,1,26.84443818314372
ta,65,2,29,26,5.0,5.0,0.0,0.5685569981889047,0,26.84443818314372
ta,65,2,29,27,5.0,7.0710678118654755,0.7853981633974483,0.565685424949238,0,26.84443818314372
ta,65,2,29,28,5.0,9.86154146165801,1.0390722595360908,0.5685569981889047,0,26.84443818314372
ta,65,2,29,29,5.0,3.5355339059327378,-0.7853981633974483,0.44956066981809384,0,26.84443818314372
ta,65,2,29,30,5.0,3.5355339059327378,0.7853981633974483,0.565685424949238,0,26.84443818314372
ta,65,2,29,31,5.0,5.0,4.71238898038469,0.565685424949238,0,26.84443818314372
ta,65,2,29,32,5.0,0.0,,0.482842712474619,0,26.84443818314372
ta,65,2,29,33,5.0,5.0,1.5707963267948966,0.5685569981889047,0,26.84443818314372
ta,65,2,29,34,5.0,3.5,3.141592653589793,0.482842712474619,0,26.84443818314372
ta,65,2,29,35,5.0,44.9694340635948,3.871928421613571,0.44956066981809384,0,26.84443818314372
ta,65,2,29,36,5.0,42.42640687119285,3.9269908169872414,0.44956066981809384,0,26.84443818314372
ta,65,2,29,37,5.0,39.05124837953327,3.8363309297864965,0.5685569981889047,0,26.84443818314372
ta,65,2,29,38,5.0,46.09772228646444,4.003762708257019,0.482842712474619,0,26.84443818314372
ta,65,2,29,39,5.0,38.890872965260115,3.9269908169872414,0.482842712474619,0,26.84443818314372
ta,65,2,29,40,5.0,42.573465914816005,4.010132048875683,0.565685424949238,0,26.84443818314372
ta,65,2,29,41,5.0,32.973474187595095,3.8518636610764796,0.565685424949238,0,26.84443818314372
ta,65,2,29,42,5.0,35.35533905932738,3.9269908169872414,0.44956066981809384,0,26.84443818314372
ta,65,2,29,43,5.0,39.05124837953327,4.017650704187987,0.5685569981889047,0,26.84443818314372
ta,65,2,29,44,5.0,43.01162633521314,4.092139494401868,0.565685424949238,0,26.84443818314372
ta,65,2,29,45,5.0,45.90479277809671,4.136470380766337,0.5685569981889047,0,26.84443818314372
ta,65,2,29,46,5.0,35.531676008879735,4.026659469478403,0.44956066981809384,0,26.84443818314372
ta,65,2,29,47,5.0,39.528470752104745,4.1068443167797195,0.565685424949238,0,26.84443818314372
ta,65,2,29,48,5.0,32.01562118716424,4.037648038161137,0.565685424949238,0,26.84443818314372
ta,65,2,29,49,5.0,36.05551275463989,4.124386376837123,0.482842712474619,0,26.84443818314372
ta,65,2,29,50,5.0,40.311288741492746,4.193242866138167,0.5685569981889047,0,26.84443818314372
ta,65,2,29,51,5.0,34.23813663153998,4.209545769456829,0.482842712474619,0,26.84443818314372
ta,65,2,29,52,5.0,32.89756829919196,-1.147942400661956,0.44956066981809384,0,26.84443818314372
ta,65,2,29,53,5.0,31.622776601683793,-1.2490457723982544,0.44956066981809384,0,26.84443818314372
ta,65,2,29,54,5.0,26.92582403567252,-1.1902899496825317,0.5685569981889047,0,26.84443818314372
ta,65,2,29,55,5.0,36.40054944640259,-1.2924966677897851,0.482842712474619,0,26.84443818314372
ta,65,2,29,56,5.0,28.50438562747845,-1.3045442776439713,0.482842712474619,0,26.84443818314372
ta,65,2,29,57,5.0,33.354160160315836,-1.3439974787410107,0.565685424949238,0,26.84443818314372
ta,65,2,29,58,5.0,22.073740054644116,-1.3422996875030342,0.565685424949238,0,26.84443818314372
ta,65,2,29,59,5.0,25.495097567963924,-1.3734007669450161,0.44956066981809384,0,26.84443818314372
ta,65,2,29,60,5.0,30.4138126514911,-1.4056476493802696,0.5685569981889047,0,26.84443818314372
ta,65,2,29,61,5.0,35.35533905932738,-1.4288992721907325,0.565685424949238,0,26.84443818314372
ta,65,2,29,62,5.0,38.82331773560833,-1.4416490366668766,0.5685569981889047,0,26.84443818314372
ta,65,2,29,63,5.0,27.613402542968153,-1.4801364395941516,0.44956066981809384,0,26.84443818314372
ta,65,2,29,64,5.0,32.59601202601324,-1.4940244355251187,0.565685424949238,0,26.84443818314372
ta,65,2,29,65,5.0,25.0,4.71238898038469,0.565685424949238,0,26.84443818314372
ta,65,2,29,66,5.0,30.0,4.71238898038469,0.482842712474619,0,26.84443818314372
ta,65,2,29,67,5.0,35.0,4.71238898038469,0.5685569981889047,0,26.84443818314372
ta,65,2,29,68,5.0,30.20347662107791,4.596247353504699,0.482842712474619,0,26.84443818314372
ta,65,2,30,1,5.0,38.82331773560833,3.7978435268592214,0.44956066981809384,0,27.459313645045064
ta,65,2,30,2,5.0,35.35533905932738,3.7850937623830774,0.44956066981809384,0,27.459313645045064
ta,65,2,30,3,5.0,35.0,3.9269908169872414,0.5685569981889047,0,27.459313645045064
ta,65,2,30,4,5.0,36.40054944640259,3.64869115798213,0.482842712474619,0,27.459313645045064
ta,65,2,30,5,5.0,32.59601202601324,3.8502189257174635,0.482842712474619,0,27.459313645045064
ta,65,2,30,6,5.0,33.354160160315836,3.7001919689333556,0.565685424949238,0,27.459313645045064
ta,65,2,30,7,5.0,30.20347662107791,4.043132443867232,0.565685424949238,0,27.459313645045064
ta,65,2,30,9,5.0,30.4138126514911,3.7618421395726145,0.565685424949238,0,27.459313645045064
ta,65,2,30,10,5.0,31.622776601683793,3.6052402625905993,0.565685424949238,0,27.459313645045064
ta,65,2,30,11,5.0,32.89756829919196,3.5041368908543005,0.5685569981889047,0,27.459313645045064
ta,65,2,30,12,5.0,27.613402542968153,3.836330929786496,0.44956066981809384,0,27.459313645045064
ta,65,2,30,13,5.0,28.50438562747845,3.660738767836316,0.565685424949238,0,27.459313645045064
ta,65,2,30,14,5.0,25.0,3.9269908169872414,0.565685424949238,0,27.459313645045064
ta,65,2,30,15,5.0,25.495097567963924,3.729595257137361,0.482842712474619,0,27.459313645045064
ta,65,2,30,16,5.0,26.92582403567252,3.5464844398748765,0.5685569981889047,0,27.459313645045064
ta,65,2,30,17,5.0,22.073740054644116,3.6984941776953795,0.482842712474619,0,27.459313645045064
ta,65,2,30,18,5.0,9.86154146165801,1.3171222306562538,0.44956066981809384,0,27.459313645045064
ta,65,2,30,19,5.0,7.0710678118654755,1.5707963267948966,0.44956066981809384,0,27.459313645045064
ta,65,2,30,20,5.0,5.0,0.7853981633974483,0.5685569981889047,0,27.459313645045064
ta,65,2,30,21,5.0,11.180339887498949,1.8925468811915387,0.482842712474619,0,27.459313645045064
ta,65,2,30,22,5.0,3.5355339059327378,1.5707963267948966,0.482842712474619,0,27.459313645045064
ta,65,2,30,23,5.0,7.905694150420948,2.0344439357957027,0.565685424949238,0,27.459313645045064
ta,65,2,30,24,5.0,3.5,5.497787143782138,0.565685424949238,0,27.459313645045064
ta,65,2,30,25,5.0,0.0,,0.44956066981809384,0,27.459313645045064
ta,65,2,30,26,5.0,5.0,2.356194490192345,0.5685569981889047,0,27.459313645045064
ta,65,2,30,27,5.0,10.0,2.356194490192345,0.565685424949238,0,27.459313645045064
ta,65,2,30,28,5.0,13.5,2.356194490192345,0.5685569981889047,0,27.459313645045064
ta,65,2,30,29,5.0,3.5355339059327378,3.141592653589793,0.44956066981809384,0,27.459313645045064
ta,65,2,30,30,5.0,7.905694150420948,2.677945044588987,0.565685424949238,0,27.459313645045064
ta,65,2,30,31,5.0,5.0,3.9269908169872414,0.565685424949238,0,27.459313645045064
ta,65,2,30,33,5.0,11.180339887498949,2.819842099193151,0.565685424949238,0,27.459313645045064
ta,65,2,30,34,5.0,9.86154146165801,3.395266749728436,0.482842712474619,0,27.459313645045064
ta,65,2,30,35,5.0,45.90479277809671,4.502909416605594,0.3276927682076162,0,27.459313645045064
ta,65,2,30,36,5.0,43.01162633521314,4.547240302970063,0.44956066981809384,0,27.459313645045064
ta,65,2,30,37,5.0,40.311288741492746,4.446136931233765,0.5685569981889047,0,27.459313645045064
ta,65,2,30,38,5.0,46.09772228646444,4.635617089114912,0.482842712474619,0,27.459313645045064
ta,65,2,30,39,5.0,39.528470752104745,4.532535480592212,0.482842712474619,0,27.459313645045064
ta,65,2,30,40,5.0,42.573465914816005,4.629247748496248,0.565685424949238,0,27.459313645045064
ta,65,2,30,41,5.0,34.23813663153998,4.429834027915103,0.565685424949238,0,27.459313645045064
ta,65,2,30,42,5.0,36.05551275463989,4.514993420534809,0.44956066981809384,0,27.459313645045064
ta,65,2,30,43,5.0,39.05124837953327,4.621729093183944,0.5685569981889047,0,27.459313645045064
ta,65,2,30,44,5.0,42.42640687119285,4.71238898038469,0.565685424949238,0,27.459313645045064
ta,65,2,30,45,5.0,44.9694340635948,4.76745137575836,0.5685569981889047,0,27.459313645045064
ta,65,2,30,46,5.0,35.531676008879735,4.612720327893528,0.44956066981809384,0,27.459313645045064
ta,65,2,30,47,5.0,38.890872965260115,4.71238898038469,0.565685424949238,0,27.459313645045064
ta,65,2,30,48,5.0,32.01562118716424,4.601731759210795,0.565685424949238,0,27.459313645045064
ta,65,2,30,49,5.0,35.35533905932738,4.71238898038469,0.482842712474619,0,27.459313645045064
ta,65,2,30,50,5.0,39.05124837953327,4.803048867585435,0.5685569981889047,0,27.459313645045064
ta,65,2,30,51,5.0,32.973474187595095,4.7875161362954515,0.482842712474619,0,27.459313645045064
ta,65,2,30,52,5.0,26.405491853021786,-0.4576596566168929,0.44956066981809384,0,27.459313645045064
ta,65,2,30,53,5.0,25.495097567963924,-0.5880026035475678,0.44956066981809384,0,27.459313645045064
ta,65,2,30,54,5.0,20.615528128088304,-0.540419500270584,0.5685569981889047,0,27.459313645045064
ta,65,2,30,55,5.0,30.4138126514911,-0.6202494859828214,0.482842712474619,0,27.459313645045064
ta,65,2,30,56,5.0,22.638462845343543,-0.6747409422235529,0.482842712474619,0,27.459313645045064
ta,65,2,30,57,5.0,27.613402542968153,-0.6947382761967034,0.565685424949238,0,27.459313645045064
ta,65,2,30,58,5.0,16.5,5.497787143782138,0.565685424949238,1,27.459313645045064
ta,65,2,30,59,5.0,20.0,5.497787143782138,0.44956066981809384,0,27.459313645045064
ta,65,2,30,60,5.0,25.0,5.497787143782138,0.5685569981889047,0,27.459313645045064
ta,65,2,30,61,5.0,30.0,5.497787143782138,0.565685424949238,0,27.459313645045064
ta,65,2,30,62,5.0,33.5,5.497787143782138,0.5685569981889047,0,27.459313645045064
ta,65,2,30,63,5.0,22.638462845343543,5.387129922608242,0.44956066981809384,0,27.459313645045064
ta,65,2,30,64,5.0,27.613402542968153,5.4071272565813935,0.565685424949238,0,27.459313645045064
ta,65,2,30,65,5.0,20.615528128088304,5.252808480655274,0.565685424949238,0,27.459313645045064
ta,65,2,30,66,5.0,25.495097567963924,5.3003915839322575,0.482842712474619,0,27.459313645045064
ta,65,2,30,67,5.0,30.4138126514911,5.332638466367511,0.5685569981889047,0,27.459313645045064
ta,65,2,30,68,5.0,26.405491853021786,5.170048637001583,0.482842712474619,0,27.459313645045064
ta,65,2,31,1,5.0,44.09648512069868,-2.0800974707969084,0.44956066981809384,0,28.89409625374072
ta,65,2,31,2,5.0,41.07614879708174,-2.121653861326613,0.44956066981809384,0,28.89409625374072
ta,65,2,31,3,5.0,38.69431482789171,-2.0113266674114096,0.5685569981889047,0,28.89409625374072
ta,65,2,31,4,5.0,43.900455578501685,-2.218853212725411,0.482842712474619,0,28.89409625374072
ta,65,2,31,5,5.0,37.646380968162134,-2.0998267978745453,0.482842712474619,0,28.89409625374072
ta,65,2,31,6,5.0,40.40111384603152,-2.2068718294986476,0.565685424949238,0,28.89409625374072
ta,65,2,31,7,5.0,32.69556544854363,-1.979704155745822,0.565685424949238,0,28.89409625374072
ta,65,2,31,9,5.0,36.908671067921155,-2.1926206146254863,0.565685424949238,0,28.89409625374072
ta,65,2,31,10,5.0,40.02811511925087,-2.2943266443279646,0.565685424949238,0,28.89409625374072
ta,65,2,31,11,5.0,42.42640687119285,-2.356194490192345,0.5685569981889047,0,28.89409625374072
ta,65,2,31,12,5.0,33.425289826716536,-2.1753949168883735,0.44956066981809384,0,28.89409625374072
ta,65,2,31,13,5.0,36.5,-2.288337667336041,0.565685424949238,0,28.89409625374072
ta,65,2,31,14,5.0,29.95413160150032,-2.1541693337887526,0.565685424949238,0,28.89409625374072
ta,65,2,31,15,5.0,32.973474187595095,-2.2810673342815826,0.482842712474619,0,28.89409625374072
ta,65,2,31,16,5.0,36.43144246389374,-2.3853124716993834,0.5685569981889047,0,28.89409625374072
ta,65,2,31,17,5.0,30.405591591021544,-2.356194490192345,0.482842712474619,0,28.89409625374072
ta,65,2,31,18,5.0,23.119256043393783,-3.518082988036316,0.44956066981809384,0,28.89409625374072
ta,65,2,31,19,5.0,22.073740054644116,-3.3700892928816555,0.44956066981809384,0,28.89409625374072
ta,65,2,31,20,5.0,17.240939649566666,-3.435827218700981,0.5685569981889047,0,28.89409625374072
ta,65,2,31,21,5.0,26.9675731203236,-3.32807955525701,0.482842712474619,0,28.89409625374072
ta,65,2,31,22,5.0,19.1637678967368,-3.2724200496638502,0.482842712474619,0,28.89409625374072
ta,65,2,31,23,5.0,24.12985702402731,-3.245384994046836,0.565685424949238,0,28.89409625374072
ta,65,2,31,24,5.0,13.0,-3.141592653589793,0.565685424949238,0,28.89409625374072
ta,65,2,31,26,5.0,21.5,-3.141592653589793,0.565685424949238,0,28.89409625374072
ta,65,2,31,27,5.0,26.5,-3.141592653589793,0.565685424949238,0,28.89409625374072
ta,65,2,31,28,5.0,30.0,-3.141592653589793,0.5685569981889047,0,28.89409625374072
ta,65,2,31,29,5.0,19.1637678967368,-3.010765257515736,0.44956066981809384,0,28.89409625374072
ta,65,2,31,30,5.0,24.12985702402731,-3.0378003131327502,0.565685424949238,0,28.89409625374072
ta,65,2,31,31,5.0,17.240939649566666,-2.847358088478605,0.565685424949238,0,28.89409625374072
ta,65,2,31,32,5.0,22.073740054644116,-2.9130960142979307,0.482842712474619,0,28.89409625374072
ta,65,2,31,33,5.0,26.9675731203236,-2.9551057519225763,0.5685569981889047,0,28.89409625374072
ta,65,2,31,34,5.0,23.119256043393783,-2.76510231914327,0.482842712474619,0,28.89409625374072
ta,65,2,31,35,5.0,39.42714800743264,-1.3535028958718753,0.44956066981809384,0,28.89409625374072
ta,65,2,31,36,5.0,36.01735692690401,-1.3325515686161515,0.44956066981809384,0,28.89409625374072
ta,65,2,31,37,5.0,35.174564673923115,-1.4711276743037345,0.5685569981889047,0,28.89409625374072
ta,65,2,31,38,5.0,37.51333096380539,-1.202665555469733,0.482842712474619,0,28.89409625374072
ta,65,2,31,39,5.0,33.04920573932148,-1.3882364736639896,0.482842712474619,0,28.89409625374072
ta,65,2,31,40,5.0,34.311076928595526,-1.2444375100881337,0.565685424949238,0,28.89409625374072
ta,65,2,31,41,5.0,30.0,-1.5707963267948966,0.565685424949238,0,28.89409625374072
ta,65,2,31,42,5.0,30.20347662107791,-1.4546546999149064,0.44956066981809384,0,28.89409625374072
ta,65,2,31,43,5.0,31.18092365533773,-1.29469930739946,0.5685569981889047,0,28.89409625374072
ta,65,2,31,44,5.0,32.89756829919196,-1.1479424006619559,0.565685424949238,0,28.89409625374072
ta,65,2,31,45,5.0,34.48187929913333,-1.0552473193359173,0.5685569981889047,0,28.89409625374072
ta,65,2,31,46,5.0,28.146935890075138,-1.3559809263932379,0.44956066981809384,0,28.89409625374072
ta,65,2,31,47,5.0,29.618406439239774,-1.1902899496825317,0.565685424949238,0,28.89409625374072
ta,65,2,31,48,5.0,25.243811122728676,-1.4317003853128252,0.565685424949238,0,28.89409625374072
ta,65,2,31,49,5.0,26.405491853021786,-1.243057820014341,0.482842712474619,0,28.89409625374072
ta,65,2,31,50,5.0,28.412145290350743,-1.0756630633264925,0.5685569981889047,0,28.89409625374072
ta,65,2,31,51,5.0,23.119256043393783,-1.1943059923483736,0.482842712474619,0,28.89409625374072
ta,65,2,31,52,5.0,12.020815280171307,-5.497787143782138,0.44956066981809384,0,28.89409625374072
ta,65,2,31,53,5.0,9.86154146165801,-5.751461239920781,0.44956066981809384,0,28.89409625374072
ta,65,2,31,54,5.0,6.103277807866851,-5.323114944773899,0.5685569981889047,0,28.89409625374072
ta,65,2,31,55,5.0,14.396180048887969,-5.928479655168646,0.482842712474619,0,28.89409625374072
ta,65,2,31,56,5.0,6.5,-5.888394187479825,0.482842712474619,0,28.89409625374072
ta,65,2,31,57,5.0,11.280514172678478,-6.059708706038953,0.565685424949238,0,28.89409625374072
ta,65,2,31,58,5.0,0.0,,0.565685424949238,0,28.89409625374072
ta,65,2,31,59,5.0,3.5,0.0,0.44956066981809384,1,28.89409625374072
ta,65,2,31,60,5.0,8.5,0.0,0.5685569981889047,0,28.89409625374072
ta,65,2,31,61,5.0,13.5,0.0,0.565685424949238,0,28.89409625374072
ta,65,2,31,62,5.0,17.0,0.0,0.5685569981889047,0,28.89409625374072
ta,65,2,31,63,5.0,6.5,-0.39479111969976133,0.44956066981809384,0,28.89409625374072
ta,65,2,31,64,5.0,11.280514172678478,-0.22347660114063306,0.565685424949238,0,28.89409625374072
ta,65,2,31,65,5.0,6.103277807866851,-0.9600703624056877,0.565685424949238,0,28.89409625374072
ta,65,2,31,66,5.0,9.86154146165801,-0.5317240672588053,0.482842712474619,0,28.89409625374072
ta,65,2,31,67,5.0,14.396180048887969,-0.3547056520109404,0.5685569981889047,0,28.89409625374072
ta,65,2,31,68,5.0,12.020815280171307,-0.7853981633974483,0.482842712474619,0,28.89409625374072
ta,65,2,32,1,5.0,45.90479277809671,-2.1467149264132495,0.44956066981809384,0,29.198444079827677
ta,65,2,32,2,5.0,43.01162633521314,-2.191045812777718,0.44956066981809384,0,29.198444079827677
ta,65,2,32,3,5.0,40.311288741492746,-2.089942441041419,0.5685569981889047,0,29.198444079827677
ta,65,2,32,4,5.0,46.09772228646444,-2.279422598922567,0.482842712474619,0,29.198444079827677
ta,65,2,32,5,5.0,39.528470752104745,-2.1763409903998667,0.482842712474619,0,29.198444079827677
ta,65,2,32,6,5.0,42.573465914816005,-2.2730532583039036,0.565685424949238,0,29.198444079827677
ta,65,2,32,7,5.0,34.23813663153998,-2.073639537722757,0.565685424949238,0,29.198444079827677
ta,65,2,32,8,5.0,36.05551275463989,-2.158798930342464,0.44956066981809384,0,29.198444079827677
ta,65,2,32,9,5.0,39.05124837953327,-2.2655346029915995,0.5685569981889047,0,29.198444079827677
ta,65,2,32,10,5.0,42.42640687119285,-2.356194490192345,0.565685424949238,0,29.198444079827677
ta,65,2,32,11,5.0,44.9694340635948,-2.411256885566015,0.5685569981889047,0,29.198444079827677
ta,65,2,32,12,5.0,35.531676008879735,-2.256525837701183,0.44956066981809384,0,29.198444079827677
ta,65,2,32,13,5.0,38.890872965260115,-2.356194490192345,0.565685424949238,0,29.198444079827677
ta,65,2,32,14,5.0,32.01562118716424,-2.245537269018449,0.565685424949238,0,29.198444079827677
ta,65,2,32,15,5.0,35.35533905932738,-2.356194490192345,0.482842712474619,0,29.198444079827677
ta,65,2,32,16,5.0,39.05124837953327,-2.44685437739309,0.5685569981889047,0,29.198444079827677
ta,65,2,32,17,5.0,32.973474187595095,-2.4313216461031066,0.482842712474619,0,29.198444079827677
ta,65,2,32,18,5.0,26.405491853021786,-3.4693311603703485,0.44956066981809384,0,29.198444079827677
ta,65,2,32,19,5.0,25.495097567963924,-3.338988213439674,0.44956066981809384,0,29.198444079827677
ta,65,2,32,20,5.0,20.615528128088304,-3.3865713167166573,0.5685569981889047,0,29.198444079827677
ta,65,2,32,21,5.0,30.4138126514911,-3.30674133100442,0.482842712474619,0,29.198444079827677
ta,65,2,32,22,5.0,22.638462845343543,-3.252249874763689,0.482842712474619,0,29.198444079827677
ta,65,2,32,23,5.0,27.613402542968153,-3.232252540790538,0.565685424949238,0,29.198444079827677
ta,65,2,32,24,5.0,16.5,-3.141592653589793,0.565685424949238,0,29.198444079827677
ta,65,2,32,25,5.0,20.0,-3.141592653589793,0.44956066981809384,0,29.198444079827677
ta,65,2,32,26,5.0,25.0,-3.141592653589793,0.5685569981889047,0,29.198444079827677
ta,65,2,32,27,5.0,30.0,-3.141592653589793,0.565685424949238,0,29.198444079827677
ta,65,2,32,28,5.0,33.5,-3.141592653589793,0.5685569981889047,0,29.198444079827677
ta,65,2,32,29,5.0,22.638462845343543,-3.0309354324158972,0.44956066981809384,0,29.198444079827677
ta,65,2,32,30,5.0,27.613402542968153,-3.050932766389048,0.565685424949238,0,29.198444079827677
ta,65,2,32,31,5.0,20.615528128088304,-2.896613990462929,0.565685424949238,0,29.198444079827677
ta,65,2,32,32,5.0,25.495097567963924,-2.9441970937399122,0.482842712474619,0,29.198444079827677
ta,65,2,32,33,5.0,30.4138126514911,-2.976443976175166,0.5685569981889047,0,29.198444079827677
ta,65,2,32,34,5.0,26.405491853021786,-2.8138541468092377,0.482842712474619,0,29.198444079827677
ta,65,2,32,35,5.0,38.82331773560833,-1.4416490366668764,0.44956066981809384,0,29.198444079827677
ta,65,2,32,36,5.0,35.35533905932738,-1.4288992721907325,0.44956066981809384,0,29.198444079827677
ta,65,2,32,37,5.0,35.0,-1.5707963267948966,0.5685569981889047,0,29.198444079827677
ta,65,2,32,38,5.0,36.40054944640259,-1.2924966677897851,0.482842712474619,0,29.198444079827677
ta,65,2,32,39,5.0,32.59601202601324,-1.4940244355251184,0.482842712474619,0,29.198444079827677
ta,65,2,32,40,5.0,33.354160160315836,-1.3439974787410107,0.565685424949238,0,29.198444079827677
ta,65,2,32,41,5.0,30.20347662107791,-1.6869379536748867,0.565685424949238,0,29.198444079827677
ta,65,2,32,42,5.0,30.0,-1.5707963267948966,0.44956066981809384,0,29.198444079827677
ta,65,2,32,43,5.0,30.4138126514911,-1.4056476493802696,0.5685569981889047,0,29.198444079827677
ta,65,2,32,44,5.0,31.622776601683793,-1.2490457723982542,0.565685424949238,0,29.198444079827677
ta,65,2,32,45,5.0,32.89756829919196,-1.1479424006619559,0.5685569981889047,0,29.198444079827677
ta,65,2,32,46,5.0,27.613402542968153,-1.4801364395941514,0.44956066981809384,0,29.198444079827677
ta,65,2,32,47,5.0,28.50438562747845,-1.304544277643971,0.565685424949238,0,29.198444079827677
ta,65,2,32,48,5.0,25.0,-1.5707963267948966,0.565685424949238,0,29.198444079827677
ta,65,2,32,49,5.0,25.495097567963924,-1.3734007669450157,0.482842712474619,0,29.198444079827677
ta,65,2,32,50,5.0,26.92582403567252,-1.1902899496825317,0.5685569981889047,0,29.198444079827677
ta,65,2,32,51,5.0,22.073740054644116,-1.3422996875030342,0.482842712474619,0,29.198444079827677
ta,65,2,32,52,5.0,9.86154146165801,-5.244113047643495,0.44956066981809384,0,29.198444079827677
ta,65,2,32,53,5.0,7.0710678118654755,-5.497787143782138,0.44956066981809384,0,29.198444079827677
ta,65,2,32,54,5.0,5.0,-4.71238898038469,0.5685569981889047,0,29.198444079827677
ta,65,2,32,55,5.0,11.180339887498949,-5.81953769817878,0.482842712474619,0,29.198444079827677
ta,65,2,32,56,5.0,3.5355339059327378,-5.497787143782138,0.482842712474619,0,29.198444079827677
ta,65,2,32,57,5.0,7.905694150420948,-5.961434752782944,0.565685424949238,0,29.198444079827677
ta,65,2,32,59,5.0,0.0,,0.3276927682076162,0,29.198444079827677
ta,65,2,32,60,5.0,5.0,0.0,0.565685424949238,0,29.198444079827677
ta,65,2,32,61,5.0,10.0,0.0,0.565685424949238,0,29.198444079827677
ta,65,2,32,62,5.0,13.5,0.0,0.5685569981889047,0,29.198444079827677
ta,65,2,32,63,5.0,3.5355339059327378,-0.7853981633974483,0.44956066981809384,0,29.198444079827677
ta,65,2,32,64,5.0,7.905694150420948,-0.32175055439664213,0.565685424949238,0,29.198444079827677
ta,65,2,32,65,5.0,5.0,-1.5707963267948966,0.565685424949238,0,29.198444079827677
ta,65,2,32,66,5.0,7.0710678118654755,-0.7853981633974483,0.482842712474619,1,29.198444079827677
ta,65,2,32,67,5.0,11.180339887498949,-0.46364760900080615,0.5685569981889047,0,29.198444079827677
ta,65,2,32,68,5.0,9.86154146165801,-1.0390722595360908,0.482842712474619,0,29.198444079827677
ta,65,2,33,1,5.0,44.9694340635948,-1.5157339314212264,0.44956066981809384,0,29.81331954172902
ta,65,2,33,2,5.0,42.42640687119285,-1.5707963267948966,0.44956066981809384,0,29.81331954172902
ta,65,2,33,3,5.0,39.05124837953327,-1.4801364395941514,0.5685569981889047,0,29.81331954172902
ta,65,2,33,4,5.0,46.09772228646444,-1.6475682180646745,0.482842712474619,0,29.81331954172902
ta,65,2,33,5,5.0,38.890872965260115,-1.5707963267948966,0.482842712474619,0,29.81331954172902
ta,65,2,33,6,5.0,42.573465914816005,-1.6539375586833378,0.565685424949238,0,29.81331954172902
ta,65,2,33,7,5.0,32.973474187595095,-1.4956691708841343,0.565685424949238,0,29.81331954172902
ta,65,2,33,8,5.0,35.35533905932738,-1.5707963267948966,0.44956066981809384,0,29.81331954172902
ta,65,2,33,9,5.0,39.05124837953327,-1.6614562139956417,0.5685569981889047,0,29.81331954172902
ta,65,2,33,10,5.0,43.01162633521314,-1.7359450042095235,0.565685424949238,0,29.81331954172902
ta,65,2,33,11,5.0,45.90479277809671,-1.780275890573992,0.5685569981889047,0,29.81331954172902
ta,65,2,33,12,5.0,35.531676008879735,-1.6704649792860584,0.44956066981809384,0,29.81331954172902
ta,65,2,33,13,5.0,39.528470752104745,-1.7506498265873747,0.565685424949238,0,29.81331954172902
ta,65,2,33,14,5.0,32.01562118716424,-1.6814535479687922,0.565685424949238,0,29.81331954172902
ta,65,2,33,15,5.0,36.05551275463989,-1.7681918866447774,0.482842712474619,0,29.81331954172902
ta,65,2,33,16,5.0,40.311288741492746,-1.8370483759458218,0.5685569981889047,0,29.81331954172902
ta,65,2,33,17,5.0,34.23813663153998,-1.853351279264484,0.482842712474619,0,29.81331954172902
ta,65,2,33,18,5.0,32.89756829919196,-2.7790484163252858,0.44956066981809384,0,29.81331954172902
ta,65,2,33,19,5.0,31.622776601683793,-2.677945044588987,0.44956066981809384,0,29.81331954172902
ta,65,2,33,20,5.0,26.92582403567252,-2.7367008673047097,0.5685569981889047,0,29.81331954172902
ta,65,2,33,21,5.0,36.40054944640259,-2.6344941491974563,0.482842712474619,0,29.81331954172902
ta,65,2,33,22,5.0,28.50438562747845,-2.62244653934327,0.482842712474619,0,29.81331954172902
ta,65,2,33,23,5.0,33.354160160315836,-2.5829933382462307,0.565685424949238,0,29.81331954172902
ta,65,2,33,24,5.0,22.073740054644116,-2.584691129484207,0.565685424949238,0,29.81331954172902
ta,65,2,33,25,5.0,25.495097567963924,-2.5535900500422257,0.44956066981809384,0,29.81331954172902
ta,65,2,33,26,5.0,30.4138126514911,-2.5213431676069717,0.5685569981889047,0,29.81331954172902
ta,65,2,33,27,5.0,35.35533905932738,-2.498091544796509,0.565685424949238,0,29.81331954172902
ta,65,2,33,28,5.0,38.82331773560833,-2.485341780320365,0.5685569981889047,0,29.81331954172902
ta,65,2,33,29,5.0,27.613402542968153,-2.4468543773930898,0.44956066981809384,0,29.81331954172902
ta,65,2,33,30,5.0,32.59601202601324,-2.4329663814621227,0.565685424949238,0,29.81331954172902
ta,65,2,33,31,5.0,25.0,-2.356194490192345,0.565685424949238,0,29.81331954172902
ta,65,2,33,32,5.0,30.0,-2.356194490192345,0.482842712474619,0,29.81331954172902
ta,65,2,33,33,5.0,35.0,-2.356194490192345,0.5685569981889047,0,29.81331954172902
ta,65,2,33,34,5.0,30.20347662107791,-2.2400528633123544,0.482842712474619,0,29.81331954172902
ta,65,2,33,35,5.0,33.5,-0.7853981633974483,0.44956066981809384,0,29.81331954172902
ta,65,2,33,36,5.0,30.0,-0.7853981633974483,0.44956066981809384,0,29.81331954172902
ta,65,2,33,37,5.0,30.4138126514911,-0.950546840812075,0.5685569981889047,0,29.81331954172902
ta,65,2,33,38,5.0,30.4138126514911,-0.6202494859828214,0.482842712474619,0,29.81331954172902
ta,65,2,33,39,5.0,27.613402542968153,-0.8760580505981934,0.482842712474619,0,29.81331954172902
ta,65,2,33,40,5.0,27.613402542968153,-0.6947382761967031,0.565685424949238,0,29.81331954172902
ta,65,2,33,41,5.0,26.405491853021786,-1.1131366701780037,0.565685424949238,0,29.81331954172902
ta,65,2,33,42,5.0,25.495097567963924,-0.9827937232473289,0.44956066981809384,0,29.81331954172902
ta,65,2,33,43,5.0,25.0,-0.7853981633974483,0.5685569981889047,0,29.81331954172902
ta,65,2,33,44,5.0,25.495097567963924,-0.5880026035475674,0.565685424949238,0,29.81331954172902
ta,65,2,33,45,5.0,26.405491853021786,-0.4576596566168927,0.5685569981889047,0,29.81331954172902
ta,65,2,33,46,5.0,22.638462845343543,-0.8960553845713439,0.44956066981809384,0,29.81331954172902
ta,65,2,33,47,5.0,22.638462845343543,-0.6747409422235526,0.565685424949238,0,29.81331954172902
ta,65,2,33,48,5.0,20.615528128088304,-1.0303768265243123,0.565685424949238,0,29.81331954172902
ta,65,2,33,49,5.0,20.0,-0.7853981633974483,0.482842712474619,1,29.81331954172902
ta,65,2,33,50,5.0,20.615528128088304,-0.540419500270584,0.5685569981889047,0,29.81331954172902
ta,65,2,33,51,5.0,16.5,-0.7853981633974483,0.482842712474619,0,29.81331954172902
ta,65,2,33,52,5.0,13.5,-3.9269908169872414,0.44956066981809384,0,29.81331954172902
ta,65,2,33,53,5.0,10.0,-3.9269908169872414,0.44956066981809384,0,29.81331954172902
ta,65,2,33,54,5.0,11.180339887498949,-3.4633432079864352,0.5685569981889047,0,29.81331954172902
ta,65,2,33,55,5.0,11.180339887498949,-4.3906384259880475,0.482842712474619,0,29.81331954172902
ta,65,2,33,56,5.0,7.905694150420948,-3.6052402625905993,0.482842712474619,0,29.81331954172902
ta,65,2,33,57,5.0,7.905694150420948,-4.2487413713838835,0.565685424949238,0,29.81331954172902
ta,65,2,33,60,5.0,5.0,-3.9269908169872414,0.482842712474619,0,29.81331954172902
ta,65,2,33,61,5.0,7.0710678118654755,-4.71238898038469,0.565685424949238,0,29.81331954172902
ta,65,2,33,62,5.0,9.86154146165801,-4.966063076523333,0.5685569981889047,0,29.81331954172902
ta,65,2,33,63,5.0,3.5355339059327378,-3.141592653589793,0.44956066981809384,0,29.81331954172902
ta,65,2,33,64,5.0,3.5355339059327378,-4.71238898038469,0.565685424949238,0,29.81331954172902
ta,65,2,33,65,5.0,5.0,-2.356194490192345,0.565685424949238,0,29.81331954172902
ta,65,2,33,66,5.0,0.0,,0.482842712474619,0,29.81331954172902
ta,65,2,33,67,5.0,5.0,0.7853981633974483,0.5685569981889047,0,29.81331954172902
ta,65,2,33,68,5.0,3.5,-0.7853981633974483,0.482842712474619,0,29.81331954172902
ta,65,2,34,1,5.0,32.89756829919196,-1.1479424006619559,0.3276927682076162,0,31.552449976511628
ta,65,2,34,2,5.0,31.622776601683793,-1.2490457723982544,0.44956066981809384,0,31.552449976511628
ta,65,2,34,3,5.0,26.92582403567252,-1.1902899496825317,0.5685569981889047,0,31.552449976511628
ta,65,2,34,4,5.0,36.40054944640259,-1.2924966677897851,0.482842712474619,0,31.552449976511628
ta,65,2,34,5,5.0,28.50438562747845,-1.3045442776439713,0.482842712474619,0,31.552449976511628
ta,65,2,34,6,5.0,33.354160160315836,-1.3439974787410107,0.565685424949238,0,31.552449976511628
ta,65,2,34,7,5.0,22.073740054644116,-1.3422996875030342,0.565685424949238,0,31.552449976511628
ta,65,2,34,8,5.0,25.495097567963924,-1.373400766945016,0.44956066981809384,0,31.552449976511628
ta,65,2,34,9,5.0,30.4138126514911,-1.4056476493802696,0.5685569981889047,0,31.552449976511628
ta,65,2,34,10,5.0,35.35533905932738,-1.4288992721907325,0.565685424949238,0,31.552449976511628
ta,65,2,34,11,5.0,38.82331773560833,-1.4416490366668766,0.5685569981889047,0,31.552449976511628
ta,65,2,34,12,5.0,27.613402542968153,-1.4801364395941514,0.44956066981809384,0,31.552449976511628
ta,65,2,34,13,5.0,32.59601202601324,-1.4940244355251184,0.565685424949238,0,31.552449976511628
ta,65,2,34,14,5.0,25.0,-1.5707963267948966,0.565685424949238,0,31.552449976511628
ta,65,2,34,15,5.0,30.0,-1.5707963267948966,0.482842712474619,0,31.552449976511628
ta,65,2,34,16,5.0,35.0,-1.5707963267948966,0.5685569981889047,0,31.552449976511628
ta,65,2,34,17,5.0,30.20347662107791,-1.6869379536748867,0.482842712474619,0,31.552449976511628
ta,65,2,34,18,5.0,44.9694340635948,-2.411256885566015,0.44956066981809384,0,31.552449976511628
ta,65,2,34,19,5.0,42.42640687119285,-2.356194490192345,0.44956066981809384,0,31.552449976511628
ta,65,2,34,20,5.0,39.05124837953327,-2.44685437739309,0.5685569981889047,0,31.552449976511628
ta,65,2,34,21,5.0,46.09772228646444,-2.279422598922567,0.482842712474619,0,31.552449976511628
ta,65,2,34,22,5.0,38.890872965260115,-2.356194490192345,0.482842712474619,0,31.552449976511628
ta,65,2,34,23,5.0,42.573465914816005,-2.2730532583039036,0.565685424949238,0,31.552449976511628
ta,65,2,34,24,5.0,32.973474187595095,-2.431321646103107,0.565685424949238,0,31.552449976511628
ta,65,2,34,25,5.0,35.35533905932738,-2.356194490192345,0.44956066981809384,0,31.552449976511628
ta,65,2,34,26,5.0,39.05124837953327,-2.2655346029915995,0.5685569981889047,0,31.552449976511628
ta,65,2,34,27,5.0,43.01162633521314,-2.191045812777718,0.565685424949238,0,31.552449976511628
ta,65,2,34,28,5.0,45.90479277809671,-2.1467149264132495,0.5685569981889047,0,31.552449976511628
ta,65,2,34,29,5.0,35.531676008879735,-2.256525837701183,0.44956066981809384,0,31.552449976511628
ta,65,2,34,30,5.0,39.528470752104745,-2.1763409903998667,0.565685424949238,0,31.552449976511628
ta,65,2,34,31,5.0,32.01562118716424,-2.245537269018449,0.565685424949238,0,31.552449976511628
ta,65,2,34,32,5.0,36.05551275463989,-2.158798930342464,0.482842712474619,0,31.552449976511628
ta,65,2,34,33,5.0,40.311288741492746,-2.0899424410414196,0.5685569981889047,0,31.552449976511628
ta,65,2,34,34,5.0,34.23813663153998,-2.0736395377227574,0.482842712474619,0,31.552449976511628
ta,65,2,34,35,5.0,13.5,0.0,0.44956066981809384,0,31.552449976511628
ta,65,2,34,36,5.0,10.0,0.0,0.44956066981809384,0,31.552449976511628
ta,65,2,34,37,5.0,11.180339887498949,-0.46364760900080615,0.5685569981889047,0,31.552449976511628
ta,65,2,34,38,5.0,11.180339887498949,0.46364760900080615,0.482842712474619,0,31.552449976511628
ta,65,2,34,39,5.0,7.905694150420948,-0.32175055439664213,0.482842712474619,0,31.552449976511628
ta,65,2,34,40,5.0,7.905694150420948,0.32175055439664235,0.565685424949238,0,31.552449976511628
ta,65,2,34,41,5.0,9.86154146165801,-1.0390722595360908,0.565685424949238,0,31.552449976511628
ta,65,2,34,42,5.0,7.0710678118654755,-0.7853981633974483,0.44956066981809384,1,31.552449976511628
ta,65,2,34,43,5.0,5.0,0.0,0.5685569981889047,0,31.552449976511628
ta,65,2,34,44,5.0,7.0710678118654755,0.7853981633974483,0.565685424949238,0,31.552449976511628
ta,65,2,34,45,5.0,9.86154146165801,1.0390722595360913,0.5685569981889047,0,31.552449976511628
ta,65,2,34,46,5.0,3.5355339059327378,-0.7853981633974483,0.44956066981809384,0,31.552449976511628
ta,65,2,34,47,5.0,3.5355339059327378,0.7853981633974483,0.565685424949238,0,31.552449976511628
ta,65,2,34,48,5.0,5.0,-1.5707963267948966,0.565685424949238,0,31.552449976511628
ta,65,2,34,49,5.0,0.0,,0.482842712474619,0,31.552449976511628
ta,65,2,34,50,5.0,5.0,1.5707963267948966,0.5685569981889047,0,31.552449976511628
ta,65,2,34,51,5.0,3.5,-3.141592653589793,0.482842712474619,0,31.552449976511628
ta,65,2,34,52,5.0,33.5,-3.141592653589793,0.44956066981809384,0,31.552449976511628
ta,65,2,34,53,5.0,30.0,-3.141592653589793,0.44956066981809384,0,31.552449976511628
ta,65,2,34,54,5.0,30.4138126514911,-2.976443976175166,0.5685569981889047,0,31.552449976511628
ta,65,2,34,55,5.0,30.4138126514911,-3.30674133100442,0.482842712474619,0,31.552449976511628
ta,65,2,34,56,5.0,27.613402542968153,-3.0509327663890478,0.482842712474619,0,31.552449976511628
ta,65,2,34,57,5.0,27.613402542968153,-3.2322525407905385,0.565685424949238,0,31.552449976511628
ta,65,2,34,58,5.0,26.405491853021786,-2.8138541468092377,0.565685424949238,0,31.552449976511628
ta,65,2,34,60,5.0,25.0,-3.141592653589793,0.565685424949238,0,31.552449976511628
ta,65,2,34,61,5.0,25.495097567963924,-3.338988213439674,0.565685424949238,0,31.552449976511628
ta,65,2,34,62,5.0,26.405491853021786,-3.4693311603703485,0.5685569981889047,0,31.552449976511628
ta,65,2,34,63,5.0,22.638462845343543,-3.0309354324158972,0.44956066981809384,0,31.552449976511628
ta,65,2,34,64,5.0,22.638462845343543,-3.252249874763689,0.565685424949238,0,31.552449976511628
ta,65,2,34,65,5.0,20.615528128088304,-2.896613990462929,0.565685424949238,0,31.552449976511628
ta,65,2,34,67,5.0,20.615528128088304,-3.3865713167166573,0.565685424949238,0,31.552449976511628
ta,65,2,34,68,5.0,16.5,-3.141592653589793,0.482842712474619,0,31.552449976511628
ta,65,2,35,1,5.0,26.405491853021786,-0.45765965661689284,0.44956066981809384,0,32.16732543841297
ta,65,2,35,2,5.0,25.495097567963924,-0.5880026035475675,0.44956066981809384,0,32.16732543841297
ta,65,2,35,3,5.0,20.615528128088304,-0.5404195002705842,0.5685569981889047,0,32.16732543841297
ta,65,2,35,4,5.0,30.4138126514911,-0.6202494859828215,0.482842712474619,0,32.16732543841297
ta,65,2,35,5,5.0,22.638462845343543,-0.6747409422235526,0.482842712474619,0,32.16732543841297
ta,65,2,35,6,5.0,27.613402542968153,-0.6947382761967031,0.565685424949238,0,32.16732543841297
ta,65,2,35,7,5.0,16.5,-0.7853981633974483,0.565685424949238,1,32.16732543841297
ta,65,2,35,8,5.0,20.0,-0.7853981633974483,0.44956066981809384,0,32.16732543841297
ta,65,2,35,9,5.0,25.0,-0.7853981633974483,0.5685569981889047,0,32.16732543841297
ta,65,2,35,10,5.0,30.0,-0.7853981633974483,0.565685424949238,0,32.16732543841297
ta,65,2,35,11,5.0,33.5,-0.7853981633974483,0.5685569981889047,0,32.16732543841297
ta,65,2,35,12,5.0,22.638462845343543,-0.8960553845713439,0.44956066981809384,0,32.16732543841297
ta,65,2,35,13,5.0,27.613402542968153,-0.8760580505981934,0.565685424949238,0,32.16732543841297
ta,65,2,35,14,5.0,20.615528128088304,-1.0303768265243125,0.565685424949238,0,32.16732543841297
ta,65,2,35,15,5.0,25.495097567963924,-0.982793723247329,0.482842712474619,0,32.16732543841297
ta,65,2,35,16,5.0,30.4138126514911,-0.9505468408120751,0.5685569981889047,0,32.16732543841297
ta,65,2,35,17,5.0,26.405491853021786,-1.1131366701780037,0.482842712474619,0,32.16732543841297
ta,65,2,35,18,5.0,45.90479277809671,-1.780275890573992,0.44956066981809384,0,32.16732543841297
ta,65,2,35,19,5.0,43.01162633521314,-1.7359450042095235,0.44956066981809384,0,32.16732543841297
ta,65,2,35,20,5.0,40.311288741492746,-1.837048375945822,0.5685569981889047,0,32.16732543841297
ta,65,2,35,21,5.0,46.09772228646444,-1.6475682180646747,0.482842712474619,0,32.16732543841297
ta,65,2,35,22,5.0,39.528470752104745,-1.750649826587375,0.482842712474619,0,32.16732543841297
ta,65,2,35,23,5.0,42.573465914816005,-1.6539375586833378,0.565685424949238,0,32.16732543841297
ta,65,2,35,24,5.0,34.23813663153998,-1.8533512792644842,0.565685424949238,0,32.16732543841297
ta,65,2,35,25,5.0,36.05551275463989,-1.7681918866447774,0.44956066981809384,0,32.16732543841297
ta,65,2,35,26,5.0,39.05124837953327,-1.6614562139956417,0.5685569981889047,0,32.16732543841297
ta,65,2,35,27,5.0,42.42640687119285,-1.5707963267948966,0.565685424949238,0,32.16732543841297
ta,65,2,35,28,5.0,44.9694340635948,-1.5157339314212264,0.5685569981889047,0,32.16732543841297
ta,65,2,35,29,5.0,35.531676008879735,-1.6704649792860586,0.44956066981809384,0,32.16732543841297
ta,65,2,35,30,5.0,38.890872965260115,-1.5707963267948966,0.565685424949238,0,32.16732543841297
ta,65,2,35,31,5.0,32.01562118716424,-1.6814535479687922,0.565685424949238,0,32.16732543841297
ta,65,2,35,32,5.0,35.35533905932738,-1.5707963267948966,0.482842712474619,0,32.16732543841297
ta,65,2,35,33,5.0,39.05124837953327,-1.4801364395941514,0.5685569981889047,0,32.16732543841297
ta,65,2,35,34,5.0,32.973474187595095,-1.4956691708841345,0.482842712474619,0,32.16732543841297
ta,65,2,35,35,5.0,9.86154146165801,1.317122230656254,0.44956066981809384,0,32.16732543841297
ta,65,2,35,36,5.0,7.0710678118654755,1.5707963267948966,0.44956066981809384,0,32.16732543841297
ta,65,2,35,37,5.0,5.0,0.7853981633974483,0.5685569981889047,0,32.16732543841297
ta,65,2,35,38,5.0,11.180339887498949,1.8925468811915387,0.482842712474619,0,32.16732543841297
ta,65,2,35,39,5.0,3.5355339059327378,1.5707963267948966,0.482842712474619,0,32.16732543841297
ta,65,2,35,40,5.0,7.905694150420948,2.0344439357957027,0.565685424949238,0,32.16732543841297
ta,65,2,35,41,5.0,3.5,-0.7853981633974483,0.565685424949238,0,32.16732543841297
ta,65,2,35,42,5.0,0.0,,0.44956066981809384,0,32.16732543841297
ta,65,2,35,43,5.0,5.0,2.356194490192345,0.5685569981889047,0,32.16732543841297
ta,65,2,35,44,5.0,10.0,2.356194490192345,0.565685424949238,0,32.16732543841297
ta,65,2,35,45,5.0,13.5,2.356194490192345,0.5685569981889047,0,32.16732543841297
ta,65,2,35,46,5.0,3.5355339059327378,-3.141592653589793,0.44956066981809384,0,32.16732543841297
ta,65,2,35,47,5.0,7.905694150420948,-3.6052402625905993,0.565685424949238,0,32.16732543841297
ta,65,2,35,48,5.0,5.0,-2.356194490192345,0.565685424949238,0,32.16732543841297
ta,65,2,35,50,5.0,11.180339887498949,-3.4633432079864352,0.565685424949238,0,32.16732543841297
ta,65,2,35,51,5.0,9.86154146165801,-2.8879185574511506,0.482842712474619,0,32.16732543841297
ta,65,2,35,52,5.0,38.82331773560833,-2.485341780320365,0.3276927682076162,0,32.16732543841297
ta,65,2,35,53,5.0,35.35533905932738,-2.498091544796509,0.44956066981809384,0,32.16732543841297
ta,65,2,35,54,5.0,35.0,-2.356194490192345,0.5685569981889047,0,32.16732543841297
ta,65,2,35,55,5.0,36.40054944640259,-2.6344941491974563,0.482842712474619,0,32.16732543841297
ta,65,2,35,56,5.0,32.59601202601324,-2.4329663814621227,0.482842712474619,0,32.16732543841297
ta,65,2,35,57,5.0,33.354160160315836,-2.5829933382462307,0.565685424949238,0,32.16732543841297
ta,65,2,35,58,5.0,30.20347662107791,-2.2400528633123544,0.565685424949238,0,32.16732543841297
ta,65,2,35,60,5.0,30.4138126514911,-2.5213431676069717,0.565685424949238,0,32.16732543841297
ta,65,2,35,61,5.0,31.622776601683793,-2.677945044588987,0.565685424949238,0,32.16732543841297
ta,65,2,35,62,5.0,32.89756829919196,-2.7790484163252858,0.5685569981889047,0,32.16732543841297
ta,65,2,35,63,5.0,27.613402542968153,-2.44685437739309,0.44956066981809384,0,32.16732543841297
ta,65,2,35,64,5.0,28.50438562747845,-2.6224465393432705,0.565685424949238,0,32.16732543841297
ta,65,2,35,65,5.0,25.0,-2.356194490192345,0.565685424949238,0,32.16732543841297
ta,65,2,35,66,5.0,25.495097567963924,-2.5535900500422257,0.482842712474619,0,32.16732543841297
ta,65,2,35,67,5.0,26.92582403567252,-2.7367008673047097,0.5685569981889047,0,32.16732543841297
ta,65,2,35,68,5.0,22.073740054644116,-2.584691129484207,0.482842712474619,0,32.16732543841297
ta,65,2,36,1,5.0,12.020815280171307,0.7853981633974483,0.44956066981809384,0,33.60210804710862
ta,65,2,36,2,5.0,9.86154146165801,0.5317240672588056,0.44956066981809384,0,33.60210804710862
ta,65,2,36,3,5.0,6.103277807866851,0.960070362405688,0.5685569981889047,0,33.60210804710862
ta,65,2,36,4,5.0,14.396180048887969,0.35470565201094034,0.482842712474619,0,33.60210804710862
ta,65,2,36,5,5.0,6.5,0.3947911196997615,0.482842712474619,0,33.60210804710862
ta,65,2,36,6,5.0,11.280514172678478,0.22347660114063303,0.565685424949238,0,33.60210804710862
ta,65,2,36,7,5.0,0.0,,0.565685424949238,0,33.60210804710862
ta,65,2,36,8,5.0,3.5,0.0,0.44956066981809384,1,33.60210804710862
ta,65,2,36,9,5.0,8.5,0.0,0.5685569981889047,0,33.60210804710862
ta,65,2,36,10,5.0,13.5,0.0,0.565685424949238,0,33.60210804710862
ta,65,2,36,11,5.0,17.0,0.0,0.5685569981889047,0,33.60210804710862
ta,65,2,36,12,5.0,6.5,-0.3947911196997615,0.44956066981809384,0,33.60210804710862
ta,65,2,36,13,5.0,11.280514172678478,-0.22347660114063303,0.565685424949238,0,33.60210804710862
ta,65,2,36,14,5.0,6.103277807866851,-0.960070362405688,0.565685424949238,0,33.60210804710862
ta,65,2,36,15,5.0,9.86154146165801,-0.5317240672588056,0.482842712474619,0,33.60210804710862
ta,65,2,36,16,5.0,14.396180048887969,-0.35470565201094034,0.5685569981889047,0,33.60210804710862
ta,65,2,36,17,5.0,12.020815280171307,-0.7853981633974483,0.482842712474619,0,33.60210804710862
ta,65,2,36,18,5.0,39.42714800743264,-1.3535028958718756,0.44956066981809384,0,33.60210804710862
ta,65,2,36,19,5.0,36.01735692690401,-1.3325515686161515,0.44956066981809384,0,33.60210804710862
ta,65,2,36,20,5.0,35.174564673923115,-1.4711276743037347,0.5685569981889047,0,33.60210804710862
ta,65,2,36,21,5.0,37.51333096380539,-1.202665555469733,0.482842712474619,0,33.60210804710862
ta,65,2,36,22,5.0,33.04920573932148,-1.3882364736639898,0.482842712474619,0,33.60210804710862
ta,65,2,36,23,5.0,34.311076928595526,-1.244437510088134,0.565685424949238,0,33.60210804710862
ta,65,2,36,24,5.0,30.0,-1.5707963267948966,0.565685424949238,0,33.60210804710862
ta,65,2,36,25,5.0,30.20347662107791,-1.4546546999149064,0.44956066981809384,0,33.60210804710862
ta,65,2,36,26,5.0,31.18092365533773,-1.2946993073994602,0.5685569981889047,0,33.60210804710862
ta,65,2,36,27,5.0,32.89756829919196,-1.1479424006619559,0.565685424949238,0,33.60210804710862
ta,65,2,36,28,5.0,34.48187929913333,-1.0552473193359175,0.5685569981889047,0,33.60210804710862
ta,65,2,36,29,5.0,28.146935890075138,-1.355980926393238,0.44956066981809384,0,33.60210804710862
ta,65,2,36,30,5.0,29.618406439239774,-1.1902899496825317,0.565685424949238,0,33.60210804710862
ta,65,2,36,31,5.0,25.243811122728676,-1.4317003853128254,0.565685424949238,0,33.60210804710862
ta,65,2,36,32,5.0,26.405491853021786,-1.2430578200143412,0.482842712474619,0,33.60210804710862
ta,65,2,36,33,5.0,28.412145290350743,-1.0756630633264925,0.5685569981889047,0,33.60210804710862
ta,65,2,36,34,5.0,23.119256043393783,-1.1943059923483736,0.482842712474619,0,33.60210804710862
ta,65,2,36,35,5.0,23.119256043393783,2.76510231914327,0.44956066981809384,0,33.60210804710862
ta,65,2,36,36,5.0,22.073740054644116,2.9130960142979307,0.44956066981809384,0,33.60210804710862
ta,65,2,36,37,5.0,17.240939649566666,2.8473580884786056,0.5685569981889047,0,33.60210804710862
ta,65,2,36,38,5.0,26.9675731203236,2.9551057519225763,0.482842712474619,0,33.60210804710862
ta,65,2,36,39,5.0,19.1637678967368,3.0107652575157364,0.482842712474619,0,33.60210804710862
ta,65,2,36,40,5.0,24.12985702402731,3.0378003131327502,0.565685424949238,0,33.60210804710862
ta,65,2,36,41,5.0,13.0,3.141592653589793,0.565685424949238,0,33.60210804710862
ta,65,2,36,43,5.0,21.5,3.141592653589793,0.565685424949238,0,33.60210804710862
ta,65,2,36,44,5.0,26.5,3.141592653589793,0.565685424949238,0,33.60210804710862
ta,65,2,36,45,5.0,30.0,3.141592653589793,0.5685569981889047,0,33.60210804710862
ta,65,2,36,46,5.0,19.1637678967368,-3.0107652575157364,0.44956066981809384,0,33.60210804710862
ta,65,2,36,47,5.0,24.12985702402731,-3.0378003131327502,0.565685424949238,0,33.60210804710862
ta,65,2,36,48,5.0,17.240939649566666,-2.8473580884786056,0.565685424949238,0,33.60210804710862
ta,65,2,36,49,5.0,22.073740054644116,-2.9130960142979307,0.482842712474619,0,33.60210804710862
ta,65,2,36,50,5.0,26.9675731203236,-2.9551057519225763,0.5685569981889047,0,33.60210804710862
ta,65,2,36,51,5.0,23.119256043393783,-2.76510231914327,0.482842712474619,0,33.60210804710862
ta,65,2,36,52,5.0,44.09648512069868,-2.0800974707969084,0.44956066981809384,0,33.60210804710862
ta,65,2,36,53,5.0,41.07614879708174,-2.121653861326613,0.44956066981809384,0,33.60210804710862
ta,65,2,36,54,5.0,38.69431482789171,-2.0113266674114096,0.5685569981889047,0,33.60210804710862
ta,65,2,36,55,5.0,43.900455578501685,-2.218853212725411,0.482842712474619,0,33.60210804710862
ta,65,2,36,56,5.0,37.646380968162134,-2.0998267978745453,0.482842712474619,0,33.60210804710862
ta,65,2,36,57,5.0,40.40111384603152,-2.2068718294986476,0.565685424949238,0,33.60210804710862
ta,65,2,36,58,5.0,32.69556544854363,-1.979704155745822,0.565685424949238,0,33.60210804710862
ta,65,2,36,60,5.0,36.908671067921155,-2.1926206146254863,0.565685424949238,0,33.60210804710862
ta,65,2,36,61,5.0,40.02811511925087,-2.294326644327965,0.565685424949238,0,33.60210804710862
ta,65,2,36,62,5.0,42.42640687119285,-2.356194490192345,0.5685569981889047,0,33.60210804710862
ta,65,2,36,63,5.0,33.425289826716536,-2.1753949168883735,0.44956066981809384,0,33.60210804710862
ta,65,2,36,64,5.0,36.5,-2.288337667336041,0.565685424949238,0,33.60210804710862
ta,65,2,36,65,5.0,29.95413160150032,-2.1541693337887526,0.565685424949238,0,33.60210804710862
ta,65,2,36,66,5.0,32.973474187595095,-2.281067334281583,0.482842712474619,0,33.60210804710862
ta,65,2,36,67,5.0,36.43144246389374,-2.385312471699384,0.5685569981889047,0,33.60210804710862
ta,65,2,36,68,5.0,30.405591591021544,-2.356194490192345,0.482842712474619,0,33.60210804710862
ta,65,2,37,1,5.0,9.86154146165801,1.039072259536091,0.44956066981809384,0,33.906455873195576
ta,65,2,37,2,5.0,7.0710678118654755,0.7853981633974483,0.44956066981809384,0,33.906455873195576
ta,65,2,37,3,5.0,5.0,1.5707963267948966,0.5685569981889047,0,33.906455873195576
ta,65,2,37,4,5.0,11.180339887498949,0.4636476090008061,0.482842712474619,0,33.906455873195576
ta,65,2,37,5,5.0,3.5355339059327378,0.7853981633974483,0.482842712474619,0,33.906455873195576
ta,65,2,37,6,5.0,7.905694150420948,0.3217505543966422,0.565685424949238,0,33.906455873195576
ta,65,2,37,8,5.0,0.0,,0.3276927682076162,0,33.906455873195576
ta,65,2,37,9,5.0,5.0,0.0,0.565685424949238,0,33.906455873195576
ta,65,2,37,10,5.0,10.0,0.0,0.565685424949238,0,33.906455873195576
ta,65,2,37,11,5.0,13.5,0.0,0.5685569981889047,0,33.906455873195576
ta,65,2,37,12,5.0,3.5355339059327378,-0.7853981633974483,0.44956066981809384,0,33.906455873195576
ta,65,2,37,13,5.0,7.905694150420948,-0.3217505543966422,0.565685424949238,0,33.906455873195576
ta,65,2,37,14,5.0,5.0,-1.5707963267948966,0.565685424949238,0,33.906455873195576
ta,65,2,37,15,5.0,7.0710678118654755,-0.7853981633974483,0.482842712474619,1,33.906455873195576
ta,65,2,37,16,5.0,11.180339887498949,-0.4636476090008061,0.5685569981889047,0,33.906455873195576
ta,65,2,37,17,5.0,9.86154146165801,-1.039072259536091,0.482842712474619,0,33.906455873195576
ta,65,2,37,18,5.0,38.82331773560833,-1.4416490366668766,0.44956066981809384,0,33.906455873195576
ta,65,2,37,19,5.0,35.35533905932738,-1.4288992721907328,0.44956066981809384,0,33.906455873195576
ta,65,2,37,20,5.0,35.0,-1.5707963267948966,0.5685569981889047,0,33.906455873195576
ta,65,2,37,21,5.0,36.40054944640259,-1.2924966677897853,0.482842712474619,0,33.906455873195576
ta,65,2,37,22,5.0,32.59601202601324,-1.4940244355251187,0.482842712474619,0,33.906455873195576
ta,65,2,37,23,5.0,33.354160160315836,-1.3439974787410107,0.565685424949238,0,33.906455873195576
ta,65,2,37,24,5.0,30.20347662107791,-1.6869379536748867,0.565685424949238,0,33.906455873195576
ta,65,2,37,25,5.0,30.0,-1.5707963267948966,0.44956066981809384,0,33.906455873195576
ta,65,2,37,26,5.0,30.4138126514911,-1.4056476493802699,0.5685569981889047,0,33.906455873195576
ta,65,2,37,27,5.0,31.622776601683793,-1.2490457723982544,0.565685424949238,0,33.906455873195576
ta,65,2,37,28,5.0,32.89756829919196,-1.1479424006619559,0.5685569981889047,0,33.906455873195576
ta,65,2,37,29,5.0,27.613402542968153,-1.4801364395941514,0.44956066981809384,0,33.906455873195576
ta,65,2,37,30,5.0,28.50438562747845,-1.3045442776439713,0.565685424949238,0,33.906455873195576
ta,65,2,37,31,5.0,25.0,-1.5707963267948966,0.565685424949238,0,33.906455873195576
ta,65,2,37,32,5.0,25.495097567963924,-1.373400766945016,0.482842712474619,0,33.906455873195576
ta,65,2,37,33,5.0,26.92582403567252,-1.1902899496825317,0.5685569981889047,0,33.906455873195576
ta,65,2,37,34,5.0,22.073740054644116,-1.3422996875030344,0.482842712474619,0,33.906455873195576
ta,65,2,37,35,5.0,26.405491853021786,2.8138541468092377,0.44956066981809384,0,33.906455873195576
ta,65,2,37,36,5.0,25.495097567963924,2.9441970937399127,0.44956066981809384,0,33.906455873195576
ta,65,2,37,37,5.0,20.615528128088304,2.896613990462929,0.5685569981889047,0,33.906455873195576
ta,65,2,37,38,5.0,30.4138126514911,2.976443976175166,0.482842712474619,0,33.906455873195576
ta,65,2,37,39,5.0,22.638462845343543,3.0309354324158977,0.482842712474619,0,33.906455873195576
ta,65,2,37,40,5.0,27.613402542968153,3.050932766389048,0.565685424949238,0,33.906455873195576
ta,65,2,37,41,5.0,16.5,3.141592653589793,0.565685424949238,0,33.906455873195576
ta,65,2,37,42,5.0,20.0,3.141592653589793,0.44956066981809384,0,33.906455873195576
ta,65,2,37,43,5.0,25.0,3.141592653589793,0.5685569981889047,0,33.906455873195576
ta,65,2,37,44,5.0,30.0,3.141592653589793,0.565685424949238,0,33.906455873195576
ta,65,2,37,45,5.0,33.5,3.141592653589793,0.5685569981889047,0,33.906455873195576
ta,65,2,37,46,5.0,22.638462845343543,-3.0309354324158977,0.44956066981809384,0,33.906455873195576
ta,65,2,37,47,5.0,27.613402542968153,-3.050932766389048,0.565685424949238,0,33.906455873195576
ta,65,2,37,48,5.0,20.615528128088304,-2.896613990462929,0.565685424949238,0,33.906455873195576
ta,65,2,37,49,5.0,25.495097567963924,-2.9441970937399127,0.482842712474619,0,33.906455873195576
ta,65,2,37,50,5.0,30.4138126514911,-2.976443976175166,0.5685569981889047,0,33.906455873195576
ta,65,2,37,51,5.0,26.405491853021786,-2.8138541468092377,0.482842712474619,0,33.906455873195576
ta,65,2,37,52,5.0,45.90479277809671,-2.1467149264132495,0.44956066981809384,0,33.906455873195576
ta,65,2,37,53,5.0,43.01162633521314,-2.191045812777718,0.44956066981809384,0,33.906455873195576
ta,65,2,37,54,5.0,40.311288741492746,-2.0899424410414196,0.5685569981889047,0,33.906455873195576
ta,65,2,37,55,5.0,46.09772228646444,-2.279422598922567,0.482842712474619,0,33.906455873195576
ta,65,2,37,56,5.0,39.528470752104745,-2.1763409903998667,0.482842712474619,0,33.906455873195576
ta,65,2,37,57,5.0,42.573465914816005,-2.2730532583039036,0.565685424949238,0,33.906455873195576
ta,65,2,37,58,5.0,34.23813663153998,-2.0736395377227574,0.565685424949238,0,33.906455873195576
ta,65,2,37,59,5.0,36.05551275463989,-2.158798930342464,0.44956066981809384,0,33.906455873195576
ta,65,2,37,60,5.0,39.05124837953327,-2.2655346029916,0.5685569981889047,0,33.906455873195576
ta,65,2,37,61,5.0,42.42640687119285,-2.356194490192345,0.565685424949238,0,33.906455873195576
ta,65,2,37,62,5.0,44.9694340635948,-2.411256885566015,0.5685569981889047,0,33.906455873195576
ta,65,2,37,63,5.0,35.531676008879735,-2.256525837701183,0.44956066981809384,0,33.906455873195576
ta,65,2,37,64,5.0,38.890872965260115,-2.356194490192345,0.565685424949238,0,33.906455873195576
ta,65,2,37,65,5.0,32.01562118716424,-2.2455372690184494,0.565685424949238,0,33.906455873195576
ta,65,2,37,66,5.0,35.35533905932738,-2.356194490192345,0.482842712474619,0,33.906455873195576
ta,65,2,37,67,5.0,39.05124837953327,-2.44685437739309,0.5685569981889047,0,33.906455873195576
ta,65,2,37,68,5.0,32.973474187595095,-2.431321646103107,0.482842712474619,0,33.906455873195576
ta,65,2,38,1,5.0,13.5,2.356194490192345,0.44956066981809384,0,34.521331335096924
ta,65,2,38,2,5.0,10.0,2.356194490192345,0.44956066981809384,0,34.521331335096924
ta,65,2,38,3,5.0,11.180339887498949,2.819842099193151,0.5685569981889047,0,34.521331335096924
ta,65,2,38,4,5.0,11.180339887498949,1.8925468811915387,0.482842712474619,0,34.521331335096924
ta,65,2,38,5,5.0,7.905694150420948,2.677945044588987,0.482842712474619,0,34.521331335096924
ta,65,2,38,6,5.0,7.905694150420948,2.0344439357957027,0.565685424949238,0,34.521331335096924
ta,65,2,38,9,5.0,5.0,2.356194490192345,0.482842712474619,0,34.521331335096924
ta,65,2,38,10,5.0,7.0710678118654755,1.5707963267948966,0.565685424949238,0,34.521331335096924
ta,65,2,38,11,5.0,9.86154146165801,1.317122230656254,0.5685569981889047,0,34.521331335096924
ta,65,2,38,12,5.0,3.5355339059327378,3.141592653589793,0.44956066981809384,0,34.521331335096924
ta,65,2,38,13,5.0,3.5355339059327378,1.5707963267948966,0.565685424949238,0,34.521331335096924
ta,65,2,38,14,5.0,5.0,3.9269908169872414,0.565685424949238,0,34.521331335096924
ta,65,2,38,15,5.0,0.0,,0.482842712474619,0,34.521331335096924
ta,65,2,38,16,5.0,5.0,0.7853981633974483,0.5685569981889047,0,34.521331335096924
ta,65,2,38,17,5.0,3.5,-0.7853981633974483,0.482842712474619,0,34.521331335096924
ta,65,2,38,18,5.0,33.5,-0.7853981633974483,0.44956066981809384,0,34.521331335096924
ta,65,2,38,19,5.0,30.0,-0.7853981633974483,0.44956066981809384,0,34.521331335096924
ta,65,2,38,20,5.0,30.4138126514911,-0.9505468408120752,0.5685569981889047,0,34.521331335096924
ta,65,2,38,21,5.0,30.4138126514911,-0.6202494859828216,0.482842712474619,0,34.521331335096924
ta,65,2,38,22,5.0,27.613402542968153,-0.8760580505981934,0.482842712474619,0,34.521331335096924
ta,65,2,38,23,5.0,27.613402542968153,-0.6947382761967031,0.565685424949238,0,34.521331335096924
ta,65,2,38,24,5.0,26.405491853021786,-1.1131366701780039,0.565685424949238,0,34.521331335096924
ta,65,2,38,25,5.0,25.495097567963924,-0.9827937232473292,0.44956066981809384,0,34.521331335096924
ta,65,2,38,26,5.0,25.0,-0.7853981633974483,0.5685569981889047,0,34.521331335096924
ta,65,2,38,27,5.0,25.495097567963924,-0.5880026035475676,0.565685424949238,0,34.521331335096924
ta,65,2,38,28,5.0,26.405491853021786,-0.4576596566168929,0.5685569981889047,0,34.521331335096924
ta,65,2,38,29,5.0,22.638462845343543,-0.8960553845713439,0.44956066981809384,0,34.521331335096924
ta,65,2,38,30,5.0,22.638462845343543,-0.6747409422235526,0.565685424949238,0,34.521331335096924
ta,65,2,38,31,5.0,20.615528128088304,-1.0303768265243125,0.565685424949238,0,34.521331335096924
ta,65,2,38,32,5.0,20.0,-0.7853981633974483,0.482842712474619,1,34.521331335096924
ta,65,2,38,33,5.0,20.615528128088304,-0.5404195002705843,0.5685569981889047,0,34.521331335096924
ta,65,2,38,34,5.0,16.5,-0.7853981633974483,0.482842712474619,0,34.521331335096924
ta,65,2,38,35,5.0,32.89756829919196,3.504136890854301,0.44956066981809384,0,34.521331335096924
ta,65,2,38,36,5.0,31.622776601683793,3.6052402625905993,0.44956066981809384,0,34.521331335096924
ta,65,2,38,37,5.0,26.92582403567252,3.5464844398748765,0.5685569981889047,0,34.521331335096924
ta,65,2,38,38,5.0,36.40054944640259,3.64869115798213,0.482842712474619,0,34.521331335096924
ta,65,2,38,39,5.0,28.50438562747845,3.660738767836316,0.482842712474619,0,34.521331335096924
ta,65,2,38,40,5.0,33.354160160315836,3.7001919689333556,0.565685424949238,0,34.521331335096924
ta,65,2,38,41,5.0,22.073740054644116,3.698494177695379,0.565685424949238,0,34.521331335096924
ta,65,2,38,42,5.0,25.495097567963924,3.729595257137361,0.44956066981809384,0,34.521331335096924
ta,65,2,38,43,5.0,30.4138126514911,3.7618421395726145,0.5685569981889047,0,34.521331335096924
ta,65,2,38,44,5.0,35.35533905932738,3.7850937623830774,0.565685424949238,0,34.521331335096924
ta,65,2,38,45,5.0,38.82331773560833,3.7978435268592214,0.5685569981889047,0,34.521331335096924
ta,65,2,38,46,5.0,27.613402542968153,3.8363309297864965,0.44956066981809384,0,34.521331335096924
ta,65,2,38,47,5.0,32.59601202601324,3.8502189257174635,0.565685424949238,0,34.521331335096924
ta,65,2,38,48,5.0,25.0,3.9269908169872414,0.565685424949238,0,34.521331335096924
ta,65,2,38,49,5.0,30.0,3.9269908169872414,0.482842712474619,0,34.521331335096924
ta,65,2,38,50,5.0,35.0,3.9269908169872414,0.5685569981889047,0,34.521331335096924
ta,65,2,38,51,5.0,30.20347662107791,-2.240052863312355,0.482842712474619,0,34.521331335096924
ta,65,2,38,52,5.0,44.9694340635948,-1.5157339314212264,0.44956066981809384,0,34.521331335096924
ta,65,2,38,53,5.0,42.42640687119285,-1.5707963267948966,0.44956066981809384,0,34.521331335096924
ta,65,2,38,54,5.0,39.05124837953327,-1.4801364395941516,0.5685569981889047,0,34.521331335096924
ta,65,2,38,55,5.0,46.09772228646444,-1.647568218064675,0.482842712474619,0,34.521331335096924
ta,65,2,38,56,5.0,38.890872965260115,-1.5707963267948966,0.482842712474619,0,34.521331335096924
ta,65,2,38,57,5.0,42.573465914816005,-1.6539375586833378,0.565685424949238,0,34.521331335096924
ta,65,2,38,58,5.0,32.973474187595095,-1.4956691708841348,0.565685424949238,0,34.521331335096924
ta,65,2,38,59,5.0,35.35533905932738,-1.5707963267948966,0.44956066981809384,0,34.521331335096924
ta,65,2,38,60,5.0,39.05124837953327,-1.661456213995642,0.5685569981889047,0,34.521331335096924
ta,65,2,38,61,5.0,43.01162633521314,-1.7359450042095235,0.565685424949238,0,34.521331335096924
ta,65,2,38,62,5.0,45.90479277809671,-1.780275890573992,0.5685569981889047,0,34.521331335096924
ta,65,2,38,63,5.0,35.531676008879735,-1.6704649792860589,0.44956066981809384,0,34.521331335096924
ta,65,2,38,64,5.0,39.528470752104745,-1.7506498265873751,0.565685424949238,0,34.521331335096924
ta,65,2,38,65,5.0,32.01562118716424,-1.6814535479687924,0.565685424949238,0,34.521331335096924
ta,65,2,38,66,5.0,36.05551275463989,-1.7681918866447774,0.482842712474619,0,34.521331335096924
ta,65,2,38,67,5.0,40.311288741492746,-1.8370483759458218,0.5685569981889047,0,34.521331335096924
ta,65,2,38,68,5.0,34.23813663153998,-1.853351279264484,0.482842712474619,0,34.521331335096924
ta,65,2,39,1,5.0,33.5,3.141592653589793,0.44956066981809384,0,36.260461769879534
ta,65,2,39,2,5.0,30.0,3.141592653589793,0.44956066981809384,0,36.260461769879534
ta,65,2,39,3,5.0,30.4138126514911,3.30674133100442,0.5685569981889047,0,36.260461769879534
ta,65,2,39,4,5.0,30.4138126514911,2.976443976175166,0.482842712474619,0,36.260461769879534
ta,65,2,39,5,5.0,27.613402542968153,3.2322525407905385,0.482842712474619,0,36.260461769879534
ta,65,2,39,6,5.0,27.613402542968153,3.0509327663890478,0.565685424949238,0,36.260461769879534
ta,65,2,39,7,5.0,26.405491853021786,3.4693311603703485,0.565685424949238,0,36.260461769879534
ta,65,2,39,9,5.0,25.0,3.141592653589793,0.565685424949238,0,36.260461769879534
ta,65,2,39,10,5.0,25.495097567963924,2.9441970937399127,0.565685424949238,0,36.260461769879534
ta,65,2,39,11,5.0,26.405491853021786,2.8138541468092377,0.5685569981889047,0,36.260461769879534
ta,65,2,39,12,5.0,22.638462845343543,3.252249874763689,0.44956066981809384,0,36.260461769879534
ta,65,2,39,13,5.0,22.638462845343543,3.0309354324158972,0.565685424949238,0,36.260461769879534
ta,65,2,39,14,5.0,20.615528128088304,3.3865713167166573,0.565685424949238,0,36.260461769879534
ta,65,2,39,16,5.0,20.615528128088304,2.896613990462929,0.565685424949238,0,36.260461769879534
ta,65,2,39,17,5.0,16.5,3.141592653589793,0.482842712474619,0,36.260461769879534
ta,65,2,39,18,5.0,13.5,0.0,0.3276927682076162,0,36.260461769879534
ta,65,2,39,19,5.0,10.0,0.0,0.44956066981809384,0,36.260461769879534
ta,65,2,39,20,5.0,11.180339887498949,-0.46364760900080615,0.5685569981889047,0,36.260461769879534
ta,65,2,39,21,5.0,11.180339887498949,0.46364760900080615,0.482842712474619,0,36.260461769879534
ta,65,2,39,22,5.0,7.905694150420948,-0.32175055439664235,0.482842712474619,0,36.260461769879534
ta,65,2,39,23,5.0,7.905694150420948,0.32175055439664213,0.565685424949238,0,36.260461769879534
ta,65,2,39,24,5.0,9.86154146165801,-1.0390722595360913,0.565685424949238,0,36.260461769879534
ta,65,2,39,25,5.0,7.0710678118654755,-0.7853981633974483,0.44956066981809384,1,36.260461769879534
ta,65,2,39,26,5.0,5.0,0.0,0.5685569981889047,0,36.260461769879534
ta,65,2,39,27,5.0,7.0710678118654755,0.7853981633974483,0.565685424949238,0,36.260461769879534
ta,65,2,39,28,5.0,9.86154146165801,1.0390722595360908,0.5685569981889047,0,36.260461769879534
ta,65,2,39,29,5.0,3.5355339059327378,-0.7853981633974483,0.44956066981809384,0,36.260461769879534
ta,65,2,39,30,5.0,3.5355339059327378,0.7853981633974483,0.565685424949238,0,36.260461769879534
ta,65,2,39,31,5.0,5.0,4.71238898038469,0.565685424949238,0,36.260461769879534
ta,65,2,39,32,5.0,0.0,,0.482842712474619,0,36.260461769879534
ta,65,2,39,33,5.0,5.0,1.5707963267948966,0.5685569981889047,0,36.260461769879534
ta,65,2,39,34,5.0,3.5,3.141592653589793,0.482842712474619,0,36.260461769879534
ta,65,2,39,35,5.0,44.9694340635948,3.871928421613571,0.44956066981809384,0,36.260461769879534
ta,65,2,39,36,5.0,42.42640687119285,3.9269908169872414,0.44956066981809384,0,36.260461769879534
ta,65,2,39,37,5.0,39.05124837953327,3.8363309297864965,0.5685569981889047,0,36.260461769879534
ta,65,2,39,38,5.0,46.09772228646444,4.003762708257019,0.482842712474619,0,36.260461769879534
ta,65,2,39,39,5.0,38.890872965260115,3.9269908169872414,0.482842712474619,0,36.260461769879534
ta,65,2,39,40,5.0,42.573465914816005,4.010132048875683,0.565685424949238,0,36.260461769879534
ta,65,2,39,41,5.0,32.973474187595095,3.8518636610764796,0.565685424949238,0,36.260461769879534
ta,65,2,39,42,5.0,35.35533905932738,3.9269908169872414,0.44956066981809384,0,36.260461769879534
ta,65,2,39,43,5.0,39.05124837953327,4.017650704187987,0.5685569981889047,0,36.260461769879534
ta,65,2,39,44,5.0,43.01162633521314,4.092139494401868,0.565685424949238,0,36.260461769879534
ta,65,2,39,45,5.0,45.90479277809671,4.136470380766337,0.5685569981889047,0,36.260461769879534
ta,65,2,39,46,5.0,35.531676008879735,4.026659469478403,0.44956066981809384,0,36.260461769879534
ta,65,2,39,47,5.0,39.528470752104745,4.1068443167797195,0.565685424949238,0,36.260461769879534
ta,65,2,39,48,5.0,32.01562118716424,4.037648038161137,0.565685424949238,0,36.260461769879534
ta,65,2,39,49,5.0,36.05551275463989,4.124386376837123,0.482842712474619,0,36.260461769879534
ta,65,2,39,50,5.0,40.311288741492746,4.193242866138167,0.5685569981889047,0,36.260461769879534
ta,65,2,39,51,5.0,34.23813663153998,4.209545769456829,0.482842712474619,0,36.260461769879534
ta,65,2,39,52,5.0,32.89756829919196,-1.147942400661956,0.44956066981809384,0,36.260461769879534
ta,65,2,39,53,5.0,31.622776601683793,-1.2490457723982544,0.44956066981809384,0,36.260461769879534
ta,65,2,39,54,5.0,26.92582403567252,-1.1902899496825317,0.5685569981889047,0,36.260461769879534
ta,65,2,39,55,5.0,36.40054944640259,-1.2924966677897851,0.482842712474619,0,36.260461769879534
ta,65,2,39,56,5.0,28.50438562747845,-1.3045442776439713,0.482842712474619,0,36.260461769879534
ta,65,2,39,57,5.0,33.354160160315836,-1.3439974787410107,0.565685424949238,0,36.260461769879534
ta,65,2,39,58,5.0,22.073740054644116,-1.3422996875030342,0.565685424949238,0,36.260461769879534
ta,65,2,39,59,5.0,25.495097567963924,-1.3734007669450161,0.44956066981809384,0,36.260461769879534
ta,65,2,39,60,5.0,30.4138126514911,-1.4056476493802696,0.5685569981889047,0,36.260461769879534
ta,65,2,39,61,5.0,35.35533905932738,-1.4288992721907325,0.565685424949238,0,36.260461769879534
ta,65,2,39,62,5.0,38.82331773560833,-1.4416490366668766,0.5685569981889047,0,36.260461769879534
ta,65,2,39,63,5.0,27.613402542968153,-1.4801364395941516,0.44956066981809384,0,36.260461769879534
ta,65,2,39,64,5.0,32.59601202601324,-1.4940244355251187,0.565685424949238,0,36.260461769879534
ta,65,2,39,65,5.0,25.0,4.71238898038469,0.565685424949238,0,36.260461769879534
ta,65,2,39,66,5.0,30.0,4.71238898038469,0.482842712474619,0,36.260461769879534
ta,65,2,39,67,5.0,35.0,4.71238898038469,0.5685569981889047,0,36.260461769879534
ta,65,2,39,68,5.0,30.20347662107791,4.596247353504699,0.482842712474619,0,36.260461769879534
ta,65,2,40,1,5.0,38.82331773560833,3.7978435268592214,0.44956066981809384,0,36.87533723178088
ta,65,2,40,2,5.0,35.35533905932738,3.7850937623830774,0.44956066981809384,0,36.87533723178088
ta,65,2,40,3,5.0,35.0,3.9269908169872414,0.5685569981889047,0,36.87533723178088
ta,65,2,40,4,5.0,36.40054944640259,3.64869115798213,0.482842712474619,0,36.87533723178088
ta,65,2,40,5,5.0,32.59601202601324,3.8502189257174635,0.482842712474619,0,36.87533723178088
ta,65,2,40,6,5.0,33.354160160315836,3.7001919689333556,0.565685424949238,0,36.87533723178088
ta,65,2,40,7,5.0,30.20347662107791,4.043132443867232,0.565685424949238,0,36.87533723178088
ta,65,2,40,9,5.0,30.4138126514911,3.7618421395726145,0.565685424949238,0,36.87533723178088
ta,65,2,40,10,5.0,31.622776601683793,3.6052402625905993,0.565685424949238,0,36.87533723178088
ta,65,2,40,11,5.0,32.89756829919196,3.5041368908543005,0.5685569981889047,0,36.87533723178088
ta,65,2,40,12,5.0,27.613402542968153,3.836330929786496,0.44956066981809384,0,36.87533723178088
ta,65,2,40,13,5.0,28.50438562747845,3.660738767836316,0.565685424949238,0,36.87533723178088
ta,65,2,40,14,5.0,25.0,3.9269908169872414,0.565685424949238,0,36.87533723178088
ta,65,2,40,15,5.0,25.495097567963924,3.729595257137361,0.482842712474619,0,36.87533723178088
ta,65,2,40,16,5.0,26.92582403567252,3.5464844398748765,0.5685569981889047,0,36.87533723178088
ta,65,2,40,17,5.0,22.073740054644116,3.6984941776953795,0.482842712474619,0,36.87533723178088
ta,65,2,40,18,5.0,9.86154146165801,1.3171222306562538,0.44956066981809384,0,36.87533723178088
ta,65,2,40,19,5.0,7.0710678118654755,1.5707963267948966,0.44956066981809384,0,36.87533723178088
ta,65,2,40,20,5.0,5.0,0.7853981633974483,0.5685569981889047,0,36.87533723178088
ta,65,2,40,21,5.0,11.180339887498949,1.8925468811915387,0.482842712474619,0,36.87533723178088
ta,65,2,40,22,5.0,3.5355339059327378,1.5707963267948966,0.482842712474619,0,36.87533723178088
ta,65,2,40,23,5.0,7.905694150420948,2.0344439357957027,0.565685424949238,0,36.87533723178088
ta,65,2,40,24,5.0,3.5,5.497787143782138,0.565685424949238,1,36.87533723178088
ta,65,2,40,25,5.0,0.0,,0.44956066981809384,0,36.87533723178088
ta,65,2,40,26,5.0,5.0,2.356194490192345,0.5685569981889047,0,36.87533723178088
ta,65,2,40,27,5.0,10.0,2.356194490192345,0.565685424949238,0,36.87533723178088
ta,65,2,40,28,5.0,13.5,2.356194490192345,0.5685569981889047,0,36.87533723178088
ta,65,2,40,29,5.0,3.5355339059327378,3.141592653589793,0.44956066981809384,0,36.87533723178088
ta,65,2,40,30,5.0,7.905694150420948,2.677945044588987,0.565685424949238,0,36.87533723178088
ta,65,2,40,31,5.0,5.0,3.9269908169872414,0.565685424949238,0,36.87533723178088
ta,65,2,40,33,5.0,11.180339887498949,2.819842099193151,0.565685424949238,0,36.87533723178088
ta,65,2,40,34,5.0,9.86154146165801,3.395266749728436,0.482842712474619,0,36.87533723178088
ta,65,2,40,35,5.0,45.90479277809671,4.502909416605594,0.3276927682076162,0,36.87533723178088
ta,65,2,40,36,5.0,43.01162633521314,4.547240302970063,0.44956066981809384,0,36.87533723178088
ta,65,2,40,37,5.0,40.311288741492746,4.446136931233765,0.5685569981889047,0,36.87533723178088
ta,65,2,40,38,5.0,46.09772228646444,4.635617089114912,0.482842712474619,0,36.87533723178088
ta,65,2,40,39,5.0,39.528470752104745,4.532535480592212,0.482842712474619,0,36.87533723178088
ta,65,2,40,40,5.0,42.573465914816005,4.629247748496248,0.565685424949238,0,36.87533723178088
ta,65,2,40,41,5.0,34.23813663153998,4.429834027915103,0.565685424949238,0,36.87533723178088
ta,65,2,40,42,5.0,36.05551275463989,4.514993420534809,0.44956066981809384,0,36.87533723178088
ta,65,2,40,43,5.0,39.05124837953327,4.621729093183944,0.5685569981889047,0,36.87533723178088
ta,65,2,40,44,5.0,42.42640687119285,4.71238898038469,0.565685424949238,0,36.87533723178088
ta,65,2,40,45,5.0,44.9694340635948,4.76745137575836,0.5685569981889047,0,36.87533723178088
ta,65,2,40,46,5.0,35.531676008879735,4.612720327893528,0.44956066981809384,0,36.87533723178088
ta,65,2,40,47,5.0,38.890872965260115,4.71238898038469,0.565685424949238,0,36.87533723178088
ta,65,2,40,48,5.0,32.01562118716424,4.601731759210795,0.565685424949238,0,36.87533723178088
ta,65,2,40,49,5.0,35.35533905932738,4.71238898038469,0.482842712474619,0,36.87533723178088
ta,65,2,40,50,5.0,39.05124837953327,4.803048867585435,0.5685569981889047,0,36.87533723178088
ta,65,2,40,51,5.0,32.973474187595095,4.7875161362954515,0.482842712474619,0,36.87533723178088
ta,65,2,40,52,5.0,26.405491853021786,-0.4576596566168929,0.44956066981809384,0,36.87533723178088
ta,65,2,40,53,5.0,25.495097567963924,-0.5880026035475678,0.44956066981809384,0,36.87533723178088
ta,65,2,40,54,5.0,20.615528128088304,-0.540419500270584,0.5685569981889047,0,36.87533723178088
ta,65,2,40,55,5.0,30.4138126514911,-0.6202494859828214,0.482842712474619,0,36.87533723178088
ta,65,2,40,56,5.0,22.638462845343543,-0.6747409422235529,0.482842712474619,0,36.87533723178088
ta,65,2,40,57,5.0,27.613402542968153,-0.6947382761967034,0.565685424949238,0,36.87533723178088
ta,65,2,40,58,5.0,16.5,5.497787143782138,0.565685424949238,0,36.87533723178088
ta,65,2,40,59,5.0,20.0,5.497787143782138,0.44956066981809384,0,36.87533723178088
ta,65,2,40,60,5.0,25.0,5.497787143782138,0.5685569981889047,0,36.87533723178088
ta,65,2,40,61,5.0,30.0,5.497787143782138,0.565685424949238,0,36.87533723178088
ta,65,2,40,62,5.0,33.5,5.497787143782138,0.5685569981889047,0,36.87533723178088
ta,65,2,40,63,5.0,22.638462845343543,5.387129922608242,0.44956066981809384,0,36.87533723178088
ta,65,2,40,64,5.0,27.613402542968153,5.4071272565813935,0.565685424949238,0,36.87533723178088
ta,65,2,40,65,5.0,20.615528128088304,5.252808480655274,0.565685424949238,0,36.87533723178088
ta,65,2,40,66,5.0,25.495097567963924,5.3003915839322575,0.482842712474619,0,36.87533723178088
ta,65,2,40,67,5.0,30.4138126514911,5.332638466367511,0.5685569981889047,0,36.87533723178088
ta,65,2,40,68,5.0,26.405491853021786,5.170048637001583,0.482842712474619,0,36.87533723178088
ta,65,2,41,1,5.0,39.42714800743264,-1.7880897577179176,0.44956066981809384,0,37.17968505786784
ta,65,2,41,2,5.0,36.01735692690401,-1.8090410849736416,0.44956066981809384,0,37.17968505786784
ta,65,2,41,3,5.0,35.174564673923115,-1.6704649792860584,0.5685569981889047,0,37.17968505786784
ta,65,2,41,4,5.0,37.51333096380539,-1.9389270981200601,0.482842712474619,0,37.17968505786784
ta,65,2,41,5,5.0,33.04920573932148,-1.7533561799258033,0.482842712474619,0,37.17968505786784
ta,65,2,41,6,5.0,34.311076928595526,-1.8971551435016591,0.565685424949238,0,37.17968505786784
ta,65,2,41,7,5.0,30.0,-1.5707963267948966,0.565685424949238,0,37.17968505786784
ta,65,2,41,9,5.0,31.18092365533773,-1.846893346190333,0.565685424949238,0,37.17968505786784
ta,65,2,41,10,5.0,32.89756829919196,-1.9936502529278373,0.565685424949238,0,37.17968505786784
ta,65,2,41,11,5.0,34.48187929913333,-2.086345334253876,0.5685569981889047,0,37.17968505786784
ta,65,2,41,12,5.0,28.146935890075138,-1.785611727196555,0.44956066981809384,0,37.17968505786784
ta,65,2,41,13,5.0,29.618406439239774,-1.9513027039072615,0.565685424949238,0,37.17968505786784
ta,65,2,41,14,5.0,25.243811122728676,-1.7098922682769677,0.565685424949238,0,37.17968505786784
ta,65,2,41,15,5.0,26.405491853021786,-1.898534833575452,0.482842712474619,0,37.17968505786784
ta,65,2,41,16,5.0,28.412145290350743,-2.0659295902633006,0.5685569981889047,0,37.17968505786784
ta,65,2,41,17,5.0,23.119256043393783,-1.9472866612414195,0.482842712474619,0,37.17968505786784
ta,65,2,41,18,5.0,12.020815280171307,-3.9269908169872414,0.44956066981809384,0,37.17968505786784
ta,65,2,41,19,5.0,9.86154146165801,-3.673316720848599,0.44956066981809384,0,37.17968505786784
ta,65,2,41,20,5.0,6.103277807866851,-4.101663015995481,0.5685569981889047,0,37.17968505786784
ta,65,2,41,21,5.0,14.396180048887969,-3.4962983056007335,0.482842712474619,0,37.17968505786784
ta,65,2,41,22,5.0,6.5,-3.5363837732895544,0.482842712474619,0,37.17968505786784
ta,65,2,41,23,5.0,11.280514172678478,-3.365069254730426,0.565685424949238,0,37.17968505786784
ta,65,2,41,24,5.0,0.0,,0.565685424949238,0,37.17968505786784
ta,65,2,41,26,5.0,8.5,-3.141592653589793,0.565685424949238,0,37.17968505786784
ta,65,2,41,27,5.0,13.5,-3.141592653589793,0.565685424949238,0,37.17968505786784
ta,65,2,41,28,5.0,17.0,-3.141592653589793,0.5685569981889047,0,37.17968505786784
ta,65,2,41,29,5.0,6.5,-2.746801533890032,0.44956066981809384,0,37.17968505786784
ta,65,2,41,30,5.0,11.280514172678478,-2.91811605244916,0.565685424949238,0,37.17968505786784
ta,65,2,41,31,5.0,6.103277807866851,-2.181522291184105,0.565685424949238,0,37.17968505786784
ta,65,2,41,32,5.0,9.86154146165801,-2.6098685863309874,0.482842712474619,0,37.17968505786784
ta,65,2,41,33,5.0,14.396180048887969,-2.7868870015788527,0.5685569981889047,0,37.17968505786784
ta,65,2,41,34,5.0,12.020815280171307,-2.356194490192345,0.482842712474619,0,37.17968505786784
ta,65,2,41,35,5.0,44.09648512069868,-1.0614951827928847,0.44956066981809384,0,37.17968505786784
ta,65,2,41,36,5.0,41.07614879708174,-1.0199387922631802,0.44956066981809384,0,37.17968505786784
ta,65,2,41,37,5.0,38.69431482789171,-1.1302659861783835,0.5685569981889047,0,37.17968505786784
ta,65,2,41,38,5.0,43.900455578501685,-0.9227394408643823,0.482842712474619,0,37.17968505786784
ta,65,2,41,39,5.0,37.646380968162134,-1.0417658557152478,0.482842712474619,0,37.17968505786784
ta,65,2,41,40,5.0,40.40111384603152,-0.9347208240911455,0.565685424949238,0,37.17968505786784
ta,65,2,41,41,5.0,32.69556544854363,-1.1618884978439712,0.565685424949238,0,37.17968505786784
ta,65,2,41,42,5.0,34.23813663153998,-1.0679531158670357,0.44956066981809384,0,37.17968505786784
ta,65,2,41,43,5.0,36.908671067921155,-0.9489720389643068,0.5685569981889047,0,37.17968505786784
ta,65,2,41,44,5.0,40.02811511925087,-0.847266009261828,0.565685424949238,0,37.17968505786784
ta,65,2,41,45,5.0,42.42640687119285,-0.7853981633974483,0.5685569981889047,0,37.17968505786784
ta,65,2,41,46,5.0,33.425289826716536,-0.9661977367014196,0.44956066981809384,0,37.17968505786784
ta,65,2,41,47,5.0,36.5,-0.8532549862537522,0.565685424949238,0,37.17968505786784
ta,65,2,41,48,5.0,29.95413160150032,-0.9874233198010405,0.565685424949238,0,37.17968505786784
ta,65,2,41,49,5.0,32.973474187595095,-0.8605253193082101,0.482842712474619,0,37.17968505786784
ta,65,2,41,50,5.0,36.43144246389374,-0.7562801818904092,0.5685569981889047,0,37.17968505786784
ta,65,2,41,51,5.0,30.405591591021544,-0.7853981633974483,0.482842712474619,0,37.17968505786784
ta,65,2,41,52,5.0,23.119256043393783,-5.906694972733064,0.44956066981809384,0,37.17968505786784
ta,65,2,41,53,5.0,22.073740054644116,-6.054688667887724,0.44956066981809384,0,37.17968505786784
ta,65,2,41,54,5.0,17.240939649566666,-5.988950742068399,0.5685569981889047,0,37.17968505786784
ta,65,2,41,55,5.0,26.9675731203236,-6.096698405512369,0.482842712474619,0,37.17968505786784
ta,65,2,41,56,5.0,19.1637678967368,-6.152357911105529,0.482842712474619,0,37.17968505786784
ta,65,2,41,57,5.0,24.12985702402731,-6.179392966722544,0.565685424949238,0,37.17968505786784
ta,65,2,41,58,5.0,13.0,0.0,0.565685424949238,0,37.17968505786784
ta,65,2,41,59,5.0,16.5,0.0,0.44956066981809384,0,37.17968505786784
ta,65,2,41,60,5.0,21.5,0.0,0.5685569981889047,0,37.17968505786784
ta,65,2,41,61,5.0,26.5,0.0,0.565685424949238,0,37.17968505786784
ta,65,2,41,62,5.0,30.0,0.0,0.5685569981889047,0,37.17968505786784
ta,65,2,41,63,5.0,19.1637678967368,-0.1308273960740567,0.44956066981809384,0,37.17968505786784
ta,65,2,41,64,5.0,24.12985702402731,-0.10379234045704289,0.565685424949238,0,37.17968505786784
ta,65,2,41,65,5.0,17.240939649566666,-0.2942345651111875,0.565685424949238,1,37.17968505786784
ta,65,2,41,66,5.0,22.073740054644116,-0.22849663929186237,0.482842712474619,0,37.17968505786784
ta,65,2,41,67,5.0,26.9675731203236,-0.18648690166721682,0.5685569981889047,0,37.17968505786784
ta,65,2,41,68,5.0,23.119256043393783,-0.3764903344465229,0.482842712474619,0,37.17968505786784
ta,65,2,42,1,5.0,41.80011961705373,-1.9176705305434147,0.44956066981809384,0,38.678897201308416
ta,65,2,42,2,5.0,39.05124837953327,-1.9713000378804122,0.44956066981809384,0,38.678897201308416
ta,65,2,42,3,5.0,36.05551275463989,-1.8645643652312764,0.5685569981889047,0,38.678897201308416
ta,65,2,42,4,5.0,42.42640687119285,-2.0619599250811573,0.482842712474619,0,38.678897201308416
ta,65,2,42,5,5.0,35.531676008879735,-1.9622912725899953,0.482842712474619,0,38.678897201308416
ta,65,2,42,6,5.0,38.890872965260115,-2.0619599250811573,0.565685424949238,0,38.678897201308416
ta,65,2,42,7,5.0,29.95413160150032,-1.859934768677565,0.565685424949238,0,38.678897201308416
ta,65,2,42,8,5.0,32.01562118716424,-1.9513027039072617,0.44956066981809384,0,38.678897201308416
ta,65,2,42,9,5.0,35.35533905932738,-2.0619599250811573,0.5685569981889047,0,38.678897201308416
ta,65,2,42,10,5.0,39.05124837953327,-2.1526198122819027,0.565685424949238,0,38.678897201308416
ta,65,2,42,11,5.0,41.80011961705373,-2.2062493196189,0.5685569981889047,0,38.678897201308416
ta,65,2,42,12,5.0,31.81980515339464,-2.0619599250811573,0.44956066981809384,0,38.678897201308416
ta,65,2,42,13,5.0,35.531676008879735,-2.161628577572319,0.565685424949238,0,38.678897201308416
ta,65,2,42,14,5.0,28.284271247461902,-2.0619599250811573,0.565685424949238,0,38.678897201308416
ta,65,2,42,15,5.0,32.01562118716424,-2.172617146255053,0.482842712474619,0,38.678897201308416
ta,65,2,42,16,5.0,36.05551275463989,-2.259355484931038,0.5685569981889047,0,38.678897201308416
ta,65,2,42,17,5.0,29.95413160150032,-2.2639850814847495,0.482842712474619,0,38.678897201308416
ta,65,2,42,18,5.0,28.412145290350743,-3.3424913519470096,0.44956066981809384,0,38.678897201308416
ta,65,2,42,19,5.0,26.92582403567252,-3.2278644655909705,0.44956066981809384,0,38.678897201308416
ta,65,2,42,20,5.0,22.360679774997898,-3.3110056974794118,0.5685569981889047,0,38.678897201308416
ta,65,2,42,21,5.0,31.622776601683793,-3.1691086428752477,0.482842712474619,0,38.678897201308416
ta,65,2,42,22,5.0,23.717082451262844,-3.1691086428752477,0.482842712474619,0,38.678897201308416
ta,65,2,42,23,5.0,28.50438562747845,-3.113610137629531,0.565685424949238,0,38.678897201308416
ta,65,2,42,25,5.0,20.615528128088304,-3.09233675160547,0.3276927682076162,0,38.678897201308416
ta,65,2,42,26,5.0,25.495097567963924,-3.0447536483284865,0.565685424949238,0,38.678897201308416
ta,65,2,42,27,5.0,30.4138126514911,-3.0125067658932325,0.565685424949238,0,38.678897201308416
ta,65,2,42,28,5.0,33.8710791088799,-2.995518109210437,0.5685569981889047,0,38.678897201308416
ta,65,2,42,29,5.0,22.638462845343543,-2.9580153096525015,0.44956066981809384,0,38.678897201308416
ta,65,2,42,30,5.0,27.613402542968153,-2.9380179756793505,0.565685424949238,0,38.678897201308416
ta,65,2,42,31,5.0,20.0,-2.8473580884786056,0.565685424949238,0,38.678897201308416
ta,65,2,42,32,5.0,25.0,-2.8473580884786056,0.482842712474619,0,38.678897201308416
ta,65,2,42,33,5.0,30.0,-2.8473580884786056,0.5685569981889047,0,38.678897201308416
ta,65,2,42,34,5.0,25.243811122728676,-2.7082621469965344,0.482842712474619,0,38.678897201308416
ta,65,2,42,35,5.0,33.8710791088799,-1.1284017409518776,0.44956066981809384,0,38.678897201308416
ta,65,2,42,36,5.0,30.4138126514911,-1.1114130842690821,0.44956066981809384,0,38.678897201308416
ta,65,2,42,37,5.0,30.0,-1.276561761683709,0.5685569981889047,0,38.678897201308416
ta,65,2,42,38,5.0,31.622776601683793,-0.9548112072870667,0.482842712474619,0,38.678897201308416
ta,65,2,42,39,5.0,27.613402542968153,-1.185901874482964,0.482842712474619,0,38.678897201308416
ta,65,2,42,40,5.0,28.50438562747845,-1.0103097125327836,0.565685424949238,0,38.678897201308416
ta,65,2,42,41,5.0,25.243811122728676,-1.4156577031657802,0.565685424949238,0,38.678897201308416
ta,65,2,42,42,5.0,25.0,-1.276561761683709,0.44956066981809384,0,38.678897201308416
ta,65,2,42,43,5.0,25.495097567963924,-1.0791662018338282,0.5685569981889047,0,38.678897201308416
ta,65,2,42,44,5.0,26.92582403567252,-0.8960553845713441,0.565685424949238,0,38.678897201308416
ta,65,2,42,45,5.0,28.412145290350743,-0.781428498215305,0.5685569981889047,0,38.678897201308416
ta,65,2,42,46,5.0,22.638462845343543,-1.1659045405098134,0.44956066981809384,0,38.678897201308416
ta,65,2,42,47,5.0,23.717082451262844,-0.9548112072870667,0.565685424949238,0,38.678897201308416
ta,65,2,42,48,5.0,20.0,-1.276561761683709,0.565685424949238,0,38.678897201308416
ta,65,2,42,49,5.0,20.615528128088304,-1.0315830985568448,0.482842712474619,0,38.678897201308416
ta,65,2,42,50,5.0,22.360679774997898,-0.8129141526829029,0.5685569981889047,0,38.678897201308416
ta,65,2,42,51,5.0,17.240939649566666,-0.9823271965725213,0.482842712474619,0,38.678897201308416
ta,65,2,42,52,5.0,14.396180048887969,-4.772860067284443,0.44956066981809384,0,38.678897201308416
ta,65,2,42,53,5.0,11.180339887498949,-4.881802024274308,0.44956066981809384,0,38.678897201308416
ta,65,2,42,54,5.0,10.0,-4.418154415273502,0.5685569981889047,0,38.678897201308416
ta,65,2,42,55,5.0,14.142135623730951,-5.2035525786709504,0.482842712474619,0,38.678897201308416
ta,65,2,42,56,5.0,7.905694150420948,-4.739904969670144,0.482842712474619,0,38.678897201308416
ta,65,2,42,57,5.0,10.606601717798213,-5.2035525786709504,0.565685424949238,0,38.678897201308416
ta,65,2,42,58,5.0,6.103277807866851,-3.8074284508842937,0.565685424949238,0,38.678897201308416
ta,65,2,42,59,5.0,5.0,-4.418154415273502,0.44956066981809384,0,38.678897201308416
ta,65,2,42,60,5.0,7.0710678118654755,-5.2035525786709504,0.5685569981889047,0,38.678897201308416
ta,65,2,42,61,5.0,11.180339887498949,-5.525303133067593,0.565685424949238,0,38.678897201308416
ta,65,2,42,62,5.0,14.396180048887969,-5.634245090057458,0.5685569981889047,0,38.678897201308416
ta,65,2,42,63,5.0,3.5355339059327378,-5.2035525786709504,0.44956066981809384,0,38.678897201308416
ta,65,2,42,64,5.0,7.905694150420948,-5.667200187671757,0.565685424949238,0,38.678897201308416
ta,65,2,42,65,5.0,0.0,,0.565685424949238,0,38.678897201308416
ta,65,2,42,66,5.0,5.0,0.2942345651111875,0.482842712474619,1,38.678897201308416
ta,65,2,42,67,5.0,10.0,0.2942345651111875,0.5685569981889047,0,38.678897201308416
ta,65,2,42,68,5.0,6.103277807866851,-0.31649139927802095,0.482842712474619,0,38.678897201308416
ta,65,2,43,1,5.0,44.9694340635948,-2.3011320948186746,0.44956066981809384,0,39.11367981000407
ta,65,2,43,2,5.0,42.42640687119285,-2.356194490192345,0.44956066981809384,0,39.11367981000407
ta,65,2,43,3,5.0,39.05124837953327,-2.2655346029915995,0.5685569981889047,0,39.11367981000407
ta,65,2,43,4,5.0,46.09772228646444,-2.4329663814621227,0.482842712474619,0,39.11367981000407
ta,65,2,43,5,5.0,38.890872965260115,-2.356194490192345,0.482842712474619,0,39.11367981000407
ta,65,2,43,6,5.0,42.573465914816005,-2.439335722080786,0.565685424949238,0,39.11367981000407
ta,65,2,43,7,5.0,32.973474187595095,-2.2810673342815826,0.565685424949238,0,39.11367981000407
ta,65,2,43,8,5.0,35.35533905932738,-2.356194490192345,0.44956066981809384,0,39.11367981000407
ta,65,2,43,9,5.0,39.05124837953327,-2.44685437739309,0.5685569981889047,0,39.11367981000407
ta,65,2,43,10,5.0,43.01162633521314,-2.5213431676069717,0.565685424949238,0,39.11367981000407
ta,65,2,43,11,5.0,45.90479277809671,-2.56567405397144,0.5685569981889047,0,39.11367981000407
ta,65,2,43,12,5.0,35.531676008879735,-2.4558631426835067,0.44956066981809384,0,39.11367981000407
ta,65,2,43,13,5.0,39.528470752104745,-2.536047989984823,0.565685424949238,0,39.11367981000407
ta,65,2,43,14,5.0,32.01562118716424,-2.4668517113662407,0.565685424949238,0,39.11367981000407
ta,65,2,43,15,5.0,36.05551275463989,-2.5535900500422257,0.482842712474619,0,39.11367981000407
ta,65,2,43,16,5.0,40.311288741492746,-2.62244653934327,0.5685569981889047,0,39.11367981000407
ta,65,2,43,17,5.0,34.23813663153998,-2.6387494426619322,0.482842712474619,0,39.11367981000407
ta,65,2,43,18,5.0,32.89756829919196,-3.564446579722734,0.44956066981809384,0,39.11367981000407
ta,65,2,43,19,5.0,31.622776601683793,-3.4633432079864352,0.44956066981809384,0,39.11367981000407
ta,65,2,43,20,5.0,26.92582403567252,-3.522099030702158,0.5685569981889047,0,39.11367981000407
ta,65,2,43,21,5.0,36.40054944640259,-3.4198923125949046,0.482842712474619,0,39.11367981000407
ta,65,2,43,22,5.0,28.50438562747845,-3.4078447027407184,0.482842712474619,0,39.11367981000407
ta,65,2,43,23,5.0,33.354160160315836,-3.368391501643679,0.565685424949238,0,39.11367981000407
ta,65,2,43,25,5.0,25.495097567963924,-3.338988213439674,0.3276927682076162,0,39.11367981000407
ta,65,2,43,26,5.0,30.4138126514911,-3.30674133100442,0.565685424949238,0,39.11367981000407
ta,65,2,43,27,5.0,35.35533905932738,-3.283489708193957,0.565685424949238,0,39.11367981000407
ta,65,2,43,28,5.0,38.82331773560833,-3.270739943717813,0.5685569981889047,0,39.11367981000407
ta,65,2,43,29,5.0,27.613402542968153,-3.232252540790538,0.44956066981809384,0,39.11367981000407
ta,65,2,43,30,5.0,32.59601202601324,-3.218364544859571,0.565685424949238,0,39.11367981000407
ta,65,2,43,31,5.0,25.0,-3.141592653589793,0.565685424949238,0,39.11367981000407
ta,65,2,43,32,5.0,30.0,-3.141592653589793,0.482842712474619,0,39.11367981000407
ta,65,2,43,33,5.0,35.0,-3.141592653589793,0.5685569981889047,0,39.11367981000407
ta,65,2,43,34,5.0,30.20347662107791,-3.0254510267098027,0.482842712474619,0,39.11367981000407
ta,65,2,43,35,5.0,33.5,-1.5707963267948966,0.44956066981809384,0,39.11367981000407
ta,65,2,43,36,5.0,30.0,-1.5707963267948966,0.44956066981809384,0,39.11367981000407
ta,65,2,43,37,5.0,30.4138126514911,-1.7359450042095232,0.5685569981889047,0,39.11367981000407
ta,65,2,43,38,5.0,30.4138126514911,-1.4056476493802696,0.482842712474619,0,39.11367981000407
ta,65,2,43,39,5.0,27.613402542968153,-1.6614562139956417,0.482842712474619,0,39.11367981000407
ta,65,2,43,40,5.0,27.613402542968153,-1.4801364395941514,0.565685424949238,0,39.11367981000407
ta,65,2,43,41,5.0,26.405491853021786,-1.898534833575452,0.565685424949238,0,39.11367981000407
ta,65,2,43,42,5.0,25.495097567963924,-1.7681918866447772,0.44956066981809384,0,39.11367981000407
ta,65,2,43,43,5.0,25.0,-1.5707963267948966,0.5685569981889047,0,39.11367981000407
ta,65,2,43,44,5.0,25.495097567963924,-1.3734007669450157,0.565685424949238,0,39.11367981000407
ta,65,2,43,45,5.0,26.405491853021786,-1.243057820014341,0.5685569981889047,0,39.11367981000407
ta,65,2,43,46,5.0,22.638462845343543,-1.6814535479687922,0.44956066981809384,0,39.11367981000407
ta,65,2,43,47,5.0,22.638462845343543,-1.460139105621001,0.565685424949238,0,39.11367981000407
ta,65,2,43,48,5.0,20.615528128088304,-1.8157749899217606,0.565685424949238,0,39.11367981000407
ta,65,2,43,49,5.0,20.0,-1.5707963267948966,0.482842712474619,0,39.11367981000407
ta,65,2,43,50,5.0,20.615528128088304,-1.3258176636680323,0.5685569981889047,0,39.11367981000407
ta,65,2,43,51,5.0,16.5,-1.5707963267948966,0.482842712474619,0,39.11367981000407
ta,65,2,43,52,5.0,13.5,-4.71238898038469,0.44956066981809384,0,39.11367981000407
ta,65,2,43,53,5.0,10.0,-4.71238898038469,0.44956066981809384,0,39.11367981000407
ta,65,2,43,54,5.0,11.180339887498949,-4.2487413713838835,0.5685569981889047,0,39.11367981000407
ta,65,2,43,55,5.0,11.180339887498949,-5.176036589385496,0.482842712474619,0,39.11367981000407
ta,65,2,43,56,5.0,7.905694150420948,-4.3906384259880475,0.482842712474619,0,39.11367981000407
ta,65,2,43,57,5.0,7.905694150420948,-5.034139534781332,0.565685424949238,0,39.11367981000407
ta,65,2,43,58,5.0,9.86154146165801,-3.673316720848599,0.565685424949238,0,39.11367981000407
ta,65,2,43,59,5.0,7.0710678118654755,-3.9269908169872414,0.44956066981809384,0,39.11367981000407
ta,65,2,43,60,5.0,5.0,-4.71238898038469,0.5685569981889047,0,39.11367981000407
ta,65,2,43,61,5.0,7.0710678118654755,-5.497787143782138,0.565685424949238,0,39.11367981000407
ta,65,2,43,62,5.0,9.86154146165801,-5.751461239920781,0.5685569981889047,0,39.11367981000407
ta,65,2,43,63,5.0,3.5355339059327378,-3.9269908169872414,0.44956066981809384,0,39.11367981000407
ta,65,2,43,64,5.0,3.5355339059327378,-5.497787143782138,0.565685424949238,0,39.11367981000407
ta,65,2,43,66,5.0,0.0,,0.4,0,39.11367981000407
ta,65,2,43,67,5.0,5.0,0.0,0.5685569981889047,1,39.11367981000407
ta,65,2,43,68,5.0,3.5,-1.5707963267948966,0.482842712474619,0,39.11367981000407
ta,65,2,44,1,4.0,48.44842618702903,-2.378088801315123,0.317692537949962,0,39.548462418699714
ta,65,2,44,2,4.0,46.09772228646444,-2.4329663814621227,0.44956066981809384,0,39.548462418699714
ta,65,2,44,3,4.0,42.42640687119285,-2.356194490192345,0.5685569981889047,0,39.548462418699714
ta,65,2,44,4,4.0,50.0,-2.498091544796509,0.482842712474619,0,39.548462418699714
ta,65,2,44,5,4.0,42.573465914816005,-2.439335722080786,0.482842712474619,0,39.548462418699714
ta,65,2,44,6,4.0,46.502688094345686,-2.50884381858761,0.565685424949238,0,39.548462418699714
ta,65,2,44,7,4.0,36.43144246389374,-2.3853124716993834,0.565685424949238,0,39.548462418699714
ta,65,2,44,8,4.0,39.05124837953327,-2.44685437739309,0.44956066981809384,0,39.548462418699714
ta,65,2,44,9,4.0,43.01162633521314,-2.5213431676069717,0.5685569981889047,0,39.548462418699714
ta,65,2,44,10,4.0,47.16990566028302,-2.5829933382462307,0.565685424949238,0,39.548462418699714
ta,65,2,44,11,4.0,50.172203459684724,-2.6199743564934064,0.5685569981889047,0,39.548462418699714
ta,65,2,44,12,4.0,39.528470752104745,-2.536047989984823,0.44956066981809384,0,39.548462418699714
ta,65,2,44,13,4.0,43.73213921133976,-2.601173153319209,0.565685424949238,0,39.548462418699714
ta,65,2,44,14,4.0,36.05551275463989,-2.5535900500422257,0.565685424949238,0,39.548462418699714
ta,65,2,44,15,4.0,40.311288741492746,-2.62244653934327,0.482842712474619,0,39.548462418699714
ta,65,2,44,16,4.0,44.721359549995796,-2.677945044588987,0.5685569981889047,0,39.548462418699714
ta,65,2,44,17,4.0,38.69431482789171,-2.70106231297328,0.482842712474619,0,39.548462418699714
ta,65,2,44,18,4.0,37.51333096380539,-3.5097234249149567,0.44956066981809384,0,39.548462418699714
ta,65,2,44,19,4.0,36.40054944640259,-3.4198923125949046,0.44956066981809384,0,39.548462418699714
ta,65,2,44,20,4.0,31.622776601683793,-3.4633432079864352,0.5685569981889047,0,39.548462418699714
ta,65,2,44,21,4.0,41.23105625617661,-3.3865713167166573,0.482842712474619,0,39.548462418699714
ta,65,2,44,22,4.0,33.354160160315836,-3.368391501643679,0.482842712474619,0,39.548462418699714
ta,65,2,44,23,4.0,38.242646351945886,-3.338988213439674,0.565685424949238,0,39.548462418699714
ta,65,2,44,24,4.0,26.9675731203236,-3.32807955525701,0.565685424949238,0,39.548462418699714
ta,65,2,44,25,4.0,30.4138126514911,-3.30674133100442,0.44956066981809384,0,39.548462418699714
ta,65,2,44,26,4.0,35.35533905932738,-3.283489708193957,0.5685569981889047,0,39.548462418699714
ta,65,2,44,27,4.0,40.311288741492746,-3.2659476481365544,0.565685424949238,0,39.548462418699714
ta,65,2,44,28,4.0,43.78641341786285,-3.2560329588598567,0.5685569981889047,0,39.548462418699714
ta,65,2,44,29,4.0,32.59601202601324,-3.218364544859571,0.44956066981809384,0,39.548462418699714
ta,65,2,44,30,4.0,37.58324094593227,-3.208160817365617,0.565685424949238,0,39.548462418699714
ta,65,2,44,31,4.0,30.0,-3.141592653589793,0.565685424949238,0,39.548462418699714
ta,65,2,44,32,4.0,35.0,-3.141592653589793,0.482842712474619,0,39.548462418699714
ta,65,2,44,33,4.0,40.0,-3.141592653589793,0.5685569981889047,0,39.548462418699714
ta,65,2,44,34,4.0,35.174564673923115,-3.0419240010986313,0.482842712474619,0,39.548462418699714
ta,65,2,44,35,4.0,33.8710791088799,-1.7189563475267278,0.44956066981809384,0,39.548462418699714
ta,65,2,44,36,4.0,30.4138126514911,-1.7359450042095232,0.44956066981809384,0,39.548462418699714
ta,65,2,44,37,4.0,31.622776601683793,-1.8925468811915387,0.5685569981889047,0,39.548462418699714
ta,65,2,44,38,4.0,30.0,-1.5707963267948966,0.482842712474619,0,39.548462418699714
ta,65,2,44,39,4.0,28.50438562747845,-1.8370483759458218,0.482842712474619,0,39.548462418699714
ta,65,2,44,40,4.0,27.613402542968153,-1.6614562139956417,0.565685424949238,0,39.548462418699714
ta,65,2,44,41,4.0,28.412145290350743,-2.0659295902633006,0.565685424949238,0,39.548462418699714
ta,65,2,44,42,4.0,26.92582403567252,-1.9513027039072615,0.44956066981809384,0,39.548462418699714
ta,65,2,44,43,4.0,25.495097567963924,-1.7681918866447772,0.5685569981889047,0,39.548462418699714
ta,65,2,44,44,4.0,25.0,-1.5707963267948966,0.565685424949238,0,39.548462418699714
ta,65,2,44,45,4.0,25.243811122728676,-1.4317003853128252,0.5685569981889047,0,39.548462418699714
ta,65,2,44,46,4.0,23.717082451262844,-1.8925468811915387,0.44956066981809384,0,39.548462418699714
ta,65,2,44,47,4.0,22.638462845343543,-1.6814535479687922,0.565685424949238,0,39.548462418699714
ta,65,2,44,48,4.0,22.360679774997898,-2.0344439357957027,0.565685424949238,0,39.548462418699714
ta,65,2,44,49,4.0,20.615528128088304,-1.8157749899217606,0.482842712474619,1,39.548462418699714
ta,65,2,44,50,4.0,20.0,-1.5707963267948966,0.5685569981889047,0,39.548462418699714
ta,65,2,44,51,4.0,17.240939649566666,-1.8650308919060843,0.482842712474619,0,39.548462418699714
ta,65,2,44,52,4.0,14.396180048887969,-4.357683328373749,0.44956066981809384,0,39.548462418699714
ta,65,2,44,53,4.0,11.180339887498949,-4.2487413713838835,0.44956066981809384,0,39.548462418699714
ta,65,2,44,54,4.0,14.142135623730951,-3.9269908169872414,0.5685569981889047,0,39.548462418699714
ta,65,2,44,55,4.0,10.0,-4.71238898038469,0.482842712474619,0,39.548462418699714
ta,65,2,44,56,4.0,10.606601717798213,-3.9269908169872414,0.482842712474619,0,39.548462418699714
ta,65,2,44,57,4.0,7.905694150420948,-4.3906384259880475,0.565685424949238,0,39.548462418699714
ta,65,2,44,58,4.0,14.396180048887969,-3.4962983056007335,0.565685424949238,0,39.548462418699714
ta,65,2,44,59,4.0,11.180339887498949,-3.6052402625905993,0.44956066981809384,0,39.548462418699714
ta,65,2,44,60,4.0,7.0710678118654755,-3.9269908169872414,0.5685569981889047,0,39.548462418699714
ta,65,2,44,61,4.0,5.0,-4.71238898038469,0.565685424949238,0,39.548462418699714
ta,65,2,44,62,4.0,6.103277807866851,-5.323114944773899,0.5685569981889047,0,39.548462418699714
ta,65,2,44,63,4.0,7.905694150420948,-3.4633432079864352,0.44956066981809384,0,39.548462418699714
ta,65,2,44,64,4.0,3.5355339059327378,-3.9269908169872414,0.565685424949238,0,39.548462418699714
ta,65,2,44,67,4.0,0.0,,0.565685424949238,0,39.548462418699714
ta,65,2,44,68,4.0,6.103277807866851,-2.5308666892005847,0.482842712474619,0,39.548462418699714
ta,65,2,45,1,5.0,32.89756829919196,-0.9029637375350918,0.43956043956043955,0,41.34111703853348
ta,65,2,45,2,5.0,31.622776601683793,-1.0040671092713904,0.44956066981809384,0,41.34111703853348
ta,65,2,45,3,5.0,26.92582403567252,-0.9453112865556677,0.5685569981889047,0,41.34111703853348
ta,65,2,45,4,5.0,36.40054944640259,-1.0475180046629213,0.482842712474619,0,41.34111703853348
ta,65,2,45,5,5.0,28.50438562747845,-1.059565614517107,0.482842712474619,0,41.34111703853348
ta,65,2,45,6,5.0,33.354160160315836,-1.0990188156141467,0.565685424949238,0,41.34111703853348
ta,65,2,45,7,5.0,22.073740054644116,-1.0973210243761702,0.565685424949238,0,41.34111703853348
ta,65,2,45,8,5.0,25.495097567963924,-1.128422103818152,0.44956066981809384,0,41.34111703853348
ta,65,2,45,9,5.0,30.4138126514911,-1.1606689862534056,0.5685569981889047,0,41.34111703853348
ta,65,2,45,10,5.0,35.35533905932738,-1.1839206090638685,0.565685424949238,0,41.34111703853348
ta,65,2,45,11,5.0,38.82331773560833,-1.1966703735400124,0.5685569981889047,0,41.34111703853348
ta,65,2,45,12,5.0,27.613402542968153,-1.2351577764672874,0.44956066981809384,0,41.34111703853348
ta,65,2,45,13,5.0,32.59601202601324,-1.2490457723982544,0.565685424949238,0,41.34111703853348
ta,65,2,45,14,5.0,25.0,-1.3258176636680326,0.565685424949238,0,41.34111703853348
ta,65,2,45,15,5.0,30.0,-1.3258176636680326,0.482842712474619,0,41.34111703853348
ta,65,2,45,16,5.0,35.0,-1.3258176636680326,0.5685569981889047,0,41.34111703853348
ta,65,2,45,17,5.0,30.20347662107791,-1.4419592905480227,0.482842712474619,0,41.34111703853348
ta,65,2,45,18,5.0,44.9694340635948,-2.1662782224391512,0.44956066981809384,0,41.34111703853348
ta,65,2,45,19,5.0,42.42640687119285,-2.1112158270654806,0.44956066981809384,0,41.34111703853348
ta,65,2,45,20,5.0,39.05124837953327,-2.201875714266226,0.5685569981889047,0,41.34111703853348
ta,65,2,45,21,5.0,46.09772228646444,-2.0344439357957027,0.482842712474619,0,41.34111703853348
ta,65,2,45,22,5.0,38.890872965260115,-2.1112158270654806,0.482842712474619,0,41.34111703853348
ta,65,2,45,23,5.0,42.573465914816005,-2.0280745951770394,0.565685424949238,0,41.34111703853348
ta,65,2,45,24,5.0,32.973474187595095,-2.186342982976243,0.565685424949238,0,41.34111703853348
ta,65,2,45,25,5.0,35.35533905932738,-2.1112158270654806,0.44956066981809384,0,41.34111703853348
ta,65,2,45,26,5.0,39.05124837953327,-2.0205559398647357,0.5685569981889047,0,41.34111703853348
ta,65,2,45,27,5.0,43.01162633521314,-1.9460671496508541,0.565685424949238,0,41.34111703853348
ta,65,2,45,28,5.0,45.90479277809671,-1.9017362632863857,0.5685569981889047,0,41.34111703853348
ta,65,2,45,29,5.0,35.531676008879735,-2.0115471745743188,0.44956066981809384,0,41.34111703853348
ta,65,2,45,30,5.0,39.528470752104745,-1.9313623272730025,0.565685424949238,0,41.34111703853348
ta,65,2,45,31,5.0,32.01562118716424,-2.000558605891585,0.565685424949238,0,41.34111703853348
ta,65,2,45,32,5.0,36.05551275463989,-1.9138202672156002,0.482842712474619,0,41.34111703853348
ta,65,2,45,33,5.0,40.311288741492746,-1.8449637779145553,0.5685569981889047,0,41.34111703853348
ta,65,2,45,34,5.0,34.23813663153998,-1.8286608745958932,0.482842712474619,0,41.34111703853348
ta,65,2,45,35,5.0,13.5,0.244978663126864,0.44956066981809384,0,41.34111703853348
ta,65,2,45,36,5.0,10.0,0.244978663126864,0.44956066981809384,0,41.34111703853348
ta,65,2,45,37,5.0,11.180339887498949,-0.21866894587394214,0.5685569981889047,0,41.34111703853348
ta,65,2,45,38,5.0,11.180339887498949,0.7086262721276702,0.482842712474619,0,41.34111703853348
ta,65,2,45,39,5.0,7.905694150420948,-0.07677189126977813,0.482842712474619,0,41.34111703853348
ta,65,2,45,40,5.0,7.905694150420948,0.5667292175235064,0.565685424949238,0,41.34111703853348
ta,65,2,45,41,5.0,9.86154146165801,-0.7940935964092269,0.565685424949238,0,41.34111703853348
ta,65,2,45,42,5.0,7.0710678118654755,-0.5404195002705843,0.44956066981809384,1,41.34111703853348
ta,65,2,45,43,5.0,5.0,0.244978663126864,0.5685569981889047,0,41.34111703853348
ta,65,2,45,44,5.0,7.0710678118654755,1.0303768265243123,0.565685424949238,0,41.34111703853348
ta,65,2,45,45,5.0,9.86154146165801,1.2840509226629553,0.5685569981889047,0,41.34111703853348
ta,65,2,45,46,5.0,3.5355339059327378,-0.5404195002705843,0.44956066981809384,0,41.34111703853348
ta,65,2,45,47,5.0,3.5355339059327378,1.0303768265243123,0.565685424949238,0,41.34111703853348
ta,65,2,45,48,5.0,5.0,-1.3258176636680326,0.565685424949238,0,41.34111703853348
ta,65,2,45,49,5.0,0.0,,0.482842712474619,0,41.34111703853348
ta,65,2,45,50,5.0,5.0,1.8157749899217606,0.5685569981889047,0,41.34111703853348
ta,65,2,45,51,5.0,3.5,-2.896613990462929,0.482842712474619,0,41.34111703853348
ta,65,2,45,52,5.0,33.5,-2.896613990462929,0.44956066981809384,0,41.34111703853348
ta,65,2,45,53,5.0,30.0,-2.896613990462929,0.44956066981809384,0,41.34111703853348
ta,65,2,45,54,5.0,30.4138126514911,-2.7314653130483024,0.5685569981889047,0,41.34111703853348
ta,65,2,45,55,5.0,30.4138126514911,-3.061762667877556,0.482842712474619,0,41.34111703853348
ta,65,2,45,56,5.0,27.613402542968153,-2.805954103262184,0.482842712474619,0,41.34111703853348
ta,65,2,45,57,5.0,27.613402542968153,-2.9872738776636742,0.565685424949238,0,41.34111703853348
ta,65,2,45,58,5.0,26.405491853021786,-2.5688754836823735,0.565685424949238,0,41.34111703853348
ta,65,2,45,59,5.0,25.495097567963924,-2.6992184306130484,0.44956066981809384,0,41.34111703853348
ta,65,2,45,60,5.0,25.0,-2.896613990462929,0.5685569981889047,0,41.34111703853348
ta,65,2,45,61,5.0,25.495097567963924,-3.09400955031281,0.565685424949238,0,41.34111703853348
ta,65,2,45,62,5.0,26.405491853021786,-3.2243524972434847,0.5685569981889047,0,41.34111703853348
ta,65,2,45,63,5.0,22.638462845343543,-2.7859567692890335,0.44956066981809384,0,41.34111703853348
ta,65,2,45,64,5.0,22.638462845343543,-3.0072712116368248,0.565685424949238,0,41.34111703853348
ta,65,2,45,66,5.0,20.0,-2.896613990462929,0.4,0,41.34111703853348
ta,65,2,45,68,5.0,16.5,-2.896613990462929,0.4,0,41.34111703853348
ta,65,2,46,1,5.0,26.405491853021786,-0.45765965661689284,0.44956066981809384,0,41.95599250043483
ta,65,2,46,2,5.0,25.495097567963924,-0.5880026035475675,0.44956066981809384,0,41.95599250043483
ta,65,2,46,3,5.0,20.615528128088304,-0.5404195002705842,0.5685569981889047,0,41.95599250043483
ta,65,2,46,4,5.0,30.4138126514911,-0.6202494859828215,0.482842712474619,0,41.95599250043483
ta,65,2,46,5,5.0,22.638462845343543,-0.6747409422235526,0.482842712474619,0,41.95599250043483
ta,65,2,46,6,5.0,27.613402542968153,-0.6947382761967031,0.565685424949238,0,41.95599250043483
ta,65,2,46,7,5.0,16.5,-0.7853981633974483,0.565685424949238,0,41.95599250043483
ta,65,2,46,8,5.0,20.0,-0.7853981633974483,0.44956066981809384,1,41.95599250043483
ta,65,2,46,9,5.0,25.0,-0.7853981633974483,0.5685569981889047,0,41.95599250043483
ta,65,2,46,10,5.0,30.0,-0.7853981633974483,0.565685424949238,0,41.95599250043483
ta,65,2,46,11,5.0,33.5,-0.7853981633974483,0.5685569981889047,0,41.95599250043483
ta,65,2,46,12,5.0,22.638462845343543,-0.8960553845713439,0.44956066981809384,0,41.95599250043483
ta,65,2,46,13,5.0,27.613402542968153,-0.8760580505981934,0.565685424949238,0,41.95599250043483
ta,65,2,46,14,5.0,20.615528128088304,-1.0303768265243125,0.565685424949238,0,41.95599250043483
ta,65,2,46,15,5.0,25.495097567963924,-0.982793723247329,0.482842712474619,0,41.95599250043483
ta,65,2,46,16,5.0,30.4138126514911,-0.9505468408120751,0.5685569981889047,0,41.95599250043483
ta,65,2,46,17,5.0,26.405491853021786,-1.1131366701780037,0.482842712474619,0,41.95599250043483
ta,65,2,46,18,5.0,45.90479277809671,-1.780275890573992,0.44956066981809384,0,41.95599250043483
ta,65,2,46,19,5.0,43.01162633521314,-1.7359450042095235,0.44956066981809384,0,41.95599250043483
ta,65,2,46,20,5.0,40.311288741492746,-1.837048375945822,0.5685569981889047,0,41.95599250043483
ta,65,2,46,21,5.0,46.09772228646444,-1.6475682180646747,0.482842712474619,0,41.95599250043483
ta,65,2,46,22,5.0,39.528470752104745,-1.750649826587375,0.482842712474619,0,41.95599250043483
ta,65,2,46,23,5.0,42.573465914816005,-1.6539375586833378,0.565685424949238,0,41.95599250043483
ta,65,2,46,24,5.0,34.23813663153998,-1.8533512792644842,0.565685424949238,0,41.95599250043483
ta,65,2,46,25,5.0,36.05551275463989,-1.7681918866447774,0.44956066981809384,0,41.95599250043483
ta,65,2,46,26,5.0,39.05124837953327,-1.6614562139956417,0.5685569981889047,0,41.95599250043483
ta,65,2,46,27,5.0,42.42640687119285,-1.5707963267948966,0.565685424949238,0,41.95599250043483
ta,65,2,46,28,5.0,44.9694340635948,-1.5157339314212264,0.5685569981889047,0,41.95599250043483
ta,65,2,46,29,5.0,35.531676008879735,-1.6704649792860586,0.44956066981809384,0,41.95599250043483
ta,65,2,46,30,5.0,38.890872965260115,-1.5707963267948966,0.565685424949238,0,41.95599250043483
ta,65,2,46,31,5.0,32.01562118716424,-1.6814535479687922,0.565685424949238,0,41.95599250043483
ta,65,2,46,32,5.0,35.35533905932738,-1.5707963267948966,0.482842712474619,0,41.95599250043483
ta,65,2,46,33,5.0,39.05124837953327,-1.4801364395941514,0.5685569981889047,0,41.95599250043483
ta,65,2,46,34,5.0,32.973474187595095,-1.4956691708841345,0.482842712474619,0,41.95599250043483
ta,65,2,46,35,5.0,9.86154146165801,1.317122230656254,0.44956066981809384,0,41.95599250043483
ta,65,2,46,36,5.0,7.0710678118654755,1.5707963267948966,0.44956066981809384,0,41.95599250043483
ta,65,2,46,37,5.0,5.0,0.7853981633974483,0.5685569981889047,0,41.95599250043483
ta,65,2,46,38,5.0,11.180339887498949,1.8925468811915387,0.482842712474619,0,41.95599250043483
ta,65,2,46,39,5.0,3.5355339059327378,1.5707963267948966,0.482842712474619,0,41.95599250043483
ta,65,2,46,40,5.0,7.905694150420948,2.0344439357957027,0.565685424949238,0,41.95599250043483
ta,65,2,46,41,5.0,3.5,-0.7853981633974483,0.565685424949238,0,41.95599250043483
ta,65,2,46,42,5.0,0.0,,0.44956066981809384,0,41.95599250043483
ta,65,2,46,43,5.0,5.0,2.356194490192345,0.5685569981889047,0,41.95599250043483
ta,65,2,46,44,5.0,10.0,2.356194490192345,0.565685424949238,0,41.95599250043483
ta,65,2,46,45,5.0,13.5,2.356194490192345,0.5685569981889047,0,41.95599250043483
ta,65,2,46,46,5.0,3.5355339059327378,-3.141592653589793,0.44956066981809384,0,41.95599250043483
ta,65,2,46,47,5.0,7.905694150420948,-3.6052402625905993,0.565685424949238,0,41.95599250043483
ta,65,2,46,48,5.0,5.0,-2.356194490192345,0.565685424949238,0,41.95599250043483
ta,65,2,46,50,5.0,11.180339887498949,-3.4633432079864352,0.565685424949238,0,41.95599250043483
ta,65,2,46,51,5.0,9.86154146165801,-2.8879185574511506,0.482842712474619,0,41.95599250043483
ta,65,2,46,52,5.0,38.82331773560833,-2.485341780320365,0.3276927682076162,0,41.95599250043483
ta,65,2,46,53,5.0,35.35533905932738,-2.498091544796509,0.44956066981809384,0,41.95599250043483
ta,65,2,46,54,5.0,35.0,-2.356194490192345,0.5685569981889047,0,41.95599250043483
ta,65,2,46,55,5.0,36.40054944640259,-2.6344941491974563,0.482842712474619,0,41.95599250043483
ta,65,2,46,56,5.0,32.59601202601324,-2.4329663814621227,0.482842712474619,0,41.95599250043483
ta,65,2,46,57,5.0,33.354160160315836,-2.5829933382462307,0.565685424949238,0,41.95599250043483
ta,65,2,46,58,5.0,30.20347662107791,-2.2400528633123544,0.565685424949238,0,41.95599250043483
ta,65,2,46,59,5.0,30.0,-2.356194490192345,0.44956066981809384,0,41.95599250043483
ta,65,2,46,60,5.0,30.4138126514911,-2.5213431676069717,0.5685569981889047,0,41.95599250043483
ta,65,2,46,61,5.0,31.622776601683793,-2.677945044588987,0.565685424949238,0,41.95599250043483
ta,65,2,46,62,5.0,32.89756829919196,-2.7790484163252858,0.5685569981889047,0,41.95599250043483
ta,65,2,46,63,5.0,27.613402542968153,-2.44685437739309,0.44956066981809384,0,41.95599250043483
ta,65,2,46,64,5.0,28.50438562747845,-2.6224465393432705,0.565685424949238,0,41.95599250043483
ta,65,2,46,65,5.0,25.0,-2.356194490192345,0.565685424949238,0,41.95599250043483
ta,65,2,46,66,5.0,25.495097567963924,-2.5535900500422257,0.482842712474619,0,41.95599250043483
ta,65,2,46,67,5.0,26.92582403567252,-2.7367008673047097,0.5685569981889047,0,41.95599250043483
ta,65,2,46,68,5.0,22.073740054644116,-2.584691129484207,0.482842712474619,0,41.95599250043483
ta,65,2,47,1,5.0,9.86154146165801,1.039072259536091,0.44956066981809384,0,43.69512293521744
ta,65,2,47,2,5.0,7.0710678118654755,0.7853981633974483,0.44956066981809384,0,43.69512293521744
ta,65,2,47,3,5.0,5.0,1.5707963267948966,0.5685569981889047,0,43.69512293521744
ta,65,2,47,4,5.0,11.180339887498949,0.4636476090008061,0.482842712474619,0,43.69512293521744
ta,65,2,47,5,5.0,3.5355339059327378,0.7853981633974483,0.482842712474619,0,43.69512293521744
ta,65,2,47,6,5.0,7.905694150420948,0.3217505543966422,0.565685424949238,0,43.69512293521744
ta,65,2,47,7,5.0,3.5,3.141592653589793,0.565685424949238,0,43.69512293521744
ta,65,2,47,8,5.0,0.0,,0.44956066981809384,0,43.69512293521744
ta,65,2,47,9,5.0,5.0,0.0,0.5685569981889047,0,43.69512293521744
ta,65,2,47,10,5.0,10.0,0.0,0.565685424949238,0,43.69512293521744
ta,65,2,47,11,5.0,13.5,0.0,0.5685569981889047,0,43.69512293521744
ta,65,2,47,12,5.0,3.5355339059327378,-0.7853981633974483,0.44956066981809384,0,43.69512293521744
ta,65,2,47,13,5.0,7.905694150420948,-0.3217505543966422,0.565685424949238,0,43.69512293521744
ta,65,2,47,14,5.0,5.0,-1.5707963267948966,0.565685424949238,0,43.69512293521744
ta,65,2,47,15,5.0,7.0710678118654755,-0.7853981633974483,0.482842712474619,1,43.69512293521744
ta,65,2,47,16,5.0,11.180339887498949,-0.4636476090008061,0.5685569981889047,0,43.69512293521744
ta,65,2,47,17,5.0,9.86154146165801,-1.039072259536091,0.482842712474619,0,43.69512293521744
ta,65,2,47,18,5.0,38.82331773560833,-1.4416490366668766,0.44956066981809384,0,43.69512293521744
ta,65,2,47,19,5.0,35.35533905932738,-1.4288992721907328,0.44956066981809384,0,43.69512293521744
ta,65,2,47,20,5.0,35.0,-1.5707963267948966,0.5685569981889047,0,43.69512293521744
ta,65,2,47,21,5.0,36.40054944640259,-1.2924966677897853,0.482842712474619,0,43.69512293521744
ta,65,2,47,22,5.0,32.59601202601324,-1.4940244355251187,0.482842712474619,0,43.69512293521744
ta,65,2,47,23,5.0,33.354160160315836,-1.3439974787410107,0.565685424949238,0,43.69512293521744
ta,65,2,47,24,5.0,30.20347662107791,-1.6869379536748867,0.565685424949238,0,43.69512293521744
ta,65,2,47,25,5.0,30.0,-1.5707963267948966,0.44956066981809384,0,43.69512293521744
ta,65,2,47,26,5.0,30.4138126514911,-1.4056476493802699,0.5685569981889047,0,43.69512293521744
ta,65,2,47,27,5.0,31.622776601683793,-1.2490457723982544,0.565685424949238,0,43.69512293521744
ta,65,2,47,28,5.0,32.89756829919196,-1.1479424006619559,0.5685569981889047,0,43.69512293521744
ta,65,2,47,29,5.0,27.613402542968153,-1.4801364395941514,0.44956066981809384,0,43.69512293521744
ta,65,2,47,30,5.0,28.50438562747845,-1.3045442776439713,0.565685424949238,0,43.69512293521744
ta,65,2,47,31,5.0,25.0,-1.5707963267948966,0.565685424949238,0,43.69512293521744
ta,65,2,47,32,5.0,25.495097567963924,-1.373400766945016,0.482842712474619,0,43.69512293521744
ta,65,2,47,33,5.0,26.92582403567252,-1.1902899496825317,0.5685569981889047,0,43.69512293521744
ta,65,2,47,34,5.0,22.073740054644116,-1.3422996875030344,0.482842712474619,0,43.69512293521744
ta,65,2,47,35,5.0,26.405491853021786,2.8138541468092377,0.44956066981809384,0,43.69512293521744
ta,65,2,47,36,5.0,25.495097567963924,2.9441970937399127,0.44956066981809384,0,43.69512293521744
ta,65,2,47,37,5.0,20.615528128088304,2.896613990462929,0.5685569981889047,0,43.69512293521744
ta,65,2,47,38,5.0,30.4138126514911,2.976443976175166,0.482842712474619,0,43.69512293521744
ta,65,2,47,39,5.0,22.638462845343543,3.0309354324158977,0.482842712474619,0,43.69512293521744
ta,65,2,47,40,5.0,27.613402542968153,3.050932766389048,0.565685424949238,0,43.69512293521744
ta,65,2,47,41,5.0,16.5,3.141592653589793,0.565685424949238,0,43.69512293521744
ta,65,2,47,43,5.0,25.0,3.141592653589793,0.565685424949238,0,43.69512293521744
ta,65,2,47,44,5.0,30.0,3.141592653589793,0.565685424949238,0,43.69512293521744
ta,65,2,47,45,5.0,33.5,3.141592653589793,0.5685569981889047,0,43.69512293521744
ta,65,2,47,46,5.0,22.638462845343543,-3.0309354324158977,0.44956066981809384,0,43.69512293521744
ta,65,2,47,47,5.0,27.613402542968153,-3.050932766389048,0.565685424949238,0,43.69512293521744
ta,65,2,47,48,5.0,20.615528128088304,-2.896613990462929,0.565685424949238,0,43.69512293521744
ta,65,2,47,50,5.0,30.4138126514911,-2.976443976175166,0.565685424949238,0,43.69512293521744
ta,65,2,47,51,5.0,26.405491853021786,-2.8138541468092377,0.482842712474619,0,43.69512293521744
ta,65,2,47,52,5.0,45.90479277809671,-2.1467149264132495,0.3276927682076162,0,43.69512293521744
ta,65,2,47,53,5.0,43.01162633521314,-2.191045812777718,0.44956066981809384,0,43.69512293521744
ta,65,2,47,54,5.0,40.311288741492746,-2.0899424410414196,0.5685569981889047,0,43.69512293521744
ta,65,2,47,55,5.0,46.09772228646444,-2.279422598922567,0.482842712474619,0,43.69512293521744
ta,65,2,47,56,5.0,39.528470752104745,-2.1763409903998667,0.482842712474619,0,43.69512293521744
ta,65,2,47,57,5.0,42.573465914816005,-2.2730532583039036,0.565685424949238,0,43.69512293521744
ta,65,2,47,58,5.0,34.23813663153998,-2.0736395377227574,0.565685424949238,0,43.69512293521744
ta,65,2,47,59,5.0,36.05551275463989,-2.158798930342464,0.44956066981809384,0,43.69512293521744
ta,65,2,47,60,5.0,39.05124837953327,-2.2655346029916,0.5685569981889047,0,43.69512293521744
ta,65,2,47,61,5.0,42.42640687119285,-2.356194490192345,0.565685424949238,0,43.69512293521744
ta,65,2,47,62,5.0,44.9694340635948,-2.411256885566015,0.5685569981889047,0,43.69512293521744
ta,65,2,47,63,5.0,35.531676008879735,-2.256525837701183,0.44956066981809384,0,43.69512293521744
ta,65,2,47,64,5.0,38.890872965260115,-2.356194490192345,0.565685424949238,0,43.69512293521744
ta,65,2,47,65,5.0,32.01562118716424,-2.2455372690184494,0.565685424949238,0,43.69512293521744
ta,65,2,47,66,5.0,35.35533905932738,-2.356194490192345,0.482842712474619,0,43.69512293521744
ta,65,2,47,67,5.0,39.05124837953327,-2.44685437739309,0.5685569981889047,0,43.69512293521744
ta,65,2,47,68,5.0,32.973474187595095,-2.431321646103107,0.482842712474619,0,43.69512293521744
ta,65,2,48,1,5.0,13.5,2.356194490192345,0.44956066981809384,0,44.30999839711879
ta,65,2,48,2,5.0,10.0,2.356194490192345,0.44956066981809384,0,44.30999839711879
ta,65,2,48,3,5.0,11.180339887498949,2.819842099193151,0.5685569981889047,0,44.30999839711879
ta,65,2,48,4,5.0,11.180339887498949,1.8925468811915387,0.482842712474619,0,44.30999839711879
ta,65,2,48,5,5.0,7.905694150420948,2.677945044588987,0.482842712474619,0,44.30999839711879
ta,65,2,48,6,5.0,7.905694150420948,2.0344439357957027,0.565685424949238,0,44.30999839711879
ta,65,2,48,7,5.0,9.86154146165801,3.395266749728436,0.565685424949238,0,44.30999839711879
ta,65,2,48,9,5.0,5.0,2.356194490192345,0.565685424949238,0,44.30999839711879
ta,65,2,48,10,5.0,7.0710678118654755,1.5707963267948966,0.565685424949238,0,44.30999839711879
ta,65,2,48,11,5.0,9.86154146165801,1.317122230656254,0.5685569981889047,0,44.30999839711879
ta,65,2,48,12,5.0,3.5355339059327378,3.141592653589793,0.44956066981809384,0,44.30999839711879
ta,65,2,48,13,5.0,3.5355339059327378,1.5707963267948966,0.565685424949238,0,44.30999839711879
ta,65,2,48,14,5.0,5.0,3.9269908169872414,0.565685424949238,0,44.30999839711879
ta,65,2,48,15,5.0,0.0,,0.482842712474619,0,44.30999839711879
ta,65,2,48,16,5.0,5.0,0.7853981633974483,0.5685569981889047,0,44.30999839711879
ta,65,2,48,17,5.0,3.5,-0.7853981633974483,0.482842712474619,1,44.30999839711879
ta,65,2,48,18,5.0,33.5,-0.7853981633974483,0.44956066981809384,0,44.30999839711879
ta,65,2,48,19,5.0,30.0,-0.7853981633974483,0.44956066981809384,0,44.30999839711879
ta,65,2,48,20,5.0,30.4138126514911,-0.9505468408120752,0.5685569981889047,0,44.30999839711879
ta,65,2,48,21,5.0,30.4138126514911,-0.6202494859828216,0.482842712474619,0,44.30999839711879
ta,65,2,48,22,5.0,27.613402542968153,-0.8760580505981934,0.482842712474619,0,44.30999839711879
ta,65,2,48,23,5.0,27.613402542968153,-0.6947382761967031,0.565685424949238,0,44.30999839711879
ta,65,2,48,24,5.0,26.405491853021786,-1.1131366701780039,0.565685424949238,0,44.30999839711879
ta,65,2,48,25,5.0,25.495097567963924,-0.9827937232473292,0.44956066981809384,0,44.30999839711879
ta,65,2,48,26,5.0,25.0,-0.7853981633974483,0.5685569981889047,0,44.30999839711879
ta,65,2,48,27,5.0,25.495097567963924,-0.5880026035475676,0.565685424949238,0,44.30999839711879
ta,65,2,48,28,5.0,26.405491853021786,-0.4576596566168929,0.5685569981889047,0,44.30999839711879
ta,65,2,48,29,5.0,22.638462845343543,-0.8960553845713439,0.44956066981809384,0,44.30999839711879
ta,65,2,48,30,5.0,22.638462845343543,-0.6747409422235526,0.565685424949238,0,44.30999839711879
ta,65,2,48,31,5.0,20.615528128088304,-1.0303768265243125,0.565685424949238,0,44.30999839711879
ta,65,2,48,32,5.0,20.0,-0.7853981633974483,0.482842712474619,0,44.30999839711879
ta,65,2,48,33,5.0,20.615528128088304,-0.5404195002705843,0.5685569981889047,0,44.30999839711879
ta,65,2,48,34,5.0,16.5,-0.7853981633974483,0.482842712474619,0,44.30999839711879
ta,65,2,48,35,5.0,32.89756829919196,3.504136890854301,0.44956066981809384,0,44.30999839711879
ta,65,2,48,36,5.0,31.622776601683793,3.6052402625905993,0.44956066981809384,0,44.30999839711879
ta,65,2,48,37,5.0,26.92582403567252,3.5464844398748765,0.5685569981889047,0,44.30999839711879
ta,65,2,48,38,5.0,36.40054944640259,3.64869115798213,0.482842712474619,0,44.30999839711879
ta,65,2,48,39,5.0,28.50438562747845,3.660738767836316,0.482842712474619,0,44.30999839711879
ta,65,2,48,40,5.0,33.354160160315836,3.7001919689333556,0.565685424949238,0,44.30999839711879
ta,65,2,48,41,5.0,22.073740054644116,3.698494177695379,0.565685424949238,0,44.30999839711879
ta,65,2,48,43,5.0,30.4138126514911,3.7618421395726145,0.565685424949238,0,44.30999839711879
ta,65,2,48,44,5.0,35.35533905932738,3.7850937623830774,0.565685424949238,0,44.30999839711879
ta,65,2,48,45,5.0,38.82331773560833,3.7978435268592214,0.5685569981889047,0,44.30999839711879
ta,65,2,48,46,5.0,27.613402542968153,3.8363309297864965,0.44956066981809384,0,44.30999839711879
ta,65,2,48,47,5.0,32.59601202601324,3.8502189257174635,0.565685424949238,0,44.30999839711879
ta,65,2,48,48,5.0,25.0,3.9269908169872414,0.565685424949238,0,44.30999839711879
ta,65,2,48,49,5.0,30.0,3.9269908169872414,0.482842712474619,0,44.30999839711879
ta,65,2,48,50,5.0,35.0,3.9269908169872414,0.5685569981889047,0,44.30999839711879
ta,65,2,48,51,5.0,30.20347662107791,-2.240052863312355,0.482842712474619,0,44.30999839711879
ta,65,2,48,52,5.0,44.9694340635948,-1.5157339314212264,0.44956066981809384,0,44.30999839711879
ta,65,2,48,53,5.0,42.42640687119285,-1.5707963267948966,0.44956066981809384,0,44.30999839711879
ta,65,2,48,54,5.0,39.05124837953327,-1.4801364395941516,0.5685569981889047,0,44.30999839711879
ta,65,2,48,55,5.0,46.09772228646444,-1.647568218064675,0.482842712474619,0,44.30999839711879
ta,65,2,48,56,5.0,38.890872965260115,-1.5707963267948966,0.482842712474619,0,44.30999839711879
ta,65,2,48,57,5.0,42.573465914816005,-1.6539375586833378,0.565685424949238,0,44.30999839711879
ta,65,2,48,58,5.0,32.973474187595095,-1.4956691708841348,0.565685424949238,0,44.30999839711879
ta,65,2,48,59,5.0,35.35533905932738,-1.5707963267948966,0.44956066981809384,0,44.30999839711879
ta,65,2,48,60,5.0,39.05124837953327,-1.661456213995642,0.5685569981889047,0,44.30999839711879
ta,65,2,48,61,5.0,43.01162633521314,-1.7359450042095235,0.565685424949238,0,44.30999839711879
ta,65,2,48,62,5.0,45.90479277809671,-1.780275890573992,0.5685569981889047,0,44.30999839711879
ta,65,2,48,63,5.0,35.531676008879735,-1.6704649792860589,0.44956066981809384,0,44.30999839711879
ta,65,2,48,64,5.0,39.528470752104745,-1.7506498265873751,0.565685424949238,0,44.30999839711879
ta,65,2,48,65,5.0,32.01562118716424,-1.6814535479687924,0.565685424949238,0,44.30999839711879
ta,65,2,48,66,5.0,36.05551275463989,-1.7681918866447774,0.482842712474619,0,44.30999839711879
ta,65,2,48,67,5.0,40.311288741492746,-1.8370483759458218,0.5685569981889047,0,44.30999839711879
ta,65,2,48,68,5.0,34.23813663153998,-1.853351279264484,0.482842712474619,0,44.30999839711879
ta,65,2,49,1,5.0,17.0,3.141592653589793,0.44956066981809384,0,44.61434622320574
ta,65,2,49,2,5.0,13.5,3.141592653589793,0.44956066981809384,0,44.61434622320574
ta,65,2,49,3,5.0,14.396180048887969,3.4962983056007335,0.5685569981889047,0,44.61434622320574
ta,65,2,49,4,5.0,14.396180048887969,2.7868870015788527,0.482842712474619,0,44.61434622320574
ta,65,2,49,5,5.0,11.280514172678478,3.365069254730426,0.482842712474619,0,44.61434622320574
ta,65,2,49,6,5.0,11.280514172678478,2.91811605244916,0.565685424949238,0,44.61434622320574
ta,65,2,49,7,5.0,12.020815280171307,3.9269908169872414,0.565685424949238,0,44.61434622320574
ta,65,2,49,8,5.0,9.86154146165801,3.673316720848599,0.44956066981809384,0,44.61434622320574
ta,65,2,49,9,5.0,8.5,3.141592653589793,0.5685569981889047,0,44.61434622320574
ta,65,2,49,10,5.0,9.86154146165801,2.609868586330988,0.565685424949238,0,44.61434622320574
ta,65,2,49,11,5.0,12.020815280171307,2.356194490192345,0.5685569981889047,0,44.61434622320574
ta,65,2,49,12,5.0,6.5,3.536383773289555,0.44956066981809384,0,44.61434622320574
ta,65,2,49,13,5.0,6.5,2.7468015338900313,0.565685424949238,0,44.61434622320574
ta,65,2,49,14,5.0,6.103277807866851,4.101663015995481,0.565685424949238,0,44.61434622320574
ta,65,2,49,16,5.0,6.103277807866851,2.181522291184105,0.565685424949238,0,44.61434622320574
ta,65,2,49,17,5.0,0.0,,0.482842712474619,0,44.61434622320574
ta,65,2,49,18,5.0,30.0,0.0,0.3276927682076162,0,44.61434622320574
ta,65,2,49,19,5.0,26.5,0.0,0.44956066981809384,0,44.61434622320574
ta,65,2,49,20,5.0,26.9675731203236,-0.18648690166721682,0.5685569981889047,0,44.61434622320574
ta,65,2,49,21,5.0,26.9675731203236,0.18648690166721682,0.482842712474619,0,44.61434622320574
ta,65,2,49,22,5.0,24.12985702402731,-0.10379234045704289,0.482842712474619,0,44.61434622320574
ta,65,2,49,23,5.0,24.12985702402731,0.10379234045704266,0.565685424949238,0,44.61434622320574
ta,65,2,49,24,5.0,23.119256043393783,-0.3764903344465229,0.565685424949238,0,44.61434622320574
ta,65,2,49,25,5.0,22.073740054644116,-0.22849663929186237,0.44956066981809384,0,44.61434622320574
ta,65,2,49,26,5.0,21.5,0.0,0.5685569981889047,0,44.61434622320574
ta,65,2,49,27,5.0,22.073740054644116,0.22849663929186215,0.565685424949238,0,44.61434622320574
ta,65,2,49,28,5.0,23.119256043393783,0.3764903344465229,0.5685569981889047,0,44.61434622320574
ta,65,2,49,29,5.0,19.1637678967368,-0.1308273960740569,0.44956066981809384,0,44.61434622320574
ta,65,2,49,30,5.0,19.1637678967368,0.1308273960740569,0.565685424949238,0,44.61434622320574
ta,65,2,49,31,5.0,17.240939649566666,-0.29423456511118773,0.565685424949238,0,44.61434622320574
ta,65,2,49,32,5.0,16.5,0.0,0.482842712474619,1,44.61434622320574
ta,65,2,49,33,5.0,17.240939649566666,0.29423456511118773,0.5685569981889047,0,44.61434622320574
ta,65,2,49,34,5.0,13.0,0.0,0.482842712474619,0,44.61434622320574
ta,65,2,49,35,5.0,34.48187929913333,4.19683997292571,0.44956066981809384,0,44.61434622320574
ta,65,2,49,36,5.0,32.89756829919196,4.289535054251749,0.44956066981809384,0,44.61434622320574
ta,65,2,49,37,5.0,28.412145290350743,4.217255716916286,0.5685569981889047,0,44.61434622320574
ta,65,2,49,38,5.0,37.51333096380539,4.344258209059526,0.482842712474619,0,44.61434622320574
ta,65,2,49,39,5.0,29.618406439239774,4.331882603272325,0.482842712474619,0,44.61434622320574
ta,65,2,49,40,5.0,34.311076928595526,4.386030163677927,0.565685424949238,0,44.61434622320574
ta,65,2,49,41,5.0,23.119256043393783,4.335898645938167,0.565685424949238,0,44.61434622320574
ta,65,2,49,43,5.0,31.18092365533773,4.436291960989253,0.565685424949238,0,44.61434622320574
ta,65,2,49,44,5.0,36.01735692690401,4.474144222205945,0.565685424949238,0,44.61434622320574
ta,65,2,49,45,5.0,39.42714800743264,4.495095549461668,0.5685569981889047,0,44.61434622320574
ta,65,2,49,46,5.0,28.146935890075138,4.497573579983031,0.44956066981809384,0,44.61434622320574
ta,65,2,49,47,5.0,33.04920573932148,4.529829127253783,0.565685424949238,0,44.61434622320574
ta,65,2,49,48,5.0,25.243811122728676,4.5732930389026185,0.565685424949238,0,44.61434622320574
ta,65,2,49,49,5.0,30.20347662107791,4.596247353504699,0.482842712474619,0,44.61434622320574
ta,65,2,49,50,5.0,35.174564673923115,4.612720327893528,0.5685569981889047,0,44.61434622320574
ta,65,2,49,51,5.0,30.0,4.71238898038469,0.482842712474619,0,44.61434622320574
ta,65,2,49,52,5.0,42.42640687119285,-0.7853981633974483,0.44956066981809384,0,44.61434622320574
ta,65,2,49,53,5.0,40.02811511925087,-0.8472660092618285,0.44956066981809384,0,44.61434622320574
ta,65,2,49,54,5.0,36.43144246389374,-0.7562801818904097,0.5685569981889047,0,44.61434622320574
ta,65,2,49,55,5.0,43.900455578501685,-0.9227394408643823,0.482842712474619,0,44.61434622320574
ta,65,2,49,56,5.0,36.5,-0.8532549862537522,0.482842712474619,0,44.61434622320574
ta,65,2,49,57,5.0,40.40111384603152,-0.9347208240911455,0.565685424949238,0,44.61434622320574
ta,65,2,49,58,5.0,30.405591591021544,-0.7853981633974483,0.565685424949238,0,44.61434622320574
ta,65,2,49,59,5.0,32.973474187595095,-0.8605253193082105,0.44956066981809384,0,44.61434622320574
ta,65,2,49,60,5.0,36.908671067921155,-0.9489720389643068,0.5685569981889047,0,44.61434622320574
ta,65,2,49,61,5.0,41.07614879708174,-1.0199387922631802,0.565685424949238,0,44.61434622320574
ta,65,2,49,62,5.0,44.09648512069868,-1.0614951827928847,0.5685569981889047,0,44.61434622320574
ta,65,2,49,63,5.0,33.425289826716536,-0.9661977367014196,0.44956066981809384,0,44.61434622320574
ta,65,2,49,64,5.0,37.646380968162134,-1.0417658557152483,0.565685424949238,0,44.61434622320574
ta,65,2,49,65,5.0,29.95413160150032,-0.9874233198010409,0.565685424949238,0,44.61434622320574
ta,65,2,49,66,5.0,34.23813663153998,-1.0679531158670357,0.482842712474619,0,44.61434622320574
ta,65,2,49,67,5.0,38.69431482789171,-1.1302659861783835,0.5685569981889047,0,44.61434622320574
ta,65,2,49,68,5.0,32.69556544854363,-1.1618884978439712,0.482842712474619,0,44.61434622320574
ta,65,2,50,1,5.0,33.5,3.141592653589793,0.44956066981809384,0,46.04912883190139
ta,65,2,50,2,5.0,30.0,3.141592653589793,0.44956066981809384,0,46.04912883190139
ta,65,2,50,3,5.0,30.4138126514911,3.30674133100442,0.5685569981889047,0,46.04912883190139
ta,65,2,50,4,5.0,30.4138126514911,2.976443976175166,0.482842712474619,0,46.04912883190139
ta,65,2,50,5,5.0,27.613402542968153,3.2322525407905385,0.482842712474619,0,46.04912883190139
ta,65,2,50,6,5.0,27.613402542968153,3.0509327663890478,0.565685424949238,0,46.04912883190139
ta,65,2,50,7,5.0,26.405491853021786,3.4693311603703485,0.565685424949238,0,46.04912883190139
ta,65,2,50,8,5.0,25.495097567963924,3.338988213439674,0.44956066981809384,0,46.04912883190139
ta,65,2,50,9,5.0,25.0,3.141592653589793,0.5685569981889047,0,46.04912883190139
ta,65,2,50,10,5.0,25.495097567963924,2.9441970937399127,0.565685424949238,0,46.04912883190139
ta,65,2,50,11,5.0,26.405491853021786,2.8138541468092377,0.5685569981889047,0,46.04912883190139
ta,65,2,50,12,5.0,22.638462845343543,3.252249874763689,0.44956066981809384,0,46.04912883190139
ta,65,2,50,13,5.0,22.638462845343543,3.0309354324158972,0.565685424949238,0,46.04912883190139
ta,65,2,50,14,5.0,20.615528128088304,3.3865713167166573,0.565685424949238,0,46.04912883190139
ta,65,2,50,15,5.0,20.0,3.141592653589793,0.482842712474619,0,46.04912883190139
ta,65,2,50,16,5.0,20.615528128088304,2.896613990462929,0.565685424949238,0,46.04912883190139
ta,65,2,50,18,5.0,13.5,0.0,0.3276927682076162,0,46.04912883190139
ta,65,2,50,19,5.0,10.0,0.0,0.44956066981809384,0,46.04912883190139
ta,65,2,50,20,5.0,11.180339887498949,-0.46364760900080615,0.5685569981889047,0,46.04912883190139
ta,65,2,50,21,5.0,11.180339887498949,0.46364760900080615,0.482842712474619,0,46.04912883190139
ta,65,2,50,22,5.0,7.905694150420948,-0.32175055439664235,0.482842712474619,0,46.04912883190139
ta,65,2,50,23,5.0,7.905694150420948,0.32175055439664213,0.565685424949238,0,46.04912883190139
ta,65,2,50,24,5.0,9.86154146165801,-1.0390722595360913,0.565685424949238,0,46.04912883190139
ta,65,2,50,25,5.0,7.0710678118654755,-0.7853981633974483,0.44956066981809384,1,46.04912883190139
ta,65,2,50,26,5.0,5.0,0.0,0.5685569981889047,0,46.04912883190139
ta,65,2,50,27,5.0,7.0710678118654755,0.7853981633974483,0.565685424949238,0,46.04912883190139
ta,65,2,50,28,5.0,9.86154146165801,1.0390722595360908,0.5685569981889047,0,46.04912883190139
ta,65,2,50,29,5.0,3.5355339059327378,-0.7853981633974483,0.44956066981809384,0,46.04912883190139
ta,65,2,50,30,5.0,3.5355339059327378,0.7853981633974483,0.565685424949238,0,46.04912883190139
ta,65,2,50,31,5.0,5.0,4.71238898038469,0.565685424949238,0,46.04912883190139
ta,65,2,50,32,5.0,0.0,,0.482842712474619,0,46.04912883190139
ta,65,2,50,33,5.0,5.0,1.5707963267948966,0.5685569981889047,0,46.04912883190139
ta,65,2,50,34,5.0,3.5,3.141592653589793,0.482842712474619,0,46.04912883190139
ta,65,2,50,35,5.0,44.9694340635948,3.871928421613571,0.44956066981809384,0,46.04912883190139
ta,65,2,50,36,5.0,42.42640687119285,3.9269908169872414,0.44956066981809384,0,46.04912883190139
ta,65,2,50,37,5.0,39.05124837953327,3.8363309297864965,0.5685569981889047,0,46.04912883190139
ta,65,2,50,38,5.0,46.09772228646444,4.003762708257019,0.482842712474619,0,46.04912883190139
ta,65,2,50,39,5.0,38.890872965260115,3.9269908169872414,0.482842712474619,0,46.04912883190139
ta,65,2,50,40,5.0,42.573465914816005,4.010132048875683,0.565685424949238,0,46.04912883190139
ta,65,2,50,41,5.0,32.973474187595095,3.8518636610764796,0.565685424949238,0,46.04912883190139
ta,65,2,50,43,5.0,39.05124837953327,4.017650704187987,0.565685424949238,0,46.04912883190139
ta,65,2,50,44,5.0,43.01162633521314,4.092139494401868,0.565685424949238,0,46.04912883190139
ta,65,2,50,45,5.0,45.90479277809671,4.136470380766337,0.5685569981889047,0,46.04912883190139
ta,65,2,50,46,5.0,35.531676008879735,4.026659469478403,0.44956066981809384,0,46.04912883190139
ta,65,2,50,47,5.0,39.528470752104745,4.1068443167797195,0.565685424949238,0,46.04912883190139
ta,65,2,50,48,5.0,32.01562118716424,4.037648038161137,0.565685424949238,0,46.04912883190139
ta,65,2,50,49,5.0,36.05551275463989,4.124386376837123,0.482842712474619,0,46.04912883190139
ta,65,2,50,50,5.0,40.311288741492746,4.193242866138167,0.5685569981889047,0,46.04912883190139
ta,65,2,50,51,5.0,34.23813663153998,4.209545769456829,0.482842712474619,0,46.04912883190139
ta,65,2,50,52,5.0,32.89756829919196,-1.147942400661956,0.44956066981809384,0,46.04912883190139
ta,65,2,50,53,5.0,31.622776601683793,-1.2490457723982544,0.44956066981809384,0,46.04912883190139
ta,65,2,50,54,5.0,26.92582403567252,-1.1902899496825317,0.5685569981889047,0,46.04912883190139
ta,65,2,50,55,5.0,36.40054944640259,-1.2924966677897851,0.482842712474619,0,46.04912883190139
ta,65,2,50,56,5.0,28.50438562747845,-1.3045442776439713,0.482842712474619,0,46.04912883190139
ta,65,2,50,57,5.0,33.354160160315836,-1.3439974787410107,0.565685424949238,0,46.04912883190139
ta,65,2,50,58,5.0,22.073740054644116,-1.3422996875030342,0.565685424949238,0,46.04912883190139
ta,65,2,50,59,5.0,25.495097567963924,-1.3734007669450161,0.44956066981809384,0,46.04912883190139
ta,65,2,50,60,5.0,30.4138126514911,-1.4056476493802696,0.5685569981889047,0,46.04912883190139
ta,65,2,50,61,5.0,35.35533905932738,-1.4288992721907325,0.565685424949238,0,46.04912883190139
ta,65,2,50,62,5.0,38.82331773560833,-1.4416490366668766,0.5685569981889047,0,46.04912883190139
ta,65,2,50,63,5.0,27.613402542968153,-1.4801364395941516,0.44956066981809384,0,46.04912883190139
ta,65,2,50,64,5.0,32.59601202601324,-1.4940244355251187,0.565685424949238,0,46.04912883190139
ta,65,2,50,65,5.0,25.0,4.71238898038469,0.565685424949238,0,46.04912883190139
ta,65,2,50,66,5.0,30.0,4.71238898038469,0.482842712474619,0,46.04912883190139
ta,65,2,50,67,5.0,35.0,4.71238898038469,0.5685569981889047,0,46.04912883190139
ta,65,2,50,68,5.0,30.20347662107791,4.596247353504699,0.482842712474619,0,46.04912883190139
ta,65,2,51,1,5.0,38.82331773560833,3.7978435268592214,0.44956066981809384,0,46.66400429380274
ta,65,2,51,2,5.0,35.35533905932738,3.7850937623830774,0.44956066981809384,0,46.66400429380274
ta,65,2,51,3,5.0,35.0,3.9269908169872414,0.5685569981889047,0,46.66400429380274
ta,65,2,51,4,5.0,36.40054944640259,3.64869115798213,0.482842712474619,0,46.66400429380274
ta,65,2,51,5,5.0,32.59601202601324,3.8502189257174635,0.482842712474619,0,46.66400429380274
ta,65,2,51,6,5.0,33.354160160315836,3.7001919689333556,0.565685424949238,0,46.66400429380274
ta,65,2,51,7,5.0,30.20347662107791,4.043132443867232,0.565685424949238,0,46.66400429380274
ta,65,2,51,8,5.0,30.0,3.9269908169872414,0.44956066981809384,0,46.66400429380274
ta,65,2,51,9,5.0,30.4138126514911,3.7618421395726145,0.5685569981889047,0,46.66400429380274
ta,65,2,51,10,5.0,31.622776601683793,3.6052402625905993,0.565685424949238,0,46.66400429380274
ta,65,2,51,11,5.0,32.89756829919196,3.5041368908543005,0.5685569981889047,0,46.66400429380274
ta,65,2,51,12,5.0,27.613402542968153,3.836330929786496,0.44956066981809384,0,46.66400429380274
ta,65,2,51,13,5.0,28.50438562747845,3.660738767836316,0.565685424949238,0,46.66400429380274
ta,65,2,51,14,5.0,25.0,3.9269908169872414,0.565685424949238,0,46.66400429380274
ta,65,2,51,15,5.0,25.495097567963924,3.729595257137361,0.482842712474619,0,46.66400429380274
ta,65,2,51,16,5.0,26.92582403567252,3.5464844398748765,0.5685569981889047,0,46.66400429380274
ta,65,2,51,17,5.0,22.073740054644116,3.6984941776953795,0.482842712474619,0,46.66400429380274
ta,65,2,51,18,5.0,9.86154146165801,1.3171222306562538,0.44956066981809384,0,46.66400429380274
ta,65,2,51,19,5.0,7.0710678118654755,1.5707963267948966,0.44956066981809384,0,46.66400429380274
ta,65,2,51,20,5.0,5.0,0.7853981633974483,0.5685569981889047,0,46.66400429380274
ta,65,2,51,21,5.0,11.180339887498949,1.8925468811915387,0.482842712474619,0,46.66400429380274
ta,65,2,51,22,5.0,3.5355339059327378,1.5707963267948966,0.482842712474619,0,46.66400429380274
ta,65,2,51,23,5.0,7.905694150420948,2.0344439357957027,0.565685424949238,0,46.66400429380274
ta,65,2,51,24,5.0,3.5,5.497787143782138,0.565685424949238,1,46.66400429380274
ta,65,2,51,25,5.0,0.0,,0.44956066981809384,0,46.66400429380274
ta,65,2,51,26,5.0,5.0,2.356194490192345,0.5685569981889047,0,46.66400429380274
ta,65,2,51,27,5.0,10.0,2.356194490192345,0.565685424949238,0,46.66400429380274
ta,65,2,51,28,5.0,13.5,2.356194490192345,0.5685569981889047,0,46.66400429380274
ta,65,2,51,29,5.0,3.5355339059327378,3.141592653589793,0.44956066981809384,0,46.66400429380274
ta,65,2,51,30,5.0,7.905694150420948,2.677945044588987,0.565685424949238,0,46.66400429380274
ta,65,2,51,31,5.0,5.0,3.9269908169872414,0.565685424949238,0,46.66400429380274
ta,65,2,51,33,5.0,11.180339887498949,2.819842099193151,0.565685424949238,0,46.66400429380274
ta,65,2,51,34,5.0,9.86154146165801,3.395266749728436,0.482842712474619,0,46.66400429380274
ta,65,2,51,35,5.0,45.90479277809671,4.502909416605594,0.3276927682076162,0,46.66400429380274
ta,65,2,51,36,5.0,43.01162633521314,4.547240302970063,0.44956066981809384,0,46.66400429380274
ta,65,2,51,37,5.0,40.311288741492746,4.446136931233765,0.5685569981889047,0,46.66400429380274
ta,65,2,51,38,5.0,46.09772228646444,4.635617089114912,0.482842712474619,0,46.66400429380274
ta,65,2,51,39,5.0,39.528470752104745,4.532535480592212,0.482842712474619,0,46.66400429380274
ta,65,2,51,40,5.0,42.573465914816005,4.629247748496248,0.565685424949238,0,46.66400429380274
ta,65,2,51,41,5.0,34.23813663153998,4.429834027915103,0.565685424949238,0,46.66400429380274
ta,65,2,51,42,5.0,36.05551275463989,4.514993420534809,0.44956066981809384,0,46.66400429380274
ta,65,2,51,43,5.0,39.05124837953327,4.621729093183944,0.5685569981889047,0,46.66400429380274
ta,65,2,51,44,5.0,42.42640687119285,4.71238898038469,0.565685424949238,0,46.66400429380274
ta,65,2,51,45,5.0,44.9694340635948,4.76745137575836,0.5685569981889047,0,46.66400429380274
ta,65,2,51,46,5.0,35.531676008879735,4.612720327893528,0.44956066981809384,0,46.66400429380274
ta,65,2,51,47,5.0,38.890872965260115,4.71238898038469,0.565685424949238,0,46.66400429380274
ta,65,2,51,48,5.0,32.01562118716424,4.601731759210795,0.565685424949238,0,46.66400429380274
ta,65,2,51,49,5.0,35.35533905932738,4.71238898038469,0.482842712474619,0,46.66400429380274
ta,65,2,51,50,5.0,39.05124837953327,4.803048867585435,0.5685569981889047,0,46.66400429380274
ta,65,2,51,51,5.0,32.973474187595095,4.7875161362954515,0.482842712474619,0,46.66400429380274
ta,65,2,51,52,5.0,26.405491853021786,-0.4576596566168929,0.44956066981809384,0,46.66400429380274
ta,65,2,51,53,5.0,25.495097567963924,-0.5880026035475678,0.44956066981809384,0,46.66400429380274
ta,65,2,51,54,5.0,20.615528128088304,-0.540419500270584,0.5685569981889047,0,46.66400429380274
ta,65,2,51,55,5.0,30.4138126514911,-0.6202494859828214,0.482842712474619,0,46.66400429380274
ta,65,2,51,56,5.0,22.638462845343543,-0.6747409422235529,0.482842712474619,0,46.66400429380274
ta,65,2,51,57,5.0,27.613402542968153,-0.6947382761967034,0.565685424949238,0,46.66400429380274
ta,65,2,51,58,5.0,16.5,5.497787143782138,0.565685424949238,0,46.66400429380274
ta,65,2,51,59,5.0,20.0,5.497787143782138,0.44956066981809384,0,46.66400429380274
ta,65,2,51,60,5.0,25.0,5.497787143782138,0.5685569981889047,0,46.66400429380274
ta,65,2,51,61,5.0,30.0,5.497787143782138,0.565685424949238,0,46.66400429380274
ta,65,2,51,62,5.0,33.5,5.497787143782138,0.5685569981889047,0,46.66400429380274
ta,65,2,51,63,5.0,22.638462845343543,5.387129922608242,0.44956066981809384,0,46.66400429380274
ta,65,2,51,64,5.0,27.613402542968153,5.4071272565813935,0.565685424949238,0,46.66400429380274
ta,65,2,51,65,5.0,20.615528128088304,5.252808480655274,0.565685424949238,0,46.66400429380274
ta,65,2,51,66,5.0,25.495097567963924,5.3003915839322575,0.482842712474619,0,46.66400429380274
ta,65,2,51,67,5.0,30.4138126514911,5.332638466367511,0.5685569981889047,0,46.66400429380274
ta,65,2,51,68,5.0,26.405491853021786,5.170048637001583,0.482842712474619,0,46.66400429380274
ta,65,2,52,1,5.0,39.42714800743264,-1.7880897577179176,0.44956066981809384,0,46.968352119889694
ta,65,2,52,2,5.0,36.01735692690401,-1.8090410849736416,0.44956066981809384,0,46.968352119889694
ta,65,2,52,3,5.0,35.174564673923115,-1.6704649792860584,0.5685569981889047,0,46.968352119889694
ta,65,2,52,4,5.0,37.51333096380539,-1.9389270981200601,0.482842712474619,0,46.968352119889694
ta,65,2,52,5,5.0,33.04920573932148,-1.7533561799258033,0.482842712474619,0,46.968352119889694
ta,65,2,52,6,5.0,34.311076928595526,-1.8971551435016591,0.565685424949238,0,46.968352119889694
ta,65,2,52,7,5.0,30.0,-1.5707963267948966,0.565685424949238,0,46.968352119889694
ta,65,2,52,8,5.0,30.20347662107791,-1.6869379536748867,0.44956066981809384,0,46.968352119889694
ta,65,2,52,9,5.0,31.18092365533773,-1.846893346190333,0.5685569981889047,0,46.968352119889694
ta,65,2,52,10,5.0,32.89756829919196,-1.9936502529278373,0.565685424949238,0,46.968352119889694
ta,65,2,52,11,5.0,34.48187929913333,-2.086345334253876,0.5685569981889047,0,46.968352119889694
ta,65,2,52,12,5.0,28.146935890075138,-1.785611727196555,0.44956066981809384,0,46.968352119889694
ta,65,2,52,13,5.0,29.618406439239774,-1.9513027039072615,0.565685424949238,0,46.968352119889694
ta,65,2,52,14,5.0,25.243811122728676,-1.7098922682769677,0.565685424949238,0,46.968352119889694
ta,65,2,52,15,5.0,26.405491853021786,-1.898534833575452,0.482842712474619,0,46.968352119889694
ta,65,2,52,16,5.0,28.412145290350743,-2.0659295902633006,0.5685569981889047,0,46.968352119889694
ta,65,2,52,17,5.0,23.119256043393783,-1.9472866612414195,0.482842712474619,0,46.968352119889694
ta,65,2,52,18,5.0,12.020815280171307,-3.9269908169872414,0.44956066981809384,0,46.968352119889694
ta,65,2,52,19,5.0,9.86154146165801,-3.673316720848599,0.44956066981809384,0,46.968352119889694
ta,65,2,52,20,5.0,6.103277807866851,-4.101663015995481,0.5685569981889047,0,46.968352119889694
ta,65,2,52,21,5.0,14.396180048887969,-3.4962983056007335,0.482842712474619,0,46.968352119889694
ta,65,2,52,22,5.0,6.5,-3.5363837732895544,0.482842712474619,0,46.968352119889694
ta,65,2,52,23,5.0,11.280514172678478,-3.365069254730426,0.565685424949238,0,46.968352119889694
ta,65,2,52,24,5.0,0.0,,0.565685424949238,0,46.968352119889694
ta,65,2,52,26,5.0,8.5,-3.141592653589793,0.565685424949238,0,46.968352119889694
ta,65,2,52,27,5.0,13.5,-3.141592653589793,0.565685424949238,0,46.968352119889694
ta,65,2,52,28,5.0,17.0,-3.141592653589793,0.5685569981889047,0,46.968352119889694
ta,65,2,52,29,5.0,6.5,-2.746801533890032,0.44956066981809384,0,46.968352119889694
ta,65,2,52,30,5.0,11.280514172678478,-2.91811605244916,0.565685424949238,0,46.968352119889694
ta,65,2,52,31,5.0,6.103277807866851,-2.181522291184105,0.565685424949238,0,46.968352119889694
ta,65,2,52,33,5.0,14.396180048887969,-2.7868870015788527,0.565685424949238,0,46.968352119889694
ta,65,2,52,34,5.0,12.020815280171307,-2.356194490192345,0.482842712474619,0,46.968352119889694
ta,65,2,52,35,5.0,44.09648512069868,-1.0614951827928847,0.3276927682076162,0,46.968352119889694
ta,65,2,52,36,5.0,41.07614879708174,-1.0199387922631802,0.44956066981809384,0,46.968352119889694
ta,65,2,52,37,5.0,38.69431482789171,-1.1302659861783835,0.5685569981889047,0,46.968352119889694
ta,65,2,52,38,5.0,43.900455578501685,-0.9227394408643823,0.482842712474619,0,46.968352119889694
ta,65,2,52,39,5.0,37.646380968162134,-1.0417658557152478,0.482842712474619,0,46.968352119889694
ta,65,2,52,40,5.0,40.40111384603152,-0.9347208240911455,0.565685424949238,0,46.968352119889694
ta,65,2,52,41,5.0,32.69556544854363,-1.1618884978439712,0.565685424949238,0,46.968352119889694
ta,65,2,52,42,5.0,34.23813663153998,-1.0679531158670357,0.44956066981809384,0,46.968352119889694
ta,65,2,52,43,5.0,36.908671067921155,-0.9489720389643068,0.5685569981889047,0,46.968352119889694
ta,65,2,52,44,5.0,40.02811511925087,-0.847266009261828,0.565685424949238,0,46.968352119889694
ta,65,2,52,45,5.0,42.42640687119285,-0.7853981633974483,0.5685569981889047,0,46.968352119889694
ta,65,2,52,46,5.0,33.425289826716536,-0.9661977367014196,0.44956066981809384,0,46.968352119889694
ta,65,2,52,47,5.0,36.5,-0.8532549862537522,0.565685424949238,0,46.968352119889694
ta,65,2,52,48,5.0,29.95413160150032,-0.9874233198010405,0.565685424949238,0,46.968352119889694
ta,65,2,52,49,5.0,32.973474187595095,-0.8605253193082101,0.482842712474619,0,46.968352119889694
ta,65,2,52,50,5.0,36.43144246389374,-0.7562801818904092,0.5685569981889047,0,46.968352119889694
ta,65,2,52,51,5.0,30.405591591021544,-0.7853981633974483,0.482842712474619,0,46.968352119889694
ta,65,2,52,52,5.0,23.119256043393783,-5.906694972733064,0.44956066981809384,0,46.968352119889694
ta,65,2,52,53,5.0,22.073740054644116,-6.054688667887724,0.44956066981809384,0,46.968352119889694
ta,65,2,52,54,5.0,17.240939649566666,-5.988950742068399,0.5685569981889047,0,46.968352119889694
ta,65,2,52,55,5.0,26.9675731203236,-6.096698405512369,0.482842712474619,0,46.968352119889694
ta,65,2,52,56,5.0,19.1637678967368,-6.152357911105529,0.482842712474619,0,46.968352119889694
ta,65,2,52,57,5.0,24.12985702402731,-6.179392966722544,0.565685424949238,0,46.968352119889694
ta,65,2,52,58,5.0,13.0,0.0,0.565685424949238,1,46.968352119889694
ta,65,2,52,59,5.0,16.5,0.0,0.44956066981809384,0,46.968352119889694
ta,65,2,52,60,5.0,21.5,0.0,0.5685569981889047,0,46.968352119889694
ta,65,2,52,61,5.0,26.5,0.0,0.565685424949238,0,46.968352119889694
ta,65,2,52,62,5.0,30.0,0.0,0.5685569981889047,0,46.968352119889694
ta,65,2,52,63,5.0,19.1637678967368,-0.1308273960740567,0.44956066981809384,0,46.968352119889694
ta,65,2,52,64,5.0,24.12985702402731,-0.10379234045704289,0.565685424949238,0,46.968352119889694
ta,65,2,52,65,5.0,17.240939649566666,-0.2942345651111875,0.565685424949238,0,46.968352119889694
ta,65,2,52,66,5.0,22.073740054644116,-0.22849663929186237,0.482842712474619,0,46.968352119889694
ta,65,2,52,67,5.0,26.9675731203236,-0.18648690166721682,0.5685569981889047,0,46.968352119889694
ta,65,2,52,68,5.0,23.119256043393783,-0.3764903344465229,0.482842712474619,0,46.968352119889694
ta,65,2,53,1,5.0,44.09648512069868,-2.0800974707969084,0.44956066981809384,0,48.09878690249839
ta,65,2,53,2,5.0,41.07614879708174,-2.121653861326613,0.44956066981809384,0,48.09878690249839
ta,65,2,53,3,5.0,38.69431482789171,-2.0113266674114096,0.5685569981889047,0,48.09878690249839
ta,65,2,53,4,5.0,43.900455578501685,-2.218853212725411,0.482842712474619,0,48.09878690249839
ta,65,2,53,5,5.0,37.646380968162134,-2.0998267978745453,0.482842712474619,0,48.09878690249839
ta,65,2,53,6,5.0,40.40111384603152,-2.2068718294986476,0.565685424949238,0,48.09878690249839
ta,65,2,53,7,5.0,32.69556544854363,-1.979704155745822,0.565685424949238,0,48.09878690249839
ta,65,2,53,8,5.0,34.23813663153998,-2.073639537722757,0.44956066981809384,0,48.09878690249839
ta,65,2,53,9,5.0,36.908671067921155,-2.1926206146254863,0.5685569981889047,0,48.09878690249839
ta,65,2,53,10,5.0,40.02811511925087,-2.2943266443279646,0.565685424949238,0,48.09878690249839
ta,65,2,53,11,5.0,42.42640687119285,-2.356194490192345,0.5685569981889047,0,48.09878690249839
ta,65,2,53,12,5.0,33.425289826716536,-2.1753949168883735,0.44956066981809384,0,48.09878690249839
ta,65,2,53,13,5.0,36.5,-2.288337667336041,0.565685424949238,0,48.09878690249839
ta,65,2,53,14,5.0,29.95413160150032,-2.1541693337887526,0.565685424949238,0,48.09878690249839
ta,65,2,53,15,5.0,32.973474187595095,-2.2810673342815826,0.482842712474619,0,48.09878690249839
ta,65,2,53,16,5.0,36.43144246389374,-2.3853124716993834,0.5685569981889047,0,48.09878690249839
ta,65,2,53,17,5.0,30.405591591021544,-2.356194490192345,0.482842712474619,0,48.09878690249839
ta,65,2,53,18,5.0,23.119256043393783,-3.518082988036316,0.44956066981809384,0,48.09878690249839
ta,65,2,53,19,5.0,22.073740054644116,-3.3700892928816555,0.44956066981809384,0,48.09878690249839
ta,65,2,53,20,5.0,17.240939649566666,-3.435827218700981,0.5685569981889047,0,48.09878690249839
ta,65,2,53,21,5.0,26.9675731203236,-3.32807955525701,0.482842712474619,0,48.09878690249839
ta,65,2,53,22,5.0,19.1637678967368,-3.2724200496638502,0.482842712474619,0,48.09878690249839
ta,65,2,53,23,5.0,24.12985702402731,-3.245384994046836,0.565685424949238,0,48.09878690249839
ta,65,2,53,26,5.0,21.5,-3.141592653589793,0.482842712474619,0,48.09878690249839
ta,65,2,53,27,5.0,26.5,-3.141592653589793,0.565685424949238,0,48.09878690249839
ta,65,2,53,28,5.0,30.0,-3.141592653589793,0.5685569981889047,0,48.09878690249839
ta,65,2,53,29,5.0,19.1637678967368,-3.010765257515736,0.44956066981809384,0,48.09878690249839
ta,65,2,53,30,5.0,24.12985702402731,-3.0378003131327502,0.565685424949238,0,48.09878690249839
ta,65,2,53,31,5.0,17.240939649566666,-2.847358088478605,0.565685424949238,0,48.09878690249839
ta,65,2,53,32,5.0,22.073740054644116,-2.9130960142979307,0.482842712474619,0,48.09878690249839
ta,65,2,53,33,5.0,26.9675731203236,-2.9551057519225763,0.5685569981889047,0,48.09878690249839
ta,65,2,53,34,5.0,23.119256043393783,-2.76510231914327,0.482842712474619,0,48.09878690249839
ta,65,2,53,35,5.0,39.42714800743264,-1.3535028958718753,0.44956066981809384,0,48.09878690249839
ta,65,2,53,36,5.0,36.01735692690401,-1.3325515686161515,0.44956066981809384,0,48.09878690249839
ta,65,2,53,37,5.0,35.174564673923115,-1.4711276743037345,0.5685569981889047,0,48.09878690249839
ta,65,2,53,38,5.0,37.51333096380539,-1.202665555469733,0.482842712474619,0,48.09878690249839
ta,65,2,53,39,5.0,33.04920573932148,-1.3882364736639896,0.482842712474619,0,48.09878690249839
ta,65,2,53,40,5.0,34.311076928595526,-1.2444375100881337,0.565685424949238,0,48.09878690249839
ta,65,2,53,41,5.0,30.0,-1.5707963267948966,0.565685424949238,0,48.09878690249839
ta,65,2,53,42,5.0,30.20347662107791,-1.4546546999149064,0.44956066981809384,0,48.09878690249839
ta,65,2,53,43,5.0,31.18092365533773,-1.29469930739946,0.5685569981889047,0,48.09878690249839
ta,65,2,53,44,5.0,32.89756829919196,-1.1479424006619559,0.565685424949238,0,48.09878690249839
ta,65,2,53,45,5.0,34.48187929913333,-1.0552473193359173,0.5685569981889047,0,48.09878690249839
ta,65,2,53,46,5.0,28.146935890075138,-1.3559809263932379,0.44956066981809384,0,48.09878690249839
ta,65,2,53,47,5.0,29.618406439239774,-1.1902899496825317,0.565685424949238,0,48.09878690249839
ta,65,2,53,48,5.0,25.243811122728676,-1.4317003853128252,0.565685424949238,0,48.09878690249839
ta,65,2,53,49,5.0,26.405491853021786,-1.243057820014341,0.482842712474619,0,48.09878690249839
ta,65,2,53,50,5.0,28.412145290350743,-1.0756630633264925,0.5685569981889047,0,48.09878690249839
ta,65,2,53,51,5.0,23.119256043393783,-1.1943059923483736,0.482842712474619,0,48.09878690249839
ta,65,2,53,52,5.0,12.020815280171307,-5.497787143782138,0.44956066981809384,0,48.09878690249839
ta,65,2,53,53,5.0,9.86154146165801,-5.751461239920781,0.44956066981809384,0,48.09878690249839
ta,65,2,53,54,5.0,6.103277807866851,-5.323114944773899,0.5685569981889047,0,48.09878690249839
ta,65,2,53,55,5.0,14.396180048887969,-5.928479655168646,0.482842712474619,0,48.09878690249839
ta,65,2,53,56,5.0,6.5,-5.888394187479825,0.482842712474619,0,48.09878690249839
ta,65,2,53,57,5.0,11.280514172678478,-6.059708706038953,0.565685424949238,0,48.09878690249839
ta,65,2,53,58,5.0,0.0,,0.565685424949238,0,48.09878690249839
ta,65,2,53,59,5.0,3.5,0.0,0.44956066981809384,1,48.09878690249839
ta,65,2,53,60,5.0,8.5,0.0,0.5685569981889047,0,48.09878690249839
ta,65,2,53,61,5.0,13.5,0.0,0.565685424949238,0,48.09878690249839
ta,65,2,53,62,5.0,17.0,0.0,0.5685569981889047,0,48.09878690249839
ta,65,2,53,63,5.0,6.5,-0.39479111969976133,0.44956066981809384,0,48.09878690249839
ta,65,2,53,64,5.0,11.280514172678478,-0.22347660114063306,0.565685424949238,0,48.09878690249839
ta,65,2,53,65,5.0,6.103277807866851,-0.9600703624056877,0.565685424949238,0,48.09878690249839
ta,65,2,53,66,5.0,9.86154146165801,-0.5317240672588053,0.482842712474619,0,48.09878690249839
ta,65,2,53,67,5.0,14.396180048887969,-0.3547056520109404,0.5685569981889047,0,48.09878690249839
ta,65,2,53,68,5.0,12.020815280171307,-0.7853981633974483,0.482842712474619,0,48.09878690249839
ta,65,2,54,1,5.0,45.90479277809671,-2.1467149264132495,0.44956066981809384,0,48.40313472858534
ta,65,2,54,2,5.0,43.01162633521314,-2.191045812777718,0.44956066981809384,0,48.40313472858534
ta,65,2,54,3,5.0,40.311288741492746,-2.089942441041419,0.5685569981889047,0,48.40313472858534
ta,65,2,54,4,5.0,46.09772228646444,-2.279422598922567,0.482842712474619,0,48.40313472858534
ta,65,2,54,5,5.0,39.528470752104745,-2.1763409903998667,0.482842712474619,0,48.40313472858534
ta,65,2,54,6,5.0,42.573465914816005,-2.2730532583039036,0.565685424949238,0,48.40313472858534
ta,65,2,54,7,5.0,34.23813663153998,-2.073639537722757,0.565685424949238,0,48.40313472858534
ta,65,2,54,8,5.0,36.05551275463989,-2.158798930342464,0.44956066981809384,0,48.40313472858534
ta,65,2,54,9,5.0,39.05124837953327,-2.2655346029915995,0.5685569981889047,0,48.40313472858534
ta,65,2,54,10,5.0,42.42640687119285,-2.356194490192345,0.565685424949238,0,48.40313472858534
ta,65,2,54,11,5.0,44.9694340635948,-2.411256885566015,0.5685569981889047,0,48.40313472858534
ta,65,2,54,12,5.0,35.531676008879735,-2.256525837701183,0.44956066981809384,0,48.40313472858534
ta,65,2,54,13,5.0,38.890872965260115,-2.356194490192345,0.565685424949238,0,48.40313472858534
ta,65,2,54,14,5.0,32.01562118716424,-2.245537269018449,0.565685424949238,0,48.40313472858534
ta,65,2,54,15,5.0,35.35533905932738,-2.356194490192345,0.482842712474619,0,48.40313472858534
ta,65,2,54,16,5.0,39.05124837953327,-2.44685437739309,0.5685569981889047,0,48.40313472858534
ta,65,2,54,17,5.0,32.973474187595095,-2.4313216461031066,0.482842712474619,0,48.40313472858534
ta,65,2,54,18,5.0,26.405491853021786,-3.4693311603703485,0.44956066981809384,0,48.40313472858534
ta,65,2,54,19,5.0,25.495097567963924,-3.338988213439674,0.44956066981809384,0,48.40313472858534
ta,65,2,54,20,5.0,20.615528128088304,-3.3865713167166573,0.5685569981889047,0,48.40313472858534
ta,65,2,54,21,5.0,30.4138126514911,-3.30674133100442,0.482842712474619,0,48.40313472858534
ta,65,2,54,22,5.0,22.638462845343543,-3.252249874763689,0.482842712474619,0,48.40313472858534
ta,65,2,54,23,5.0,27.613402542968153,-3.232252540790538,0.565685424949238,0,48.40313472858534
ta,65,2,54,24,5.0,16.5,-3.141592653589793,0.565685424949238,0,48.40313472858534
ta,65,2,54,26,5.0,25.0,-3.141592653589793,0.565685424949238,0,48.40313472858534
ta,65,2,54,27,5.0,30.0,-3.141592653589793,0.565685424949238,0,48.40313472858534
ta,65,2,54,28,5.0,33.5,-3.141592653589793,0.5685569981889047,0,48.40313472858534
ta,65,2,54,29,5.0,22.638462845343543,-3.0309354324158972,0.44956066981809384,0,48.40313472858534
ta,65,2,54,30,5.0,27.613402542968153,-3.050932766389048,0.565685424949238,0,48.40313472858534
ta,65,2,54,31,5.0,20.615528128088304,-2.896613990462929,0.565685424949238,0,48.40313472858534
ta,65,2,54,32,5.0,25.495097567963924,-2.9441970937399122,0.482842712474619,0,48.40313472858534
ta,65,2,54,33,5.0,30.4138126514911,-2.976443976175166,0.5685569981889047,0,48.40313472858534
ta,65,2,54,34,5.0,26.405491853021786,-2.8138541468092377,0.482842712474619,0,48.40313472858534
ta,65,2,54,35,5.0,38.82331773560833,-1.4416490366668764,0.44956066981809384,0,48.40313472858534
ta,65,2,54,36,5.0,35.35533905932738,-1.4288992721907325,0.44956066981809384,0,48.40313472858534
ta,65,2,54,37,5.0,35.0,-1.5707963267948966,0.5685569981889047,0,48.40313472858534
ta,65,2,54,38,5.0,36.40054944640259,-1.2924966677897851,0.482842712474619,0,48.40313472858534
ta,65,2,54,39,5.0,32.59601202601324,-1.4940244355251184,0.482842712474619,0,48.40313472858534
ta,65,2,54,40,5.0,33.354160160315836,-1.3439974787410107,0.565685424949238,0,48.40313472858534
ta,65,2,54,41,5.0,30.20347662107791,-1.6869379536748867,0.565685424949238,0,48.40313472858534
ta,65,2,54,42,5.0,30.0,-1.5707963267948966,0.44956066981809384,0,48.40313472858534
ta,65,2,54,43,5.0,30.4138126514911,-1.4056476493802696,0.5685569981889047,0,48.40313472858534
ta,65,2,54,44,5.0,31.622776601683793,-1.2490457723982542,0.565685424949238,0,48.40313472858534
ta,65,2,54,45,5.0,32.89756829919196,-1.1479424006619559,0.5685569981889047,0,48.40313472858534
ta,65,2,54,46,5.0,27.613402542968153,-1.4801364395941514,0.44956066981809384,0,48.40313472858534
ta,65,2,54,47,5.0,28.50438562747845,-1.304544277643971,0.565685424949238,0,48.40313472858534
ta,65,2,54,48,5.0,25.0,-1.5707963267948966,0.565685424949238,0,48.40313472858534
ta,65,2,54,49,5.0,25.495097567963924,-1.3734007669450157,0.482842712474619,0,48.40313472858534
ta,65,2,54,50,5.0,26.92582403567252,-1.1902899496825317,0.5685569981889047,0,48.40313472858534
ta,65,2,54,51,5.0,22.073740054644116,-1.3422996875030342,0.482842712474619,0,48.40313472858534
ta,65,2,54,52,5.0,9.86154146165801,-5.244113047643495,0.44956066981809384,0,48.40313472858534
ta,65,2,54,53,5.0,7.0710678118654755,-5.497787143782138,0.44956066981809384,0,48.40313472858534
ta,65,2,54,54,5.0,5.0,-4.71238898038469,0.5685569981889047,0,48.40313472858534
ta,65,2,54,55,5.0,11.180339887498949,-5.81953769817878,0.482842712474619,0,48.40313472858534
ta,65,2,54,56,5.0,3.5355339059327378,-5.497787143782138,0.482842712474619,0,48.40313472858534
ta,65,2,54,57,5.0,7.905694150420948,-5.961434752782944,0.565685424949238,0,48.40313472858534
ta,65,2,54,59,5.0,0.0,,0.3276927682076162,0,48.40313472858534
ta,65,2,54,60,5.0,5.0,0.0,0.565685424949238,0,48.40313472858534
ta,65,2,54,61,5.0,10.0,0.0,0.565685424949238,0,48.40313472858534
ta,65,2,54,62,5.0,13.5,0.0,0.5685569981889047,0,48.40313472858534
ta,65,2,54,63,5.0,3.5355339059327378,-0.7853981633974483,0.44956066981809384,0,48.40313472858534
ta,65,2,54,64,5.0,7.905694150420948,-0.32175055439664213,0.565685424949238,0,48.40313472858534
ta,65,2,54,65,5.0,5.0,-1.5707963267948966,0.565685424949238,0,48.40313472858534
ta,65,2,54,66,5.0,7.0710678118654755,-0.7853981633974483,0.482842712474619,1,48.40313472858534
ta,65,2,54,67,5.0,11.180339887498949,-0.46364760900080615,0.5685569981889047,0,48.40313472858534
ta,65,2,54,68,5.0,9.86154146165801,-1.0390722595360908,0.482842712474619,0,48.40313472858534
ta,65,2,55,1,5.0,44.9694340635948,-1.5157339314212264,0.44956066981809384,0,49.01801019048669
ta,65,2,55,2,5.0,42.42640687119285,-1.5707963267948966,0.44956066981809384,0,49.01801019048669
ta,65,2,55,3,5.0,39.05124837953327,-1.4801364395941514,0.5685569981889047,0,49.01801019048669
ta,65,2,55,4,5.0,46.09772228646444,-1.6475682180646745,0.482842712474619,0,49.01801019048669
ta,65,2,55,5,5.0,38.890872965260115,-1.5707963267948966,0.482842712474619,0,49.01801019048669
ta,65,2,55,6,5.0,42.573465914816005,-1.6539375586833378,0.565685424949238,0,49.01801019048669
ta,65,2,55,7,5.0,32.973474187595095,-1.4956691708841343,0.565685424949238,0,49.01801019048669
ta,65,2,55,8,5.0,35.35533905932738,-1.5707963267948966,0.44956066981809384,0,49.01801019048669
ta,65,2,55,9,5.0,39.05124837953327,-1.6614562139956417,0.5685569981889047,0,49.01801019048669
ta,65,2,55,10,5.0,43.01162633521314,-1.7359450042095235,0.565685424949238,0,49.01801019048669
ta,65,2,55,11,5.0,45.90479277809671,-1.780275890573992,0.5685569981889047,0,49.01801019048669
ta,65,2,55,12,5.0,35.531676008879735,-1.6704649792860584,0.44956066981809384,0,49.01801019048669
ta,65,2,55,13,5.0,39.528470752104745,-1.7506498265873747,0.565685424949238,0,49.01801019048669
ta,65,2,55,14,5.0,32.01562118716424,-1.6814535479687922,0.565685424949238,0,49.01801019048669
ta,65,2,55,15,5.0,36.05551275463989,-1.7681918866447774,0.482842712474619,0,49.01801019048669
ta,65,2,55,16,5.0,40.311288741492746,-1.8370483759458218,0.5685569981889047,0,49.01801019048669
ta,65,2,55,17,5.0,34.23813663153998,-1.853351279264484,0.482842712474619,0,49.01801019048669
ta,65,2,55,18,5.0,32.89756829919196,-2.7790484163252858,0.44956066981809384,0,49.01801019048669
ta,65,2,55,19,5.0,31.622776601683793,-2.677945044588987,0.44956066981809384,0,49.01801019048669
ta,65,2,55,20,5.0,26.92582403567252,-2.7367008673047097,0.5685569981889047,0,49.01801019048669
ta,65,2,55,21,5.0,36.40054944640259,-2.6344941491974563,0.482842712474619,0,49.01801019048669
ta,65,2,55,22,5.0,28.50438562747845,-2.62244653934327,0.482842712474619,0,49.01801019048669
ta,65,2,55,23,5.0,33.354160160315836,-2.5829933382462307,0.565685424949238,0,49.01801019048669
ta,65,2,55,24,5.0,22.073740054644116,-2.584691129484207,0.565685424949238,0,49.01801019048669
ta,65,2,55,26,5.0,30.4138126514911,-2.5213431676069717,0.565685424949238,0,49.01801019048669
ta,65,2,55,27,5.0,35.35533905932738,-2.498091544796509,0.565685424949238,0,49.01801019048669
ta,65,2,55,28,5.0,38.82331773560833,-2.485341780320365,0.5685569981889047,0,49.01801019048669
ta,65,2,55,29,5.0,27.613402542968153,-2.4468543773930898,0.44956066981809384,0,49.01801019048669
ta,65,2,55,30,5.0,32.59601202601324,-2.4329663814621227,0.565685424949238,0,49.01801019048669
ta,65,2,55,31,5.0,25.0,-2.356194490192345,0.565685424949238,0,49.01801019048669
ta,65,2,55,32,5.0,30.0,-2.356194490192345,0.482842712474619,0,49.01801019048669
ta,65,2,55,33,5.0,35.0,-2.356194490192345,0.5685569981889047,0,49.01801019048669
ta,65,2,55,34,5.0,30.20347662107791,-2.2400528633123544,0.482842712474619,0,49.01801019048669
ta,65,2,55,35,5.0,33.5,-0.7853981633974483,0.44956066981809384,0,49.01801019048669
ta,65,2,55,36,5.0,30.0,-0.7853981633974483,0.44956066981809384,0,49.01801019048669
ta,65,2,55,37,5.0,30.4138126514911,-0.950546840812075,0.5685569981889047,0,49.01801019048669
ta,65,2,55,38,5.0,30.4138126514911,-0.6202494859828214,0.482842712474619,0,49.01801019048669
ta,65,2,55,39,5.0,27.613402542968153,-0.8760580505981934,0.482842712474619,0,49.01801019048669
ta,65,2,55,40,5.0,27.613402542968153,-0.6947382761967031,0.565685424949238,0,49.01801019048669
ta,65,2,55,41,5.0,26.405491853021786,-1.1131366701780037,0.565685424949238,0,49.01801019048669
ta,65,2,55,42,5.0,25.495097567963924,-0.9827937232473289,0.44956066981809384,0,49.01801019048669
ta,65,2,55,43,5.0,25.0,-0.7853981633974483,0.5685569981889047,0,49.01801019048669
ta,65,2,55,44,5.0,25.495097567963924,-0.5880026035475674,0.565685424949238,0,49.01801019048669
ta,65,2,55,45,5.0,26.405491853021786,-0.4576596566168927,0.5685569981889047,0,49.01801019048669
ta,65,2,55,46,5.0,22.638462845343543,-0.8960553845713439,0.44956066981809384,0,49.01801019048669
ta,65,2,55,47,5.0,22.638462845343543,-0.6747409422235526,0.565685424949238,0,49.01801019048669
ta,65,2,55,48,5.0,20.615528128088304,-1.0303768265243123,0.565685424949238,0,49.01801019048669
ta,65,2,55,49,5.0,20.0,-0.7853981633974483,0.482842712474619,1,49.01801019048669
ta,65,2,55,50,5.0,20.615528128088304,-0.540419500270584,0.5685569981889047,0,49.01801019048669
ta,65,2,55,51,5.0,16.5,-0.7853981633974483,0.482842712474619,0,49.01801019048669
ta,65,2,55,52,5.0,13.5,-3.9269908169872414,0.44956066981809384,0,49.01801019048669
ta,65,2,55,53,5.0,10.0,-3.9269908169872414,0.44956066981809384,0,49.01801019048669
ta,65,2,55,54,5.0,11.180339887498949,-3.4633432079864352,0.5685569981889047,0,49.01801019048669
ta,65,2,55,55,5.0,11.180339887498949,-4.3906384259880475,0.482842712474619,0,49.01801019048669
ta,65,2,55,56,5.0,7.905694150420948,-3.6052402625905993,0.482842712474619,0,49.01801019048669
ta,65,2,55,57,5.0,7.905694150420948,-4.2487413713838835,0.565685424949238,0,49.01801019048669
ta,65,2,55,58,5.0,9.86154146165801,-2.8879185574511506,0.565685424949238,0,49.01801019048669
ta,65,2,55,60,5.0,5.0,-3.9269908169872414,0.565685424949238,0,49.01801019048669
ta,65,2,55,61,5.0,7.0710678118654755,-4.71238898038469,0.565685424949238,0,49.01801019048669
ta,65,2,55,62,5.0,9.86154146165801,-4.966063076523333,0.5685569981889047,0,49.01801019048669
ta,65,2,55,63,5.0,3.5355339059327378,-3.141592653589793,0.44956066981809384,0,49.01801019048669
ta,65,2,55,64,5.0,3.5355339059327378,-4.71238898038469,0.565685424949238,0,49.01801019048669
ta,65,2,55,65,5.0,5.0,-2.356194490192345,0.565685424949238,0,49.01801019048669
ta,65,2,55,66,5.0,0.0,,0.482842712474619,0,49.01801019048669
ta,65,2,55,67,5.0,5.0,0.7853981633974483,0.5685569981889047,0,49.01801019048669
ta,65,2,55,68,5.0,3.5,-0.7853981633974483,0.482842712474619,0,49.01801019048669
ta,65,2,56,1,5.0,32.89756829919196,-1.1479424006619559,0.3276927682076162,0,50.7571406252693
ta,65,2,56,2,5.0,31.622776601683793,-1.2490457723982544,0.44956066981809384,0,50.7571406252693
ta,65,2,56,3,5.0,26.92582403567252,-1.1902899496825317,0.5685569981889047,0,50.7571406252693
ta,65,2,56,4,5.0,36.40054944640259,-1.2924966677897851,0.482842712474619,0,50.7571406252693
ta,65,2,56,5,5.0,28.50438562747845,-1.3045442776439713,0.482842712474619,0,50.7571406252693
ta,65,2,56,6,5.0,33.354160160315836,-1.3439974787410107,0.565685424949238,0,50.7571406252693
ta,65,2,56,7,5.0,22.073740054644116,-1.3422996875030342,0.565685424949238,0,50.7571406252693
ta,65,2,56,8,5.0,25.495097567963924,-1.373400766945016,0.44956066981809384,0,50.7571406252693
ta,65,2,56,9,5.0,30.4138126514911,-1.4056476493802696,0.5685569981889047,0,50.7571406252693
ta,65,2,56,10,5.0,35.35533905932738,-1.4288992721907325,0.565685424949238,0,50.7571406252693
ta,65,2,56,11,5.0,38.82331773560833,-1.4416490366668766,0.5685569981889047,0,50.7571406252693
ta,65,2,56,12,5.0,27.613402542968153,-1.4801364395941514,0.44956066981809384,0,50.7571406252693
ta,65,2,56,13,5.0,32.59601202601324,-1.4940244355251184,0.565685424949238,0,50.7571406252693
ta,65,2,56,14,5.0,25.0,-1.5707963267948966,0.565685424949238,0,50.7571406252693
ta,65,2,56,15,5.0,30.0,-1.5707963267948966,0.482842712474619,0,50.7571406252693
ta,65,2,56,16,5.0,35.0,-1.5707963267948966,0.5685569981889047,0,50.7571406252693
ta,65,2,56,17,5.0,30.20347662107791,-1.6869379536748867,0.482842712474619,0,50.7571406252693
ta,65,2,56,18,5.0,44.9694340635948,-2.411256885566015,0.44956066981809384,0,50.7571406252693
ta,65,2,56,19,5.0,42.42640687119285,-2.356194490192345,0.44956066981809384,0,50.7571406252693
ta,65,2,56,20,5.0,39.05124837953327,-2.44685437739309,0.5685569981889047,0,50.7571406252693
ta,65,2,56,21,5.0,46.09772228646444,-2.279422598922567,0.482842712474619,0,50.7571406252693
ta,65,2,56,22,5.0,38.890872965260115,-2.356194490192345,0.482842712474619,0,50.7571406252693
ta,65,2,56,23,5.0,42.573465914816005,-2.2730532583039036,0.565685424949238,0,50.7571406252693
ta,65,2,56,24,5.0,32.973474187595095,-2.431321646103107,0.565685424949238,0,50.7571406252693
ta,65,2,56,26,5.0,39.05124837953327,-2.2655346029915995,0.565685424949238,0,50.7571406252693
ta,65,2,56,27,5.0,43.01162633521314,-2.191045812777718,0.565685424949238,0,50.7571406252693
ta,65,2,56,28,5.0,45.90479277809671,-2.1467149264132495,0.5685569981889047,0,50.7571406252693
ta,65,2,56,29,5.0,35.531676008879735,-2.256525837701183,0.44956066981809384,0,50.7571406252693
ta,65,2,56,30,5.0,39.528470752104745,-2.1763409903998667,0.565685424949238,0,50.7571406252693
ta,65,2,56,31,5.0,32.01562118716424,-2.245537269018449,0.565685424949238,0,50.7571406252693
ta,65,2,56,32,5.0,36.05551275463989,-2.158798930342464,0.482842712474619,0,50.7571406252693
ta,65,2,56,33,5.0,40.311288741492746,-2.0899424410414196,0.5685569981889047,0,50.7571406252693
ta,65,2,56,34,5.0,34.23813663153998,-2.0736395377227574,0.482842712474619,0,50.7571406252693
ta,65,2,56,35,5.0,13.5,0.0,0.44956066981809384,0,50.7571406252693
ta,65,2,56,36,5.0,10.0,0.0,0.44956066981809384,0,50.7571406252693
ta,65,2,56,37,5.0,11.180339887498949,-0.46364760900080615,0.5685569981889047,0,50.7571406252693
ta,65,2,56,38,5.0,11.180339887498949,0.46364760900080615,0.482842712474619,0,50.7571406252693
ta,65,2,56,39,5.0,7.905694150420948,-0.32175055439664213,0.482842712474619,0,50.7571406252693
ta,65,2,56,40,5.0,7.905694150420948,0.32175055439664235,0.565685424949238,0,50.7571406252693
ta,65,2,56,41,5.0,9.86154146165801,-1.0390722595360908,0.565685424949238,0,50.7571406252693
ta,65,2,56,42,5.0,7.0710678118654755,-0.7853981633974483,0.44956066981809384,1,50.7571406252693
ta,65,2,56,43,5.0,5.0,0.0,0.5685569981889047,0,50.7571406252693
ta,65,2,56,44,5.0,7.0710678118654755,0.7853981633974483,0.565685424949238,0,50.7571406252693
ta,65,2,56,45,5.0,9.86154146165801,1.0390722595360913,0.5685569981889047,0,50.7571406252693
ta,65,2,56,46,5.0,3.5355339059327378,-0.7853981633974483,0.44956066981809384,0,50.7571406252693
ta,65,2,56,47,5.0,3.5355339059327378,0.7853981633974483,0.565685424949238,0,50.7571406252693
ta,65,2,56,48,5.0,5.0,-1.5707963267948966,0.565685424949238,0,50.7571406252693
ta,65,2,56,49,5.0,0.0,,0.482842712474619,0,50.7571406252693
ta,65,2,56,50,5.0,5.0,1.5707963267948966,0.5685569981889047,0,50.7571406252693
ta,65,2,56,51,5.0,3.5,-3.141592653589793,0.482842712474619,0,50.7571406252693
ta,65,2,56,52,5.0,33.5,-3.141592653589793,0.44956066981809384,0,50.7571406252693
ta,65,2,56,53,5.0,30.0,-3.141592653589793,0.44956066981809384,0,50.7571406252693
ta,65,2,56,54,5.0,30.4138126514911,-2.976443976175166,0.5685569981889047,0,50.7571406252693
ta,65,2,56,55,5.0,30.4138126514911,-3.30674133100442,0.482842712474619,0,50.7571406252693
ta,65,2,56,56,5.0,27.613402542968153,-3.0509327663890478,0.482842712474619,0,50.7571406252693
ta,65,2,56,57,5.0,27.613402542968153,-3.2322525407905385,0.565685424949238,0,50.7571406252693
ta,65,2,56,58,5.0,26.405491853021786,-2.8138541468092377,0.565685424949238,0,50.7571406252693
ta,65,2,56,59,5.0,25.495097567963924,-2.9441970937399127,0.44956066981809384,0,50.7571406252693
ta,65,2,56,60,5.0,25.0,-3.141592653589793,0.5685569981889047,0,50.7571406252693
ta,65,2,56,61,5.0,25.495097567963924,-3.338988213439674,0.565685424949238,0,50.7571406252693
ta,65,2,56,62,5.0,26.405491853021786,-3.4693311603703485,0.5685569981889047,0,50.7571406252693
ta,65,2,56,63,5.0,22.638462845343543,-3.0309354324158972,0.44956066981809384,0,50.7571406252693
ta,65,2,56,64,5.0,22.638462845343543,-3.252249874763689,0.565685424949238,0,50.7571406252693
ta,65,2,56,65,5.0,20.615528128088304,-2.896613990462929,0.565685424949238,0,50.7571406252693
ta,65,2,56,67,5.0,20.615528128088304,-3.3865713167166573,0.565685424949238,0,50.7571406252693
ta,65,2,56,68,5.0,16.5,-3.141592653589793,0.482842712474619,0,50.7571406252693
ta,65,2,57,1,5.0,26.405491853021786,-0.45765965661689284,0.44956066981809384,0,51.37201608717065
ta,65,2,57,2,5.0,25.495097567963924,-0.5880026035475675,0.44956066981809384,0,51.37201608717065
ta,65,2,57,3,5.0,20.615528128088304,-0.5404195002705842,0.5685569981889047,0,51.37201608717065
ta,65,2,57,4,5.0,30.4138126514911,-0.6202494859828215,0.482842712474619,0,51.37201608717065
ta,65,2,57,5,5.0,22.638462845343543,-0.6747409422235526,0.482842712474619,0,51.37201608717065
ta,65,2,57,6,5.0,27.613402542968153,-0.6947382761967031,0.565685424949238,0,51.37201608717065
ta,65,2,57,7,5.0,16.5,-0.7853981633974483,0.565685424949238,0,51.37201608717065
ta,65,2,57,8,5.0,20.0,-0.7853981633974483,0.44956066981809384,1,51.37201608717065
ta,65,2,57,9,5.0,25.0,-0.7853981633974483,0.5685569981889047,0,51.37201608717065
ta,65,2,57,10,5.0,30.0,-0.7853981633974483,0.565685424949238,0,51.37201608717065
ta,65,2,57,11,5.0,33.5,-0.7853981633974483,0.5685569981889047,0,51.37201608717065
ta,65,2,57,12,5.0,22.638462845343543,-0.8960553845713439,0.44956066981809384,0,51.37201608717065
ta,65,2,57,13,5.0,27.613402542968153,-0.8760580505981934,0.565685424949238,0,51.37201608717065
ta,65,2,57,14,5.0,20.615528128088304,-1.0303768265243125,0.565685424949238,0,51.37201608717065
ta,65,2,57,15,5.0,25.495097567963924,-0.982793723247329,0.482842712474619,0,51.37201608717065
ta,65,2,57,16,5.0,30.4138126514911,-0.9505468408120751,0.5685569981889047,0,51.37201608717065
ta,65,2,57,17,5.0,26.405491853021786,-1.1131366701780037,0.482842712474619,0,51.37201608717065
ta,65,2,57,18,5.0,45.90479277809671,-1.780275890573992,0.44956066981809384,0,51.37201608717065
ta,65,2,57,19,5.0,43.01162633521314,-1.7359450042095235,0.44956066981809384,0,51.37201608717065
ta,65,2,57,20,5.0,40.311288741492746,-1.837048375945822,0.5685569981889047,0,51.37201608717065
ta,65,2,57,21,5.0,46.09772228646444,-1.6475682180646747,0.482842712474619,0,51.37201608717065
ta,65,2,57,22,5.0,39.528470752104745,-1.750649826587375,0.482842712474619,0,51.37201608717065
ta,65,2,57,23,5.0,42.573465914816005,-1.6539375586833378,0.565685424949238,0,51.37201608717065
ta,65,2,57,24,5.0,34.23813663153998,-1.8533512792644842,0.565685424949238,0,51.37201608717065
ta,65,2,57,25,5.0,36.05551275463989,-1.7681918866447774,0.44956066981809384,0,51.37201608717065
ta,65,2,57,26,5.0,39.05124837953327,-1.6614562139956417,0.5685569981889047,0,51.37201608717065
ta,65,2,57,27,5.0,42.42640687119285,-1.5707963267948966,0.565685424949238,0,51.37201608717065
ta,65,2,57,28,5.0,44.9694340635948,-1.5157339314212264,0.5685569981889047,0,51.37201608717065
ta,65,2,57,29,5.0,35.531676008879735,-1.6704649792860586,0.44956066981809384,0,51.37201608717065
ta,65,2,57,30,5.0,38.890872965260115,-1.5707963267948966,0.565685424949238,0,51.37201608717065
ta,65,2,57,31,5.0,32.01562118716424,-1.6814535479687922,0.565685424949238,0,51.37201608717065
ta,65,2,57,32,5.0,35.35533905932738,-1.5707963267948966,0.482842712474619,0,51.37201608717065
ta,65,2,57,33,5.0,39.05124837953327,-1.4801364395941514,0.5685569981889047,0,51.37201608717065
ta,65,2,57,34,5.0,32.973474187595095,-1.4956691708841345,0.482842712474619,0,51.37201608717065
ta,65,2,57,35,5.0,9.86154146165801,1.317122230656254,0.44956066981809384,0,51.37201608717065
ta,65,2,57,36,5.0,7.0710678118654755,1.5707963267948966,0.44956066981809384,0,51.37201608717065
ta,65,2,57,37,5.0,5.0,0.7853981633974483,0.5685569981889047,0,51.37201608717065
ta,65,2,57,38,5.0,11.180339887498949,1.8925468811915387,0.482842712474619,0,51.37201608717065
ta,65,2,57,39,5.0,3.5355339059327378,1.5707963267948966,0.482842712474619,0,51.37201608717065
ta,65,2,57,40,5.0,7.905694150420948,2.0344439357957027,0.565685424949238,0,51.37201608717065
ta,65,2,57,41,5.0,3.5,-0.7853981633974483,0.565685424949238,0,51.37201608717065
ta,65,2,57,42,5.0,0.0,,0.44956066981809384,0,51.37201608717065
ta,65,2,57,43,5.0,5.0,2.356194490192345,0.5685569981889047,0,51.37201608717065
ta,65,2,57,44,5.0,10.0,2.356194490192345,0.565685424949238,0,51.37201608717065
ta,65,2,57,45,5.0,13.5,2.356194490192345,0.5685569981889047,0,51.37201608717065
ta,65,2,57,46,5.0,3.5355339059327378,-3.141592653589793,0.44956066981809384,0,51.37201608717065
ta,65,2,57,47,5.0,7.905694150420948,-3.6052402625905993,0.565685424949238,0,51.37201608717065
ta,65,2,57,48,5.0,5.0,-2.356194490192345,0.565685424949238,0,51.37201608717065
ta,65,2,57,50,5.0,11.180339887498949,-3.4633432079864352,0.565685424949238,0,51.37201608717065
ta,65,2,57,51,5.0,9.86154146165801,-2.8879185574511506,0.482842712474619,0,51.37201608717065
ta,65,2,57,52,5.0,38.82331773560833,-2.485341780320365,0.3276927682076162,0,51.37201608717065
ta,65,2,57,53,5.0,35.35533905932738,-2.498091544796509,0.44956066981809384,0,51.37201608717065
ta,65,2,57,54,5.0,35.0,-2.356194490192345,0.5685569981889047,0,51.37201608717065
ta,65,2,57,55,5.0,36.40054944640259,-2.6344941491974563,0.482842712474619,0,51.37201608717065
ta,65,2,57,56,5.0,32.59601202601324,-2.4329663814621227,0.482842712474619,0,51.37201608717065
ta,65,2,57,57,5.0,33.354160160315836,-2.5829933382462307,0.565685424949238,0,51.37201608717065
ta,65,2,57,58,5.0,30.20347662107791,-2.2400528633123544,0.565685424949238,0,51.37201608717065
ta,65,2,57,59,5.0,30.0,-2.356194490192345,0.44956066981809384,0,51.37201608717065
ta,65,2,57,60,5.0,30.4138126514911,-2.5213431676069717,0.5685569981889047,0,51.37201608717065
ta,65,2,57,61,5.0,31.622776601683793,-2.677945044588987,0.565685424949238,0,51.37201608717065
ta,65,2,57,62,5.0,32.89756829919196,-2.7790484163252858,0.5685569981889047,0,51.37201608717065
ta,65,2,57,63,5.0,27.613402542968153,-2.44685437739309,0.44956066981809384,0,51.37201608717065
ta,65,2,57,64,5.0,28.50438562747845,-2.6224465393432705,0.565685424949238,0,51.37201608717065
ta,65,2,57,65,5.0,25.0,-2.356194490192345,0.565685424949238,0,51.37201608717065
ta,65,2,57,66,5.0,25.495097567963924,-2.5535900500422257,0.482842712474619,0,51.37201608717065
ta,65,2,57,67,5.0,26.92582403567252,-2.7367008673047097,0.5685569981889047,0,51.37201608717065
ta,65,2,57,68,5.0,22.073740054644116,-2.584691129484207,0.482842712474619,0,51.37201608717065
ta,65,2,58,1,5.0,9.86154146165801,1.039072259536091,0.44956066981809384,0,53.11114652195326
ta,65,2,58,2,5.0,7.0710678118654755,0.7853981633974483,0.44956066981809384,0,53.11114652195326
ta,65,2,58,3,5.0,5.0,1.5707963267948966,0.5685569981889047,0,53.11114652195326
ta,65,2,58,4,5.0,11.180339887498949,0.4636476090008061,0.482842712474619,0,53.11114652195326
ta,65,2,58,5,5.0,3.5355339059327378,0.7853981633974483,0.482842712474619,0,53.11114652195326
ta,65,2,58,6,5.0,7.905694150420948,0.3217505543966422,0.565685424949238,0,53.11114652195326
ta,65,2,58,7,5.0,3.5,3.141592653589793,0.565685424949238,0,53.11114652195326
ta,65,2,58,8,5.0,0.0,,0.44956066981809384,0,53.11114652195326
ta,65,2,58,9,5.0,5.0,0.0,0.5685569981889047,0,53.11114652195326
ta,65,2,58,10,5.0,10.0,0.0,0.565685424949238,0,53.11114652195326
ta,65,2,58,11,5.0,13.5,0.0,0.5685569981889047,0,53.11114652195326
ta,65,2,58,12,5.0,3.5355339059327378,-0.7853981633974483,0.44956066981809384,0,53.11114652195326
ta,65,2,58,13,5.0,7.905694150420948,-0.3217505543966422,0.565685424949238,0,53.11114652195326
ta,65,2,58,14,5.0,5.0,-1.5707963267948966,0.565685424949238,0,53.11114652195326
ta,65,2,58,15,5.0,7.0710678118654755,-0.7853981633974483,0.482842712474619,1,53.11114652195326
ta,65,2,58,16,5.0,11.180339887498949,-0.4636476090008061,0.5685569981889047,0,53.11114652195326
ta,65,2,58,17,5.0,9.86154146165801,-1.039072259536091,0.482842712474619,0,53.11114652195326
ta,65,2,58,18,5.0,38.82331773560833,-1.4416490366668766,0.44956066981809384,0,53.11114652195326
ta,65,2,58,19,5.0,35.35533905932738,-1.4288992721907328,0.44956066981809384,0,53.11114652195326
ta,65,2,58,20,5.0,35.0,-1.5707963267948966,0.5685569981889047,0,53.11114652195326
ta,65,2,58,21,5.0,36.40054944640259,-1.2924966677897853,0.482842712474619,0,53.11114652195326
ta,65,2,58,22,5.0,32.59601202601324,-1.4940244355251187,0.482842712474619,0,53.11114652195326
ta,65,2,58,23,5.0,33.354160160315836,-1.3439974787410107,0.565685424949238,0,53.11114652195326
ta,65,2,58,24,5.0,30.20347662107791,-1.6869379536748867,0.565685424949238,0,53.11114652195326
ta,65,2,58,25,5.0,30.0,-1.5707963267948966,0.44956066981809384,0,53.11114652195326
ta,65,2,58,26,5.0,30.4138126514911,-1.4056476493802699,0.5685569981889047,0,53.11114652195326
ta,65,2,58,27,5.0,31.622776601683793,-1.2490457723982544,0.565685424949238,0,53.11114652195326
ta,65,2,58,28,5.0,32.89756829919196,-1.1479424006619559,0.5685569981889047,0,53.11114652195326
ta,65,2,58,29,5.0,27.613402542968153,-1.4801364395941514,0.44956066981809384,0,53.11114652195326
ta,65,2,58,30,5.0,28.50438562747845,-1.3045442776439713,0.565685424949238,0,53.11114652195326
ta,65,2,58,31,5.0,25.0,-1.5707963267948966,0.565685424949238,0,53.11114652195326
ta,65,2,58,32,5.0,25.495097567963924,-1.373400766945016,0.482842712474619,0,53.11114652195326
ta,65,2,58,33,5.0,26.92582403567252,-1.1902899496825317,0.5685569981889047,0,53.11114652195326
ta,65,2,58,34,5.0,22.073740054644116,-1.3422996875030344,0.482842712474619,0,53.11114652195326
ta,65,2,58,35,5.0,26.405491853021786,2.8138541468092377,0.44956066981809384,0,53.11114652195326
ta,65,2,58,36,5.0,25.495097567963924,2.9441970937399127,0.44956066981809384,0,53.11114652195326
ta,65,2,58,37,5.0,20.615528128088304,2.896613990462929,0.5685569981889047,0,53.11114652195326
ta,65,2,58,38,5.0,30.4138126514911,2.976443976175166,0.482842712474619,0,53.11114652195326
ta,65,2,58,39,5.0,22.638462845343543,3.0309354324158977,0.482842712474619,0,53.11114652195326
ta,65,2,58,40,5.0,27.613402542968153,3.050932766389048,0.565685424949238,0,53.11114652195326
ta,65,2,58,41,5.0,16.5,3.141592653589793,0.565685424949238,0,53.11114652195326
ta,65,2,58,43,5.0,25.0,3.141592653589793,0.565685424949238,0,53.11114652195326
ta,65,2,58,44,5.0,30.0,3.141592653589793,0.565685424949238,0,53.11114652195326
ta,65,2,58,45,5.0,33.5,3.141592653589793,0.5685569981889047,0,53.11114652195326
ta,65,2,58,46,5.0,22.638462845343543,-3.0309354324158977,0.44956066981809384,0,53.11114652195326
ta,65,2,58,47,5.0,27.613402542968153,-3.050932766389048,0.565685424949238,0,53.11114652195326
ta,65,2,58,48,5.0,20.615528128088304,-2.896613990462929,0.565685424949238,0,53.11114652195326
ta,65,2,58,50,5.0,30.4138126514911,-2.976443976175166,0.565685424949238,0,53.11114652195326
ta,65,2,58,51,5.0,26.405491853021786,-2.8138541468092377,0.482842712474619,0,53.11114652195326
ta,65,2,58,52,5.0,45.90479277809671,-2.1467149264132495,0.3276927682076162,0,53.11114652195326
ta,65,2,58,53,5.0,43.01162633521314,-2.191045812777718,0.44956066981809384,0,53.11114652195326
ta,65,2,58,54,5.0,40.311288741492746,-2.0899424410414196,0.5685569981889047,0,53.11114652195326
ta,65,2,58,55,5.0,46.09772228646444,-2.279422598922567,0.482842712474619,0,53.11114652195326
ta,65,2,58,56,5.0,39.528470752104745,-2.1763409903998667,0.482842712474619,0,53.11114652195326
ta,65,2,58,57,5.0,42.573465914816005,-2.2730532583039036,0.565685424949238,0,53.11114652195326
ta,65,2,58,58,5.0,34.23813663153998,-2.0736395377227574,0.565685424949238,0,53.11114652195326
ta,65,2,58,59,5.0,36.05551275463989,-2.158798930342464,0.44956066981809384,0,53.11114652195326
ta,65,2,58,60,5.0,39.05124837953327,-2.2655346029916,0.5685569981889047,0,53.11114652195326
ta,65,2,58,61,5.0,42.42640687119285,-2.356194490192345,0.565685424949238,0,53.11114652195326
ta,65,2,58,62,5.0,44.9694340635948,-2.411256885566015,0.5685569981889047,0,53.11114652195326
ta,65,2,58,63,5.0,35.531676008879735,-2.256525837701183,0.44956066981809384,0,53.11114652195326
ta,65,2,58,64,5.0,38.890872965260115,-2.356194490192345,0.565685424949238,0,53.11114652195326
ta,65,2,58,65,5.0,32.01562118716424,-2.2455372690184494,0.565685424949238,0,53.11114652195326
ta,65,2,58,66,5.0,35.35533905932738,-2.356194490192345,0.482842712474619,0,53.11114652195326
ta,65,2,58,67,5.0,39.05124837953327,-2.44685437739309,0.5685569981889047,0,53.11114652195326
ta,65,2,58,68,5.0,32.973474187595095,-2.431321646103107,0.482842712474619,0,53.11114652195326
ta,65,2,59,1,5.0,13.5,2.356194490192345,0.44956066981809384,0,53.72602198385461
ta,65,2,59,2,5.0,10.0,2.356194490192345,0.44956066981809384,0,53.72602198385461
ta,65,2,59,3,5.0,11.180339887498949,2.819842099193151,0.5685569981889047,0,53.72602198385461
ta,65,2,59,4,5.0,11.180339887498949,1.8925468811915387,0.482842712474619,0,53.72602198385461
ta,65,2,59,5,5.0,7.905694150420948,2.677945044588987,0.482842712474619,0,53.72602198385461
ta,65,2,59,6,5.0,7.905694150420948,2.0344439357957027,0.565685424949238,0,53.72602198385461
ta,65,2,59,7,5.0,9.86154146165801,3.395266749728436,0.565685424949238,0,53.72602198385461
ta,65,2,59,9,5.0,5.0,2.356194490192345,0.565685424949238,0,53.72602198385461
ta,65,2,59,10,5.0,7.0710678118654755,1.5707963267948966,0.565685424949238,0,53.72602198385461
ta,65,2,59,11,5.0,9.86154146165801,1.317122230656254,0.5685569981889047,0,53.72602198385461
ta,65,2,59,12,5.0,3.5355339059327378,3.141592653589793,0.44956066981809384,0,53.72602198385461
ta,65,2,59,13,5.0,3.5355339059327378,1.5707963267948966,0.565685424949238,0,53.72602198385461
ta,65,2,59,14,5.0,5.0,3.9269908169872414,0.565685424949238,0,53.72602198385461
ta,65,2,59,15,5.0,0.0,,0.482842712474619,0,53.72602198385461
ta,65,2,59,16,5.0,5.0,0.7853981633974483,0.5685569981889047,0,53.72602198385461
ta,65,2,59,17,5.0,3.5,-0.7853981633974483,0.482842712474619,1,53.72602198385461
ta,65,2,59,18,5.0,33.5,-0.7853981633974483,0.44956066981809384,0,53.72602198385461
ta,65,2,59,19,5.0,30.0,-0.7853981633974483,0.44956066981809384,0,53.72602198385461
ta,65,2,59,20,5.0,30.4138126514911,-0.9505468408120752,0.5685569981889047,0,53.72602198385461
ta,65,2,59,21,5.0,30.4138126514911,-0.6202494859828216,0.482842712474619,0,53.72602198385461
ta,65,2,59,22,5.0,27.613402542968153,-0.8760580505981934,0.482842712474619,0,53.72602198385461
ta,65,2,59,23,5.0,27.613402542968153,-0.6947382761967031,0.565685424949238,0,53.72602198385461
ta,65,2,59,24,5.0,26.405491853021786,-1.1131366701780039,0.565685424949238,0,53.72602198385461
ta,65,2,59,25,5.0,25.495097567963924,-0.9827937232473292,0.44956066981809384,0,53.72602198385461
ta,65,2,59,26,5.0,25.0,-0.7853981633974483,0.5685569981889047,0,53.72602198385461
ta,65,2,59,27,5.0,25.495097567963924,-0.5880026035475676,0.565685424949238,0,53.72602198385461
ta,65,2,59,28,5.0,26.405491853021786,-0.4576596566168929,0.5685569981889047,0,53.72602198385461
ta,65,2,59,29,5.0,22.638462845343543,-0.8960553845713439,0.44956066981809384,0,53.72602198385461
ta,65,2,59,30,5.0,22.638462845343543,-0.6747409422235526,0.565685424949238,0,53.72602198385461
ta,65,2,59,31,5.0,20.615528128088304,-1.0303768265243125,0.565685424949238,0,53.72602198385461
ta,65,2,59,32,5.0,20.0,-0.7853981633974483,0.482842712474619,0,53.72602198385461
ta,65,2,59,33,5.0,20.615528128088304,-0.5404195002705843,0.5685569981889047,0,53.72602198385461
ta,65,2,59,34,5.0,16.5,-0.7853981633974483,0.482842712474619,0,53.72602198385461
ta,65,2,59,35,5.0,32.89756829919196,3.504136890854301,0.44956066981809384,0,53.72602198385461
ta,65,2,59,36,5.0,31.622776601683793,3.6052402625905993,0.44956066981809384,0,53.72602198385461
ta,65,2,59,37,5.0,26.92582403567252,3.5464844398748765,0.5685569981889047,0,53.72602198385461
ta,65,2,59,38,5.0,36.40054944640259,3.64869115798213,0.482842712474619,0,53.72602198385461
ta,65,2,59,39,5.0,28.50438562747845,3.660738767836316,0.482842712474619,0,53.72602198385461
ta,65,2,59,40,5.0,33.354160160315836,3.7001919689333556,0.565685424949238,0,53.72602198385461
ta,65,2,59,41,5.0,22.073740054644116,3.698494177695379,0.565685424949238,0,53.72602198385461
ta,65,2,59,43,5.0,30.4138126514911,3.7618421395726145,0.565685424949238,0,53.72602198385461
ta,65,2,59,44,5.0,35.35533905932738,3.7850937623830774,0.565685424949238,0,53.72602198385461
ta,65,2,59,45,5.0,38.82331773560833,3.7978435268592214,0.5685569981889047,0,53.72602198385461
ta,65,2,59,46,5.0,27.613402542968153,3.8363309297864965,0.44956066981809384,0,53.72602198385461
ta,65,2,59,47,5.0,32.59601202601324,3.8502189257174635,0.565685424949238,0,53.72602198385461
ta,65,2,59,48,5.0,25.0,3.9269908169872414,0.565685424949238,0,53.72602198385461
ta,65,2,59,49,5.0,30.0,3.9269908169872414,0.482842712474619,0,53.72602198385461
ta,65,2,59,50,5.0,35.0,3.9269908169872414,0.5685569981889047,0,53.72602198385461
ta,65,2,59,51,5.0,30.20347662107791,-2.240052863312355,0.482842712474619,0,53.72602198385461
ta,65,2,59,52,5.0,44.9694340635948,-1.5157339314212264,0.44956066981809384,0,53.72602198385461
ta,65,2,59,53,5.0,42.42640687119285,-1.5707963267948966,0.44956066981809384,0,53.72602198385461
ta,65,2,59,54,5.0,39.05124837953327,-1.4801364395941516,0.5685569981889047,0,53.72602198385461
ta,65,2,59,55,5.0,46.09772228646444,-1.647568218064675,0.482842712474619,0,53.72602198385461
ta,65,2,59,56,5.0,38.890872965260115,-1.5707963267948966,0.482842712474619,0,53.72602198385461
ta,65,2,59,57,5.0,42.573465914816005,-1.6539375586833378,0.565685424949238,0,53.72602198385461
ta,65,2,59,58,5.0,32.973474187595095,-1.4956691708841348,0.565685424949238,0,53.72602198385461
ta,65,2,59,59,5.0,35.35533905932738,-1.5707963267948966,0.44956066981809384,0,53.72602198385461
ta,65,2,59,60,5.0,39.05124837953327,-1.661456213995642,0.5685569981889047,0,53.72602198385461
ta,65,2,59,61,5.0,43.01162633521314,-1.7359450042095235,0.565685424949238,0,53.72602198385461
ta,65,2,59,62,5.0,45.90479277809671,-1.780275890573992,0.5685569981889047,0,53.72602198385461
ta,65,2,59,63,5.0,35.531676008879735,-1.6704649792860589,0.44956066981809384,0,53.72602198385461
ta,65,2,59,64,5.0,39.528470752104745,-1.7506498265873751,0.565685424949238,0,53.72602198385461
ta,65,2,59,65,5.0,32.01562118716424,-1.6814535479687924,0.565685424949238,0,53.72602198385461
ta,65,2,59,66,5.0,36.05551275463989,-1.7681918866447774,0.482842712474619,0,53.72602198385461
ta,65,2,59,67,5.0,40.311288741492746,-1.8370483759458218,0.5685569981889047,0,53.72602198385461
ta,65,2,59,68,5.0,34.23813663153998,-1.853351279264484,0.482842712474619,0,53.72602198385461
ta,65,2,60,1,5.0,17.0,3.141592653589793,0.44956066981809384,0,54.03036980994156
ta,65,2,60,2,5.0,13.5,3.141592653589793,0.44956066981809384,0,54.03036980994156
ta,65,2,60,3,5.0,14.396180048887969,3.4962983056007335,0.5685569981889047,0,54.03036980994156
ta,65,2,60,4,5.0,14.396180048887969,2.7868870015788527,0.482842712474619,0,54.03036980994156
ta,65,2,60,5,5.0,11.280514172678478,3.365069254730426,0.482842712474619,0,54.03036980994156
ta,65,2,60,6,5.0,11.280514172678478,2.91811605244916,0.565685424949238,0,54.03036980994156
ta,65,2,60,7,5.0,12.020815280171307,3.9269908169872414,0.565685424949238,0,54.03036980994156
ta,65,2,60,8,5.0,9.86154146165801,3.673316720848599,0.44956066981809384,0,54.03036980994156
ta,65,2,60,9,5.0,8.5,3.141592653589793,0.5685569981889047,0,54.03036980994156
ta,65,2,60,10,5.0,9.86154146165801,2.609868586330988,0.565685424949238,0,54.03036980994156
ta,65,2,60,11,5.0,12.020815280171307,2.356194490192345,0.5685569981889047,0,54.03036980994156
ta,65,2,60,12,5.0,6.5,3.536383773289555,0.44956066981809384,0,54.03036980994156
ta,65,2,60,13,5.0,6.5,2.7468015338900313,0.565685424949238,0,54.03036980994156
ta,65,2,60,14,5.0,6.103277807866851,4.101663015995481,0.565685424949238,0,54.03036980994156
ta,65,2,60,16,5.0,6.103277807866851,2.181522291184105,0.565685424949238,0,54.03036980994156
ta,65,2,60,17,5.0,0.0,,0.482842712474619,0,54.03036980994156
ta,65,2,60,18,5.0,30.0,0.0,0.3276927682076162,0,54.03036980994156
ta,65,2,60,19,5.0,26.5,0.0,0.44956066981809384,0,54.03036980994156
ta,65,2,60,20,5.0,26.9675731203236,-0.18648690166721682,0.5685569981889047,0,54.03036980994156
ta,65,2,60,21,5.0,26.9675731203236,0.18648690166721682,0.482842712474619,0,54.03036980994156
ta,65,2,60,22,5.0,24.12985702402731,-0.10379234045704289,0.482842712474619,0,54.03036980994156
ta,65,2,60,23,5.0,24.12985702402731,0.10379234045704266,0.565685424949238,0,54.03036980994156
ta,65,2,60,24,5.0,23.119256043393783,-0.3764903344465229,0.565685424949238,0,54.03036980994156
ta,65,2,60,25,5.0,22.073740054644116,-0.22849663929186237,0.44956066981809384,0,54.03036980994156
ta,65,2,60,26,5.0,21.5,0.0,0.5685569981889047,0,54.03036980994156
ta,65,2,60,27,5.0,22.073740054644116,0.22849663929186215,0.565685424949238,0,54.03036980994156
ta,65,2,60,28,5.0,23.119256043393783,0.3764903344465229,0.5685569981889047,0,54.03036980994156
ta,65,2,60,29,5.0,19.1637678967368,-0.1308273960740569,0.44956066981809384,0,54.03036980994156
ta,65,2,60,30,5.0,19.1637678967368,0.1308273960740569,0.565685424949238,0,54.03036980994156
ta,65,2,60,31,5.0,17.240939649566666,-0.29423456511118773,0.565685424949238,0,54.03036980994156
ta,65,2,60,32,5.0,16.5,0.0,0.482842712474619,0,54.03036980994156
ta,65,2,60,33,5.0,17.240939649566666,0.29423456511118773,0.5685569981889047,0,54.03036980994156
ta,65,2,60,34,5.0,13.0,0.0,0.482842712474619,1,54.03036980994156
ta,65,2,60,35,5.0,34.48187929913333,4.19683997292571,0.44956066981809384,0,54.03036980994156
ta,65,2,60,36,5.0,32.89756829919196,4.289535054251749,0.44956066981809384,0,54.03036980994156
ta,65,2,60,37,5.0,28.412145290350743,4.217255716916286,0.5685569981889047,0,54.03036980994156
ta,65,2,60,38,5.0,37.51333096380539,4.344258209059526,0.482842712474619,0,54.03036980994156
ta,65,2,60,39,5.0,29.618406439239774,4.331882603272325,0.482842712474619,0,54.03036980994156
ta,65,2,60,40,5.0,34.311076928595526,4.386030163677927,0.565685424949238,0,54.03036980994156
ta,65,2,60,41,5.0,23.119256043393783,4.335898645938167,0.565685424949238,0,54.03036980994156
ta,65,2,60,43,5.0,31.18092365533773,4.436291960989253,0.565685424949238,0,54.03036980994156
ta,65,2,60,44,5.0,36.01735692690401,4.474144222205945,0.565685424949238,0,54.03036980994156
ta,65,2,60,45,5.0,39.42714800743264,4.495095549461668,0.5685569981889047,0,54.03036980994156
ta,65,2,60,46,5.0,28.146935890075138,4.497573579983031,0.44956066981809384,0,54.03036980994156
ta,65,2,60,47,5.0,33.04920573932148,4.529829127253783,0.565685424949238,0,54.03036980994156
ta,65,2,60,48,5.0,25.243811122728676,4.5732930389026185,0.565685424949238,0,54.03036980994156
ta,65,2,60,49,5.0,30.20347662107791,4.596247353504699,0.482842712474619,0,54.03036980994156
ta,65,2,60,50,5.0,35.174564673923115,4.612720327893528,0.5685569981889047,0,54.03036980994156
ta,65,2,60,51,5.0,30.0,4.71238898038469,0.482842712474619,0,54.03036980994156
ta,65,2,60,52,5.0,42.42640687119285,-0.7853981633974483,0.44956066981809384,0,54.03036980994156
ta,65,2,60,53,5.0,40.02811511925087,-0.8472660092618285,0.44956066981809384,0,54.03036980994156
ta,65,2,60,54,5.0,36.43144246389374,-0.7562801818904097,0.5685569981889047,0,54.03036980994156
ta,65,2,60,55,5.0,43.900455578501685,-0.9227394408643823,0.482842712474619,0,54.03036980994156
ta,65,2,60,56,5.0,36.5,-0.8532549862537522,0.482842712474619,0,54.03036980994156
ta,65,2,60,57,5.0,40.40111384603152,-0.9347208240911455,0.565685424949238,0,54.03036980994156
ta,65,2,60,58,5.0,30.405591591021544,-0.7853981633974483,0.565685424949238,0,54.03036980994156
ta,65,2,60,59,5.0,32.973474187595095,-0.8605253193082105,0.44956066981809384,0,54.03036980994156
ta,65,2,60,60,5.0,36.908671067921155,-0.9489720389643068,0.5685569981889047,0,54.03036980994156
ta,65,2,60,61,5.0,41.07614879708174,-1.0199387922631802,0.565685424949238,0,54.03036980994156
ta,65,2,60,62,5.0,44.09648512069868,-1.0614951827928847,0.5685569981889047,0,54.03036980994156
ta,65,2,60,63,5.0,33.425289826716536,-0.9661977367014196,0.44956066981809384,0,54.03036980994156
ta,65,2,60,64,5.0,37.646380968162134,-1.0417658557152483,0.565685424949238,0,54.03036980994156
ta,65,2,60,65,5.0,29.95413160150032,-0.9874233198010409,0.565685424949238,0,54.03036980994156
ta,65,2,60,66,5.0,34.23813663153998,-1.0679531158670357,0.482842712474619,0,54.03036980994156
ta,65,2,60,67,5.0,38.69431482789171,-1.1302659861783835,0.5685569981889047,0,54.03036980994156
ta,65,2,60,68,5.0,32.69556544854363,-1.1618884978439712,0.482842712474619,0,54.03036980994156
ta,65,2,61,1,5.0,30.0,3.141592653589793,0.44956066981809384,0,55.16080459255026
ta,65,2,61,2,5.0,26.5,3.141592653589793,0.44956066981809384,0,55.16080459255026
ta,65,2,61,3,5.0,26.9675731203236,3.32807955525701,0.5685569981889047,0,55.16080459255026
ta,65,2,61,4,5.0,26.9675731203236,2.9551057519225763,0.482842712474619,0,55.16080459255026
ta,65,2,61,5,5.0,24.12985702402731,3.245384994046836,0.482842712474619,0,55.16080459255026
ta,65,2,61,6,5.0,24.12985702402731,3.0378003131327507,0.565685424949238,0,55.16080459255026
ta,65,2,61,7,5.0,23.119256043393783,3.518082988036316,0.565685424949238,0,55.16080459255026
ta,65,2,61,8,5.0,22.073740054644116,3.3700892928816555,0.44956066981809384,0,55.16080459255026
ta,65,2,61,9,5.0,21.5,3.141592653589793,0.5685569981889047,0,55.16080459255026
ta,65,2,61,10,5.0,22.073740054644116,2.913096014297931,0.565685424949238,0,55.16080459255026
ta,65,2,61,11,5.0,23.119256043393783,2.76510231914327,0.5685569981889047,0,55.16080459255026
ta,65,2,61,12,5.0,19.1637678967368,3.2724200496638502,0.44956066981809384,0,55.16080459255026
ta,65,2,61,13,5.0,19.1637678967368,3.010765257515736,0.565685424949238,0,55.16080459255026
ta,65,2,61,14,5.0,17.240939649566666,3.4358272187009806,0.565685424949238,0,55.16080459255026
ta,65,2,61,15,5.0,16.5,3.141592653589793,0.482842712474619,0,55.16080459255026
ta,65,2,61,16,5.0,17.240939649566666,2.8473580884786056,0.565685424949238,0,55.16080459255026
ta,65,2,61,18,5.0,17.0,0.0,0.3276927682076162,0,55.16080459255026
ta,65,2,61,19,5.0,13.5,0.0,0.44956066981809384,0,55.16080459255026
ta,65,2,61,20,5.0,14.396180048887969,-0.3547056520109404,0.5685569981889047,0,55.16080459255026
ta,65,2,61,21,5.0,14.396180048887969,0.3547056520109402,0.482842712474619,0,55.16080459255026
ta,65,2,61,22,5.0,11.280514172678478,-0.22347660114063306,0.482842712474619,0,55.16080459255026
ta,65,2,61,23,5.0,11.280514172678478,0.22347660114063306,0.565685424949238,0,55.16080459255026
ta,65,2,61,24,5.0,12.020815280171307,-0.7853981633974483,0.565685424949238,0,55.16080459255026
ta,65,2,61,25,5.0,9.86154146165801,-0.5317240672588057,0.44956066981809384,0,55.16080459255026
ta,65,2,61,26,5.0,8.5,0.0,0.5685569981889047,0,55.16080459255026
ta,65,2,61,27,5.0,9.86154146165801,0.5317240672588055,0.565685424949238,0,55.16080459255026
ta,65,2,61,28,5.0,12.020815280171307,0.7853981633974483,0.5685569981889047,0,55.16080459255026
ta,65,2,61,29,5.0,6.5,-0.39479111969976155,0.44956066981809384,0,55.16080459255026
ta,65,2,61,30,5.0,6.5,0.39479111969976155,0.565685424949238,0,55.16080459255026
ta,65,2,61,31,5.0,6.103277807866851,-0.9600703624056881,0.565685424949238,0,55.16080459255026
ta,65,2,61,32,5.0,3.5,0.0,0.482842712474619,1,55.16080459255026
ta,65,2,61,33,5.0,6.103277807866851,0.960070362405688,0.5685569981889047,0,55.16080459255026
ta,65,2,61,34,5.0,0.0,,0.482842712474619,0,55.16080459255026
ta,65,2,61,35,5.0,42.42640687119285,3.9269908169872414,0.44956066981809384,0,55.16080459255026
ta,65,2,61,36,5.0,40.02811511925087,3.9888586628516216,0.44956066981809384,0,55.16080459255026
ta,65,2,61,37,5.0,36.43144246389374,3.897872835480203,0.5685569981889047,0,55.16080459255026
ta,65,2,61,38,5.0,43.900455578501685,4.064332094454175,0.482842712474619,0,55.16080459255026
ta,65,2,61,39,5.0,36.5,3.9948476398435453,0.482842712474619,0,55.16080459255026
ta,65,2,61,40,5.0,40.40111384603152,4.076313477680939,0.565685424949238,0,55.16080459255026
ta,65,2,61,41,5.0,30.405591591021544,3.9269908169872414,0.565685424949238,0,55.16080459255026
ta,65,2,61,43,5.0,36.908671067921155,4.0905646925541,0.565685424949238,0,55.16080459255026
ta,65,2,61,44,5.0,41.07614879708174,4.161531445852973,0.565685424949238,0,55.16080459255026
ta,65,2,61,45,5.0,44.09648512069868,4.203087836382678,0.5685569981889047,0,55.16080459255026
ta,65,2,61,46,5.0,33.425289826716536,4.107790390291212,0.44956066981809384,0,55.16080459255026
ta,65,2,61,47,5.0,37.646380968162134,4.183358509305041,0.565685424949238,0,55.16080459255026
ta,65,2,61,48,5.0,29.95413160150032,4.129015973390834,0.565685424949238,0,55.16080459255026
ta,65,2,61,49,5.0,34.23813663153998,4.209545769456829,0.482842712474619,0,55.16080459255026
ta,65,2,61,50,5.0,38.69431482789171,4.271858639768176,0.5685569981889047,0,55.16080459255026
ta,65,2,61,51,5.0,32.69556544854363,4.303481151433765,0.482842712474619,0,55.16080459255026
ta,65,2,61,52,5.0,34.48187929913333,-1.0552473193359178,0.44956066981809384,0,55.16080459255026
ta,65,2,61,53,5.0,32.89756829919196,-1.147942400661956,0.44956066981809384,0,55.16080459255026
ta,65,2,61,54,5.0,28.412145290350743,-1.0756630633264925,0.5685569981889047,0,55.16080459255026
ta,65,2,61,55,5.0,37.51333096380539,-1.202665555469733,0.482842712474619,0,55.16080459255026
ta,65,2,61,56,5.0,29.618406439239774,-1.1902899496825317,0.482842712474619,0,55.16080459255026
ta,65,2,61,57,5.0,34.311076928595526,-1.244437510088134,0.565685424949238,0,55.16080459255026
ta,65,2,61,58,5.0,23.119256043393783,-1.1943059923483736,0.565685424949238,0,55.16080459255026
ta,65,2,61,59,5.0,26.405491853021786,-1.2430578200143412,0.44956066981809384,0,55.16080459255026
ta,65,2,61,60,5.0,31.18092365533773,-1.2946993073994602,0.5685569981889047,0,55.16080459255026
ta,65,2,61,61,5.0,36.01735692690401,-1.3325515686161515,0.565685424949238,0,55.16080459255026
ta,65,2,61,62,5.0,39.42714800743264,-1.3535028958718756,0.5685569981889047,0,55.16080459255026
ta,65,2,61,63,5.0,28.146935890075138,-1.3559809263932379,0.44956066981809384,0,55.16080459255026
ta,65,2,61,64,5.0,33.04920573932148,-1.3882364736639898,0.565685424949238,0,55.16080459255026
ta,65,2,61,65,5.0,25.243811122728676,-1.4317003853128254,0.565685424949238,0,55.16080459255026
ta,65,2,61,66,5.0,30.20347662107791,-1.4546546999149066,0.482842712474619,0,55.16080459255026
ta,65,2,61,67,5.0,35.174564673923115,-1.4711276743037347,0.5685569981889047,0,55.16080459255026
ta,65,2,61,68,5.0,30.0,4.71238898038469,0.482842712474619,0,55.16080459255026
ta,65,2,62,1,5.0,33.5,3.141592653589793,0.44956066981809384,0,55.46515241863721
ta,65,2,62,2,5.0,30.0,3.141592653589793,0.44956066981809384,0,55.46515241863721
ta,65,2,62,3,5.0,30.4138126514911,3.30674133100442,0.5685569981889047,0,55.46515241863721
ta,65,2,62,4,5.0,30.4138126514911,2.976443976175166,0.482842712474619,0,55.46515241863721
ta,65,2,62,5,5.0,27.613402542968153,3.2322525407905385,0.482842712474619,0,55.46515241863721
ta,65,2,62,6,5.0,27.613402542968153,3.0509327663890478,0.565685424949238,0,55.46515241863721
ta,65,2,62,7,5.0,26.405491853021786,3.4693311603703485,0.565685424949238,0,55.46515241863721
ta,65,2,62,8,5.0,25.495097567963924,3.338988213439674,0.44956066981809384,0,55.46515241863721
ta,65,2,62,9,5.0,25.0,3.141592653589793,0.5685569981889047,0,55.46515241863721
ta,65,2,62,10,5.0,25.495097567963924,2.9441970937399127,0.565685424949238,0,55.46515241863721
ta,65,2,62,11,5.0,26.405491853021786,2.8138541468092377,0.5685569981889047,0,55.46515241863721
ta,65,2,62,12,5.0,22.638462845343543,3.252249874763689,0.44956066981809384,0,55.46515241863721
ta,65,2,62,13,5.0,22.638462845343543,3.0309354324158972,0.565685424949238,0,55.46515241863721
ta,65,2,62,14,5.0,20.615528128088304,3.3865713167166573,0.565685424949238,0,55.46515241863721
ta,65,2,62,15,5.0,20.0,3.141592653589793,0.482842712474619,0,55.46515241863721
ta,65,2,62,16,5.0,20.615528128088304,2.896613990462929,0.5685569981889047,0,55.46515241863721
ta,65,2,62,17,5.0,16.5,3.141592653589793,0.482842712474619,0,55.46515241863721
ta,65,2,62,18,5.0,13.5,0.0,0.44956066981809384,0,55.46515241863721
ta,65,2,62,19,5.0,10.0,0.0,0.44956066981809384,0,55.46515241863721
ta,65,2,62,20,5.0,11.180339887498949,-0.46364760900080615,0.5685569981889047,0,55.46515241863721
ta,65,2,62,21,5.0,11.180339887498949,0.46364760900080615,0.482842712474619,0,55.46515241863721
ta,65,2,62,22,5.0,7.905694150420948,-0.32175055439664235,0.482842712474619,0,55.46515241863721
ta,65,2,62,23,5.0,7.905694150420948,0.32175055439664213,0.565685424949238,0,55.46515241863721
ta,65,2,62,24,5.0,9.86154146165801,-1.0390722595360913,0.565685424949238,0,55.46515241863721
ta,65,2,62,25,5.0,7.0710678118654755,-0.7853981633974483,0.44956066981809384,1,55.46515241863721
ta,65,2,62,26,5.0,5.0,0.0,0.5685569981889047,0,55.46515241863721
ta,65,2,62,27,5.0,7.0710678118654755,0.7853981633974483,0.565685424949238,0,55.46515241863721
ta,65,2,62,28,5.0,9.86154146165801,1.0390722595360908,0.5685569981889047,0,55.46515241863721
ta,65,2,62,29,5.0,3.5355339059327378,-0.7853981633974483,0.44956066981809384,0,55.46515241863721
ta,65,2,62,30,5.0,3.5355339059327378,0.7853981633974483,0.565685424949238,0,55.46515241863721
ta,65,2,62,31,5.0,5.0,4.71238898038469,0.565685424949238,0,55.46515241863721
ta,65,2,62,32,5.0,0.0,,0.482842712474619,0,55.46515241863721
ta,65,2,62,33,5.0,5.0,1.5707963267948966,0.565685424949238,0,55.46515241863721
ta,65,2,62,35,5.0,44.9694340635948,3.871928421613571,0.3276927682076162,0,55.46515241863721
ta,65,2,62,36,5.0,42.42640687119285,3.9269908169872414,0.44956066981809384,0,55.46515241863721
ta,65,2,62,37,5.0,39.05124837953327,3.8363309297864965,0.5685569981889047,0,55.46515241863721
ta,65,2,62,38,5.0,46.09772228646444,4.003762708257019,0.482842712474619,0,55.46515241863721
ta,65,2,62,39,5.0,38.890872965260115,3.9269908169872414,0.482842712474619,0,55.46515241863721
ta,65,2,62,40,5.0,42.573465914816005,4.010132048875683,0.565685424949238,0,55.46515241863721
ta,65,2,62,41,5.0,32.973474187595095,3.8518636610764796,0.565685424949238,0,55.46515241863721
ta,65,2,62,43,5.0,39.05124837953327,4.017650704187987,0.565685424949238,0,55.46515241863721
ta,65,2,62,44,5.0,43.01162633521314,4.092139494401868,0.565685424949238,0,55.46515241863721
ta,65,2,62,45,5.0,45.90479277809671,4.136470380766337,0.5685569981889047,0,55.46515241863721
ta,65,2,62,46,5.0,35.531676008879735,4.026659469478403,0.44956066981809384,0,55.46515241863721
ta,65,2,62,47,5.0,39.528470752104745,4.1068443167797195,0.565685424949238,0,55.46515241863721
ta,65,2,62,48,5.0,32.01562118716424,4.037648038161137,0.565685424949238,0,55.46515241863721
ta,65,2,62,49,5.0,36.05551275463989,4.124386376837123,0.482842712474619,0,55.46515241863721
ta,65,2,62,50,5.0,40.311288741492746,4.193242866138167,0.5685569981889047,0,55.46515241863721
ta,65,2,62,51,5.0,34.23813663153998,4.209545769456829,0.482842712474619,0,55.46515241863721
ta,65,2,62,52,5.0,32.89756829919196,-1.147942400661956,0.44956066981809384,0,55.46515241863721
ta,65,2,62,53,5.0,31.622776601683793,-1.2490457723982544,0.44956066981809384,0,55.46515241863721
ta,65,2,62,54,5.0,26.92582403567252,-1.1902899496825317,0.5685569981889047,0,55.46515241863721
ta,65,2,62,55,5.0,36.40054944640259,-1.2924966677897851,0.482842712474619,0,55.46515241863721
ta,65,2,62,56,5.0,28.50438562747845,-1.3045442776439713,0.482842712474619,0,55.46515241863721
ta,65,2,62,57,5.0,33.354160160315836,-1.3439974787410107,0.565685424949238,0,55.46515241863721
ta,65,2,62,58,5.0,22.073740054644116,-1.3422996875030342,0.565685424949238,0,55.46515241863721
ta,65,2,62,59,5.0,25.495097567963924,-1.3734007669450161,0.44956066981809384,0,55.46515241863721
ta,65,2,62,60,5.0,30.4138126514911,-1.4056476493802696,0.5685569981889047,0,55.46515241863721
ta,65,2,62,61,5.0,35.35533905932738,-1.4288992721907325,0.565685424949238,0,55.46515241863721
ta,65,2,62,62,5.0,38.82331773560833,-1.4416490366668766,0.5685569981889047,0,55.46515241863721
ta,65,2,62,63,5.0,27.613402542968153,-1.4801364395941516,0.44956066981809384,0,55.46515241863721
ta,65,2,62,64,5.0,32.59601202601324,-1.4940244355251187,0.565685424949238,0,55.46515241863721
ta,65,2,62,65,5.0,25.0,4.71238898038469,0.565685424949238,0,55.46515241863721
ta,65,2,62,66,5.0,30.0,4.71238898038469,0.482842712474619,0,55.46515241863721
ta,65,2,62,67,5.0,35.0,4.71238898038469,0.5685569981889047,0,55.46515241863721
ta,65,2,62,68,5.0,30.20347662107791,4.596247353504699,0.482842712474619,0,55.46515241863721
ta,65,2,63,1,5.0,38.82331773560833,3.7978435268592214,0.44956066981809384,0,56.08002788053856
ta,65,2,63,2,5.0,35.35533905932738,3.7850937623830774,0.44956066981809384,0,56.08002788053856
ta,65,2,63,3,5.0,35.0,3.9269908169872414,0.5685569981889047,0,56.08002788053856
ta,65,2,63,4,5.0,36.40054944640259,3.64869115798213,0.482842712474619,0,56.08002788053856
ta,65,2,63,5,5.0,32.59601202601324,3.8502189257174635,0.482842712474619,0,56.08002788053856
ta,65,2,63,6,5.0,33.354160160315836,3.7001919689333556,0.565685424949238,0,56.08002788053856
ta,65,2,63,7,5.0,30.20347662107791,4.043132443867232,0.565685424949238,0,56.08002788053856
ta,65,2,63,8,5.0,30.0,3.9269908169872414,0.44956066981809384,0,56.08002788053856
ta,65,2,63,9,5.0,30.4138126514911,3.7618421395726145,0.5685569981889047,0,56.08002788053856
ta,65,2,63,10,5.0,31.622776601683793,3.6052402625905993,0.565685424949238,0,56.08002788053856
ta,65,2,63,11,5.0,32.89756829919196,3.5041368908543005,0.5685569981889047,0,56.08002788053856
ta,65,2,63,12,5.0,27.613402542968153,3.836330929786496,0.44956066981809384,0,56.08002788053856
ta,65,2,63,13,5.0,28.50438562747845,3.660738767836316,0.565685424949238,0,56.08002788053856
ta,65,2,63,14,5.0,25.0,3.9269908169872414,0.565685424949238,0,56.08002788053856
ta,65,2,63,15,5.0,25.495097567963924,3.729595257137361,0.482842712474619,0,56.08002788053856
ta,65,2,63,16,5.0,26.92582403567252,3.5464844398748765,0.5685569981889047,0,56.08002788053856
ta,65,2,63,17,5.0,22.073740054644116,3.6984941776953795,0.482842712474619,0,56.08002788053856
ta,65,2,63,18,5.0,9.86154146165801,1.3171222306562538,0.44956066981809384,0,56.08002788053856
ta,65,2,63,19,5.0,7.0710678118654755,1.5707963267948966,0.44956066981809384,0,56.08002788053856
ta,65,2,63,20,5.0,5.0,0.7853981633974483,0.5685569981889047,0,56.08002788053856
ta,65,2,63,21,5.0,11.180339887498949,1.8925468811915387,0.482842712474619,0,56.08002788053856
ta,65,2,63,22,5.0,3.5355339059327378,1.5707963267948966,0.482842712474619,0,56.08002788053856
ta,65,2,63,23,5.0,7.905694150420948,2.0344439357957027,0.565685424949238,0,56.08002788053856
ta,65,2,63,24,5.0,3.5,5.497787143782138,0.565685424949238,0,56.08002788053856
ta,65,2,63,25,5.0,0.0,,0.44956066981809384,0,56.08002788053856
ta,65,2,63,26,5.0,5.0,2.356194490192345,0.5685569981889047,0,56.08002788053856
ta,65,2,63,27,5.0,10.0,2.356194490192345,0.565685424949238,0,56.08002788053856
ta,65,2,63,28,5.0,13.5,2.356194490192345,0.5685569981889047,0,56.08002788053856
ta,65,2,63,29,5.0,3.5355339059327378,3.141592653589793,0.44956066981809384,0,56.08002788053856
ta,65,2,63,30,5.0,7.905694150420948,2.677945044588987,0.565685424949238,0,56.08002788053856
ta,65,2,63,31,5.0,5.0,3.9269908169872414,0.565685424949238,0,56.08002788053856
ta,65,2,63,33,5.0,11.180339887498949,2.819842099193151,0.565685424949238,0,56.08002788053856
ta,65,2,63,34,5.0,9.86154146165801,3.395266749728436,0.482842712474619,0,56.08002788053856
ta,65,2,63,35,5.0,45.90479277809671,4.502909416605594,0.3276927682076162,0,56.08002788053856
ta,65,2,63,36,5.0,43.01162633521314,4.547240302970063,0.44956066981809384,0,56.08002788053856
ta,65,2,63,37,5.0,40.311288741492746,4.446136931233765,0.5685569981889047,0,56.08002788053856
ta,65,2,63,38,5.0,46.09772228646444,4.635617089114912,0.482842712474619,0,56.08002788053856
ta,65,2,63,39,5.0,39.528470752104745,4.532535480592212,0.482842712474619,0,56.08002788053856
ta,65,2,63,40,5.0,42.573465914816005,4.629247748496248,0.565685424949238,0,56.08002788053856
ta,65,2,63,41,5.0,34.23813663153998,4.429834027915103,0.565685424949238,0,56.08002788053856
ta,65,2,63,42,5.0,36.05551275463989,4.514993420534809,0.44956066981809384,0,56.08002788053856
ta,65,2,63,43,5.0,39.05124837953327,4.621729093183944,0.5685569981889047,0,56.08002788053856
ta,65,2,63,44,5.0,42.42640687119285,4.71238898038469,0.565685424949238,0,56.08002788053856
ta,65,2,63,45,5.0,44.9694340635948,4.76745137575836,0.5685569981889047,0,56.08002788053856
ta,65,2,63,46,5.0,35.531676008879735,4.612720327893528,0.44956066981809384,0,56.08002788053856
ta,65,2,63,47,5.0,38.890872965260115,4.71238898038469,0.565685424949238,0,56.08002788053856
ta,65,2,63,48,5.0,32.01562118716424,4.601731759210795,0.565685424949238,0,56.08002788053856
ta,65,2,63,49,5.0,35.35533905932738,4.71238898038469,0.482842712474619,0,56.08002788053856
ta,65,2,63,50,5.0,39.05124837953327,4.803048867585435,0.5685569981889047,0,56.08002788053856
ta,65,2,63,51,5.0,32.973474187595095,4.7875161362954515,0.482842712474619,0,56.08002788053856
ta,65,2,63,52,5.0,26.405491853021786,-0.4576596566168929,0.44956066981809384,0,56.08002788053856
ta,65,2,63,53,5.0,25.495097567963924,-0.5880026035475678,0.44956066981809384,0,56.08002788053856
ta,65,2,63,54,5.0,20.615528128088304,-0.540419500270584,0.5685569981889047,0,56.08002788053856
ta,65,2,63,55,5.0,30.4138126514911,-0.6202494859828214,0.482842712474619,0,56.08002788053856
ta,65,2,63,56,5.0,22.638462845343543,-0.6747409422235529,0.482842712474619,0,56.08002788053856
ta,65,2,63,57,5.0,27.613402542968153,-0.6947382761967034,0.565685424949238,0,56.08002788053856
ta,65,2,63,58,5.0,16.5,5.497787143782138,0.565685424949238,1,56.08002788053856
ta,65,2,63,59,5.0,20.0,5.497787143782138,0.44956066981809384,0,56.08002788053856
ta,65,2,63,60,5.0,25.0,5.497787143782138,0.5685569981889047,0,56.08002788053856
ta,65,2,63,61,5.0,30.0,5.497787143782138,0.565685424949238,0,56.08002788053856
ta,65,2,63,62,5.0,33.5,5.497787143782138,0.5685569981889047,0,56.08002788053856
ta,65,2,63,63,5.0,22.638462845343543,5.387129922608242,0.44956066981809384,0,56.08002788053856
ta,65,2,63,64,5.0,27.613402542968153,5.4071272565813935,0.565685424949238,0,56.08002788053856
ta,65,2,63,65,5.0,20.615528128088304,5.252808480655274,0.565685424949238,0,56.08002788053856
ta,65,2,63,66,5.0,25.495097567963924,5.3003915839322575,0.482842712474619,0,56.08002788053856
ta,65,2,63,67,5.0,30.4138126514911,5.332638466367511,0.5685569981889047,0,56.08002788053856
ta,65,2,63,68,5.0,26.405491853021786,5.170048637001583,0.482842712474619,0,56.08002788053856
ta,65,2,64,1,5.0,44.09648512069868,-2.0800974707969084,0.44956066981809384,0,57.51481048923421
ta,65,2,64,2,5.0,41.07614879708174,-2.121653861326613,0.44956066981809384,0,57.51481048923421
ta,65,2,64,3,5.0,38.69431482789171,-2.0113266674114096,0.5685569981889047,0,57.51481048923421
ta,65,2,64,4,5.0,43.900455578501685,-2.218853212725411,0.482842712474619,0,57.51481048923421
ta,65,2,64,5,5.0,37.646380968162134,-2.0998267978745453,0.482842712474619,0,57.51481048923421
ta,65,2,64,6,5.0,40.40111384603152,-2.2068718294986476,0.565685424949238,0,57.51481048923421
ta,65,2,64,7,5.0,32.69556544854363,-1.979704155745822,0.565685424949238,0,57.51481048923421
ta,65,2,64,8,5.0,34.23813663153998,-2.073639537722757,0.44956066981809384,0,57.51481048923421
ta,65,2,64,9,5.0,36.908671067921155,-2.1926206146254863,0.5685569981889047,0,57.51481048923421
ta,65,2,64,10,5.0,40.02811511925087,-2.2943266443279646,0.565685424949238,0,57.51481048923421
ta,65,2,64,11,5.0,42.42640687119285,-2.356194490192345,0.5685569981889047,0,57.51481048923421
ta,65,2,64,12,5.0,33.425289826716536,-2.1753949168883735,0.44956066981809384,0,57.51481048923421
ta,65,2,64,13,5.0,36.5,-2.288337667336041,0.565685424949238,0,57.51481048923421
ta,65,2,64,14,5.0,29.95413160150032,-2.1541693337887526,0.565685424949238,0,57.51481048923421
ta,65,2,64,15,5.0,32.973474187595095,-2.2810673342815826,0.482842712474619,0,57.51481048923421
ta,65,2,64,16,5.0,36.43144246389374,-2.3853124716993834,0.5685569981889047,0,57.51481048923421
ta,65,2,64,17,5.0,30.405591591021544,-2.356194490192345,0.482842712474619,0,57.51481048923421
ta,65,2,64,18,5.0,23.119256043393783,-3.518082988036316,0.44956066981809384,0,57.51481048923421
ta,65,2,64,19,5.0,22.073740054644116,-3.3700892928816555,0.44956066981809384,0,57.51481048923421
ta,65,2,64,20,5.0,17.240939649566666,-3.435827218700981,0.5685569981889047,0,57.51481048923421
ta,65,2,64,21,5.0,26.9675731203236,-3.32807955525701,0.482842712474619,0,57.51481048923421
ta,65,2,64,22,5.0,19.1637678967368,-3.2724200496638502,0.482842712474619,0,57.51481048923421
ta,65,2,64,23,5.0,24.12985702402731,-3.245384994046836,0.565685424949238,0,57.51481048923421
ta,65,2,64,24,5.0,13.0,-3.141592653589793,0.565685424949238,0,57.51481048923421
ta,65,2,64,26,5.0,21.5,-3.141592653589793,0.565685424949238,0,57.51481048923421
ta,65,2,64,27,5.0,26.5,-3.141592653589793,0.565685424949238,0,57.51481048923421
ta,65,2,64,28,5.0,30.0,-3.141592653589793,0.5685569981889047,0,57.51481048923421
ta,65,2,64,29,5.0,19.1637678967368,-3.010765257515736,0.44956066981809384,0,57.51481048923421
ta,65,2,64,30,5.0,24.12985702402731,-3.0378003131327502,0.565685424949238,0,57.51481048923421
ta,65,2,64,31,5.0,17.240939649566666,-2.847358088478605,0.565685424949238,0,57.51481048923421
ta,65,2,64,33,5.0,26.9675731203236,-2.9551057519225763,0.565685424949238,0,57.51481048923421
ta,65,2,64,34,5.0,23.119256043393783,-2.76510231914327,0.482842712474619,0,57.51481048923421
ta,65,2,64,35,5.0,39.42714800743264,-1.3535028958718753,0.3276927682076162,0,57.51481048923421
ta,65,2,64,36,5.0,36.01735692690401,-1.3325515686161515,0.44956066981809384,0,57.51481048923421
ta,65,2,64,37,5.0,35.174564673923115,-1.4711276743037345,0.5685569981889047,0,57.51481048923421
ta,65,2,64,38,5.0,37.51333096380539,-1.202665555469733,0.482842712474619,0,57.51481048923421
ta,65,2,64,39,5.0,33.04920573932148,-1.3882364736639896,0.482842712474619,0,57.51481048923421
ta,65,2,64,40,5.0,34.311076928595526,-1.2444375100881337,0.565685424949238,0,57.51481048923421
ta,65,2,64,41,5.0,30.0,-1.5707963267948966,0.565685424949238,0,57.51481048923421
ta,65,2,64,42,5.0,30.20347662107791,-1.4546546999149064,0.44956066981809384,0,57.51481048923421
ta,65,2,64,43,5.0,31.18092365533773,-1.29469930739946,0.5685569981889047,0,57.51481048923421
ta,65,2,64,44,5.0,32.89756829919196,-1.1479424006619559,0.565685424949238,0,57.51481048923421
ta,65,2,64,45,5.0,34.48187929913333,-1.0552473193359173,0.5685569981889047,0,57.51481048923421
ta,65,2,64,46,5.0,28.146935890075138,-1.3559809263932379,0.44956066981809384,0,57.51481048923421
ta,65,2,64,47,5.0,29.618406439239774,-1.1902899496825317,0.565685424949238,0,57.51481048923421
ta,65,2,64,48,5.0,25.243811122728676,-1.4317003853128252,0.565685424949238,0,57.51481048923421
ta,65,2,64,49,5.0,26.405491853021786,-1.243057820014341,0.482842712474619,0,57.51481048923421
ta,65,2,64,50,5.0,28.412145290350743,-1.0756630633264925,0.5685569981889047,0,57.51481048923421
ta,65,2,64,51,5.0,23.119256043393783,-1.1943059923483736,0.482842712474619,0,57.51481048923421
ta,65,2,64,52,5.0,12.020815280171307,-5.497787143782138,0.44956066981809384,0,57.51481048923421
ta,65,2,64,53,5.0,9.86154146165801,-5.751461239920781,0.44956066981809384,0,57.51481048923421
ta,65,2,64,54,5.0,6.103277807866851,-5.323114944773899,0.5685569981889047,0,57.51481048923421
ta,65,2,64,55,5.0,14.396180048887969,-5.928479655168646,0.482842712474619,0,57.51481048923421
ta,65,2,64,56,5.0,6.5,-5.888394187479825,0.482842712474619,0,57.51481048923421
ta,65,2,64,57,5.0,11.280514172678478,-6.059708706038953,0.565685424949238,0,57.51481048923421
ta,65,2,64,58,5.0,0.0,,0.565685424949238,0,57.51481048923421
ta,65,2,64,59,5.0,3.5,0.0,0.44956066981809384,1,57.51481048923421
ta,65,2,64,60,5.0,8.5,0.0,0.5685569981889047,0,57.51481048923421
ta,65,2,64,61,5.0,13.5,0.0,0.565685424949238,0,57.51481048923421
ta,65,2,64,62,5.0,17.0,0.0,0.5685569981889047,0,57.51481048923421
ta,65,2,64,63,5.0,6.5,-0.39479111969976133,0.44956066981809384,0,57.51481048923421
ta,65,2,64,64,5.0,11.280514172678478,-0.22347660114063306,0.565685424949238,0,57.51481048923421
ta,65,2,64,65,5.0,6.103277807866851,-0.9600703624056877,0.565685424949238,0,57.51481048923421
ta,65,2,64,66,5.0,9.86154146165801,-0.5317240672588053,0.482842712474619,0,57.51481048923421
ta,65,2,64,67,5.0,14.396180048887969,-0.3547056520109404,0.5685569981889047,0,57.51481048923421
ta,65,2,64,68,5.0,12.020815280171307,-0.7853981633974483,0.482842712474619,0,57.51481048923421
ta,65,2,65,1,5.0,45.90479277809671,-2.1467149264132495,0.44956066981809384,0,57.81915831532116
ta,65,2,65,2,5.0,43.01162633521314,-2.191045812777718,0.44956066981809384,0,57.81915831532116
ta,65,2,65,3,5.0,40.311288741492746,-2.089942441041419,0.5685569981889047,0,57.81915831532116
ta,65,2,65,4,5.0,46.09772228646444,-2.279422598922567,0.482842712474619,0,57.81915831532116
ta,65,2,65,5,5.0,39.528470752104745,-2.1763409903998667,0.482842712474619,0,57.81915831532116
ta,65,2,65,6,5.0,42.573465914816005,-2.2730532583039036,0.565685424949238,0,57.81915831532116
ta,65,2,65,7,5.0,34.23813663153998,-2.073639537722757,0.565685424949238,0,57.81915831532116
ta,65,2,65,8,5.0,36.05551275463989,-2.158798930342464,0.44956066981809384,0,57.81915831532116
ta,65,2,65,9,5.0,39.05124837953327,-2.2655346029915995,0.5685569981889047,0,57.81915831532116
ta,65,2,65,10,5.0,42.42640687119285,-2.356194490192345,0.565685424949238,0,57.81915831532116
ta,65,2,65,11,5.0,44.9694340635948,-2.411256885566015,0.5685569981889047,0,57.81915831532116
ta,65,2,65,12,5.0,35.531676008879735,-2.256525837701183,0.44956066981809384,0,57.81915831532116
ta,65,2,65,13,5.0,38.890872965260115,-2.356194490192345,0.565685424949238,0,57.81915831532116
ta,65,2,65,14,5.0,32.01562118716424,-2.245537269018449,0.565685424949238,0,57.81915831532116
ta,65,2,65,15,5.0,35.35533905932738,-2.356194490192345,0.482842712474619,0,57.81915831532116
ta,65,2,65,16,5.0,39.05124837953327,-2.44685437739309,0.5685569981889047,0,57.81915831532116
ta,65,2,65,17,5.0,32.973474187595095,-2.4313216461031066,0.482842712474619,0,57.81915831532116
ta,65,2,65,18,5.0,26.405491853021786,-3.4693311603703485,0.44956066981809384,0,57.81915831532116
ta,65,2,65,19,5.0,25.495097567963924,-3.338988213439674,0.44956066981809384,0,57.81915831532116
ta,65,2,65,20,5.0,20.615528128088304,-3.3865713167166573,0.5685569981889047,0,57.81915831532116
ta,65,2,65,21,5.0,30.4138126514911,-3.30674133100442,0.482842712474619,0,57.81915831532116
ta,65,2,65,22,5.0,22.638462845343543,-3.252249874763689,0.482842712474619,0,57.81915831532116
ta,65,2,65,23,5.0,27.613402542968153,-3.232252540790538,0.565685424949238,0,57.81915831532116
ta,65,2,65,24,5.0,16.5,-3.141592653589793,0.565685424949238,0,57.81915831532116
ta,65,2,65,26,5.0,25.0,-3.141592653589793,0.565685424949238,0,57.81915831532116
ta,65,2,65,27,5.0,30.0,-3.141592653589793,0.565685424949238,0,57.81915831532116
ta,65,2,65,28,5.0,33.5,-3.141592653589793,0.5685569981889047,0,57.81915831532116
ta,65,2,65,29,5.0,22.638462845343543,-3.0309354324158972,0.44956066981809384,0,57.81915831532116
ta,65,2,65,30,5.0,27.613402542968153,-3.050932766389048,0.565685424949238,0,57.81915831532116
ta,65,2,65,31,5.0,20.615528128088304,-2.896613990462929,0.565685424949238,0,57.81915831532116
ta,65,2,65,32,5.0,25.495097567963924,-2.9441970937399122,0.482842712474619,0,57.81915831532116
ta,65,2,65,33,5.0,30.4138126514911,-2.976443976175166,0.5685569981889047,0,57.81915831532116
ta,65,2,65,34,5.0,26.405491853021786,-2.8138541468092377,0.482842712474619,0,57.81915831532116
ta,65,2,65,35,5.0,38.82331773560833,-1.4416490366668764,0.44956066981809384,0,57.81915831532116
ta,65,2,65,36,5.0,35.35533905932738,-1.4288992721907325,0.44956066981809384,0,57.81915831532116
ta,65,2,65,37,5.0,35.0,-1.5707963267948966,0.5685569981889047,0,57.81915831532116
ta,65,2,65,38,5.0,36.40054944640259,-1.2924966677897851,0.482842712474619,0,57.81915831532116
ta,65,2,65,39,5.0,32.59601202601324,-1.4940244355251184,0.482842712474619,0,57.81915831532116
ta,65,2,65,40,5.0,33.354160160315836,-1.3439974787410107,0.565685424949238,0,57.81915831532116
ta,65,2,65,41,5.0,30.20347662107791,-1.6869379536748867,0.565685424949238,0,57.81915831532116
ta,65,2,65,42,5.0,30.0,-1.5707963267948966,0.44956066981809384,0,57.81915831532116
ta,65,2,65,43,5.0,30.4138126514911,-1.4056476493802696,0.5685569981889047,0,57.81915831532116
ta,65,2,65,44,5.0,31.622776601683793,-1.2490457723982542,0.565685424949238,0,57.81915831532116
ta,65,2,65,45,5.0,32.89756829919196,-1.1479424006619559,0.5685569981889047,0,57.81915831532116
ta,65,2,65,46,5.0,27.613402542968153,-1.4801364395941514,0.44956066981809384,0,57.81915831532116
ta,65,2,65,47,5.0,28.50438562747845,-1.304544277643971,0.565685424949238,0,57.81915831532116
ta,65,2,65,48,5.0,25.0,-1.5707963267948966,0.565685424949238,0,57.81915831532116
ta,65,2,65,49,5.0,25.495097567963924,-1.3734007669450157,0.482842712474619,0,57.81915831532116
ta,65,2,65,50,5.0,26.92582403567252,-1.1902899496825317,0.5685569981889047,0,57.81915831532116
ta,65,2,65,51,5.0,22.073740054644116,-1.3422996875030342,0.482842712474619,0,57.81915831532116
ta,65,2,65,52,5.0,9.86154146165801,-5.244113047643495,0.44956066981809384,0,57.81915831532116
ta,65,2,65,53,5.0,7.0710678118654755,-5.497787143782138,0.44956066981809384,0,57.81915831532116
ta,65,2,65,54,5.0,5.0,-4.71238898038469,0.5685569981889047,0,57.81915831532116
ta,65,2,65,55,5.0,11.180339887498949,-5.81953769817878,0.482842712474619,0,57.81915831532116
ta,65,2,65,56,5.0,3.5355339059327378,-5.497787143782138,0.482842712474619,0,57.81915831532116
ta,65,2,65,57,5.0,7.905694150420948,-5.961434752782944,0.565685424949238,0,57.81915831532116
ta,65,2,65,59,5.0,0.0,,0.3276927682076162,0,57.81915831532116
ta,65,2,65,60,5.0,5.0,0.0,0.565685424949238,0,57.81915831532116
ta,65,2,65,61,5.0,10.0,0.0,0.565685424949238,0,57.81915831532116
ta,65,2,65,62,5.0,13.5,0.0,0.5685569981889047,0,57.81915831532116
ta,65,2,65,63,5.0,3.5355339059327378,-0.7853981633974483,0.44956066981809384,0,57.81915831532116
ta,65,2,65,64,5.0,7.905694150420948,-0.32175055439664213,0.565685424949238,0,57.81915831532116
ta,65,2,65,65,5.0,5.0,-1.5707963267948966,0.565685424949238,0,57.81915831532116
ta,65,2,65,66,5.0,7.0710678118654755,-0.7853981633974483,0.482842712474619,1,57.81915831532116
ta,65,2,65,67,5.0,11.180339887498949,-0.46364760900080615,0.5685569981889047,0,57.81915831532116
ta,65,2,65,68,5.0,9.86154146165801,-1.0390722595360908,0.482842712474619,0,57.81915831532116
ta,65,2,66,1,5.0,44.9694340635948,-1.5157339314212264,0.44956066981809384,0,58.43403377722251
ta,65,2,66,2,5.0,42.42640687119285,-1.5707963267948966,0.44956066981809384,0,58.43403377722251
ta,65,2,66,3,5.0,39.05124837953327,-1.4801364395941514,0.5685569981889047,0,58.43403377722251
ta,65,2,66,4,5.0,46.09772228646444,-1.6475682180646745,0.482842712474619,0,58.43403377722251
ta,65,2,66,5,5.0,38.890872965260115,-1.5707963267948966,0.482842712474619,0,58.43403377722251
ta,65,2,66,6,5.0,42.573465914816005,-1.6539375586833378,0.565685424949238,0,58.43403377722251
ta,65,2,66,7,5.0,32.973474187595095,-1.4956691708841343,0.565685424949238,0,58.43403377722251
ta,65,2,66,8,5.0,35.35533905932738,-1.5707963267948966,0.44956066981809384,0,58.43403377722251
ta,65,2,66,9,5.0,39.05124837953327,-1.6614562139956417,0.5685569981889047,0,58.43403377722251
ta,65,2,66,10,5.0,43.01162633521314,-1.7359450042095235,0.565685424949238,0,58.43403377722251
ta,65,2,66,11,5.0,45.90479277809671,-1.780275890573992,0.5685569981889047,0,58.43403377722251
ta,65,2,66,12,5.0,35.531676008879735,-1.6704649792860584,0.44956066981809384,0,58.43403377722251
ta,65,2,66,13,5.0,39.528470752104745,-1.7506498265873747,0.565685424949238,0,58.43403377722251
ta,65,2,66,14,5.0,32.01562118716424,-1.6814535479687922,0.565685424949238,0,58.43403377722251
ta,65,2,66,15,5.0,36.05551275463989,-1.7681918866447774,0.482842712474619,0,58.43403377722251
ta,65,2,66,16,5.0,40.311288741492746,-1.8370483759458218,0.5685569981889047,0,58.43403377722251
ta,65,2,66,17,5.0,34.23813663153998,-1.853351279264484,0.482842712474619,0,58.43403377722251
ta,65,2,66,18,5.0,32.89756829919196,-2.7790484163252858,0.44956066981809384,0,58.43403377722251
ta,65,2,66,19,5.0,31.622776601683793,-2.677945044588987,0.44956066981809384,0,58.43403377722251
ta,65,2,66,20,5.0,26.92582403567252,-2.7367008673047097,0.5685569981889047,0,58.43403377722251
ta,65,2,66,21,5.0,36.40054944640259,-2.6344941491974563,0.482842712474619,0,58.43403377722251
ta,65,2,66,22,5.0,28.50438562747845,-2.62244653934327,0.482842712474619,0,58.43403377722251
ta,65,2,66,23,5.0,33.354160160315836,-2.5829933382462307,0.565685424949238,0,58.43403377722251
ta,65,2,66,24,5.0,22.073740054644116,-2.584691129484207,0.565685424949238,0,58.43403377722251
ta,65,2,66,26,5.0,30.4138126514911,-2.5213431676069717,0.565685424949238,0,58.43403377722251
ta,65,2,66,27,5.0,35.35533905932738,-2.498091544796509,0.565685424949238,0,58.43403377722251
ta,65,2,66,28,5.0,38.82331773560833,-2.485341780320365,0.5685569981889047,0,58.43403377722251
ta,65,2,66,29,5.0,27.613402542968153,-2.4468543773930898,0.44956066981809384,0,58.43403377722251
ta,65,2,66,30,5.0,32.59601202601324,-2.4329663814621227,0.565685424949238,0,58.43403377722251
ta,65,2,66,31,5.0,25.0,-2.356194490192345,0.565685424949238,0,58.43403377722251
ta,65,2,66,32,5.0,30.0,-2.356194490192345,0.482842712474619,0,58.43403377722251
ta,65,2,66,33,5.0,35.0,-2.356194490192345,0.5685569981889047,0,58.43403377722251
ta,65,2,66,34,5.0,30.20347662107791,-2.2400528633123544,0.482842712474619,0,58.43403377722251
ta,65,2,66,35,5.0,33.5,-0.7853981633974483,0.44956066981809384,0,58.43403377722251
ta,65,2,66,36,5.0,30.0,-0.7853981633974483,0.44956066981809384,0,58.43403377722251
ta,65,2,66,37,5.0,30.4138126514911,-0.950546840812075,0.5685569981889047,0,58.43403377722251
ta,65,2,66,38,5.0,30.4138126514911,-0.6202494859828214,0.482842712474619,0,58.43403377722251
ta,65,2,66,39,5.0,27.613402542968153,-0.8760580505981934,0.482842712474619,0,58.43403377722251
ta,65,2,66,40,5.0,27.613402542968153,-0.6947382761967031,0.565685424949238,0,58.43403377722251
ta,65,2,66,41,5.0,26.405491853021786,-1.1131366701780037,0.565685424949238,0,58.43403377722251
ta,65,2,66,42,5.0,25.495097567963924,-0.9827937232473289,0.44956066981809384,0,58.43403377722251
ta,65,2,66,43,5.0,25.0,-0.7853981633974483,0.5685569981889047,0,58.43403377722251
ta,65,2,66,44,5.0,25.495097567963924,-0.5880026035475674,0.565685424949238,0,58.43403377722251
ta,65,2,66,45,5.0,26.405491853021786,-0.4576596566168927,0.5685569981889047,0,58.43403377722251
ta,65,2,66,46,5.0,22.638462845343543,-0.8960553845713439,0.44956066981809384,0,58.43403377722251
ta,65,2,66,47,5.0,22.638462845343543,-0.6747409422235526,0.565685424949238,0,58.43403377722251
ta,65,2,66,48,5.0,20.615528128088304,-1.0303768265243123,0.565685424949238,0,58.43403377722251
ta,65,2,66,49,5.0,20.0,-0.7853981633974483,0.482842712474619,0,58.43403377722251
ta,65,2,66,50,5.0,20.615528128088304,-0.540419500270584,0.5685569981889047,0,58.43403377722251
ta,65,2,66,51,5.0,16.5,-0.7853981633974483,0.482842712474619,0,58.43403377722251
ta,65,2,66,52,5.0,13.5,-3.9269908169872414,0.44956066981809384,0,58.43403377722251
ta,65,2,66,53,5.0,10.0,-3.9269908169872414,0.44956066981809384,0,58.43403377722251
ta,65,2,66,54,5.0,11.180339887498949,-3.4633432079864352,0.5685569981889047,0,58.43403377722251
ta,65,2,66,55,5.0,11.180339887498949,-4.3906384259880475,0.482842712474619,0,58.43403377722251
ta,65,2,66,56,5.0,7.905694150420948,-3.6052402625905993,0.482842712474619,0,58.43403377722251
ta,65,2,66,57,5.0,7.905694150420948,-4.2487413713838835,0.565685424949238,0,58.43403377722251
ta,65,2,66,58,5.0,9.86154146165801,-2.8879185574511506,0.565685424949238,0,58.43403377722251
ta,65,2,66,60,5.0,5.0,-3.9269908169872414,0.565685424949238,0,58.43403377722251
ta,65,2,66,61,5.0,7.0710678118654755,-4.71238898038469,0.565685424949238,0,58.43403377722251
ta,65,2,66,62,5.0,9.86154146165801,-4.966063076523333,0.5685569981889047,0,58.43403377722251
ta,65,2,66,63,5.0,3.5355339059327378,-3.141592653589793,0.44956066981809384,0,58.43403377722251
ta,65,2,66,64,5.0,3.5355339059327378,-4.71238898038469,0.565685424949238,0,58.43403377722251
ta,65,2,66,65,5.0,5.0,-2.356194490192345,0.565685424949238,0,58.43403377722251
ta,65,2,66,66,5.0,0.0,,0.482842712474619,0,58.43403377722251
ta,65,2,66,67,5.0,5.0,0.7853981633974483,0.5685569981889047,0,58.43403377722251
ta,65,2,66,68,5.0,3.5,-0.7853981633974483,0.482842712474619,1,58.43403377722251
ta,65,2,67,1,5.0,42.42640687119285,-0.7853981633974483,0.3276927682076162,0,58.73838160330946
ta,65,2,67,2,5.0,40.02811511925087,-0.8472660092618283,0.44956066981809384,0,58.73838160330946
ta,65,2,67,3,5.0,36.43144246389374,-0.7562801818904094,0.5685569981889047,0,58.73838160330946
ta,65,2,67,4,5.0,43.900455578501685,-0.9227394408643822,0.482842712474619,0,58.73838160330946
ta,65,2,67,5,5.0,36.5,-0.8532549862537521,0.482842712474619,0,58.73838160330946
ta,65,2,67,6,5.0,40.40111384603152,-0.9347208240911457,0.565685424949238,0,58.73838160330946
ta,65,2,67,7,5.0,30.405591591021544,-0.7853981633974483,0.565685424949238,0,58.73838160330946
ta,65,2,67,8,5.0,32.973474187595095,-0.8605253193082103,0.44956066981809384,0,58.73838160330946
ta,65,2,67,9,5.0,36.908671067921155,-0.9489720389643067,0.5685569981889047,0,58.73838160330946
ta,65,2,67,10,5.0,41.07614879708174,-1.0199387922631802,0.565685424949238,0,58.73838160330946
ta,65,2,67,11,5.0,44.09648512069868,-1.0614951827928847,0.5685569981889047,0,58.73838160330946
ta,65,2,67,12,5.0,33.425289826716536,-0.9661977367014197,0.44956066981809384,0,58.73838160330946
ta,65,2,67,13,5.0,37.646380968162134,-1.0417658557152478,0.565685424949238,0,58.73838160330946
ta,65,2,67,14,5.0,29.95413160150032,-0.9874233198010406,0.565685424949238,0,58.73838160330946
ta,65,2,67,15,5.0,34.23813663153998,-1.0679531158670357,0.482842712474619,0,58.73838160330946
ta,65,2,67,16,5.0,38.69431482789171,-1.1302659861783835,0.5685569981889047,0,58.73838160330946
ta,65,2,67,17,5.0,32.69556544854363,-1.1618884978439712,0.482842712474619,0,58.73838160330946
ta,65,2,67,18,5.0,34.48187929913333,-2.086345334253876,0.44956066981809384,0,58.73838160330946
ta,65,2,67,19,5.0,32.89756829919196,-1.9936502529278373,0.44956066981809384,0,58.73838160330946
ta,65,2,67,20,5.0,28.412145290350743,-2.0659295902633006,0.5685569981889047,0,58.73838160330946
ta,65,2,67,21,5.0,37.51333096380539,-1.9389270981200601,0.482842712474619,0,58.73838160330946
ta,65,2,67,22,5.0,29.618406439239774,-1.9513027039072615,0.482842712474619,0,58.73838160330946
ta,65,2,67,23,5.0,34.311076928595526,-1.8971551435016591,0.565685424949238,0,58.73838160330946
ta,65,2,67,24,5.0,23.119256043393783,-1.9472866612414195,0.565685424949238,0,58.73838160330946
ta,65,2,67,26,5.0,31.18092365533773,-1.846893346190333,0.565685424949238,0,58.73838160330946
ta,65,2,67,27,5.0,36.01735692690401,-1.8090410849736416,0.565685424949238,0,58.73838160330946
ta,65,2,67,28,5.0,39.42714800743264,-1.7880897577179176,0.5685569981889047,0,58.73838160330946
ta,65,2,67,29,5.0,28.146935890075138,-1.7856117271965553,0.44956066981809384,0,58.73838160330946
ta,65,2,67,30,5.0,33.04920573932148,-1.7533561799258033,0.565685424949238,0,58.73838160330946
ta,65,2,67,31,5.0,25.243811122728676,-1.709892268276968,0.565685424949238,0,58.73838160330946
ta,65,2,67,32,5.0,30.20347662107791,-1.6869379536748867,0.482842712474619,0,58.73838160330946
ta,65,2,67,33,5.0,35.174564673923115,-1.6704649792860586,0.5685569981889047,0,58.73838160330946
ta,65,2,67,34,5.0,30.0,-1.5707963267948966,0.482842712474619,0,58.73838160330946
ta,65,2,67,35,5.0,30.0,0.0,0.44956066981809384,0,58.73838160330946
ta,65,2,67,36,5.0,26.5,0.0,0.44956066981809384,0,58.73838160330946
ta,65,2,67,37,5.0,26.9675731203236,-0.18648690166721682,0.5685569981889047,0,58.73838160330946
ta,65,2,67,38,5.0,26.9675731203236,0.18648690166721682,0.482842712474619,0,58.73838160330946
ta,65,2,67,39,5.0,24.12985702402731,-0.10379234045704266,0.482842712474619,0,58.73838160330946
ta,65,2,67,40,5.0,24.12985702402731,0.10379234045704289,0.565685424949238,0,58.73838160330946
ta,65,2,67,41,5.0,23.119256043393783,-0.3764903344465229,0.565685424949238,0,58.73838160330946
ta,65,2,67,42,5.0,22.073740054644116,-0.22849663929186215,0.44956066981809384,0,58.73838160330946
ta,65,2,67,43,5.0,21.5,0.0,0.5685569981889047,0,58.73838160330946
ta,65,2,67,44,5.0,22.073740054644116,0.22849663929186237,0.565685424949238,0,58.73838160330946
ta,65,2,67,45,5.0,23.119256043393783,0.3764903344465229,0.5685569981889047,0,58.73838160330946
ta,65,2,67,46,5.0,19.1637678967368,-0.1308273960740569,0.44956066981809384,0,58.73838160330946
ta,65,2,67,47,5.0,19.1637678967368,0.1308273960740569,0.565685424949238,0,58.73838160330946
ta,65,2,67,48,5.0,17.240939649566666,-0.29423456511118773,0.565685424949238,0,58.73838160330946
ta,65,2,67,49,5.0,16.5,0.0,0.482842712474619,1,58.73838160330946
ta,65,2,67,50,5.0,17.240939649566666,0.29423456511118773,0.5685569981889047,0,58.73838160330946
ta,65,2,67,51,5.0,13.0,0.0,0.482842712474619,0,58.73838160330946
ta,65,2,67,52,5.0,17.0,-3.141592653589793,0.44956066981809384,0,58.73838160330946
ta,65,2,67,53,5.0,13.5,-3.141592653589793,0.44956066981809384,0,58.73838160330946
ta,65,2,67,54,5.0,14.396180048887969,-2.7868870015788527,0.5685569981889047,0,58.73838160330946
ta,65,2,67,55,5.0,14.396180048887969,-3.4962983056007335,0.482842712474619,0,58.73838160330946
ta,65,2,67,56,5.0,11.280514172678478,-2.91811605244916,0.482842712474619,0,58.73838160330946
ta,65,2,67,57,5.0,11.280514172678478,-3.365069254730426,0.565685424949238,0,58.73838160330946
ta,65,2,67,58,5.0,12.020815280171307,-2.356194490192345,0.565685424949238,0,58.73838160330946
ta,65,2,67,59,5.0,9.86154146165801,-2.609868586330988,0.44956066981809384,0,58.73838160330946
ta,65,2,67,60,5.0,8.5,-3.141592653589793,0.5685569981889047,0,58.73838160330946
ta,65,2,67,61,5.0,9.86154146165801,-3.673316720848599,0.565685424949238,0,58.73838160330946
ta,65,2,67,62,5.0,12.020815280171307,-3.9269908169872414,0.5685569981889047,0,58.73838160330946
ta,65,2,67,63,5.0,6.5,-2.7468015338900313,0.44956066981809384,0,58.73838160330946
ta,65,2,67,64,5.0,6.5,-3.536383773289555,0.565685424949238,0,58.73838160330946
ta,65,2,67,65,5.0,6.103277807866851,-2.181522291184105,0.565685424949238,0,58.73838160330946
ta,65,2,67,67,5.0,6.103277807866851,-4.101663015995481,0.565685424949238,0,58.73838160330946
ta,65,2,67,68,5.0,0.0,,0.482842712474619,0,58.73838160330946
ta,65,2,68,1,5.0,32.89756829919196,-1.1479424006619559,0.3276927682076162,0,60.17316421200511
ta,65,2,68,2,5.0,31.622776601683793,-1.2490457723982544,0.44956066981809384,0,60.17316421200511
ta,65,2,68,3,5.0,26.92582403567252,-1.1902899496825317,0.5685569981889047,0,60.17316421200511
ta,65,2,68,4,5.0,36.40054944640259,-1.2924966677897851,0.482842712474619,0,60.17316421200511
ta,65,2,68,5,5.0,28.50438562747845,-1.3045442776439713,0.482842712474619,0,60.17316421200511
ta,65,2,68,6,5.0,33.354160160315836,-1.3439974787410107,0.565685424949238,0,60.17316421200511
ta,65,2,68,7,5.0,22.073740054644116,-1.3422996875030342,0.565685424949238,0,60.17316421200511
ta,65,2,68,8,5.0,25.495097567963924,-1.373400766945016,0.44956066981809384,0,60.17316421200511
ta,65,2,68,9,5.0,30.4138126514911,-1.4056476493802696,0.5685569981889047,0,60.17316421200511
ta,65,2,68,10,5.0,35.35533905932738,-1.4288992721907325,0.565685424949238,0,60.17316421200511
ta,65,2,68,11,5.0,38.82331773560833,-1.4416490366668766,0.5685569981889047,0,60.17316421200511
ta,65,2,68,12,5.0,27.613402542968153,-1.4801364395941514,0.44956066981809384,0,60.17316421200511
ta,65,2,68,13,5.0,32.59601202601324,-1.4940244355251184,0.565685424949238,0,60.17316421200511
ta,65,2,68,14,5.0,25.0,-1.5707963267948966,0.565685424949238,0,60.17316421200511
ta,65,2,68,15,5.0,30.0,-1.5707963267948966,0.482842712474619,0,60.17316421200511
ta,65,2,68,16,5.0,35.0,-1.5707963267948966,0.5685569981889047,0,60.17316421200511
ta,65,2,68,17,5.0,30.20347662107791,-1.6869379536748867,0.482842712474619,0,60.17316421200511
ta,65,2,68,18,5.0,44.9694340635948,-2.411256885566015,0.44956066981809384,0,60.17316421200511
ta,65,2,68,19,5.0,42.42640687119285,-2.356194490192345,0.44956066981809384,0,60.17316421200511
ta,65,2,68,20,5.0,39.05124837953327,-2.44685437739309,0.5685569981889047,0,60.17316421200511
ta,65,2,68,21,5.0,46.09772228646444,-2.279422598922567,0.482842712474619,0,60.17316421200511
ta,65,2,68,22,5.0,38.890872965260115,-2.356194490192345,0.482842712474619,0,60.17316421200511
ta,65,2,68,23,5.0,42.573465914816005,-2.2730532583039036,0.565685424949238,0,60.17316421200511
ta,65,2,68,24,5.0,32.973474187595095,-2.431321646103107,0.565685424949238,0,60.17316421200511
ta,65,2,68,26,5.0,39.05124837953327,-2.2655346029915995,0.565685424949238,0,60.17316421200511
ta,65,2,68,27,5.0,43.01162633521314,-2.191045812777718,0.565685424949238,0,60.17316421200511
ta,65,2,68,28,5.0,45.90479277809671,-2.1467149264132495,0.5685569981889047,0,60.17316421200511
ta,65,2,68,29,5.0,35.531676008879735,-2.256525837701183,0.44956066981809384,0,60.17316421200511
ta,65,2,68,30,5.0,39.528470752104745,-2.1763409903998667,0.565685424949238,0,60.17316421200511
ta,65,2,68,31,5.0,32.01562118716424,-2.245537269018449,0.565685424949238,0,60.17316421200511
ta,65,2,68,32,5.0,36.05551275463989,-2.158798930342464,0.482842712474619,0,60.17316421200511
ta,65,2,68,33,5.0,40.311288741492746,-2.0899424410414196,0.5685569981889047,0,60.17316421200511
ta,65,2,68,34,5.0,34.23813663153998,-2.0736395377227574,0.482842712474619,0,60.17316421200511
ta,65,2,68,35,5.0,13.5,0.0,0.44956066981809384,0,60.17316421200511
ta,65,2,68,36,5.0,10.0,0.0,0.44956066981809384,0,60.17316421200511
ta,65,2,68,37,5.0,11.180339887498949,-0.46364760900080615,0.5685569981889047,0,60.17316421200511
ta,65,2,68,38,5.0,11.180339887498949,0.46364760900080615,0.482842712474619,0,60.17316421200511
ta,65,2,68,39,5.0,7.905694150420948,-0.32175055439664213,0.482842712474619,0,60.17316421200511
ta,65,2,68,40,5.0,7.905694150420948,0.32175055439664235,0.565685424949238,0,60.17316421200511
ta,65,2,68,41,5.0,9.86154146165801,-1.0390722595360908,0.565685424949238,0,60.17316421200511
ta,65,2,68,42,5.0,7.0710678118654755,-0.7853981633974483,0.44956066981809384,1,60.17316421200511
ta,65,2,68,43,5.0,5.0,0.0,0.5685569981889047,0,60.17316421200511
ta,65,2,68,44,5.0,7.0710678118654755,0.7853981633974483,0.565685424949238,0,60.17316421200511
ta,65,2,68,45,5.0,9.86154146165801,1.0390722595360913,0.5685569981889047,0,60.17316421200511
ta,65,2,68,46,5.0,3.5355339059327378,-0.7853981633974483,0.44956066981809384,0,60.17316421200511
ta,65,2,68,47,5.0,3.5355339059327378,0.7853981633974483,0.565685424949238,0,60.17316421200511
ta,65,2,68,48,5.0,5.0,-1.5707963267948966,0.565685424949238,0,60.17316421200511
ta,65,2,68,49,5.0,0.0,,0.482842712474619,0,60.17316421200511
ta,65,2,68,50,5.0,5.0,1.5707963267948966,0.5685569981889047,0,60.17316421200511
ta,65,2,68,51,5.0,3.5,-3.141592653589793,0.482842712474619,0,60.17316421200511
ta,65,2,68,52,5.0,33.5,-3.141592653589793,0.44956066981809384,0,60.17316421200511
ta,65,2,68,53,5.0,30.0,-3.141592653589793,0.44956066981809384,0,60.17316421200511
ta,65,2,68,54,5.0,30.4138126514911,-2.976443976175166,0.5685569981889047,0,60.17316421200511
ta,65,2,68,55,5.0,30.4138126514911,-3.30674133100442,0.482842712474619,0,60.17316421200511
ta,65,2,68,56,5.0,27.613402542968153,-3.0509327663890478,0.482842712474619,0,60.17316421200511
ta,65,2,68,57,5.0,27.613402542968153,-3.2322525407905385,0.565685424949238,0,60.17316421200511
ta,65,2,68,58,5.0,26.405491853021786,-2.8138541468092377,0.565685424949238,0,60.17316421200511
ta,65,2,68,59,5.0,25.495097567963924,-2.9441970937399127,0.44956066981809384,0,60.17316421200511
ta,65,2,68,60,5.0,25.0,-3.141592653589793,0.5685569981889047,0,60.17316421200511
ta,65,2,68,61,5.0,25.495097567963924,-3.338988213439674,0.565685424949238,0,60.17316421200511
ta,65,2,68,62,5.0,26.405491853021786,-3.4693311603703485,0.5685569981889047,0,60.17316421200511
ta,65,2,68,63,5.0,22.638462845343543,-3.0309354324158972,0.44956066981809384,0,60.17316421200511
ta,65,2,68,64,5.0,22.638462845343543,-3.252249874763689,0.565685424949238,0,60.17316421200511
ta,65,2,68,65,5.0,20.615528128088304,-2.896613990462929,0.565685424949238,0,60.17316421200511
ta,65,2,68,66,5.0,20.0,-3.141592653589793,0.482842712474619,0,60.17316421200511
ta,65,2,68,67,5.0,20.615528128088304,-3.3865713167166573,0.565685424949238,0,60.17316421200511
ta,65,2,69,1,5.0,26.405491853021786,-0.45765965661689284,0.44956066981809384,0,60.78803967390646
ta,65,2,69,2,5.0,25.495097567963924,-0.5880026035475675,0.44956066981809384,0,60.78803967390646
ta,65,2,69,3,5.0,20.615528128088304,-0.5404195002705842,0.5685569981889047,0,60.78803967390646
ta,65,2,69,4,5.0,30.4138126514911,-0.6202494859828215,0.482842712474619,0,60.78803967390646
ta,65,2,69,5,5.0,22.638462845343543,-0.6747409422235526,0.482842712474619,0,60.78803967390646
ta,65,2,69,6,5.0,27.613402542968153,-0.6947382761967031,0.565685424949238,0,60.78803967390646
ta,65,2,69,7,5.0,16.5,-0.7853981633974483,0.565685424949238,0,60.78803967390646
ta,65,2,69,8,5.0,20.0,-0.7853981633974483,0.44956066981809384,0,60.78803967390646
ta,65,2,69,9,5.0,25.0,-0.7853981633974483,0.5685569981889047,0,60.78803967390646
ta,65,2,69,10,5.0,30.0,-0.7853981633974483,0.565685424949238,0,60.78803967390646
ta,65,2,69,11,5.0,33.5,-0.7853981633974483,0.5685569981889047,0,60.78803967390646
ta,65,2,69,12,5.0,22.638462845343543,-0.8960553845713439,0.44956066981809384,0,60.78803967390646
ta,65,2,69,13,5.0,27.613402542968153,-0.8760580505981934,0.565685424949238,0,60.78803967390646
ta,65,2,69,14,5.0,20.615528128088304,-1.0303768265243125,0.565685424949238,0,60.78803967390646
ta,65,2,69,15,5.0,25.495097567963924,-0.982793723247329,0.482842712474619,0,60.78803967390646
ta,65,2,69,16,5.0,30.4138126514911,-0.9505468408120751,0.5685569981889047,0,60.78803967390646
ta,65,2,69,17,5.0,26.405491853021786,-1.1131366701780037,0.482842712474619,0,60.78803967390646
ta,65,2,69,18,5.0,45.90479277809671,-1.780275890573992,0.44956066981809384,0,60.78803967390646
ta,65,2,69,19,5.0,43.01162633521314,-1.7359450042095235,0.44956066981809384,0,60.78803967390646
ta,65,2,69,20,5.0,40.311288741492746,-1.837048375945822,0.5685569981889047,0,60.78803967390646
ta,65,2,69,21,5.0,46.09772228646444,-1.6475682180646747,0.482842712474619,0,60.78803967390646
ta,65,2,69,22,5.0,39.528470752104745,-1.750649826587375,0.482842712474619,0,60.78803967390646
ta,65,2,69,23,5.0,42.573465914816005,-1.6539375586833378,0.565685424949238,0,60.78803967390646
ta,65,2,69,24,5.0,34.23813663153998,-1.8533512792644842,0.565685424949238,0,60.78803967390646
ta,65,2,69,25,5.0,36.05551275463989,-1.7681918866447774,0.44956066981809384,0,60.78803967390646
ta,65,2,69,26,5.0,39.05124837953327,-1.6614562139956417,0.5685569981889047,0,60.78803967390646
ta,65,2,69,27,5.0,42.42640687119285,-1.5707963267948966,0.565685424949238,0,60.78803967390646
ta,65,2,69,28,5.0,44.9694340635948,-1.5157339314212264,0.5685569981889047,0,60.78803967390646
ta,65,2,69,29,5.0,35.531676008879735,-1.6704649792860586,0.44956066981809384,0,60.78803967390646
ta,65,2,69,30,5.0,38.890872965260115,-1.5707963267948966,0.565685424949238,0,60.78803967390646
ta,65,2,69,31,5.0,32.01562118716424,-1.6814535479687922,0.565685424949238,0,60.78803967390646
ta,65,2,69,32,5.0,35.35533905932738,-1.5707963267948966,0.482842712474619,0,60.78803967390646
ta,65,2,69,33,5.0,39.05124837953327,-1.4801364395941514,0.5685569981889047,0,60.78803967390646
ta,65,2,69,34,5.0,32.973474187595095,-1.4956691708841345,0.482842712474619,0,60.78803967390646
ta,65,2,69,35,5.0,9.86154146165801,1.317122230656254,0.44956066981809384,0,60.78803967390646
ta,65,2,69,36,5.0,7.0710678118654755,1.5707963267948966,0.44956066981809384,0,60.78803967390646
ta,65,2,69,37,5.0,5.0,0.7853981633974483,0.5685569981889047,0,60.78803967390646
ta,65,2,69,38,5.0,11.180339887498949,1.8925468811915387,0.482842712474619,0,60.78803967390646
ta,65,2,69,39,5.0,3.5355339059327378,1.5707963267948966,0.482842712474619,0,60.78803967390646
ta,65,2,69,40,5.0,7.905694150420948,2.0344439357957027,0.565685424949238,0,60.78803967390646
ta,65,2,69,41,5.0,3.5,-0.7853981633974483,0.565685424949238,1,60.78803967390646
ta,65,2,69,42,5.0,0.0,,0.44956066981809384,0,60.78803967390646
ta,65,2,69,43,5.0,5.0,2.356194490192345,0.5685569981889047,0,60.78803967390646
ta,65,2,69,44,5.0,10.0,2.356194490192345,0.565685424949238,0,60.78803967390646
ta,65,2,69,45,5.0,13.5,2.356194490192345,0.5685569981889047,0,60.78803967390646
ta,65,2,69,46,5.0,3.5355339059327378,-3.141592653589793,0.44956066981809384,0,60.78803967390646
ta,65,2,69,47,5.0,7.905694150420948,-3.6052402625905993,0.565685424949238,0,60.78803967390646
ta,65,2,69,48,5.0,5.0,-2.356194490192345,0.565685424949238,0,60.78803967390646
ta,65,2,69,50,5.0,11.180339887498949,-3.4633432079864352,0.565685424949238,0,60.78803967390646
ta,65,2,69,51,5.0,9.86154146165801,-2.8879185574511506,0.482842712474619,0,60.78803967390646
ta,65,2,69,52,5.0,38.82331773560833,-2.485341780320365,0.3276927682076162,0,60.78803967390646
ta,65,2,69,53,5.0,35.35533905932738,-2.498091544796509,0.44956066981809384,0,60.78803967390646
ta,65,2,69,54,5.0,35.0,-2.356194490192345,0.5685569981889047,0,60.78803967390646
ta,65,2,69,55,5.0,36.40054944640259,-2.6344941491974563,0.482842712474619,0,60.78803967390646
ta,65,2,69,56,5.0,32.59601202601324,-2.4329663814621227,0.482842712474619,0,60.78803967390646
ta,65,2,69,57,5.0,33.354160160315836,-2.5829933382462307,0.565685424949238,0,60.78803967390646
ta,65,2,69,58,5.0,30.20347662107791,-2.2400528633123544,0.565685424949238,0,60.78803967390646
ta,65,2,69,59,5.0,30.0,-2.356194490192345,0.44956066981809384,0,60.78803967390646
ta,65,2,69,60,5.0,30.4138126514911,-2.5213431676069717,0.5685569981889047,0,60.78803967390646
ta,65,2,69,61,5.0,31.622776601683793,-2.677945044588987,0.565685424949238,0,60.78803967390646
ta,65,2,69,62,5.0,32.89756829919196,-2.7790484163252858,0.5685569981889047,0,60.78803967390646
ta,65,2,69,63,5.0,27.613402542968153,-2.44685437739309,0.44956066981809384,0,60.78803967390646
ta,65,2,69,64,5.0,28.50438562747845,-2.6224465393432705,0.565685424949238,0,60.78803967390646
ta,65,2,69,65,5.0,25.0,-2.356194490192345,0.565685424949238,0,60.78803967390646
ta,65,2,69,66,5.0,25.495097567963924,-2.5535900500422257,0.482842712474619,0,60.78803967390646
ta,65,2,69,67,5.0,26.92582403567252,-2.7367008673047097,0.5685569981889047,0,60.78803967390646
ta,65,2,69,68,5.0,22.073740054644116,-2.584691129484207,0.482842712474619,0,60.78803967390646
ta,65,2,70,1,5.0,23.119256043393783,0.3764903344465229,0.44956066981809384,0,61.09238749999341
ta,65,2,70,2,5.0,22.073740054644116,0.2284966392918623,0.44956066981809384,0,61.09238749999341
ta,65,2,70,3,5.0,17.240939649566666,0.2942345651111878,0.5685569981889047,0,61.09238749999341
ta,65,2,70,4,5.0,26.9675731203236,0.18648690166721676,0.482842712474619,0,61.09238749999341
ta,65,2,70,5,5.0,19.1637678967368,0.13082739607405697,0.482842712474619,0,61.09238749999341
ta,65,2,70,6,5.0,24.12985702402731,0.10379234045704283,0.565685424949238,0,61.09238749999341
ta,65,2,70,7,5.0,13.0,0.0,0.565685424949238,0,61.09238749999341
ta,65,2,70,8,5.0,16.5,0.0,0.44956066981809384,0,61.09238749999341
ta,65,2,70,9,5.0,21.5,0.0,0.5685569981889047,0,61.09238749999341
ta,65,2,70,10,5.0,26.5,0.0,0.565685424949238,0,61.09238749999341
ta,65,2,70,11,5.0,30.0,0.0,0.5685569981889047,0,61.09238749999341
ta,65,2,70,12,5.0,19.1637678967368,-0.13082739607405697,0.44956066981809384,0,61.09238749999341
ta,65,2,70,13,5.0,24.12985702402731,-0.10379234045704283,0.565685424949238,0,61.09238749999341
ta,65,2,70,14,5.0,17.240939649566666,-0.2942345651111878,0.565685424949238,0,61.09238749999341
ta,65,2,70,15,5.0,22.073740054644116,-0.2284966392918623,0.482842712474619,1,61.09238749999341
ta,65,2,70,16,5.0,26.9675731203236,-0.18648690166721676,0.5685569981889047,0,61.09238749999341
ta,65,2,70,17,5.0,23.119256043393783,-0.3764903344465229,0.482842712474619,0,61.09238749999341
ta,65,2,70,18,5.0,44.09648512069868,-1.0614951827928847,0.44956066981809384,0,61.09238749999341
ta,65,2,70,19,5.0,41.07614879708174,-1.0199387922631804,0.44956066981809384,0,61.09238749999341
ta,65,2,70,20,5.0,38.69431482789171,-1.1302659861783835,0.5685569981889047,0,61.09238749999341
ta,65,2,70,21,5.0,43.900455578501685,-0.9227394408643822,0.482842712474619,0,61.09238749999341
ta,65,2,70,22,5.0,37.646380968162134,-1.041765855715248,0.482842712474619,0,61.09238749999341
ta,65,2,70,23,5.0,40.40111384603152,-0.9347208240911457,0.565685424949238,0,61.09238749999341
ta,65,2,70,24,5.0,32.69556544854363,-1.1618884978439712,0.565685424949238,0,61.09238749999341
ta,65,2,70,25,5.0,34.23813663153998,-1.067953115867036,0.44956066981809384,0,61.09238749999341
ta,65,2,70,26,5.0,36.908671067921155,-0.9489720389643068,0.5685569981889047,0,61.09238749999341
ta,65,2,70,27,5.0,40.02811511925087,-0.8472660092618284,0.565685424949238,0,61.09238749999341
ta,65,2,70,28,5.0,42.42640687119285,-0.7853981633974483,0.5685569981889047,0,61.09238749999341
ta,65,2,70,29,5.0,33.425289826716536,-0.9661977367014197,0.44956066981809384,0,61.09238749999341
ta,65,2,70,30,5.0,36.5,-0.8532549862537522,0.565685424949238,0,61.09238749999341
ta,65,2,70,31,5.0,29.95413160150032,-0.9874233198010407,0.565685424949238,0,61.09238749999341
ta,65,2,70,32,5.0,32.973474187595095,-0.8605253193082104,0.482842712474619,0,61.09238749999341
ta,65,2,70,33,5.0,36.43144246389374,-0.7562801818904095,0.5685569981889047,0,61.09238749999341
ta,65,2,70,34,5.0,30.405591591021544,-0.7853981633974483,0.482842712474619,0,61.09238749999341
ta,65,2,70,35,5.0,12.020815280171307,2.356194490192345,0.44956066981809384,0,61.09238749999341
ta,65,2,70,36,5.0,9.86154146165801,2.609868586330988,0.44956066981809384,0,61.09238749999341
ta,65,2,70,37,5.0,6.103277807866851,2.1815222911841055,0.5685569981889047,0,61.09238749999341
ta,65,2,70,38,5.0,14.396180048887969,2.7868870015788527,0.482842712474619,0,61.09238749999341
ta,65,2,70,39,5.0,6.5,2.746801533890032,0.482842712474619,0,61.09238749999341
ta,65,2,70,40,5.0,11.280514172678478,2.91811605244916,0.565685424949238,0,61.09238749999341
ta,65,2,70,41,5.0,0.0,,0.565685424949238,0,61.09238749999341
ta,65,2,70,43,5.0,8.5,3.141592653589793,0.565685424949238,0,61.09238749999341
ta,65,2,70,44,5.0,13.5,3.141592653589793,0.565685424949238,0,61.09238749999341
ta,65,2,70,45,5.0,17.0,3.141592653589793,0.5685569981889047,0,61.09238749999341
ta,65,2,70,46,5.0,6.5,-2.746801533890032,0.44956066981809384,0,61.09238749999341
ta,65,2,70,47,5.0,11.280514172678478,-2.91811605244916,0.565685424949238,0,61.09238749999341
ta,65,2,70,48,5.0,6.103277807866851,-2.1815222911841055,0.565685424949238,0,61.09238749999341
ta,65,2,70,50,5.0,14.396180048887969,-2.7868870015788527,0.565685424949238,0,61.09238749999341
ta,65,2,70,51,5.0,12.020815280171307,-2.356194490192345,0.482842712474619,0,61.09238749999341
ta,65,2,70,52,5.0,39.42714800743264,-1.7880897577179178,0.3276927682076162,0,61.09238749999341
ta,65,2,70,53,5.0,36.01735692690401,-1.8090410849736416,0.44956066981809384,0,61.09238749999341
ta,65,2,70,54,5.0,35.174564673923115,-1.6704649792860586,0.5685569981889047,0,61.09238749999341
ta,65,2,70,55,5.0,37.51333096380539,-1.9389270981200601,0.482842712474619,0,61.09238749999341
ta,65,2,70,56,5.0,33.04920573932148,-1.7533561799258035,0.482842712474619,0,61.09238749999341
ta,65,2,70,57,5.0,34.311076928595526,-1.8971551435016594,0.565685424949238,0,61.09238749999341
ta,65,2,70,58,5.0,30.0,-1.5707963267948966,0.565685424949238,0,61.09238749999341
ta,65,2,70,59,5.0,30.20347662107791,-1.6869379536748867,0.44956066981809384,0,61.09238749999341
ta,65,2,70,60,5.0,31.18092365533773,-1.8468933461903332,0.5685569981889047,0,61.09238749999341
ta,65,2,70,61,5.0,32.89756829919196,-1.9936502529278373,0.565685424949238,0,61.09238749999341
ta,65,2,70,62,5.0,34.48187929913333,-2.086345334253876,0.5685569981889047,0,61.09238749999341
ta,65,2,70,63,5.0,28.146935890075138,-1.7856117271965553,0.44956066981809384,0,61.09238749999341
ta,65,2,70,64,5.0,29.618406439239774,-1.9513027039072615,0.565685424949238,0,61.09238749999341
ta,65,2,70,65,5.0,25.243811122728676,-1.709892268276968,0.565685424949238,0,61.09238749999341
ta,65,2,70,66,5.0,26.405491853021786,-1.8985348335754522,0.482842712474619,0,61.09238749999341
ta,65,2,70,67,5.0,28.412145290350743,-2.0659295902633006,0.5685569981889047,0,61.09238749999341
ta,65,2,70,68,5.0,23.119256043393783,-1.9472866612414195,0.482842712474619,0,61.09238749999341
ta,65,2,71,1,5.0,13.5,1.799292966086759,0.44956066981809384,0,63.01184315691899
ta,65,2,71,2,5.0,10.0,1.799292966086759,0.44956066981809384,0,63.01184315691899
ta,65,2,71,3,5.0,11.180339887498949,2.262940575087565,0.5685569981889047,0,63.01184315691899
ta,65,2,71,4,5.0,11.180339887498949,1.3356453570859528,0.482842712474619,0,63.01184315691899
ta,65,2,71,5,5.0,7.905694150420948,2.121043520483401,0.482842712474619,0,63.01184315691899
ta,65,2,71,6,5.0,7.905694150420948,1.4775424116901168,0.565685424949238,0,63.01184315691899
ta,65,2,71,7,5.0,9.86154146165801,2.83836522562285,0.565685424949238,0,63.01184315691899
ta,65,2,71,8,5.0,7.0710678118654755,2.584691129484207,0.44956066981809384,0,63.01184315691899
ta,65,2,71,9,5.0,5.0,1.799292966086759,0.5685569981889047,0,63.01184315691899
ta,65,2,71,10,5.0,7.0710678118654755,1.0138948026893106,0.565685424949238,0,63.01184315691899
ta,65,2,71,11,5.0,9.86154146165801,0.7602207065506679,0.5685569981889047,0,63.01184315691899
ta,65,2,71,12,5.0,3.5355339059327378,2.584691129484207,0.44956066981809384,0,63.01184315691899
ta,65,2,71,13,5.0,3.5355339059327378,1.0138948026893106,0.565685424949238,0,63.01184315691899
ta,65,2,71,14,5.0,5.0,3.3700892928816555,0.565685424949238,0,63.01184315691899
ta,65,2,71,15,5.0,0.0,,0.482842712474619,0,63.01184315691899
ta,65,2,71,16,5.0,5.0,0.2284966392918623,0.5685569981889047,1,63.01184315691899
ta,65,2,71,17,5.0,3.5,-1.3422996875030342,0.482842712474619,0,63.01184315691899
ta,65,2,71,18,5.0,33.5,-1.3422996875030342,0.44956066981809384,0,63.01184315691899
ta,65,2,71,19,5.0,30.0,-1.3422996875030342,0.44956066981809384,0,63.01184315691899
ta,65,2,71,20,5.0,30.4138126514911,-1.507448364917661,0.5685569981889047,0,63.01184315691899
ta,65,2,71,21,5.0,30.4138126514911,-1.1771510100884075,0.482842712474619,0,63.01184315691899
ta,65,2,71,22,5.0,27.613402542968153,-1.4329595747037793,0.482842712474619,0,63.01184315691899
ta,65,2,71,23,5.0,27.613402542968153,-1.251639800302289,0.565685424949238,0,63.01184315691899
ta,65,2,71,24,5.0,26.405491853021786,-1.6700381942835898,0.565685424949238,0,63.01184315691899
ta,65,2,71,25,5.0,25.495097567963924,-1.539695247352915,0.44956066981809384,0,63.01184315691899
ta,65,2,71,26,5.0,25.0,-1.3422996875030342,0.5685569981889047,0,63.01184315691899
ta,65,2,71,27,5.0,25.495097567963924,-1.1449041276531535,0.565685424949238,0,63.01184315691899
ta,65,2,71,28,5.0,26.405491853021786,-1.0145611807224788,0.5685569981889047,0,63.01184315691899
ta,65,2,71,29,5.0,22.638462845343543,-1.4529569086769298,0.44956066981809384,0,63.01184315691899
ta,65,2,71,30,5.0,22.638462845343543,-1.2316424663291385,0.565685424949238,0,63.01184315691899
ta,65,2,71,31,5.0,20.615528128088304,-1.5872783506298984,0.565685424949238,0,63.01184315691899
ta,65,2,71,32,5.0,20.0,-1.3422996875030342,0.482842712474619,0,63.01184315691899
ta,65,2,71,33,5.0,20.615528128088304,-1.0973210243761702,0.5685569981889047,0,63.01184315691899
ta,65,2,71,34,5.0,16.5,-1.3422996875030342,0.482842712474619,0,63.01184315691899
ta,65,2,71,35,5.0,32.89756829919196,2.947235366748715,0.44956066981809384,0,63.01184315691899
ta,65,2,71,36,5.0,31.622776601683793,3.0483387384850134,0.44956066981809384,0,63.01184315691899
ta,65,2,71,37,5.0,26.92582403567252,2.9895829157692906,0.5685569981889047,0,63.01184315691899
ta,65,2,71,38,5.0,36.40054944640259,3.091789633876544,0.482842712474619,0,63.01184315691899
ta,65,2,71,39,5.0,28.50438562747845,3.1038372437307302,0.482842712474619,0,63.01184315691899
ta,65,2,71,40,5.0,33.354160160315836,3.1432904448277696,0.565685424949238,0,63.01184315691899
ta,65,2,71,43,5.0,30.4138126514911,3.2049406154670286,0.482842712474619,0,63.01184315691899
ta,65,2,71,44,5.0,35.35533905932738,3.2281922382774915,0.565685424949238,0,63.01184315691899
ta,65,2,71,45,5.0,38.82331773560833,3.2409420027536355,0.5685569981889047,0,63.01184315691899
ta,65,2,71,46,5.0,27.613402542968153,3.2794294056809106,0.44956066981809384,0,63.01184315691899
ta,65,2,71,47,5.0,32.59601202601324,3.2933174016118776,0.565685424949238,0,63.01184315691899
ta,65,2,71,48,5.0,25.0,3.3700892928816555,0.565685424949238,0,63.01184315691899
ta,65,2,71,49,5.0,30.0,3.3700892928816555,0.482842712474619,0,63.01184315691899
ta,65,2,71,50,5.0,35.0,3.3700892928816555,0.5685569981889047,0,63.01184315691899
ta,65,2,71,51,5.0,30.20347662107791,-2.796954387417941,0.482842712474619,0,63.01184315691899
ta,65,2,71,52,5.0,44.9694340635948,-2.0726354555268123,0.44956066981809384,0,63.01184315691899
ta,65,2,71,53,5.0,42.42640687119285,-2.1276978509004825,0.44956066981809384,0,63.01184315691899
ta,65,2,71,54,5.0,39.05124837953327,-2.0370379636997376,0.5685569981889047,0,63.01184315691899
ta,65,2,71,55,5.0,46.09772228646444,-2.204469742170261,0.482842712474619,0,63.01184315691899
ta,65,2,71,56,5.0,38.890872965260115,-2.1276978509004825,0.482842712474619,0,63.01184315691899
ta,65,2,71,57,5.0,42.573465914816005,-2.2108390827889237,0.565685424949238,0,63.01184315691899
ta,65,2,71,58,5.0,32.973474187595095,-2.0525706949897207,0.565685424949238,0,63.01184315691899
ta,65,2,71,59,5.0,35.35533905932738,-2.1276978509004825,0.44956066981809384,0,63.01184315691899
ta,65,2,71,60,5.0,39.05124837953327,-2.218357738101228,0.5685569981889047,0,63.01184315691899
ta,65,2,71,61,5.0,43.01162633521314,-2.2928465283151094,0.565685424949238,0,63.01184315691899
ta,65,2,71,62,5.0,45.90479277809671,-2.337177414679578,0.5685569981889047,0,63.01184315691899
ta,65,2,71,63,5.0,35.531676008879735,-2.2273665033916448,0.44956066981809384,0,63.01184315691899
ta,65,2,71,64,5.0,39.528470752104745,-2.307551350692961,0.565685424949238,0,63.01184315691899
ta,65,2,71,65,5.0,32.01562118716424,-2.2383550720743783,0.565685424949238,0,63.01184315691899
ta,65,2,71,66,5.0,36.05551275463989,-2.3250934107503634,0.482842712474619,0,63.01184315691899
ta,65,2,71,67,5.0,40.311288741492746,-2.3939499000514077,0.5685569981889047,0,63.01184315691899
ta,65,2,71,68,5.0,34.23813663153998,-2.41025280337007,0.482842712474619,0,63.01184315691899
ta,65,2,72,1,4.0,14.396180048887969,1.925501978805837,0.44956066981809384,0,63.44662576561464
ta,65,2,72,2,4.0,11.180339887498949,2.0344439357957027,0.44956066981809384,0,63.44662576561464
ta,65,2,72,3,4.0,14.142135623730951,2.356194490192345,0.5685569981889047,0,63.44662576561464
ta,65,2,72,4,4.0,10.0,1.5707963267948966,0.482842712474619,0,63.44662576561464
ta,65,2,72,5,4.0,10.606601717798213,2.356194490192345,0.482842712474619,0,63.44662576561464
ta,65,2,72,6,4.0,7.905694150420948,1.892546881191539,0.565685424949238,0,63.44662576561464
ta,65,2,72,7,4.0,14.396180048887969,2.7868870015788527,0.565685424949238,0,63.44662576561464
ta,65,2,72,8,4.0,11.180339887498949,2.677945044588987,0.44956066981809384,0,63.44662576561464
ta,65,2,72,9,4.0,7.0710678118654755,2.356194490192345,0.5685569981889047,0,63.44662576561464
ta,65,2,72,10,4.0,5.0,1.5707963267948966,0.565685424949238,0,63.44662576561464
ta,65,2,72,11,4.0,6.103277807866851,0.960070362405688,0.5685569981889047,0,63.44662576561464
ta,65,2,72,12,4.0,7.905694150420948,2.819842099193151,0.44956066981809384,0,63.44662576561464
ta,65,2,72,13,4.0,3.5355339059327378,2.356194490192345,0.565685424949238,0,63.44662576561464
ta,65,2,72,14,4.0,10.0,3.141592653589793,0.565685424949238,0,63.44662576561464
ta,65,2,72,16,4.0,0.0,,0.565685424949238,0,63.44662576561464
ta,65,2,72,17,4.0,6.103277807866851,-2.5308666892005847,0.482842712474619,0,63.44662576561464
ta,65,2,72,18,4.0,33.8710791088799,-1.718956347526728,0.3276927682076162,0,63.44662576561464
ta,65,2,72,19,4.0,30.4138126514911,-1.7359450042095235,0.44956066981809384,0,63.44662576561464
ta,65,2,72,20,4.0,31.622776601683793,-1.892546881191539,0.5685569981889047,0,63.44662576561464
ta,65,2,72,21,4.0,30.0,-1.5707963267948966,0.482842712474619,0,63.44662576561464
ta,65,2,72,22,4.0,28.50438562747845,-1.837048375945822,0.482842712474619,0,63.44662576561464
ta,65,2,72,23,4.0,27.613402542968153,-1.6614562139956417,0.565685424949238,0,63.44662576561464
ta,65,2,72,24,4.0,28.412145290350743,-2.0659295902633006,0.565685424949238,0,63.44662576561464
ta,65,2,72,25,4.0,26.92582403567252,-1.9513027039072615,0.44956066981809384,0,63.44662576561464
ta,65,2,72,26,4.0,25.495097567963924,-1.7681918866447774,0.5685569981889047,0,63.44662576561464
ta,65,2,72,27,4.0,25.0,-1.5707963267948966,0.565685424949238,0,63.44662576561464
ta,65,2,72,28,4.0,25.243811122728676,-1.4317003853128254,0.5685569981889047,0,63.44662576561464
ta,65,2,72,29,4.0,23.717082451262844,-1.892546881191539,0.44956066981809384,0,63.44662576561464
ta,65,2,72,30,4.0,22.638462845343543,-1.6814535479687922,0.565685424949238,0,63.44662576561464
ta,65,2,72,31,4.0,22.360679774997898,-2.0344439357957027,0.565685424949238,0,63.44662576561464
ta,65,2,72,32,4.0,20.615528128088304,-1.8157749899217608,0.482842712474619,0,63.44662576561464
ta,65,2,72,33,4.0,20.0,-1.5707963267948966,0.5685569981889047,1,63.44662576561464
ta,65,2,72,34,4.0,17.240939649566666,-1.8650308919060843,0.482842712474619,0,63.44662576561464
ta,65,2,72,35,4.0,37.51333096380539,2.7734618822646295,0.44956066981809384,0,63.44662576561464
ta,65,2,72,36,4.0,36.40054944640259,2.8632929945846817,0.44956066981809384,0,63.44662576561464
ta,65,2,72,37,4.0,31.622776601683793,2.819842099193151,0.5685569981889047,0,63.44662576561464
ta,65,2,72,38,4.0,41.23105625617661,2.896613990462929,0.482842712474619,0,63.44662576561464
ta,65,2,72,39,4.0,33.354160160315836,2.9147938055359073,0.482842712474619,0,63.44662576561464
ta,65,2,72,40,4.0,38.242646351945886,2.9441970937399127,0.565685424949238,0,63.44662576561464
ta,65,2,72,41,4.0,26.9675731203236,2.9551057519225763,0.565685424949238,0,63.44662576561464
ta,65,2,72,43,4.0,35.35533905932738,2.999695598985629,0.565685424949238,0,63.44662576561464
ta,65,2,72,44,4.0,40.311288741492746,3.017237659043032,0.565685424949238,0,63.44662576561464
ta,65,2,72,45,4.0,43.78641341786285,3.0271523483197296,0.5685569981889047,0,63.44662576561464
ta,65,2,72,46,4.0,32.59601202601324,3.064820762320015,0.44956066981809384,0,63.44662576561464
ta,65,2,72,47,4.0,37.58324094593227,3.0750244898139694,0.565685424949238,0,63.44662576561464
ta,65,2,72,48,4.0,30.0,3.141592653589793,0.565685424949238,0,63.44662576561464
ta,65,2,72,49,4.0,35.0,3.141592653589793,0.482842712474619,0,63.44662576561464
ta,65,2,72,50,4.0,40.0,3.141592653589793,0.5685569981889047,0,63.44662576561464
ta,65,2,72,51,4.0,35.174564673923115,-3.0419240010986313,0.482842712474619,0,63.44662576561464
ta,65,2,72,52,4.0,48.44842618702903,-2.378088801315123,0.44956066981809384,0,63.44662576561464
ta,65,2,72,53,4.0,46.09772228646444,-2.432966381462123,0.44956066981809384,0,63.44662576561464
ta,65,2,72,54,4.0,42.42640687119285,-2.356194490192345,0.5685569981889047,0,63.44662576561464
ta,65,2,72,55,4.0,50.0,-2.498091544796509,0.482842712474619,0,63.44662576561464
ta,65,2,72,56,4.0,42.573465914816005,-2.439335722080786,0.482842712474619,0,63.44662576561464
ta,65,2,72,57,4.0,46.502688094345686,-2.5088438185876103,0.565685424949238,0,63.44662576561464
ta,65,2,72,58,4.0,36.43144246389374,-2.385312471699384,0.565685424949238,0,63.44662576561464
ta,65,2,72,59,4.0,39.05124837953327,-2.44685437739309,0.44956066981809384,0,63.44662576561464
ta,65,2,72,60,4.0,43.01162633521314,-2.5213431676069717,0.5685569981889047,0,63.44662576561464
ta,65,2,72,61,4.0,47.16990566028302,-2.5829933382462307,0.565685424949238,0,63.44662576561464
ta,65,2,72,62,4.0,50.172203459684724,-2.619974356493407,0.5685569981889047,0,63.44662576561464
ta,65,2,72,63,4.0,39.528470752104745,-2.5360479899848234,0.44956066981809384,0,63.44662576561464
ta,65,2,72,64,4.0,43.73213921133976,-2.601173153319209,0.565685424949238,0,63.44662576561464
ta,65,2,72,65,4.0,36.05551275463989,-2.5535900500422257,0.565685424949238,0,63.44662576561464
ta,65,2,72,66,4.0,40.311288741492746,-2.62244653934327,0.482842712474619,0,63.44662576561464
ta,65,2,72,67,4.0,44.721359549995796,-2.677945044588987,0.5685569981889047,0,63.44662576561464
ta,65,2,72,68,4.0,38.69431482789171,-2.70106231297328,0.482842712474619,0,63.44662576561464
ta,65,2,73,1,4.0,33.8710791088799,3.2897526743216243,0.44956066981809384,0,65.18575620039725
ta,65,2,73,2,4.0,30.4138126514911,3.30674133100442,0.44956066981809384,0,65.18575620039725
ta,65,2,73,3,4.0,31.622776601683793,3.4633432079864352,0.5685569981889047,0,65.18575620039725
ta,65,2,73,4,4.0,30.0,3.141592653589793,0.482842712474619,0,65.18575620039725
ta,65,2,73,5,4.0,28.50438562747845,3.407844702740719,0.482842712474619,0,65.18575620039725
ta,65,2,73,6,4.0,27.613402542968153,3.2322525407905385,0.565685424949238,0,65.18575620039725
ta,65,2,73,7,4.0,28.412145290350743,3.636725917058197,0.565685424949238,0,65.18575620039725
ta,65,2,73,8,4.0,26.92582403567252,3.522099030702158,0.44956066981809384,0,65.18575620039725
ta,65,2,73,9,4.0,25.495097567963924,3.338988213439674,0.5685569981889047,0,65.18575620039725
ta,65,2,73,10,4.0,25.0,3.141592653589793,0.565685424949238,0,65.18575620039725
ta,65,2,73,11,4.0,25.243811122728676,3.002496712107722,0.5685569981889047,0,65.18575620039725
ta,65,2,73,12,4.0,23.717082451262844,3.4633432079864352,0.44956066981809384,0,65.18575620039725
ta,65,2,73,13,4.0,22.638462845343543,3.252249874763689,0.565685424949238,0,65.18575620039725
ta,65,2,73,14,4.0,22.360679774997898,3.6052402625905993,0.565685424949238,0,65.18575620039725
ta,65,2,73,15,4.0,20.615528128088304,3.3865713167166573,0.482842712474619,0,65.18575620039725
ta,65,2,73,17,4.0,17.240939649566666,3.4358272187009806,0.4,0,65.18575620039725
ta,65,2,73,18,4.0,14.396180048887969,-0.3547056520109404,0.44956066981809384,0,65.18575620039725
ta,65,2,73,19,4.0,11.180339887498949,-0.46364760900080615,0.44956066981809384,0,65.18575620039725
ta,65,2,73,20,4.0,14.142135623730951,-0.7853981633974483,0.5685569981889047,0,65.18575620039725
ta,65,2,73,21,4.0,10.0,0.0,0.482842712474619,0,65.18575620039725
ta,65,2,73,22,4.0,10.606601717798213,-0.7853981633974483,0.482842712474619,0,65.18575620039725
ta,65,2,73,23,4.0,7.905694150420948,-0.32175055439664235,0.565685424949238,0,65.18575620039725
ta,65,2,73,24,4.0,14.396180048887969,-1.2160906747839562,0.565685424949238,0,65.18575620039725
ta,65,2,73,25,4.0,11.180339887498949,-1.1071487177940904,0.44956066981809384,1,65.18575620039725
ta,65,2,73,26,4.0,7.0710678118654755,-0.7853981633974483,0.5685569981889047,0,65.18575620039725
ta,65,2,73,27,4.0,5.0,0.0,0.565685424949238,0,65.18575620039725
ta,65,2,73,28,4.0,6.103277807866851,0.6107259643892086,0.5685569981889047,0,65.18575620039725
ta,65,2,73,29,4.0,7.905694150420948,-1.2490457723982544,0.44956066981809384,0,65.18575620039725
ta,65,2,73,30,4.0,3.5355339059327378,-0.7853981633974483,0.565685424949238,0,65.18575620039725
ta,65,2,73,31,4.0,10.0,4.71238898038469,0.565685424949238,0,65.18575620039725
ta,65,2,73,32,4.0,5.0,4.71238898038469,0.482842712474619,0,65.18575620039725
ta,65,2,73,33,4.0,0.0,,0.5685569981889047,0,65.18575620039725
ta,65,2,73,34,4.0,6.103277807866851,4.101663015995481,0.482842712474619,0,65.18575620039725
ta,65,2,73,35,4.0,48.44842618702903,3.9488851281100197,0.44956066981809384,0,65.18575620039725
ta,65,2,73,36,4.0,46.09772228646444,4.003762708257019,0.44956066981809384,0,65.18575620039725
ta,65,2,73,37,4.0,42.42640687119285,3.9269908169872414,0.5685569981889047,0,65.18575620039725
ta,65,2,73,38,4.0,50.0,4.068887871591405,0.482842712474619,0,65.18575620039725
ta,65,2,73,39,4.0,42.573465914816005,4.010132048875683,0.482842712474619,0,65.18575620039725
ta,65,2,73,40,4.0,46.502688094345686,4.079640145382507,0.565685424949238,0,65.18575620039725
ta,65,2,73,41,4.0,36.43144246389374,3.9561087984942804,0.565685424949238,0,65.18575620039725
ta,65,2,73,42,4.0,39.05124837953327,4.017650704187987,0.44956066981809384,0,65.18575620039725
ta,65,2,73,43,4.0,43.01162633521314,4.092139494401868,0.5685569981889047,0,65.18575620039725
ta,65,2,73,44,4.0,47.16990566028302,4.153789665041128,0.565685424949238,0,65.18575620039725
ta,65,2,73,45,4.0,50.172203459684724,4.190770683288303,0.5685569981889047,0,65.18575620039725
ta,65,2,73,46,4.0,39.528470752104745,4.1068443167797195,0.44956066981809384,0,65.18575620039725
ta,65,2,73,47,4.0,43.73213921133976,4.171969480114106,0.565685424949238,0,65.18575620039725
ta,65,2,73,48,4.0,36.05551275463989,4.124386376837123,0.565685424949238,0,65.18575620039725
ta,65,2,73,49,4.0,40.311288741492746,4.193242866138167,0.482842712474619,0,65.18575620039725
ta,65,2,73,50,4.0,44.721359549995796,4.2487413713838835,0.5685569981889047,0,65.18575620039725
ta,65,2,73,51,4.0,38.69431482789171,4.271858639768176,0.482842712474619,0,65.18575620039725
ta,65,2,73,52,4.0,37.51333096380539,-1.202665555469733,0.44956066981809384,0,65.18575620039725
ta,65,2,73,53,4.0,36.40054944640259,-1.2924966677897851,0.44956066981809384,0,65.18575620039725
ta,65,2,73,54,4.0,31.622776601683793,-1.2490457723982544,0.5685569981889047,0,65.18575620039725
ta,65,2,73,55,4.0,41.23105625617661,-1.3258176636680323,0.482842712474619,0,65.18575620039725
ta,65,2,73,56,4.0,33.354160160315836,-1.3439974787410107,0.482842712474619,0,65.18575620039725
ta,65,2,73,57,4.0,38.242646351945886,-1.3734007669450161,0.565685424949238,0,65.18575620039725
ta,65,2,73,58,4.0,26.9675731203236,-1.3843094251276797,0.565685424949238,0,65.18575620039725
ta,65,2,73,59,4.0,30.4138126514911,-1.4056476493802696,0.44956066981809384,0,65.18575620039725
ta,65,2,73,60,4.0,35.35533905932738,-1.4288992721907325,0.5685569981889047,0,65.18575620039725
ta,65,2,73,61,4.0,40.311288741492746,-1.4464413322481353,0.565685424949238,0,65.18575620039725
ta,65,2,73,62,4.0,43.78641341786285,-1.456356021524833,0.5685569981889047,0,65.18575620039725
ta,65,2,73,63,4.0,32.59601202601324,-1.4940244355251187,0.44956066981809384,0,65.18575620039725
ta,65,2,73,64,4.0,37.58324094593227,-1.5042281630190728,0.565685424949238,0,65.18575620039725
ta,65,2,73,65,4.0,30.0,4.71238898038469,0.565685424949238,0,65.18575620039725
ta,65,2,73,66,4.0,35.0,4.71238898038469,0.482842712474619,0,65.18575620039725
ta,65,2,73,67,4.0,40.0,4.71238898038469,0.5685569981889047,0,65.18575620039725
ta,65,2,73,68,4.0,35.174564673923115,4.612720327893528,0.482842712474619,0,65.18575620039725
ta,65,2,74,1,5.0,38.82331773560833,4.119594081255864,0.44956066981809384,0,66.15795966887542
ta,65,2,74,2,5.0,35.35533905932738,4.1068443167797195,0.44956066981809384,0,66.15795966887542
ta,65,2,74,3,5.0,35.0,4.2487413713838835,0.5685569981889047,0,66.15795966887542
ta,65,2,74,4,5.0,36.40054944640259,3.970441712378772,0.482842712474619,0,66.15795966887542
ta,65,2,74,5,5.0,32.59601202601324,4.171969480114106,0.482842712474619,0,66.15795966887542
ta,65,2,74,6,5.0,33.354160160315836,4.021942523329997,0.565685424949238,0,66.15795966887542
ta,65,2,74,7,5.0,30.20347662107791,4.364882998263874,0.565685424949238,0,66.15795966887542
ta,65,2,74,8,5.0,30.0,4.2487413713838835,0.44956066981809384,0,66.15795966887542
ta,65,2,74,9,5.0,30.4138126514911,4.083592693969257,0.5685569981889047,0,66.15795966887542
ta,65,2,74,10,5.0,31.622776601683793,3.9269908169872414,0.565685424949238,0,66.15795966887542
ta,65,2,74,11,5.0,32.89756829919196,3.8258874452509426,0.5685569981889047,0,66.15795966887542
ta,65,2,74,12,5.0,27.613402542968153,4.158081484183138,0.44956066981809384,0,66.15795966887542
ta,65,2,74,13,5.0,28.50438562747845,3.9824893222329583,0.565685424949238,0,66.15795966887542
ta,65,2,74,14,5.0,25.0,4.2487413713838835,0.565685424949238,0,66.15795966887542
ta,65,2,74,15,5.0,25.495097567963924,4.051345811534003,0.482842712474619,0,66.15795966887542
ta,65,2,74,17,5.0,22.073740054644116,4.020244732092022,0.4,0,66.15795966887542
ta,65,2,74,18,5.0,9.86154146165801,1.638872785052896,0.44956066981809384,0,66.15795966887542
ta,65,2,74,19,5.0,7.0710678118654755,1.8925468811915387,0.44956066981809384,0,66.15795966887542
ta,65,2,74,20,5.0,5.0,1.1071487177940904,0.5685569981889047,0,66.15795966887542
ta,65,2,74,21,5.0,11.180339887498949,2.214297435588181,0.482842712474619,0,66.15795966887542
ta,65,2,74,22,5.0,3.5355339059327378,1.8925468811915387,0.482842712474619,0,66.15795966887542
ta,65,2,74,23,5.0,7.905694150420948,2.356194490192345,0.565685424949238,0,66.15795966887542
ta,65,2,74,24,5.0,3.5,5.81953769817878,0.565685424949238,0,66.15795966887542
ta,65,2,74,25,5.0,0.0,,0.44956066981809384,0,66.15795966887542
ta,65,2,74,26,5.0,5.0,2.677945044588987,0.5685569981889047,0,66.15795966887542
ta,65,2,74,27,5.0,10.0,2.677945044588987,0.565685424949238,0,66.15795966887542
ta,65,2,74,28,5.0,13.5,2.677945044588987,0.5685569981889047,0,66.15795966887542
ta,65,2,74,29,5.0,3.5355339059327378,3.4633432079864352,0.44956066981809384,0,66.15795966887542
ta,65,2,74,30,5.0,7.905694150420948,2.999695598985629,0.565685424949238,0,66.15795966887542
ta,65,2,74,31,5.0,5.0,4.2487413713838835,0.565685424949238,0,66.15795966887542
ta,65,2,74,32,5.0,7.0710678118654755,3.4633432079864352,0.482842712474619,0,66.15795966887542
ta,65,2,74,34,5.0,9.86154146165801,3.7170173041250782,0.4,0,66.15795966887542
ta,65,2,74,35,5.0,45.90479277809671,4.824659971002236,0.44956066981809384,0,66.15795966887542
ta,65,2,74,36,5.0,43.01162633521314,4.868990857366705,0.44956066981809384,0,66.15795966887542
ta,65,2,74,37,5.0,40.311288741492746,4.767887485630407,0.5685569981889047,0,66.15795966887542
ta,65,2,74,38,5.0,46.09772228646444,4.957367643511554,0.482842712474619,0,66.15795966887542
ta,65,2,74,39,5.0,39.528470752104745,4.854286034988854,0.482842712474619,0,66.15795966887542
ta,65,2,74,40,5.0,42.573465914816005,4.950998302892891,0.565685424949238,0,66.15795966887542
ta,65,2,74,41,5.0,34.23813663153998,4.751584582311745,0.565685424949238,0,66.15795966887542
ta,65,2,74,42,5.0,36.05551275463989,4.836743974931451,0.44956066981809384,0,66.15795966887542
ta,65,2,74,43,5.0,39.05124837953327,4.9434796475805864,0.5685569981889047,0,66.15795966887542
ta,65,2,74,44,5.0,42.42640687119285,5.034139534781332,0.565685424949238,0,66.15795966887542
ta,65,2,74,45,5.0,44.9694340635948,5.089201930155002,0.5685569981889047,0,66.15795966887542
ta,65,2,74,46,5.0,35.531676008879735,4.93447088229017,0.44956066981809384,0,66.15795966887542
ta,65,2,74,47,5.0,38.890872965260115,5.034139534781332,0.565685424949238,0,66.15795966887542
ta,65,2,74,48,5.0,32.01562118716424,4.923482313607437,0.565685424949238,0,66.15795966887542
ta,65,2,74,49,5.0,35.35533905932738,5.034139534781332,0.482842712474619,0,66.15795966887542
ta,65,2,74,50,5.0,39.05124837953327,5.124799421982077,0.5685569981889047,0,66.15795966887542
ta,65,2,74,51,5.0,32.973474187595095,5.109266690692094,0.482842712474619,0,66.15795966887542
ta,65,2,74,52,5.0,26.405491853021786,-0.13590910222025077,0.44956066981809384,0,66.15795966887542
ta,65,2,74,53,5.0,25.495097567963924,-0.2662520491509257,0.44956066981809384,0,66.15795966887542
ta,65,2,74,54,5.0,20.615528128088304,-0.21866894587394192,0.5685569981889047,0,66.15795966887542
ta,65,2,74,55,5.0,30.4138126514911,-0.29849893158617924,0.482842712474619,0,66.15795966887542
ta,65,2,74,56,5.0,22.638462845343543,-0.3529903878269107,0.482842712474619,0,66.15795966887542
ta,65,2,74,57,5.0,27.613402542968153,-0.37298772180006123,0.565685424949238,0,66.15795966887542
ta,65,2,74,58,5.0,16.5,5.81953769817878,0.565685424949238,0,66.15795966887542
ta,65,2,74,59,5.0,20.0,5.81953769817878,0.44956066981809384,1,66.15795966887542
ta,65,2,74,60,5.0,25.0,5.81953769817878,0.5685569981889047,0,66.15795966887542
ta,65,2,74,61,5.0,30.0,5.81953769817878,0.565685424949238,0,66.15795966887542
ta,65,2,74,62,5.0,33.5,5.81953769817878,0.5685569981889047,0,66.15795966887542
ta,65,2,74,63,5.0,22.638462845343543,5.708880477004884,0.44956066981809384,0,66.15795966887542
ta,65,2,74,64,5.0,27.613402542968153,5.728877810978036,0.565685424949238,0,66.15795966887542
ta,65,2,74,65,5.0,20.615528128088304,5.574559035051916,0.565685424949238,0,66.15795966887542
ta,65,2,74,66,5.0,25.495097567963924,5.6221421383289,0.482842712474619,0,66.15795966887542
ta,65,2,74,67,5.0,30.4138126514911,5.654389020764153,0.5685569981889047,0,66.15795966887542
ta,65,2,74,68,5.0,26.405491853021786,5.491799191398225,0.482842712474619,0,66.15795966887542
ta,65,2,75,1,5.0,45.90479277809671,-2.1467149264132495,0.44956066981809384,0,67.89709010365803
ta,65,2,75,2,5.0,43.01162633521314,-2.191045812777718,0.44956066981809384,0,67.89709010365803
ta,65,2,75,3,5.0,40.311288741492746,-2.089942441041419,0.5685569981889047,0,67.89709010365803
ta,65,2,75,4,5.0,46.09772228646444,-2.279422598922567,0.482842712474619,0,67.89709010365803
ta,65,2,75,5,5.0,39.528470752104745,-2.1763409903998667,0.482842712474619,0,67.89709010365803
ta,65,2,75,6,5.0,42.573465914816005,-2.2730532583039036,0.565685424949238,0,67.89709010365803
ta,65,2,75,7,5.0,34.23813663153998,-2.073639537722757,0.565685424949238,0,67.89709010365803
ta,65,2,75,8,5.0,36.05551275463989,-2.158798930342464,0.44956066981809384,0,67.89709010365803
ta,65,2,75,9,5.0,39.05124837953327,-2.2655346029915995,0.5685569981889047,0,67.89709010365803
ta,65,2,75,10,5.0,42.42640687119285,-2.356194490192345,0.565685424949238,0,67.89709010365803
ta,65,2,75,11,5.0,44.9694340635948,-2.411256885566015,0.5685569981889047,0,67.89709010365803
ta,65,2,75,12,5.0,35.531676008879735,-2.256525837701183,0.44956066981809384,0,67.89709010365803
ta,65,2,75,13,5.0,38.890872965260115,-2.356194490192345,0.565685424949238,0,67.89709010365803
ta,65,2,75,14,5.0,32.01562118716424,-2.245537269018449,0.565685424949238,0,67.89709010365803
ta,65,2,75,15,5.0,35.35533905932738,-2.356194490192345,0.482842712474619,0,67.89709010365803
ta,65,2,75,16,5.0,39.05124837953327,-2.44685437739309,0.5685569981889047,0,67.89709010365803
ta,65,2,75,17,5.0,32.973474187595095,-2.4313216461031066,0.482842712474619,0,67.89709010365803
ta,65,2,75,18,5.0,26.405491853021786,-3.4693311603703485,0.44956066981809384,0,67.89709010365803
ta,65,2,75,19,5.0,25.495097567963924,-3.338988213439674,0.44956066981809384,0,67.89709010365803
ta,65,2,75,20,5.0,20.615528128088304,-3.3865713167166573,0.5685569981889047,0,67.89709010365803
ta,65,2,75,21,5.0,30.4138126514911,-3.30674133100442,0.482842712474619,0,67.89709010365803
ta,65,2,75,22,5.0,22.638462845343543,-3.252249874763689,0.482842712474619,0,67.89709010365803
ta,65,2,75,23,5.0,27.613402542968153,-3.232252540790538,0.565685424949238,0,67.89709010365803
ta,65,2,75,24,5.0,16.5,-3.141592653589793,0.565685424949238,0,67.89709010365803
ta,65,2,75,26,5.0,25.0,-3.141592653589793,0.565685424949238,0,67.89709010365803
ta,65,2,75,27,5.0,30.0,-3.141592653589793,0.565685424949238,0,67.89709010365803
ta,65,2,75,28,5.0,33.5,-3.141592653589793,0.5685569981889047,0,67.89709010365803
ta,65,2,75,29,5.0,22.638462845343543,-3.0309354324158972,0.44956066981809384,0,67.89709010365803
ta,65,2,75,30,5.0,27.613402542968153,-3.050932766389048,0.565685424949238,0,67.89709010365803
ta,65,2,75,31,5.0,20.615528128088304,-2.896613990462929,0.565685424949238,0,67.89709010365803
ta,65,2,75,32,5.0,25.495097567963924,-2.9441970937399122,0.482842712474619,0,67.89709010365803
ta,65,2,75,34,5.0,26.405491853021786,-2.8138541468092377,0.4,0,67.89709010365803
ta,65,2,75,35,5.0,38.82331773560833,-1.4416490366668764,0.44956066981809384,0,67.89709010365803
ta,65,2,75,36,5.0,35.35533905932738,-1.4288992721907325,0.44956066981809384,0,67.89709010365803
ta,65,2,75,37,5.0,35.0,-1.5707963267948966,0.5685569981889047,0,67.89709010365803
ta,65,2,75,38,5.0,36.40054944640259,-1.2924966677897851,0.482842712474619,0,67.89709010365803
ta,65,2,75,39,5.0,32.59601202601324,-1.4940244355251184,0.482842712474619,0,67.89709010365803
ta,65,2,75,40,5.0,33.354160160315836,-1.3439974787410107,0.565685424949238,0,67.89709010365803
ta,65,2,75,41,5.0,30.20347662107791,-1.6869379536748867,0.565685424949238,0,67.89709010365803
ta,65,2,75,42,5.0,30.0,-1.5707963267948966,0.44956066981809384,0,67.89709010365803
ta,65,2,75,43,5.0,30.4138126514911,-1.4056476493802696,0.5685569981889047,0,67.89709010365803
ta,65,2,75,44,5.0,31.622776601683793,-1.2490457723982542,0.565685424949238,0,67.89709010365803
ta,65,2,75,45,5.0,32.89756829919196,-1.1479424006619559,0.5685569981889047,0,67.89709010365803
ta,65,2,75,46,5.0,27.613402542968153,-1.4801364395941514,0.44956066981809384,0,67.89709010365803
ta,65,2,75,47,5.0,28.50438562747845,-1.304544277643971,0.565685424949238,0,67.89709010365803
ta,65,2,75,48,5.0,25.0,-1.5707963267948966,0.565685424949238,0,67.89709010365803
ta,65,2,75,49,5.0,25.495097567963924,-1.3734007669450157,0.482842712474619,0,67.89709010365803
ta,65,2,75,50,5.0,26.92582403567252,-1.1902899496825317,0.5685569981889047,0,67.89709010365803
ta,65,2,75,51,5.0,22.073740054644116,-1.3422996875030342,0.482842712474619,0,67.89709010365803
ta,65,2,75,52,5.0,9.86154146165801,-5.244113047643495,0.44956066981809384,0,67.89709010365803
ta,65,2,75,53,5.0,7.0710678118654755,-5.497787143782138,0.44956066981809384,0,67.89709010365803
ta,65,2,75,54,5.0,5.0,-4.71238898038469,0.5685569981889047,0,67.89709010365803
ta,65,2,75,55,5.0,11.180339887498949,-5.81953769817878,0.482842712474619,0,67.89709010365803
ta,65,2,75,56,5.0,3.5355339059327378,-5.497787143782138,0.482842712474619,0,67.89709010365803
ta,65,2,75,57,5.0,7.905694150420948,-5.961434752782944,0.565685424949238,0,67.89709010365803
ta,65,2,75,58,5.0,3.5,-3.141592653589793,0.565685424949238,0,67.89709010365803
ta,65,2,75,59,5.0,0.0,,0.44956066981809384,0,67.89709010365803
ta,65,2,75,60,5.0,5.0,0.0,0.5685569981889047,0,67.89709010365803
ta,65,2,75,61,5.0,10.0,0.0,0.565685424949238,0,67.89709010365803
ta,65,2,75,62,5.0,13.5,0.0,0.5685569981889047,0,67.89709010365803
ta,65,2,75,63,5.0,3.5355339059327378,-0.7853981633974483,0.44956066981809384,0,67.89709010365803
ta,65,2,75,64,5.0,7.905694150420948,-0.32175055439664213,0.565685424949238,0,67.89709010365803
ta,65,2,75,65,5.0,5.0,-1.5707963267948966,0.565685424949238,0,67.89709010365803
ta,65,2,75,66,5.0,7.0710678118654755,-0.7853981633974483,0.482842712474619,1,67.89709010365803
ta,65,2,75,67,5.0,11.180339887498949,-0.46364760900080615,0.5685569981889047,0,67.89709010365803
ta,65,2,75,68,5.0,9.86154146165801,-1.0390722595360908,0.482842712474619,0,67.89709010365803
ta,65,2,76,1,5.0,44.9694340635948,-1.5157339314212264,0.44956066981809384,0,68.51196556555938
ta,65,2,76,2,5.0,42.42640687119285,-1.5707963267948966,0.44956066981809384,0,68.51196556555938
ta,65,2,76,3,5.0,39.05124837953327,-1.4801364395941514,0.5685569981889047,0,68.51196556555938
ta,65,2,76,4,5.0,46.09772228646444,-1.6475682180646745,0.482842712474619,0,68.51196556555938
ta,65,2,76,5,5.0,38.890872965260115,-1.5707963267948966,0.482842712474619,0,68.51196556555938
ta,65,2,76,6,5.0,42.573465914816005,-1.6539375586833378,0.565685424949238,0,68.51196556555938
ta,65,2,76,7,5.0,32.973474187595095,-1.4956691708841343,0.565685424949238,0,68.51196556555938
ta,65,2,76,8,5.0,35.35533905932738,-1.5707963267948966,0.44956066981809384,0,68.51196556555938
ta,65,2,76,9,5.0,39.05124837953327,-1.6614562139956417,0.5685569981889047,0,68.51196556555938
ta,65,2,76,10,5.0,43.01162633521314,-1.7359450042095235,0.565685424949238,0,68.51196556555938
ta,65,2,76,11,5.0,45.90479277809671,-1.780275890573992,0.5685569981889047,0,68.51196556555938
ta,65,2,76,12,5.0,35.531676008879735,-1.6704649792860584,0.44956066981809384,0,68.51196556555938
ta,65,2,76,13,5.0,39.528470752104745,-1.7506498265873747,0.565685424949238,0,68.51196556555938
ta,65,2,76,14,5.0,32.01562118716424,-1.6814535479687922,0.565685424949238,0,68.51196556555938
ta,65,2,76,15,5.0,36.05551275463989,-1.7681918866447774,0.482842712474619,0,68.51196556555938
ta,65,2,76,16,5.0,40.311288741492746,-1.8370483759458218,0.5685569981889047,0,68.51196556555938
ta,65,2,76,17,5.0,34.23813663153998,-1.853351279264484,0.482842712474619,0,68.51196556555938
ta,65,2,76,18,5.0,32.89756829919196,-2.7790484163252858,0.44956066981809384,0,68.51196556555938
ta,65,2,76,19,5.0,31.622776601683793,-2.677945044588987,0.44956066981809384,0,68.51196556555938
ta,65,2,76,20,5.0,26.92582403567252,-2.7367008673047097,0.5685569981889047,0,68.51196556555938
ta,65,2,76,21,5.0,36.40054944640259,-2.6344941491974563,0.482842712474619,0,68.51196556555938
ta,65,2,76,22,5.0,28.50438562747845,-2.62244653934327,0.482842712474619,0,68.51196556555938
ta,65,2,76,23,5.0,33.354160160315836,-2.5829933382462307,0.565685424949238,0,68.51196556555938
ta,65,2,76,24,5.0,22.073740054644116,-2.584691129484207,0.565685424949238,0,68.51196556555938
ta,65,2,76,25,5.0,25.495097567963924,-2.5535900500422257,0.44956066981809384,0,68.51196556555938
ta,65,2,76,26,5.0,30.4138126514911,-2.5213431676069717,0.5685569981889047,0,68.51196556555938
ta,65,2,76,27,5.0,35.35533905932738,-2.498091544796509,0.565685424949238,0,68.51196556555938
ta,65,2,76,28,5.0,38.82331773560833,-2.485341780320365,0.5685569981889047,0,68.51196556555938
ta,65,2,76,29,5.0,27.613402542968153,-2.4468543773930898,0.44956066981809384,0,68.51196556555938
ta,65,2,76,30,5.0,32.59601202601324,-2.4329663814621227,0.565685424949238,0,68.51196556555938
ta,65,2,76,31,5.0,25.0,-2.356194490192345,0.565685424949238,0,68.51196556555938
ta,65,2,76,32,5.0,30.0,-2.356194490192345,0.482842712474619,0,68.51196556555938
ta,65,2,76,33,5.0,35.0,-2.356194490192345,0.5685569981889047,0,68.51196556555938
ta,65,2,76,34,5.0,30.20347662107791,-2.2400528633123544,0.482842712474619,0,68.51196556555938
ta,65,2,76,35,5.0,33.5,-0.7853981633974483,0.44956066981809384,0,68.51196556555938
ta,65,2,76,36,5.0,30.0,-0.7853981633974483,0.44956066981809384,0,68.51196556555938
ta,65,2,76,37,5.0,30.4138126514911,-0.950546840812075,0.5685569981889047,0,68.51196556555938
ta,65,2,76,38,5.0,30.4138126514911,-0.6202494859828214,0.482842712474619,0,68.51196556555938
ta,65,2,76,39,5.0,27.613402542968153,-0.8760580505981934,0.482842712474619,0,68.51196556555938
ta,65,2,76,40,5.0,27.613402542968153,-0.6947382761967031,0.565685424949238,0,68.51196556555938
ta,65,2,76,41,5.0,26.405491853021786,-1.1131366701780037,0.565685424949238,0,68.51196556555938
ta,65,2,76,42,5.0,25.495097567963924,-0.9827937232473289,0.44956066981809384,0,68.51196556555938
ta,65,2,76,43,5.0,25.0,-0.7853981633974483,0.5685569981889047,0,68.51196556555938
ta,65,2,76,44,5.0,25.495097567963924,-0.5880026035475674,0.565685424949238,0,68.51196556555938
ta,65,2,76,45,5.0,26.405491853021786,-0.4576596566168927,0.5685569981889047,0,68.51196556555938
ta,65,2,76,46,5.0,22.638462845343543,-0.8960553845713439,0.44956066981809384,0,68.51196556555938
ta,65,2,76,47,5.0,22.638462845343543,-0.6747409422235526,0.565685424949238,0,68.51196556555938
ta,65,2,76,48,5.0,20.615528128088304,-1.0303768265243123,0.565685424949238,0,68.51196556555938
ta,65,2,76,49,5.0,20.0,-0.7853981633974483,0.482842712474619,1,68.51196556555938
ta,65,2,76,50,5.0,20.615528128088304,-0.540419500270584,0.5685569981889047,0,68.51196556555938
ta,65,2,76,51,5.0,16.5,-0.7853981633974483,0.482842712474619,0,68.51196556555938
ta,65,2,76,52,5.0,13.5,-3.9269908169872414,0.44956066981809384,0,68.51196556555938
ta,65,2,76,53,5.0,10.0,-3.9269908169872414,0.44956066981809384,0,68.51196556555938
ta,65,2,76,54,5.0,11.180339887498949,-3.4633432079864352,0.5685569981889047,0,68.51196556555938
ta,65,2,76,55,5.0,11.180339887498949,-4.3906384259880475,0.482842712474619,0,68.51196556555938
ta,65,2,76,56,5.0,7.905694150420948,-3.6052402625905993,0.482842712474619,0,68.51196556555938
ta,65,2,76,57,5.0,7.905694150420948,-4.2487413713838835,0.565685424949238,0,68.51196556555938
ta,65,2,76,58,5.0,9.86154146165801,-2.8879185574511506,0.565685424949238,0,68.51196556555938
ta,65,2,76,60,5.0,5.0,-3.9269908169872414,0.565685424949238,0,68.51196556555938
ta,65,2,76,61,5.0,7.0710678118654755,-4.71238898038469,0.565685424949238,0,68.51196556555938
ta,65,2,76,62,5.0,9.86154146165801,-4.966063076523333,0.5685569981889047,0,68.51196556555938
ta,65,2,76,63,5.0,3.5355339059327378,-3.141592653589793,0.44956066981809384,0,68.51196556555938
ta,65,2,76,64,5.0,3.5355339059327378,-4.71238898038469,0.565685424949238,0,68.51196556555938
ta,65,2,76,65,5.0,5.0,-2.356194490192345,0.565685424949238,0,68.51196556555938
ta,65,2,76,66,5.0,0.0,,0.482842712474619,0,68.51196556555938
ta,65,2,76,67,5.0,5.0,0.7853981633974483,0.5685569981889047,0,68.51196556555938
ta,65,2,76,68,5.0,3.5,-0.7853981633974483,0.482842712474619,0,68.51196556555938
ta,65,2,77,1,5.0,32.89756829919196,-1.1479424006619559,0.3276927682076162,0,70.25109600034199
ta,65,2,77,2,5.0,31.622776601683793,-1.2490457723982544,0.44956066981809384,0,70.25109600034199
ta,65,2,77,3,5.0,26.92582403567252,-1.1902899496825317,0.5685569981889047,0,70.25109600034199
ta,65,2,77,4,5.0,36.40054944640259,-1.2924966677897851,0.482842712474619,0,70.25109600034199
ta,65,2,77,5,5.0,28.50438562747845,-1.3045442776439713,0.482842712474619,0,70.25109600034199
ta,65,2,77,6,5.0,33.354160160315836,-1.3439974787410107,0.565685424949238,0,70.25109600034199
ta,65,2,77,7,5.0,22.073740054644116,-1.3422996875030342,0.565685424949238,0,70.25109600034199
ta,65,2,77,8,5.0,25.495097567963924,-1.373400766945016,0.44956066981809384,0,70.25109600034199
ta,65,2,77,9,5.0,30.4138126514911,-1.4056476493802696,0.5685569981889047,0,70.25109600034199
ta,65,2,77,10,5.0,35.35533905932738,-1.4288992721907325,0.565685424949238,0,70.25109600034199
ta,65,2,77,11,5.0,38.82331773560833,-1.4416490366668766,0.5685569981889047,0,70.25109600034199
ta,65,2,77,12,5.0,27.613402542968153,-1.4801364395941514,0.44956066981809384,0,70.25109600034199
ta,65,2,77,13,5.0,32.59601202601324,-1.4940244355251184,0.565685424949238,0,70.25109600034199
ta,65,2,77,14,5.0,25.0,-1.5707963267948966,0.565685424949238,0,70.25109600034199
ta,65,2,77,15,5.0,30.0,-1.5707963267948966,0.482842712474619,0,70.25109600034199
ta,65,2,77,16,5.0,35.0,-1.5707963267948966,0.5685569981889047,0,70.25109600034199
ta,65,2,77,17,5.0,30.20347662107791,-1.6869379536748867,0.482842712474619,0,70.25109600034199
ta,65,2,77,18,5.0,44.9694340635948,-2.411256885566015,0.44956066981809384,0,70.25109600034199
ta,65,2,77,19,5.0,42.42640687119285,-2.356194490192345,0.44956066981809384,0,70.25109600034199
ta,65,2,77,20,5.0,39.05124837953327,-2.44685437739309,0.5685569981889047,0,70.25109600034199
ta,65,2,77,21,5.0,46.09772228646444,-2.279422598922567,0.482842712474619,0,70.25109600034199
ta,65,2,77,22,5.0,38.890872965260115,-2.356194490192345,0.482842712474619,0,70.25109600034199
ta,65,2,77,23,5.0,42.573465914816005,-2.2730532583039036,0.565685424949238,0,70.25109600034199
ta,65,2,77,24,5.0,32.973474187595095,-2.431321646103107,0.565685424949238,0,70.25109600034199
ta,65,2,77,25,5.0,35.35533905932738,-2.356194490192345,0.44956066981809384,0,70.25109600034199
ta,65,2,77,26,5.0,39.05124837953327,-2.2655346029915995,0.5685569981889047,0,70.25109600034199
ta,65,2,77,27,5.0,43.01162633521314,-2.191045812777718,0.565685424949238,0,70.25109600034199
ta,65,2,77,28,5.0,45.90479277809671,-2.1467149264132495,0.5685569981889047,0,70.25109600034199
ta,65,2,77,29,5.0,35.531676008879735,-2.256525837701183,0.44956066981809384,0,70.25109600034199
ta,65,2,77,30,5.0,39.528470752104745,-2.1763409903998667,0.565685424949238,0,70.25109600034199
ta,65,2,77,31,5.0,32.01562118716424,-2.245537269018449,0.565685424949238,0,70.25109600034199
ta,65,2,77,32,5.0,36.05551275463989,-2.158798930342464,0.482842712474619,0,70.25109600034199
ta,65,2,77,33,5.0,40.311288741492746,-2.0899424410414196,0.5685569981889047,0,70.25109600034199
ta,65,2,77,34,5.0,34.23813663153998,-2.0736395377227574,0.482842712474619,0,70.25109600034199
ta,65,2,77,35,5.0,13.5,0.0,0.44956066981809384,0,70.25109600034199
ta,65,2,77,36,5.0,10.0,0.0,0.44956066981809384,0,70.25109600034199
ta,65,2,77,37,5.0,11.180339887498949,-0.46364760900080615,0.5685569981889047,0,70.25109600034199
ta,65,2,77,38,5.0,11.180339887498949,0.46364760900080615,0.482842712474619,0,70.25109600034199
ta,65,2,77,39,5.0,7.905694150420948,-0.32175055439664213,0.482842712474619,0,70.25109600034199
ta,65,2,77,40,5.0,7.905694150420948,0.32175055439664235,0.565685424949238,0,70.25109600034199
ta,65,2,77,41,5.0,9.86154146165801,-1.0390722595360908,0.565685424949238,0,70.25109600034199
ta,65,2,77,42,5.0,7.0710678118654755,-0.7853981633974483,0.44956066981809384,1,70.25109600034199
ta,65,2,77,43,5.0,5.0,0.0,0.5685569981889047,0,70.25109600034199
ta,65,2,77,44,5.0,7.0710678118654755,0.7853981633974483,0.565685424949238,0,70.25109600034199
ta,65,2,77,45,5.0,9.86154146165801,1.0390722595360913,0.5685569981889047,0,70.25109600034199
ta,65,2,77,46,5.0,3.5355339059327378,-0.7853981633974483,0.44956066981809384,0,70.25109600034199
ta,65,2,77,47,5.0,3.5355339059327378,0.7853981633974483,0.565685424949238,0,70.25109600034199
ta,65,2,77,48,5.0,5.0,-1.5707963267948966,0.565685424949238,0,70.25109600034199
ta,65,2,77,49,5.0,0.0,,0.482842712474619,0,70.25109600034199
ta,65,2,77,50,5.0,5.0,1.5707963267948966,0.5685569981889047,0,70.25109600034199
ta,65,2,77,51,5.0,3.5,-3.141592653589793,0.482842712474619,0,70.25109600034199
ta,65,2,77,52,5.0,33.5,-3.141592653589793,0.44956066981809384,0,70.25109600034199
ta,65,2,77,53,5.0,30.0,-3.141592653589793,0.44956066981809384,0,70.25109600034199
ta,65,2,77,54,5.0,30.4138126514911,-2.976443976175166,0.5685569981889047,0,70.25109600034199
ta,65,2,77,55,5.0,30.4138126514911,-3.30674133100442,0.482842712474619,0,70.25109600034199
ta,65,2,77,56,5.0,27.613402542968153,-3.0509327663890478,0.482842712474619,0,70.25109600034199
ta,65,2,77,57,5.0,27.613402542968153,-3.2322525407905385,0.565685424949238,0,70.25109600034199
ta,65,2,77,58,5.0,26.405491853021786,-2.8138541468092377,0.565685424949238,0,70.25109600034199
ta,65,2,77,60,5.0,25.0,-3.141592653589793,0.565685424949238,0,70.25109600034199
ta,65,2,77,61,5.0,25.495097567963924,-3.338988213439674,0.565685424949238,0,70.25109600034199
ta,65,2,77,62,5.0,26.405491853021786,-3.4693311603703485,0.5685569981889047,0,70.25109600034199
ta,65,2,77,63,5.0,22.638462845343543,-3.0309354324158972,0.44956066981809384,0,70.25109600034199
ta,65,2,77,64,5.0,22.638462845343543,-3.252249874763689,0.565685424949238,0,70.25109600034199
ta,65,2,77,65,5.0,20.615528128088304,-2.896613990462929,0.565685424949238,0,70.25109600034199
ta,65,2,77,67,5.0,20.615528128088304,-3.3865713167166573,0.565685424949238,0,70.25109600034199
ta,65,2,77,68,5.0,16.5,-3.141592653589793,0.482842712474619,0,70.25109600034199
ta,65,2,78,1,5.0,26.405491853021786,-0.45765965661689284,0.3276927682076162,0,70.86597146224334
ta,65,2,78,2,5.0,25.495097567963924,-0.5880026035475675,0.44956066981809384,0,70.86597146224334
ta,65,2,78,3,5.0,20.615528128088304,-0.5404195002705842,0.5685569981889047,0,70.86597146224334
ta,65,2,78,4,5.0,30.4138126514911,-0.6202494859828215,0.482842712474619,0,70.86597146224334
ta,65,2,78,5,5.0,22.638462845343543,-0.6747409422235526,0.482842712474619,0,70.86597146224334
ta,65,2,78,6,5.0,27.613402542968153,-0.6947382761967031,0.565685424949238,0,70.86597146224334
ta,65,2,78,7,5.0,16.5,-0.7853981633974483,0.565685424949238,0,70.86597146224334
ta,65,2,78,8,5.0,20.0,-0.7853981633974483,0.44956066981809384,1,70.86597146224334
ta,65,2,78,9,5.0,25.0,-0.7853981633974483,0.5685569981889047,0,70.86597146224334
ta,65,2,78,10,5.0,30.0,-0.7853981633974483,0.565685424949238,0,70.86597146224334
ta,65,2,78,11,5.0,33.5,-0.7853981633974483,0.5685569981889047,0,70.86597146224334
ta,65,2,78,12,5.0,22.638462845343543,-0.8960553845713439,0.44956066981809384,0,70.86597146224334
ta,65,2,78,13,5.0,27.613402542968153,-0.8760580505981934,0.565685424949238,0,70.86597146224334
ta,65,2,78,14,5.0,20.615528128088304,-1.0303768265243125,0.565685424949238,0,70.86597146224334
ta,65,2,78,15,5.0,25.495097567963924,-0.982793723247329,0.482842712474619,0,70.86597146224334
ta,65,2,78,16,5.0,30.4138126514911,-0.9505468408120751,0.5685569981889047,0,70.86597146224334
ta,65,2,78,17,5.0,26.405491853021786,-1.1131366701780037,0.482842712474619,0,70.86597146224334
ta,65,2,78,18,5.0,45.90479277809671,-1.780275890573992,0.44956066981809384,0,70.86597146224334
ta,65,2,78,19,5.0,43.01162633521314,-1.7359450042095235,0.44956066981809384,0,70.86597146224334
ta,65,2,78,20,5.0,40.311288741492746,-1.837048375945822,0.5685569981889047,0,70.86597146224334
ta,65,2,78,21,5.0,46.09772228646444,-1.6475682180646747,0.482842712474619,0,70.86597146224334
ta,65,2,78,22,5.0,39.528470752104745,-1.750649826587375,0.482842712474619,0,70.86597146224334
ta,65,2,78,23,5.0,42.573465914816005,-1.6539375586833378,0.565685424949238,0,70.86597146224334
ta,65,2,78,24,5.0,34.23813663153998,-1.8533512792644842,0.565685424949238,0,70.86597146224334
ta,65,2,78,25,5.0,36.05551275463989,-1.7681918866447774,0.44956066981809384,0,70.86597146224334
ta,65,2,78,26,5.0,39.05124837953327,-1.6614562139956417,0.5685569981889047,0,70.86597146224334
ta,65,2,78,27,5.0,42.42640687119285,-1.5707963267948966,0.565685424949238,0,70.86597146224334
ta,65,2,78,28,5.0,44.9694340635948,-1.5157339314212264,0.5685569981889047,0,70.86597146224334
ta,65,2,78,29,5.0,35.531676008879735,-1.6704649792860586,0.44956066981809384,0,70.86597146224334
ta,65,2,78,30,5.0,38.890872965260115,-1.5707963267948966,0.565685424949238,0,70.86597146224334
ta,65,2,78,31,5.0,32.01562118716424,-1.6814535479687922,0.565685424949238,0,70.86597146224334
ta,65,2,78,32,5.0,35.35533905932738,-1.5707963267948966,0.482842712474619,0,70.86597146224334
ta,65,2,78,33,5.0,39.05124837953327,-1.4801364395941514,0.5685569981889047,0,70.86597146224334
ta,65,2,78,34,5.0,32.973474187595095,-1.4956691708841345,0.482842712474619,0,70.86597146224334
ta,65,2,78,35,5.0,9.86154146165801,1.317122230656254,0.44956066981809384,0,70.86597146224334
ta,65,2,78,36,5.0,7.0710678118654755,1.5707963267948966,0.44956066981809384,0,70.86597146224334
ta,65,2,78,37,5.0,5.0,0.7853981633974483,0.5685569981889047,0,70.86597146224334
ta,65,2,78,38,5.0,11.180339887498949,1.8925468811915387,0.482842712474619,0,70.86597146224334
ta,65,2,78,39,5.0,3.5355339059327378,1.5707963267948966,0.482842712474619,0,70.86597146224334
ta,65,2,78,40,5.0,7.905694150420948,2.0344439357957027,0.565685424949238,0,70.86597146224334
ta,65,2,78,41,5.0,3.5,-0.7853981633974483,0.565685424949238,0,70.86597146224334
ta,65,2,78,42,5.0,0.0,,0.44956066981809384,0,70.86597146224334
ta,65,2,78,43,5.0,5.0,2.356194490192345,0.5685569981889047,0,70.86597146224334
ta,65,2,78,44,5.0,10.0,2.356194490192345,0.565685424949238,0,70.86597146224334
ta,65,2,78,45,5.0,13.5,2.356194490192345,0.5685569981889047,0,70.86597146224334
ta,65,2,78,46,5.0,3.5355339059327378,-3.141592653589793,0.44956066981809384,0,70.86597146224334
ta,65,2,78,47,5.0,7.905694150420948,-3.6052402625905993,0.565685424949238,0,70.86597146224334
ta,65,2,78,48,5.0,5.0,-2.356194490192345,0.565685424949238,0,70.86597146224334
ta,65,2,78,50,5.0,11.180339887498949,-3.4633432079864352,0.565685424949238,0,70.86597146224334
ta,65,2,78,51,5.0,9.86154146165801,-2.8879185574511506,0.482842712474619,0,70.86597146224334
ta,65,2,78,52,5.0,38.82331773560833,-2.485341780320365,0.3276927682076162,0,70.86597146224334
ta,65,2,78,53,5.0,35.35533905932738,-2.498091544796509,0.44956066981809384,0,70.86597146224334
ta,65,2,78,54,5.0,35.0,-2.356194490192345,0.5685569981889047,0,70.86597146224334
ta,65,2,78,55,5.0,36.40054944640259,-2.6344941491974563,0.482842712474619,0,70.86597146224334
ta,65,2,78,56,5.0,32.59601202601324,-2.4329663814621227,0.482842712474619,0,70.86597146224334
ta,65,2,78,57,5.0,33.354160160315836,-2.5829933382462307,0.565685424949238,0,70.86597146224334
ta,65,2,78,58,5.0,30.20347662107791,-2.2400528633123544,0.565685424949238,0,70.86597146224334
ta,65,2,78,59,5.0,30.0,-2.356194490192345,0.44956066981809384,0,70.86597146224334
ta,65,2,78,60,5.0,30.4138126514911,-2.5213431676069717,0.5685569981889047,0,70.86597146224334
ta,65,2,78,61,5.0,31.622776601683793,-2.677945044588987,0.565685424949238,0,70.86597146224334
ta,65,2,78,62,5.0,32.89756829919196,-2.7790484163252858,0.5685569981889047,0,70.86597146224334
ta,65,2,78,63,5.0,27.613402542968153,-2.44685437739309,0.44956066981809384,0,70.86597146224334
ta,65,2,78,64,5.0,28.50438562747845,-2.6224465393432705,0.565685424949238,0,70.86597146224334
ta,65,2,78,65,5.0,25.0,-2.356194490192345,0.565685424949238,0,70.86597146224334
ta,65,2,78,67,5.0,26.92582403567252,-2.7367008673047097,0.565685424949238,0,70.86597146224334
ta,65,2,78,68,5.0,22.073740054644116,-2.584691129484207,0.482842712474619,0,70.86597146224334
ta,65,2,79,1,5.0,9.86154146165801,1.039072259536091,0.3276927682076162,0,72.60510189702595
ta,65,2,79,2,5.0,7.0710678118654755,0.7853981633974483,0.44956066981809384,0,72.60510189702595
ta,65,2,79,3,5.0,5.0,1.5707963267948966,0.5685569981889047,0,72.60510189702595
ta,65,2,79,4,5.0,11.180339887498949,0.4636476090008061,0.482842712474619,0,72.60510189702595
ta,65,2,79,5,5.0,3.5355339059327378,0.7853981633974483,0.482842712474619,0,72.60510189702595
ta,65,2,79,6,5.0,7.905694150420948,0.3217505543966422,0.565685424949238,0,72.60510189702595
ta,65,2,79,7,5.0,3.5,3.141592653589793,0.565685424949238,0,72.60510189702595
ta,65,2,79,8,5.0,0.0,,0.44956066981809384,0,72.60510189702595
ta,65,2,79,9,5.0,5.0,0.0,0.5685569981889047,0,72.60510189702595
ta,65,2,79,10,5.0,10.0,0.0,0.565685424949238,0,72.60510189702595
ta,65,2,79,11,5.0,13.5,0.0,0.5685569981889047,0,72.60510189702595
ta,65,2,79,12,5.0,3.5355339059327378,-0.7853981633974483,0.44956066981809384,0,72.60510189702595
ta,65,2,79,13,5.0,7.905694150420948,-0.3217505543966422,0.565685424949238,0,72.60510189702595
ta,65,2,79,14,5.0,5.0,-1.5707963267948966,0.565685424949238,0,72.60510189702595
ta,65,2,79,15,5.0,7.0710678118654755,-0.7853981633974483,0.482842712474619,1,72.60510189702595
ta,65,2,79,16,5.0,11.180339887498949,-0.4636476090008061,0.5685569981889047,0,72.60510189702595
ta,65,2,79,17,5.0,9.86154146165801,-1.039072259536091,0.482842712474619,0,72.60510189702595
ta,65,2,79,18,5.0,38.82331773560833,-1.4416490366668766,0.44956066981809384,0,72.60510189702595
ta,65,2,79,19,5.0,35.35533905932738,-1.4288992721907328,0.44956066981809384,0,72.60510189702595
ta,65,2,79,20,5.0,35.0,-1.5707963267948966,0.5685569981889047,0,72.60510189702595
ta,65,2,79,21,5.0,36.40054944640259,-1.2924966677897853,0.482842712474619,0,72.60510189702595
ta,65,2,79,22,5.0,32.59601202601324,-1.4940244355251187,0.482842712474619,0,72.60510189702595
ta,65,2,79,23,5.0,33.354160160315836,-1.3439974787410107,0.565685424949238,0,72.60510189702595
ta,65,2,79,24,5.0,30.20347662107791,-1.6869379536748867,0.565685424949238,0,72.60510189702595
ta,65,2,79,25,5.0,30.0,-1.5707963267948966,0.44956066981809384,0,72.60510189702595
ta,65,2,79,26,5.0,30.4138126514911,-1.4056476493802699,0.5685569981889047,0,72.60510189702595
ta,65,2,79,27,5.0,31.622776601683793,-1.2490457723982544,0.565685424949238,0,72.60510189702595
ta,65,2,79,28,5.0,32.89756829919196,-1.1479424006619559,0.5685569981889047,0,72.60510189702595
ta,65,2,79,29,5.0,27.613402542968153,-1.4801364395941514,0.44956066981809384,0,72.60510189702595
ta,65,2,79,30,5.0,28.50438562747845,-1.3045442776439713,0.565685424949238,0,72.60510189702595
ta,65,2,79,31,5.0,25.0,-1.5707963267948966,0.565685424949238,0,72.60510189702595
ta,65,2,79,32,5.0,25.495097567963924,-1.373400766945016,0.482842712474619,0,72.60510189702595
ta,65,2,79,33,5.0,26.92582403567252,-1.1902899496825317,0.5685569981889047,0,72.60510189702595
ta,65,2,79,34,5.0,22.073740054644116,-1.3422996875030344,0.482842712474619,0,72.60510189702595
ta,65,2,79,35,5.0,26.405491853021786,2.8138541468092377,0.44956066981809384,0,72.60510189702595
ta,65,2,79,36,5.0,25.495097567963924,2.9441970937399127,0.44956066981809384,0,72.60510189702595
ta,65,2,79,37,5.0,20.615528128088304,2.896613990462929,0.5685569981889047,0,72.60510189702595
ta,65,2,79,38,5.0,30.4138126514911,2.976443976175166,0.482842712474619,0,72.60510189702595
ta,65,2,79,39,5.0,22.638462845343543,3.0309354324158977,0.482842712474619,0,72.60510189702595
ta,65,2,79,40,5.0,27.613402542968153,3.050932766389048,0.565685424949238,0,72.60510189702595
ta,65,2,79,41,5.0,16.5,3.141592653589793,0.565685424949238,0,72.60510189702595
ta,65,2,79,43,5.0,25.0,3.141592653589793,0.565685424949238,0,72.60510189702595
ta,65,2,79,44,5.0,30.0,3.141592653589793,0.565685424949238,0,72.60510189702595
ta,65,2,79,45,5.0,33.5,3.141592653589793,0.5685569981889047,0,72.60510189702595
ta,65,2,79,46,5.0,22.638462845343543,-3.0309354324158977,0.44956066981809384,0,72.60510189702595
ta,65,2,79,47,5.0,27.613402542968153,-3.050932766389048,0.565685424949238,0,72.60510189702595
ta,65,2,79,48,5.0,20.615528128088304,-2.896613990462929,0.565685424949238,0,72.60510189702595
ta,65,2,79,49,5.0,25.495097567963924,-2.9441970937399127,0.482842712474619,0,72.60510189702595
ta,65,2,79,50,5.0,30.4138126514911,-2.976443976175166,0.5685569981889047,0,72.60510189702595
ta,65,2,79,51,5.0,26.405491853021786,-2.8138541468092377,0.482842712474619,0,72.60510189702595
ta,65,2,79,52,5.0,45.90479277809671,-2.1467149264132495,0.44956066981809384,0,72.60510189702595
ta,65,2,79,53,5.0,43.01162633521314,-2.191045812777718,0.44956066981809384,0,72.60510189702595
ta,65,2,79,54,5.0,40.311288741492746,-2.0899424410414196,0.5685569981889047,0,72.60510189702595
ta,65,2,79,55,5.0,46.09772228646444,-2.279422598922567,0.482842712474619,0,72.60510189702595
ta,65,2,79,56,5.0,39.528470752104745,-2.1763409903998667,0.482842712474619,0,72.60510189702595
ta,65,2,79,57,5.0,42.573465914816005,-2.2730532583039036,0.565685424949238,0,72.60510189702595
ta,65,2,79,58,5.0,34.23813663153998,-2.0736395377227574,0.565685424949238,0,72.60510189702595
ta,65,2,79,59,5.0,36.05551275463989,-2.158798930342464,0.44956066981809384,0,72.60510189702595
ta,65,2,79,60,5.0,39.05124837953327,-2.2655346029916,0.5685569981889047,0,72.60510189702595
ta,65,2,79,61,5.0,42.42640687119285,-2.356194490192345,0.565685424949238,0,72.60510189702595
ta,65,2,79,62,5.0,44.9694340635948,-2.411256885566015,0.5685569981889047,0,72.60510189702595
ta,65,2,79,63,5.0,35.531676008879735,-2.256525837701183,0.44956066981809384,0,72.60510189702595
ta,65,2,79,64,5.0,38.890872965260115,-2.356194490192345,0.565685424949238,0,72.60510189702595
ta,65,2,79,65,5.0,32.01562118716424,-2.2455372690184494,0.565685424949238,0,72.60510189702595
ta,65,2,79,67,5.0,39.05124837953327,-2.44685437739309,0.565685424949238,0,72.60510189702595
ta,65,2,79,68,5.0,32.973474187595095,-2.431321646103107,0.482842712474619,0,72.60510189702595
ta,65,2,80,1,5.0,13.5,2.356194490192345,0.44956066981809384,0,73.2199773589273
ta,65,2,80,2,5.0,10.0,2.356194490192345,0.44956066981809384,0,73.2199773589273
ta,65,2,80,3,5.0,11.180339887498949,2.819842099193151,0.5685569981889047,0,73.2199773589273
ta,65,2,80,4,5.0,11.180339887498949,1.8925468811915387,0.482842712474619,0,73.2199773589273
ta,65,2,80,5,5.0,7.905694150420948,2.677945044588987,0.482842712474619,0,73.2199773589273
ta,65,2,80,6,5.0,7.905694150420948,2.0344439357957027,0.565685424949238,0,73.2199773589273
ta,65,2,80,7,5.0,9.86154146165801,3.395266749728436,0.565685424949238,0,73.2199773589273
ta,65,2,80,9,5.0,5.0,2.356194490192345,0.565685424949238,0,73.2199773589273
ta,65,2,80,10,5.0,7.0710678118654755,1.5707963267948966,0.565685424949238,0,73.2199773589273
ta,65,2,80,11,5.0,9.86154146165801,1.317122230656254,0.5685569981889047,0,73.2199773589273
ta,65,2,80,12,5.0,3.5355339059327378,3.141592653589793,0.44956066981809384,0,73.2199773589273
ta,65,2,80,13,5.0,3.5355339059327378,1.5707963267948966,0.565685424949238,0,73.2199773589273
ta,65,2,80,14,5.0,5.0,3.9269908169872414,0.565685424949238,0,73.2199773589273
ta,65,2,80,15,5.0,0.0,,0.482842712474619,0,73.2199773589273
ta,65,2,80,16,5.0,5.0,0.7853981633974483,0.5685569981889047,0,73.2199773589273
ta,65,2,80,17,5.0,3.5,-0.7853981633974483,0.482842712474619,1,73.2199773589273
ta,65,2,80,18,5.0,33.5,-0.7853981633974483,0.44956066981809384,0,73.2199773589273
ta,65,2,80,19,5.0,30.0,-0.7853981633974483,0.44956066981809384,0,73.2199773589273
ta,65,2,80,20,5.0,30.4138126514911,-0.9505468408120752,0.5685569981889047,0,73.2199773589273
ta,65,2,80,21,5.0,30.4138126514911,-0.6202494859828216,0.482842712474619,0,73.2199773589273
ta,65,2,80,22,5.0,27.613402542968153,-0.8760580505981934,0.482842712474619,0,73.2199773589273
ta,65,2,80,23,5.0,27.613402542968153,-0.6947382761967031,0.565685424949238,0,73.2199773589273
ta,65,2,80,24,5.0,26.405491853021786,-1.1131366701780039,0.565685424949238,0,73.2199773589273
ta,65,2,80,25,5.0,25.495097567963924,-0.9827937232473292,0.44956066981809384,0,73.2199773589273
ta,65,2,80,26,5.0,25.0,-0.7853981633974483,0.5685569981889047,0,73.2199773589273
ta,65,2,80,27,5.0,25.495097567963924,-0.5880026035475676,0.565685424949238,0,73.2199773589273
ta,65,2,80,28,5.0,26.405491853021786,-0.4576596566168929,0.5685569981889047,0,73.2199773589273
ta,65,2,80,29,5.0,22.638462845343543,-0.8960553845713439,0.44956066981809384,0,73.2199773589273
ta,65,2,80,30,5.0,22.638462845343543,-0.6747409422235526,0.565685424949238,0,73.2199773589273
ta,65,2,80,31,5.0,20.615528128088304,-1.0303768265243125,0.565685424949238,0,73.2199773589273
ta,65,2,80,32,5.0,20.0,-0.7853981633974483,0.482842712474619,0,73.2199773589273
ta,65,2,80,33,5.0,20.615528128088304,-0.5404195002705843,0.5685569981889047,0,73.2199773589273
ta,65,2,80,34,5.0,16.5,-0.7853981633974483,0.482842712474619,0,73.2199773589273
ta,65,2,80,35,5.0,32.89756829919196,3.504136890854301,0.44956066981809384,0,73.2199773589273
ta,65,2,80,36,5.0,31.622776601683793,3.6052402625905993,0.44956066981809384,0,73.2199773589273
ta,65,2,80,37,5.0,26.92582403567252,3.5464844398748765,0.5685569981889047,0,73.2199773589273
ta,65,2,80,38,5.0,36.40054944640259,3.64869115798213,0.482842712474619,0,73.2199773589273
ta,65,2,80,39,5.0,28.50438562747845,3.660738767836316,0.482842712474619,0,73.2199773589273
ta,65,2,80,40,5.0,33.354160160315836,3.7001919689333556,0.565685424949238,0,73.2199773589273
ta,65,2,80,41,5.0,22.073740054644116,3.698494177695379,0.565685424949238,0,73.2199773589273
ta,65,2,80,42,5.0,25.495097567963924,3.729595257137361,0.44956066981809384,0,73.2199773589273
ta,65,2,80,43,5.0,30.4138126514911,3.7618421395726145,0.5685569981889047,0,73.2199773589273
ta,65,2,80,44,5.0,35.35533905932738,3.7850937623830774,0.565685424949238,0,73.2199773589273
ta,65,2,80,45,5.0,38.82331773560833,3.7978435268592214,0.5685569981889047,0,73.2199773589273
ta,65,2,80,46,5.0,27.613402542968153,3.8363309297864965,0.44956066981809384,0,73.2199773589273
ta,65,2,80,47,5.0,32.59601202601324,3.8502189257174635,0.565685424949238,0,73.2199773589273
ta,65,2,80,48,5.0,25.0,3.9269908169872414,0.565685424949238,0,73.2199773589273
ta,65,2,80,49,5.0,30.0,3.9269908169872414,0.482842712474619,0,73.2199773589273
ta,65,2,80,50,5.0,35.0,3.9269908169872414,0.5685569981889047,0,73.2199773589273
ta,65,2,80,51,5.0,30.20347662107791,-2.240052863312355,0.482842712474619,0,73.2199773589273
ta,65,2,80,52,5.0,44.9694340635948,-1.5157339314212264,0.44956066981809384,0,73.2199773589273
ta,65,2,80,53,5.0,42.42640687119285,-1.5707963267948966,0.44956066981809384,0,73.2199773589273
ta,65,2,80,54,5.0,39.05124837953327,-1.4801364395941516,0.5685569981889047,0,73.2199773589273
ta,65,2,80,55,5.0,46.09772228646444,-1.647568218064675,0.482842712474619,0,73.2199773589273
ta,65,2,80,56,5.0,38.890872965260115,-1.5707963267948966,0.482842712474619,0,73.2199773589273
ta,65,2,80,57,5.0,42.573465914816005,-1.6539375586833378,0.565685424949238,0,73.2199773589273
ta,65,2,80,58,5.0,32.973474187595095,-1.4956691708841348,0.565685424949238,0,73.2199773589273
ta,65,2,80,59,5.0,35.35533905932738,-1.5707963267948966,0.44956066981809384,0,73.2199773589273
ta,65,2,80,60,5.0,39.05124837953327,-1.661456213995642,0.5685569981889047,0,73.2199773589273
ta,65,2,80,61,5.0,43.01162633521314,-1.7359450042095235,0.565685424949238,0,73.2199773589273
ta,65,2,80,62,5.0,45.90479277809671,-1.780275890573992,0.5685569981889047,0,73.2199773589273
ta,65,2,80,63,5.0,35.531676008879735,-1.6704649792860589,0.44956066981809384,0,73.2199773589273
ta,65,2,80,64,5.0,39.528470752104745,-1.7506498265873751,0.565685424949238,0,73.2199773589273
ta,65,2,80,65,5.0,32.01562118716424,-1.6814535479687924,0.565685424949238,0,73.2199773589273
ta,65,2,80,66,5.0,36.05551275463989,-1.7681918866447774,0.482842712474619,0,73.2199773589273
ta,65,2,80,67,5.0,40.311288741492746,-1.8370483759458218,0.5685569981889047,0,73.2199773589273
ta,65,2,80,68,5.0,34.23813663153998,-1.853351279264484,0.482842712474619,0,73.2199773589273
ta,65,2,81,1,5.0,17.0,3.141592653589793,0.44956066981809384,0,73.52432518501425
ta,65,2,81,2,5.0,13.5,3.141592653589793,0.44956066981809384,0,73.52432518501425
ta,65,2,81,3,5.0,14.396180048887969,3.4962983056007335,0.5685569981889047,0,73.52432518501425
ta,65,2,81,4,5.0,14.396180048887969,2.7868870015788527,0.482842712474619,0,73.52432518501425
ta,65,2,81,5,5.0,11.280514172678478,3.365069254730426,0.482842712474619,0,73.52432518501425
ta,65,2,81,6,5.0,11.280514172678478,2.91811605244916,0.565685424949238,0,73.52432518501425
ta,65,2,81,7,5.0,12.020815280171307,3.9269908169872414,0.565685424949238,0,73.52432518501425
ta,65,2,81,9,5.0,8.5,3.141592653589793,0.565685424949238,0,73.52432518501425
ta,65,2,81,10,5.0,9.86154146165801,2.609868586330988,0.565685424949238,0,73.52432518501425
ta,65,2,81,11,5.0,12.020815280171307,2.356194490192345,0.5685569981889047,0,73.52432518501425
ta,65,2,81,12,5.0,6.5,3.536383773289555,0.44956066981809384,0,73.52432518501425
ta,65,2,81,13,5.0,6.5,2.7468015338900313,0.565685424949238,0,73.52432518501425
ta,65,2,81,14,5.0,6.103277807866851,4.101663015995481,0.565685424949238,0,73.52432518501425
ta,65,2,81,16,5.0,6.103277807866851,2.181522291184105,0.565685424949238,0,73.52432518501425
ta,65,2,81,17,5.0,0.0,,0.482842712474619,0,73.52432518501425
ta,65,2,81,18,5.0,30.0,0.0,0.3276927682076162,0,73.52432518501425
ta,65,2,81,19,5.0,26.5,0.0,0.44956066981809384,0,73.52432518501425
ta,65,2,81,20,5.0,26.9675731203236,-0.18648690166721682,0.5685569981889047,0,73.52432518501425
ta,65,2,81,21,5.0,26.9675731203236,0.18648690166721682,0.482842712474619,0,73.52432518501425
ta,65,2,81,22,5.0,24.12985702402731,-0.10379234045704289,0.482842712474619,0,73.52432518501425
ta,65,2,81,23,5.0,24.12985702402731,0.10379234045704266,0.565685424949238,0,73.52432518501425
ta,65,2,81,24,5.0,23.119256043393783,-0.3764903344465229,0.565685424949238,0,73.52432518501425
ta,65,2,81,25,5.0,22.073740054644116,-0.22849663929186237,0.44956066981809384,0,73.52432518501425
ta,65,2,81,26,5.0,21.5,0.0,0.5685569981889047,0,73.52432518501425
ta,65,2,81,27,5.0,22.073740054644116,0.22849663929186215,0.565685424949238,0,73.52432518501425
ta,65,2,81,28,5.0,23.119256043393783,0.3764903344465229,0.5685569981889047,0,73.52432518501425
ta,65,2,81,29,5.0,19.1637678967368,-0.1308273960740569,0.44956066981809384,0,73.52432518501425
ta,65,2,81,30,5.0,19.1637678967368,0.1308273960740569,0.565685424949238,0,73.52432518501425
ta,65,2,81,31,5.0,17.240939649566666,-0.29423456511118773,0.565685424949238,0,73.52432518501425
ta,65,2,81,32,5.0,16.5,0.0,0.482842712474619,1,73.52432518501425
ta,65,2,81,33,5.0,17.240939649566666,0.29423456511118773,0.5685569981889047,0,73.52432518501425
ta,65,2,81,34,5.0,13.0,0.0,0.482842712474619,0,73.52432518501425
ta,65,2,81,35,5.0,34.48187929913333,4.19683997292571,0.44956066981809384,0,73.52432518501425
ta,65,2,81,36,5.0,32.89756829919196,4.289535054251749,0.44956066981809384,0,73.52432518501425
ta,65,2,81,37,5.0,28.412145290350743,4.217255716916286,0.5685569981889047,0,73.52432518501425
ta,65,2,81,38,5.0,37.51333096380539,4.344258209059526,0.482842712474619,0,73.52432518501425
ta,65,2,81,39,5.0,29.618406439239774,4.331882603272325,0.482842712474619,0,73.52432518501425
ta,65,2,81,40,5.0,34.311076928595526,4.386030163677927,0.565685424949238,0,73.52432518501425
ta,65,2,81,41,5.0,23.119256043393783,4.335898645938167,0.565685424949238,0,73.52432518501425
ta,65,2,81,42,5.0,26.405491853021786,4.384650473604134,0.44956066981809384,0,73.52432518501425
ta,65,2,81,43,5.0,31.18092365533773,4.436291960989253,0.5685569981889047,0,73.52432518501425
ta,65,2,81,44,5.0,36.01735692690401,4.474144222205945,0.565685424949238,0,73.52432518501425
ta,65,2,81,45,5.0,39.42714800743264,4.495095549461668,0.5685569981889047,0,73.52432518501425
ta,65,2,81,46,5.0,28.146935890075138,4.497573579983031,0.44956066981809384,0,73.52432518501425
ta,65,2,81,47,5.0,33.04920573932148,4.529829127253783,0.565685424949238,0,73.52432518501425
ta,65,2,81,48,5.0,25.243811122728676,4.5732930389026185,0.565685424949238,0,73.52432518501425
ta,65,2,81,49,5.0,30.20347662107791,4.596247353504699,0.482842712474619,0,73.52432518501425
ta,65,2,81,50,5.0,35.174564673923115,4.612720327893528,0.5685569981889047,0,73.52432518501425
ta,65,2,81,51,5.0,30.0,4.71238898038469,0.482842712474619,0,73.52432518501425
ta,65,2,81,52,5.0,42.42640687119285,-0.7853981633974483,0.44956066981809384,0,73.52432518501425
ta,65,2,81,53,5.0,40.02811511925087,-0.8472660092618285,0.44956066981809384,0,73.52432518501425
ta,65,2,81,54,5.0,36.43144246389374,-0.7562801818904097,0.5685569981889047,0,73.52432518501425
ta,65,2,81,55,5.0,43.900455578501685,-0.9227394408643823,0.482842712474619,0,73.52432518501425
ta,65,2,81,56,5.0,36.5,-0.8532549862537522,0.482842712474619,0,73.52432518501425
ta,65,2,81,57,5.0,40.40111384603152,-0.9347208240911455,0.565685424949238,0,73.52432518501425
ta,65,2,81,58,5.0,30.405591591021544,-0.7853981633974483,0.565685424949238,0,73.52432518501425
ta,65,2,81,59,5.0,32.973474187595095,-0.8605253193082105,0.44956066981809384,0,73.52432518501425
ta,65,2,81,60,5.0,36.908671067921155,-0.9489720389643068,0.5685569981889047,0,73.52432518501425
ta,65,2,81,61,5.0,41.07614879708174,-1.0199387922631802,0.565685424949238,0,73.52432518501425
ta,65,2,81,62,5.0,44.09648512069868,-1.0614951827928847,0.5685569981889047,0,73.52432518501425
ta,65,2,81,63,5.0,33.425289826716536,-0.9661977367014196,0.44956066981809384,0,73.52432518501425
ta,65,2,81,64,5.0,37.646380968162134,-1.0417658557152483,0.565685424949238,0,73.52432518501425
ta,65,2,81,65,5.0,29.95413160150032,-0.9874233198010409,0.565685424949238,0,73.52432518501425
ta,65,2,81,66,5.0,34.23813663153998,-1.0679531158670357,0.482842712474619,0,73.52432518501425
ta,65,2,81,67,5.0,38.69431482789171,-1.1302659861783835,0.5685569981889047,0,73.52432518501425
ta,65,2,81,68,5.0,32.69556544854363,-1.1618884978439712,0.482842712474619,0,73.52432518501425
ta,65,2,82,1,5.0,33.5,3.141592653589793,0.44956066981809384,0,74.9591077937099
ta,65,2,82,2,5.0,30.0,3.141592653589793,0.44956066981809384,0,74.9591077937099
ta,65,2,82,3,5.0,30.4138126514911,3.30674133100442,0.5685569981889047,0,74.9591077937099
ta,65,2,82,4,5.0,30.4138126514911,2.976443976175166,0.482842712474619,0,74.9591077937099
ta,65,2,82,5,5.0,27.613402542968153,3.2322525407905385,0.482842712474619,0,74.9591077937099
ta,65,2,82,6,5.0,27.613402542968153,3.0509327663890478,0.565685424949238,0,74.9591077937099
ta,65,2,82,7,5.0,26.405491853021786,3.4693311603703485,0.565685424949238,0,74.9591077937099
ta,65,2,82,8,5.0,25.495097567963924,3.338988213439674,0.44956066981809384,0,74.9591077937099
ta,65,2,82,9,5.0,25.0,3.141592653589793,0.5685569981889047,0,74.9591077937099
ta,65,2,82,10,5.0,25.495097567963924,2.9441970937399127,0.565685424949238,0,74.9591077937099
ta,65,2,82,11,5.0,26.405491853021786,2.8138541468092377,0.5685569981889047,0,74.9591077937099
ta,65,2,82,12,5.0,22.638462845343543,3.252249874763689,0.44956066981809384,0,74.9591077937099
ta,65,2,82,13,5.0,22.638462845343543,3.0309354324158972,0.565685424949238,0,74.9591077937099
ta,65,2,82,14,5.0,20.615528128088304,3.3865713167166573,0.565685424949238,0,74.9591077937099
ta,65,2,82,16,5.0,20.615528128088304,2.896613990462929,0.482842712474619,0,74.9591077937099
ta,65,2,82,18,5.0,13.5,0.0,0.317692537949962,0,74.9591077937099
ta,65,2,82,19,5.0,10.0,0.0,0.44956066981809384,0,74.9591077937099
ta,65,2,82,20,5.0,11.180339887498949,-0.46364760900080615,0.5685569981889047,0,74.9591077937099
ta,65,2,82,21,5.0,11.180339887498949,0.46364760900080615,0.482842712474619,0,74.9591077937099
ta,65,2,82,22,5.0,7.905694150420948,-0.32175055439664235,0.482842712474619,0,74.9591077937099
ta,65,2,82,23,5.0,7.905694150420948,0.32175055439664213,0.565685424949238,0,74.9591077937099
ta,65,2,82,24,5.0,9.86154146165801,-1.0390722595360913,0.565685424949238,0,74.9591077937099
ta,65,2,82,25,5.0,7.0710678118654755,-0.7853981633974483,0.44956066981809384,1,74.9591077937099
ta,65,2,82,26,5.0,5.0,0.0,0.5685569981889047,0,74.9591077937099
ta,65,2,82,27,5.0,7.0710678118654755,0.7853981633974483,0.565685424949238,0,74.9591077937099
ta,65,2,82,28,5.0,9.86154146165801,1.0390722595360908,0.5685569981889047,0,74.9591077937099
ta,65,2,82,29,5.0,3.5355339059327378,-0.7853981633974483,0.44956066981809384,0,74.9591077937099
ta,65,2,82,30,5.0,3.5355339059327378,0.7853981633974483,0.565685424949238,0,74.9591077937099
ta,65,2,82,31,5.0,5.0,4.71238898038469,0.565685424949238,0,74.9591077937099
ta,65,2,82,32,5.0,0.0,,0.482842712474619,0,74.9591077937099
ta,65,2,82,33,5.0,5.0,1.5707963267948966,0.5685569981889047,0,74.9591077937099
ta,65,2,82,34,5.0,3.5,3.141592653589793,0.482842712474619,0,74.9591077937099
ta,65,2,82,35,5.0,44.9694340635948,3.871928421613571,0.44956066981809384,0,74.9591077937099
ta,65,2,82,36,5.0,42.42640687119285,3.9269908169872414,0.44956066981809384,0,74.9591077937099
ta,65,2,82,37,5.0,39.05124837953327,3.8363309297864965,0.5685569981889047,0,74.9591077937099
ta,65,2,82,38,5.0,46.09772228646444,4.003762708257019,0.482842712474619,0,74.9591077937099
ta,65,2,82,39,5.0,38.890872965260115,3.9269908169872414,0.482842712474619,0,74.9591077937099
ta,65,2,82,40,5.0,42.573465914816005,4.010132048875683,0.565685424949238,0,74.9591077937099
ta,65,2,82,41,5.0,32.973474187595095,3.8518636610764796,0.565685424949238,0,74.9591077937099
ta,65,2,82,42,5.0,35.35533905932738,3.9269908169872414,0.44956066981809384,0,74.9591077937099
ta,65,2,82,43,5.0,39.05124837953327,4.017650704187987,0.5685569981889047,0,74.9591077937099
ta,65,2,82,44,5.0,43.01162633521314,4.092139494401868,0.565685424949238,0,74.9591077937099
ta,65,2,82,45,5.0,45.90479277809671,4.136470380766337,0.5685569981889047,0,74.9591077937099
ta,65,2,82,46,5.0,35.531676008879735,4.026659469478403,0.44956066981809384,0,74.9591077937099
ta,65,2,82,47,5.0,39.528470752104745,4.1068443167797195,0.565685424949238,0,74.9591077937099
ta,65,2,82,48,5.0,32.01562118716424,4.037648038161137,0.565685424949238,0,74.9591077937099
ta,65,2,82,49,5.0,36.05551275463989,4.124386376837123,0.482842712474619,0,74.9591077937099
ta,65,2,82,50,5.0,40.311288741492746,4.193242866138167,0.5685569981889047,0,74.9591077937099
ta,65,2,82,51,5.0,34.23813663153998,4.209545769456829,0.482842712474619,0,74.9591077937099
ta,65,2,82,52,5.0,32.89756829919196,-1.147942400661956,0.44956066981809384,0,74.9591077937099
ta,65,2,82,53,5.0,31.622776601683793,-1.2490457723982544,0.44956066981809384,0,74.9591077937099
ta,65,2,82,54,5.0,26.92582403567252,-1.1902899496825317,0.5685569981889047,0,74.9591077937099
ta,65,2,82,55,5.0,36.40054944640259,-1.2924966677897851,0.482842712474619,0,74.9591077937099
ta,65,2,82,56,5.0,28.50438562747845,-1.3045442776439713,0.482842712474619,0,74.9591077937099
ta,65,2,82,57,5.0,33.354160160315836,-1.3439974787410107,0.565685424949238,0,74.9591077937099
ta,65,2,82,58,5.0,22.073740054644116,-1.3422996875030342,0.565685424949238,0,74.9591077937099
ta,65,2,82,59,5.0,25.495097567963924,-1.3734007669450161,0.44956066981809384,0,74.9591077937099
ta,65,2,82,60,5.0,30.4138126514911,-1.4056476493802696,0.5685569981889047,0,74.9591077937099
ta,65,2,82,61,5.0,35.35533905932738,-1.4288992721907325,0.565685424949238,0,74.9591077937099
ta,65,2,82,62,5.0,38.82331773560833,-1.4416490366668766,0.5685569981889047,0,74.9591077937099
ta,65,2,82,63,5.0,27.613402542968153,-1.4801364395941516,0.44956066981809384,0,74.9591077937099
ta,65,2,82,64,5.0,32.59601202601324,-1.4940244355251187,0.565685424949238,0,74.9591077937099
ta,65,2,82,65,5.0,25.0,4.71238898038469,0.565685424949238,0,74.9591077937099
ta,65,2,82,66,5.0,30.0,4.71238898038469,0.482842712474619,0,74.9591077937099
ta,65,2,82,67,5.0,35.0,4.71238898038469,0.5685569981889047,0,74.9591077937099
ta,65,2,82,68,5.0,30.20347662107791,4.596247353504699,0.482842712474619,0,74.9591077937099
ta,65,2,83,1,5.0,38.82331773560833,3.7978435268592214,0.44956066981809384,0,75.57398325561125
ta,65,2,83,2,5.0,35.35533905932738,3.7850937623830774,0.44956066981809384,0,75.57398325561125
ta,65,2,83,3,5.0,35.0,3.9269908169872414,0.5685569981889047,0,75.57398325561125
ta,65,2,83,4,5.0,36.40054944640259,3.64869115798213,0.482842712474619,0,75.57398325561125
ta,65,2,83,5,5.0,32.59601202601324,3.8502189257174635,0.482842712474619,0,75.57398325561125
ta,65,2,83,6,5.0,33.354160160315836,3.7001919689333556,0.565685424949238,0,75.57398325561125
ta,65,2,83,7,5.0,30.20347662107791,4.043132443867232,0.565685424949238,0,75.57398325561125
ta,65,2,83,8,5.0,30.0,3.9269908169872414,0.44956066981809384,0,75.57398325561125
ta,65,2,83,9,5.0,30.4138126514911,3.7618421395726145,0.5685569981889047,0,75.57398325561125
ta,65,2,83,10,5.0,31.622776601683793,3.6052402625905993,0.565685424949238,0,75.57398325561125
ta,65,2,83,11,5.0,32.89756829919196,3.5041368908543005,0.5685569981889047,0,75.57398325561125
ta,65,2,83,12,5.0,27.613402542968153,3.836330929786496,0.44956066981809384,0,75.57398325561125
ta,65,2,83,13,5.0,28.50438562747845,3.660738767836316,0.565685424949238,0,75.57398325561125
ta,65,2,83,14,5.0,25.0,3.9269908169872414,0.565685424949238,0,75.57398325561125
ta,65,2,83,16,5.0,26.92582403567252,3.5464844398748765,0.565685424949238,0,75.57398325561125
ta,65,2,83,17,5.0,22.073740054644116,3.6984941776953795,0.482842712474619,0,75.57398325561125
ta,65,2,83,18,5.0,9.86154146165801,1.3171222306562538,0.3276927682076162,0,75.57398325561125
ta,65,2,83,19,5.0,7.0710678118654755,1.5707963267948966,0.44956066981809384,0,75.57398325561125
ta,65,2,83,20,5.0,5.0,0.7853981633974483,0.5685569981889047,0,75.57398325561125
ta,65,2,83,21,5.0,11.180339887498949,1.8925468811915387,0.482842712474619,0,75.57398325561125
ta,65,2,83,22,5.0,3.5355339059327378,1.5707963267948966,0.482842712474619,0,75.57398325561125
ta,65,2,83,23,5.0,7.905694150420948,2.0344439357957027,0.565685424949238,0,75.57398325561125
ta,65,2,83,24,5.0,3.5,5.497787143782138,0.565685424949238,0,75.57398325561125
ta,65,2,83,25,5.0,0.0,,0.44956066981809384,0,75.57398325561125
ta,65,2,83,26,5.0,5.0,2.356194490192345,0.5685569981889047,0,75.57398325561125
ta,65,2,83,27,5.0,10.0,2.356194490192345,0.565685424949238,0,75.57398325561125
ta,65,2,83,28,5.0,13.5,2.356194490192345,0.5685569981889047,0,75.57398325561125
ta,65,2,83,29,5.0,3.5355339059327378,3.141592653589793,0.44956066981809384,0,75.57398325561125
ta,65,2,83,30,5.0,7.905694150420948,2.677945044588987,0.565685424949238,0,75.57398325561125
ta,65,2,83,31,5.0,5.0,3.9269908169872414,0.565685424949238,0,75.57398325561125
ta,65,2,83,33,5.0,11.180339887498949,2.819842099193151,0.565685424949238,0,75.57398325561125
ta,65,2,83,34,5.0,9.86154146165801,3.395266749728436,0.482842712474619,0,75.57398325561125
ta,65,2,83,35,5.0,45.90479277809671,4.502909416605594,0.3276927682076162,0,75.57398325561125
ta,65,2,83,36,5.0,43.01162633521314,4.547240302970063,0.44956066981809384,0,75.57398325561125
ta,65,2,83,37,5.0,40.311288741492746,4.446136931233765,0.5685569981889047,0,75.57398325561125
ta,65,2,83,38,5.0,46.09772228646444,4.635617089114912,0.482842712474619,0,75.57398325561125
ta,65,2,83,39,5.0,39.528470752104745,4.532535480592212,0.482842712474619,0,75.57398325561125
ta,65,2,83,40,5.0,42.573465914816005,4.629247748496248,0.565685424949238,0,75.57398325561125
ta,65,2,83,41,5.0,34.23813663153998,4.429834027915103,0.565685424949238,0,75.57398325561125
ta,65,2,83,42,5.0,36.05551275463989,4.514993420534809,0.44956066981809384,0,75.57398325561125
ta,65,2,83,43,5.0,39.05124837953327,4.621729093183944,0.5685569981889047,0,75.57398325561125
ta,65,2,83,44,5.0,42.42640687119285,4.71238898038469,0.565685424949238,0,75.57398325561125
ta,65,2,83,45,5.0,44.9694340635948,4.76745137575836,0.5685569981889047,0,75.57398325561125
ta,65,2,83,46,5.0,35.531676008879735,4.612720327893528,0.44956066981809384,0,75.57398325561125
ta,65,2,83,47,5.0,38.890872965260115,4.71238898038469,0.565685424949238,0,75.57398325561125
ta,65,2,83,48,5.0,32.01562118716424,4.601731759210795,0.565685424949238,0,75.57398325561125
ta,65,2,83,49,5.0,35.35533905932738,4.71238898038469,0.482842712474619,0,75.57398325561125
ta,65,2,83,50,5.0,39.05124837953327,4.803048867585435,0.5685569981889047,0,75.57398325561125
ta,65,2,83,51,5.0,32.973474187595095,4.7875161362954515,0.482842712474619,0,75.57398325561125
ta,65,2,83,52,5.0,26.405491853021786,-0.4576596566168929,0.44956066981809384,0,75.57398325561125
ta,65,2,83,53,5.0,25.495097567963924,-0.5880026035475678,0.44956066981809384,0,75.57398325561125
ta,65,2,83,54,5.0,20.615528128088304,-0.540419500270584,0.5685569981889047,0,75.57398325561125
ta,65,2,83,55,5.0,30.4138126514911,-0.6202494859828214,0.482842712474619,0,75.57398325561125
ta,65,2,83,56,5.0,22.638462845343543,-0.6747409422235529,0.482842712474619,0,75.57398325561125
ta,65,2,83,57,5.0,27.613402542968153,-0.6947382761967034,0.565685424949238,0,75.57398325561125
ta,65,2,83,58,5.0,16.5,5.497787143782138,0.565685424949238,1,75.57398325561125
ta,65,2,83,59,5.0,20.0,5.497787143782138,0.44956066981809384,0,75.57398325561125
ta,65,2,83,60,5.0,25.0,5.497787143782138,0.5685569981889047,0,75.57398325561125
ta,65,2,83,61,5.0,30.0,5.497787143782138,0.565685424949238,0,75.57398325561125
ta,65,2,83,62,5.0,33.5,5.497787143782138,0.5685569981889047,0,75.57398325561125
ta,65,2,83,63,5.0,22.638462845343543,5.387129922608242,0.44956066981809384,0,75.57398325561125
ta,65,2,83,64,5.0,27.613402542968153,5.4071272565813935,0.565685424949238,0,75.57398325561125
ta,65,2,83,65,5.0,20.615528128088304,5.252808480655274,0.565685424949238,0,75.57398325561125
ta,65,2,83,66,5.0,25.495097567963924,5.3003915839322575,0.482842712474619,0,75.57398325561125
ta,65,2,83,67,5.0,30.4138126514911,5.332638466367511,0.5685569981889047,0,75.57398325561125
ta,65,2,83,68,5.0,26.405491853021786,5.170048637001583,0.482842712474619,0,75.57398325561125
ta,65,2,84,1,5.0,44.09648512069868,-2.0800974707969084,0.44956066981809384,0,77.00876586430691
ta,65,2,84,2,5.0,41.07614879708174,-2.121653861326613,0.44956066981809384,0,77.00876586430691
ta,65,2,84,3,5.0,38.69431482789171,-2.0113266674114096,0.5685569981889047,0,77.00876586430691
ta,65,2,84,4,5.0,43.900455578501685,-2.218853212725411,0.482842712474619,0,77.00876586430691
ta,65,2,84,5,5.0,37.646380968162134,-2.0998267978745453,0.482842712474619,0,77.00876586430691
ta,65,2,84,6,5.0,40.40111384603152,-2.2068718294986476,0.565685424949238,0,77.00876586430691
ta,65,2,84,7,5.0,32.69556544854363,-1.979704155745822,0.565685424949238,0,77.00876586430691
ta,65,2,84,8,5.0,34.23813663153998,-2.073639537722757,0.44956066981809384,0,77.00876586430691
ta,65,2,84,9,5.0,36.908671067921155,-2.1926206146254863,0.5685569981889047,0,77.00876586430691
ta,65,2,84,10,5.0,40.02811511925087,-2.2943266443279646,0.565685424949238,0,77.00876586430691
ta,65,2,84,11,5.0,42.42640687119285,-2.356194490192345,0.5685569981889047,0,77.00876586430691
ta,65,2,84,12,5.0,33.425289826716536,-2.1753949168883735,0.44956066981809384,0,77.00876586430691
ta,65,2,84,13,5.0,36.5,-2.288337667336041,0.565685424949238,0,77.00876586430691
ta,65,2,84,14,5.0,29.95413160150032,-2.1541693337887526,0.565685424949238,0,77.00876586430691
ta,65,2,84,16,5.0,36.43144246389374,-2.3853124716993834,0.565685424949238,0,77.00876586430691
ta,65,2,84,17,5.0,30.405591591021544,-2.356194490192345,0.482842712474619,0,77.00876586430691
ta,65,2,84,18,5.0,23.119256043393783,-3.518082988036316,0.3276927682076162,0,77.00876586430691
ta,65,2,84,19,5.0,22.073740054644116,-3.3700892928816555,0.44956066981809384,0,77.00876586430691
ta,65,2,84,20,5.0,17.240939649566666,-3.435827218700981,0.5685569981889047,0,77.00876586430691
ta,65,2,84,21,5.0,26.9675731203236,-3.32807955525701,0.482842712474619,0,77.00876586430691
ta,65,2,84,22,5.0,19.1637678967368,-3.2724200496638502,0.482842712474619,0,77.00876586430691
ta,65,2,84,23,5.0,24.12985702402731,-3.245384994046836,0.565685424949238,0,77.00876586430691
ta,65,2,84,24,5.0,13.0,-3.141592653589793,0.565685424949238,0,77.00876586430691
ta,65,2,84,26,5.0,21.5,-3.141592653589793,0.565685424949238,0,77.00876586430691
ta,65,2,84,27,5.0,26.5,-3.141592653589793,0.565685424949238,0,77.00876586430691
ta,65,2,84,28,5.0,30.0,-3.141592653589793,0.5685569981889047,0,77.00876586430691
ta,65,2,84,29,5.0,19.1637678967368,-3.010765257515736,0.44956066981809384,0,77.00876586430691
ta,65,2,84,30,5.0,24.12985702402731,-3.0378003131327502,0.565685424949238,0,77.00876586430691
ta,65,2,84,31,5.0,17.240939649566666,-2.847358088478605,0.565685424949238,0,77.00876586430691
ta,65,2,84,32,5.0,22.073740054644116,-2.9130960142979307,0.482842712474619,0,77.00876586430691
ta,65,2,84,33,5.0,26.9675731203236,-2.9551057519225763,0.5685569981889047,0,77.00876586430691
ta,65,2,84,34,5.0,23.119256043393783,-2.76510231914327,0.482842712474619,0,77.00876586430691
ta,65,2,84,35,5.0,39.42714800743264,-1.3535028958718753,0.44956066981809384,0,77.00876586430691
ta,65,2,84,36,5.0,36.01735692690401,-1.3325515686161515,0.44956066981809384,0,77.00876586430691
ta,65,2,84,37,5.0,35.174564673923115,-1.4711276743037345,0.5685569981889047,0,77.00876586430691
ta,65,2,84,38,5.0,37.51333096380539,-1.202665555469733,0.482842712474619,0,77.00876586430691
ta,65,2,84,39,5.0,33.04920573932148,-1.3882364736639896,0.482842712474619,0,77.00876586430691
ta,65,2,84,40,5.0,34.311076928595526,-1.2444375100881337,0.565685424949238,0,77.00876586430691
ta,65,2,84,41,5.0,30.0,-1.5707963267948966,0.565685424949238,0,77.00876586430691
ta,65,2,84,42,5.0,30.20347662107791,-1.4546546999149064,0.44956066981809384,0,77.00876586430691
ta,65,2,84,43,5.0,31.18092365533773,-1.29469930739946,0.5685569981889047,0,77.00876586430691
ta,65,2,84,44,5.0,32.89756829919196,-1.1479424006619559,0.565685424949238,0,77.00876586430691
ta,65,2,84,45,5.0,34.48187929913333,-1.0552473193359173,0.5685569981889047,0,77.00876586430691
ta,65,2,84,46,5.0,28.146935890075138,-1.3559809263932379,0.44956066981809384,0,77.00876586430691
ta,65,2,84,47,5.0,29.618406439239774,-1.1902899496825317,0.565685424949238,0,77.00876586430691
ta,65,2,84,48,5.0,25.243811122728676,-1.4317003853128252,0.565685424949238,0,77.00876586430691
ta,65,2,84,49,5.0,26.405491853021786,-1.243057820014341,0.482842712474619,0,77.00876586430691
ta,65,2,84,50,5.0,28.412145290350743,-1.0756630633264925,0.5685569981889047,0,77.00876586430691
ta,65,2,84,51,5.0,23.119256043393783,-1.1943059923483736,0.482842712474619,0,77.00876586430691
ta,65,2,84,52,5.0,12.020815280171307,-5.497787143782138,0.44956066981809384,0,77.00876586430691
ta,65,2,84,53,5.0,9.86154146165801,-5.751461239920781,0.44956066981809384,0,77.00876586430691
ta,65,2,84,54,5.0,6.103277807866851,-5.323114944773899,0.5685569981889047,0,77.00876586430691
ta,65,2,84,55,5.0,14.396180048887969,-5.928479655168646,0.482842712474619,0,77.00876586430691
ta,65,2,84,56,5.0,6.5,-5.888394187479825,0.482842712474619,0,77.00876586430691
ta,65,2,84,57,5.0,11.280514172678478,-6.059708706038953,0.565685424949238,0,77.00876586430691
ta,65,2,84,58,5.0,0.0,,0.565685424949238,0,77.00876586430691
ta,65,2,84,59,5.0,3.5,0.0,0.44956066981809384,1,77.00876586430691
ta,65,2,84,60,5.0,8.5,0.0,0.5685569981889047,0,77.00876586430691
ta,65,2,84,61,5.0,13.5,0.0,0.565685424949238,0,77.00876586430691
ta,65,2,84,62,5.0,17.0,0.0,0.5685569981889047,0,77.00876586430691
ta,65,2,84,63,5.0,6.5,-0.39479111969976133,0.44956066981809384,0,77.00876586430691
ta,65,2,84,64,5.0,11.280514172678478,-0.22347660114063306,0.565685424949238,0,77.00876586430691
ta,65,2,84,65,5.0,6.103277807866851,-0.9600703624056877,0.565685424949238,0,77.00876586430691
ta,65,2,84,66,5.0,9.86154146165801,-0.5317240672588053,0.482842712474619,0,77.00876586430691
ta,65,2,84,67,5.0,14.396180048887969,-0.3547056520109404,0.5685569981889047,0,77.00876586430691
ta,65,2,84,68,5.0,12.020815280171307,-0.7853981633974483,0.482842712474619,0,77.00876586430691
ta,65,2,85,1,5.0,45.90479277809671,-2.1467149264132495,0.44956066981809384,0,77.31311369039386
ta,65,2,85,2,5.0,43.01162633521314,-2.191045812777718,0.44956066981809384,0,77.31311369039386
ta,65,2,85,3,5.0,40.311288741492746,-2.089942441041419,0.5685569981889047,0,77.31311369039386
ta,65,2,85,4,5.0,46.09772228646444,-2.279422598922567,0.482842712474619,0,77.31311369039386
ta,65,2,85,5,5.0,39.528470752104745,-2.1763409903998667,0.482842712474619,0,77.31311369039386
ta,65,2,85,6,5.0,42.573465914816005,-2.2730532583039036,0.565685424949238,0,77.31311369039386
ta,65,2,85,7,5.0,34.23813663153998,-2.073639537722757,0.565685424949238,0,77.31311369039386
ta,65,2,85,8,5.0,36.05551275463989,-2.158798930342464,0.44956066981809384,0,77.31311369039386
ta,65,2,85,9,5.0,39.05124837953327,-2.2655346029915995,0.5685569981889047,0,77.31311369039386
ta,65,2,85,10,5.0,42.42640687119285,-2.356194490192345,0.565685424949238,0,77.31311369039386
ta,65,2,85,11,5.0,44.9694340635948,-2.411256885566015,0.5685569981889047,0,77.31311369039386
ta,65,2,85,12,5.0,35.531676008879735,-2.256525837701183,0.44956066981809384,0,77.31311369039386
ta,65,2,85,13,5.0,38.890872965260115,-2.356194490192345,0.565685424949238,0,77.31311369039386
ta,65,2,85,14,5.0,32.01562118716424,-2.245537269018449,0.565685424949238,0,77.31311369039386
ta,65,2,85,16,5.0,39.05124837953327,-2.44685437739309,0.565685424949238,0,77.31311369039386
ta,65,2,85,17,5.0,32.973474187595095,-2.4313216461031066,0.482842712474619,0,77.31311369039386
ta,65,2,85,18,5.0,26.405491853021786,-3.4693311603703485,0.3276927682076162,0,77.31311369039386
ta,65,2,85,19,5.0,25.495097567963924,-3.338988213439674,0.44956066981809384,0,77.31311369039386
ta,65,2,85,20,5.0,20.615528128088304,-3.3865713167166573,0.5685569981889047,0,77.31311369039386
ta,65,2,85,21,5.0,30.4138126514911,-3.30674133100442,0.482842712474619,0,77.31311369039386
ta,65,2,85,22,5.0,22.638462845343543,-3.252249874763689,0.482842712474619,0,77.31311369039386
ta,65,2,85,23,5.0,27.613402542968153,-3.232252540790538,0.565685424949238,0,77.31311369039386
ta,65,2,85,24,5.0,16.5,-3.141592653589793,0.565685424949238,0,77.31311369039386
ta,65,2,85,25,5.0,20.0,-3.141592653589793,0.44956066981809384,0,77.31311369039386
ta,65,2,85,26,5.0,25.0,-3.141592653589793,0.5685569981889047,0,77.31311369039386
ta,65,2,85,27,5.0,30.0,-3.141592653589793,0.565685424949238,0,77.31311369039386
ta,65,2,85,28,5.0,33.5,-3.141592653589793,0.5685569981889047,0,77.31311369039386
ta,65,2,85,29,5.0,22.638462845343543,-3.0309354324158972,0.44956066981809384,0,77.31311369039386
ta,65,2,85,30,5.0,27.613402542968153,-3.050932766389048,0.565685424949238,0,77.31311369039386
ta,65,2,85,31,5.0,20.615528128088304,-2.896613990462929,0.565685424949238,0,77.31311369039386
ta,65,2,85,32,5.0,25.495097567963924,-2.9441970937399122,0.482842712474619,0,77.31311369039386
ta,65,2,85,33,5.0,30.4138126514911,-2.976443976175166,0.5685569981889047,0,77.31311369039386
ta,65,2,85,34,5.0,26.405491853021786,-2.8138541468092377,0.482842712474619,0,77.31311369039386
ta,65,2,85,35,5.0,38.82331773560833,-1.4416490366668764,0.44956066981809384,0,77.31311369039386
ta,65,2,85,36,5.0,35.35533905932738,-1.4288992721907325,0.44956066981809384,0,77.31311369039386
ta,65,2,85,37,5.0,35.0,-1.5707963267948966,0.5685569981889047,0,77.31311369039386
ta,65,2,85,38,5.0,36.40054944640259,-1.2924966677897851,0.482842712474619,0,77.31311369039386
ta,65,2,85,39,5.0,32.59601202601324,-1.4940244355251184,0.482842712474619,0,77.31311369039386
ta,65,2,85,40,5.0,33.354160160315836,-1.3439974787410107,0.565685424949238,0,77.31311369039386
ta,65,2,85,41,5.0,30.20347662107791,-1.6869379536748867,0.565685424949238,0,77.31311369039386
ta,65,2,85,42,5.0,30.0,-1.5707963267948966,0.44956066981809384,0,77.31311369039386
ta,65,2,85,43,5.0,30.4138126514911,-1.4056476493802696,0.5685569981889047,0,77.31311369039386
ta,65,2,85,44,5.0,31.622776601683793,-1.2490457723982542,0.565685424949238,0,77.31311369039386
ta,65,2,85,45,5.0,32.89756829919196,-1.1479424006619559,0.5685569981889047,0,77.31311369039386
ta,65,2,85,46,5.0,27.613402542968153,-1.4801364395941514,0.44956066981809384,0,77.31311369039386
ta,65,2,85,47,5.0,28.50438562747845,-1.304544277643971,0.565685424949238,0,77.31311369039386
ta,65,2,85,48,5.0,25.0,-1.5707963267948966,0.565685424949238,0,77.31311369039386
ta,65,2,85,49,5.0,25.495097567963924,-1.3734007669450157,0.482842712474619,0,77.31311369039386
ta,65,2,85,50,5.0,26.92582403567252,-1.1902899496825317,0.5685569981889047,0,77.31311369039386
ta,65,2,85,51,5.0,22.073740054644116,-1.3422996875030342,0.482842712474619,0,77.31311369039386
ta,65,2,85,52,5.0,9.86154146165801,-5.244113047643495,0.44956066981809384,0,77.31311369039386
ta,65,2,85,53,5.0,7.0710678118654755,-5.497787143782138,0.44956066981809384,0,77.31311369039386
ta,65,2,85,54,5.0,5.0,-4.71238898038469,0.5685569981889047,0,77.31311369039386
ta,65,2,85,55,5.0,11.180339887498949,-5.81953769817878,0.482842712474619,0,77.31311369039386
ta,65,2,85,56,5.0,3.5355339059327378,-5.497787143782138,0.482842712474619,0,77.31311369039386
ta,65,2,85,57,5.0,7.905694150420948,-5.961434752782944,0.565685424949238,0,77.31311369039386
ta,65,2,85,59,5.0,0.0,,0.3276927682076162,0,77.31311369039386
ta,65,2,85,60,5.0,5.0,0.0,0.565685424949238,0,77.31311369039386
ta,65,2,85,61,5.0,10.0,0.0,0.565685424949238,0,77.31311369039386
ta,65,2,85,62,5.0,13.5,0.0,0.5685569981889047,0,77.31311369039386
ta,65,2,85,63,5.0,3.5355339059327378,-0.7853981633974483,0.44956066981809384,0,77.31311369039386
ta,65,2,85,64,5.0,7.905694150420948,-0.32175055439664213,0.565685424949238,0,77.31311369039386
ta,65,2,85,65,5.0,5.0,-1.5707963267948966,0.565685424949238,0,77.31311369039386
ta,65,2,85,66,5.0,7.0710678118654755,-0.7853981633974483,0.482842712474619,1,77.31311369039386
ta,65,2,85,67,5.0,11.180339887498949,-0.46364760900080615,0.5685569981889047,0,77.31311369039386
ta,65,2,85,68,5.0,9.86154146165801,-1.0390722595360908,0.482842712474619,0,77.31311369039386
ta,65,2,86,1,5.0,44.9694340635948,-1.5157339314212264,0.44956066981809384,0,77.92798915229521
ta,65,2,86,2,5.0,42.42640687119285,-1.5707963267948966,0.44956066981809384,0,77.92798915229521
ta,65,2,86,3,5.0,39.05124837953327,-1.4801364395941514,0.5685569981889047,0,77.92798915229521
ta,65,2,86,4,5.0,46.09772228646444,-1.6475682180646745,0.482842712474619,0,77.92798915229521
ta,65,2,86,5,5.0,38.890872965260115,-1.5707963267948966,0.482842712474619,0,77.92798915229521
ta,65,2,86,6,5.0,42.573465914816005,-1.6539375586833378,0.565685424949238,0,77.92798915229521
ta,65,2,86,7,5.0,32.973474187595095,-1.4956691708841343,0.565685424949238,0,77.92798915229521
ta,65,2,86,8,5.0,35.35533905932738,-1.5707963267948966,0.44956066981809384,0,77.92798915229521
ta,65,2,86,9,5.0,39.05124837953327,-1.6614562139956417,0.5685569981889047,0,77.92798915229521
ta,65,2,86,10,5.0,43.01162633521314,-1.7359450042095235,0.565685424949238,0,77.92798915229521
ta,65,2,86,11,5.0,45.90479277809671,-1.780275890573992,0.5685569981889047,0,77.92798915229521
ta,65,2,86,12,5.0,35.531676008879735,-1.6704649792860584,0.44956066981809384,0,77.92798915229521
ta,65,2,86,13,5.0,39.528470752104745,-1.7506498265873747,0.565685424949238,0,77.92798915229521
ta,65,2,86,14,5.0,32.01562118716424,-1.6814535479687922,0.565685424949238,0,77.92798915229521
ta,65,2,86,15,5.0,36.05551275463989,-1.7681918866447774,0.482842712474619,0,77.92798915229521
ta,65,2,86,16,5.0,40.311288741492746,-1.8370483759458218,0.5685569981889047,0,77.92798915229521
ta,65,2,86,17,5.0,34.23813663153998,-1.853351279264484,0.482842712474619,0,77.92798915229521
ta,65,2,86,18,5.0,32.89756829919196,-2.7790484163252858,0.44956066981809384,0,77.92798915229521
ta,65,2,86,19,5.0,31.622776601683793,-2.677945044588987,0.44956066981809384,0,77.92798915229521
ta,65,2,86,20,5.0,26.92582403567252,-2.7367008673047097,0.5685569981889047,0,77.92798915229521
ta,65,2,86,21,5.0,36.40054944640259,-2.6344941491974563,0.482842712474619,0,77.92798915229521
ta,65,2,86,22,5.0,28.50438562747845,-2.62244653934327,0.482842712474619,0,77.92798915229521
ta,65,2,86,23,5.0,33.354160160315836,-2.5829933382462307,0.565685424949238,0,77.92798915229521
ta,65,2,86,24,5.0,22.073740054644116,-2.584691129484207,0.565685424949238,0,77.92798915229521
ta,65,2,86,25,5.0,25.495097567963924,-2.5535900500422257,0.44956066981809384,0,77.92798915229521
ta,65,2,86,26,5.0,30.4138126514911,-2.5213431676069717,0.5685569981889047,0,77.92798915229521
ta,65,2,86,27,5.0,35.35533905932738,-2.498091544796509,0.565685424949238,0,77.92798915229521
ta,65,2,86,28,5.0,38.82331773560833,-2.485341780320365,0.5685569981889047,0,77.92798915229521
ta,65,2,86,29,5.0,27.613402542968153,-2.4468543773930898,0.44956066981809384,0,77.92798915229521
ta,65,2,86,30,5.0,32.59601202601324,-2.4329663814621227,0.565685424949238,0,77.92798915229521
ta,65,2,86,31,5.0,25.0,-2.356194490192345,0.565685424949238,0,77.92798915229521
ta,65,2,86,32,5.0,30.0,-2.356194490192345,0.482842712474619,0,77.92798915229521
ta,65,2,86,33,5.0,35.0,-2.356194490192345,0.5685569981889047,0,77.92798915229521
ta,65,2,86,34,5.0,30.20347662107791,-2.2400528633123544,0.482842712474619,0,77.92798915229521
ta,65,2,86,35,5.0,33.5,-0.7853981633974483,0.44956066981809384,0,77.92798915229521
ta,65,2,86,36,5.0,30.0,-0.7853981633974483,0.44956066981809384,0,77.92798915229521
ta,65,2,86,37,5.0,30.4138126514911,-0.950546840812075,0.5685569981889047,0,77.92798915229521
ta,65,2,86,38,5.0,30.4138126514911,-0.6202494859828214,0.482842712474619,0,77.92798915229521
ta,65,2,86,39,5.0,27.613402542968153,-0.8760580505981934,0.482842712474619,0,77.92798915229521
ta,65,2,86,40,5.0,27.613402542968153,-0.6947382761967031,0.565685424949238,0,77.92798915229521
ta,65,2,86,41,5.0,26.405491853021786,-1.1131366701780037,0.565685424949238,0,77.92798915229521
ta,65,2,86,42,5.0,25.495097567963924,-0.9827937232473289,0.44956066981809384,0,77.92798915229521
ta,65,2,86,43,5.0,25.0,-0.7853981633974483,0.5685569981889047,0,77.92798915229521
ta,65,2,86,44,5.0,25.495097567963924,-0.5880026035475674,0.565685424949238,0,77.92798915229521
ta,65,2,86,45,5.0,26.405491853021786,-0.4576596566168927,0.5685569981889047,0,77.92798915229521
ta,65,2,86,46,5.0,22.638462845343543,-0.8960553845713439,0.44956066981809384,0,77.92798915229521
ta,65,2,86,47,5.0,22.638462845343543,-0.6747409422235526,0.565685424949238,0,77.92798915229521
ta,65,2,86,48,5.0,20.615528128088304,-1.0303768265243123,0.565685424949238,0,77.92798915229521
ta,65,2,86,49,5.0,20.0,-0.7853981633974483,0.482842712474619,1,77.92798915229521
ta,65,2,86,50,5.0,20.615528128088304,-0.540419500270584,0.5685569981889047,0,77.92798915229521
ta,65,2,86,51,5.0,16.5,-0.7853981633974483,0.482842712474619,0,77.92798915229521
ta,65,2,86,52,5.0,13.5,-3.9269908169872414,0.44956066981809384,0,77.92798915229521
ta,65,2,86,53,5.0,10.0,-3.9269908169872414,0.44956066981809384,0,77.92798915229521
ta,65,2,86,54,5.0,11.180339887498949,-3.4633432079864352,0.5685569981889047,0,77.92798915229521
ta,65,2,86,55,5.0,11.180339887498949,-4.3906384259880475,0.482842712474619,0,77.92798915229521
ta,65,2,86,56,5.0,7.905694150420948,-3.6052402625905993,0.482842712474619,0,77.92798915229521
ta,65,2,86,57,5.0,7.905694150420948,-4.2487413713838835,0.565685424949238,0,77.92798915229521
ta,65,2,86,58,5.0,9.86154146165801,-2.8879185574511506,0.565685424949238,0,77.92798915229521
ta,65,2,86,60,5.0,5.0,-3.9269908169872414,0.565685424949238,0,77.92798915229521
ta,65,2,86,61,5.0,7.0710678118654755,-4.71238898038469,0.565685424949238,0,77.92798915229521
ta,65,2,86,62,5.0,9.86154146165801,-4.966063076523333,0.5685569981889047,0,77.92798915229521
ta,65,2,86,63,5.0,3.5355339059327378,-3.141592653589793,0.44956066981809384,0,77.92798915229521
ta,65,2,86,64,5.0,3.5355339059327378,-4.71238898038469,0.565685424949238,0,77.92798915229521
ta,65,2,86,65,5.0,5.0,-2.356194490192345,0.565685424949238,0,77.92798915229521
ta,65,2,86,66,5.0,0.0,,0.482842712474619,0,77.92798915229521
ta,65,2,86,67,5.0,5.0,0.7853981633974483,0.5685569981889047,0,77.92798915229521
ta,65,2,86,68,5.0,3.5,-0.7853981633974483,0.482842712474619,0,77.92798915229521
ta,65,2,87,1,5.0,32.89756829919196,-1.1479424006619559,0.3276927682076162,0,79.66711958707782
ta,65,2,87,2,5.0,31.622776601683793,-1.2490457723982544,0.44956066981809384,0,79.66711958707782
ta,65,2,87,3,5.0,26.92582403567252,-1.1902899496825317,0.5685569981889047,0,79.66711958707782
ta,65,2,87,4,5.0,36.40054944640259,-1.2924966677897851,0.482842712474619,0,79.66711958707782
ta,65,2,87,5,5.0,28.50438562747845,-1.3045442776439713,0.482842712474619,0,79.66711958707782
ta,65,2,87,6,5.0,33.354160160315836,-1.3439974787410107,0.565685424949238,0,79.66711958707782
ta,65,2,87,7,5.0,22.073740054644116,-1.3422996875030342,0.565685424949238,0,79.66711958707782
ta,65,2,87,8,5.0,25.495097567963924,-1.373400766945016,0.44956066981809384,0,79.66711958707782
ta,65,2,87,9,5.0,30.4138126514911,-1.4056476493802696,0.5685569981889047,0,79.66711958707782
ta,65,2,87,10,5.0,35.35533905932738,-1.4288992721907325,0.565685424949238,0,79.66711958707782
ta,65,2,87,11,5.0,38.82331773560833,-1.4416490366668766,0.5685569981889047,0,79.66711958707782
ta,65,2,87,12,5.0,27.613402542968153,-1.4801364395941514,0.44956066981809384,0,79.66711958707782
ta,65,2,87,13,5.0,32.59601202601324,-1.4940244355251184,0.565685424949238,0,79.66711958707782
ta,65,2,87,14,5.0,25.0,-1.5707963267948966,0.565685424949238,0,79.66711958707782
ta,65,2,87,15,5.0,30.0,-1.5707963267948966,0.482842712474619,0,79.66711958707782
ta,65,2,87,16,5.0,35.0,-1.5707963267948966,0.5685569981889047,0,79.66711958707782
ta,65,2,87,17,5.0,30.20347662107791,-1.6869379536748867,0.482842712474619,0,79.66711958707782
ta,65,2,87,18,5.0,44.9694340635948,-2.411256885566015,0.44956066981809384,0,79.66711958707782
ta,65,2,87,19,5.0,42.42640687119285,-2.356194490192345,0.44956066981809384,0,79.66711958707782
ta,65,2,87,20,5.0,39.05124837953327,-2.44685437739309,0.5685569981889047,0,79.66711958707782
ta,65,2,87,21,5.0,46.09772228646444,-2.279422598922567,0.482842712474619,0,79.66711958707782
ta,65,2,87,22,5.0,38.890872965260115,-2.356194490192345,0.482842712474619,0,79.66711958707782
ta,65,2,87,23,5.0,42.573465914816005,-2.2730532583039036,0.565685424949238,0,79.66711958707782
ta,65,2,87,24,5.0,32.973474187595095,-2.431321646103107,0.565685424949238,0,79.66711958707782
ta,65,2,87,25,5.0,35.35533905932738,-2.356194490192345,0.44956066981809384,0,79.66711958707782
ta,65,2,87,26,5.0,39.05124837953327,-2.2655346029915995,0.5685569981889047,0,79.66711958707782
ta,65,2,87,27,5.0,43.01162633521314,-2.191045812777718,0.565685424949238,0,79.66711958707782
ta,65,2,87,28,5.0,45.90479277809671,-2.1467149264132495,0.5685569981889047,0,79.66711958707782
ta,65,2,87,29,5.0,35.531676008879735,-2.256525837701183,0.44956066981809384,0,79.66711958707782
ta,65,2,87,30,5.0,39.528470752104745,-2.1763409903998667,0.565685424949238,0,79.66711958707782
ta,65,2,87,31,5.0,32.01562118716424,-2.245537269018449,0.565685424949238,0,79.66711958707782
ta,65,2,87,32,5.0,36.05551275463989,-2.158798930342464,0.482842712474619,0,79.66711958707782
ta,65,2,87,33,5.0,40.311288741492746,-2.0899424410414196,0.5685569981889047,0,79.66711958707782
ta,65,2,87,34,5.0,34.23813663153998,-2.0736395377227574,0.482842712474619,0,79.66711958707782
ta,65,2,87,35,5.0,13.5,0.0,0.44956066981809384,0,79.66711958707782
ta,65,2,87,36,5.0,10.0,0.0,0.44956066981809384,0,79.66711958707782
ta,65,2,87,37,5.0,11.180339887498949,-0.46364760900080615,0.5685569981889047,0,79.66711958707782
ta,65,2,87,38,5.0,11.180339887498949,0.46364760900080615,0.482842712474619,0,79.66711958707782
ta,65,2,87,39,5.0,7.905694150420948,-0.32175055439664213,0.482842712474619,0,79.66711958707782
ta,65,2,87,40,5.0,7.905694150420948,0.32175055439664235,0.565685424949238,0,79.66711958707782
ta,65,2,87,41,5.0,9.86154146165801,-1.0390722595360908,0.565685424949238,0,79.66711958707782
ta,65,2,87,42,5.0,7.0710678118654755,-0.7853981633974483,0.44956066981809384,1,79.66711958707782
ta,65,2,87,43,5.0,5.0,0.0,0.5685569981889047,0,79.66711958707782
ta,65,2,87,44,5.0,7.0710678118654755,0.7853981633974483,0.565685424949238,0,79.66711958707782
ta,65,2,87,45,5.0,9.86154146165801,1.0390722595360913,0.5685569981889047,0,79.66711958707782
ta,65,2,87,46,5.0,3.5355339059327378,-0.7853981633974483,0.44956066981809384,0,79.66711958707782
ta,65,2,87,47,5.0,3.5355339059327378,0.7853981633974483,0.565685424949238,0,79.66711958707782
ta,65,2,87,48,5.0,5.0,-1.5707963267948966,0.565685424949238,0,79.66711958707782
ta,65,2,87,49,5.0,0.0,,0.482842712474619,0,79.66711958707782
ta,65,2,87,50,5.0,5.0,1.5707963267948966,0.5685569981889047,0,79.66711958707782
ta,65,2,87,51,5.0,3.5,-3.141592653589793,0.482842712474619,0,79.66711958707782
ta,65,2,87,52,5.0,33.5,-3.141592653589793,0.44956066981809384,0,79.66711958707782
ta,65,2,87,53,5.0,30.0,-3.141592653589793,0.44956066981809384,0,79.66711958707782
ta,65,2,87,54,5.0,30.4138126514911,-2.976443976175166,0.5685569981889047,0,79.66711958707782
ta,65,2,87,55,5.0,30.4138126514911,-3.30674133100442,0.482842712474619,0,79.66711958707782
ta,65,2,87,56,5.0,27.613402542968153,-3.0509327663890478,0.482842712474619,0,79.66711958707782
ta,65,2,87,57,5.0,27.613402542968153,-3.2322525407905385,0.565685424949238,0,79.66711958707782
ta,65,2,87,58,5.0,26.405491853021786,-2.8138541468092377,0.565685424949238,0,79.66711958707782
ta,65,2,87,60,5.0,25.0,-3.141592653589793,0.565685424949238,0,79.66711958707782
ta,65,2,87,61,5.0,25.495097567963924,-3.338988213439674,0.565685424949238,0,79.66711958707782
ta,65,2,87,62,5.0,26.405491853021786,-3.4693311603703485,0.5685569981889047,0,79.66711958707782
ta,65,2,87,63,5.0,22.638462845343543,-3.0309354324158972,0.44956066981809384,0,79.66711958707782
ta,65,2,87,64,5.0,22.638462845343543,-3.252249874763689,0.565685424949238,0,79.66711958707782
ta,65,2,87,65,5.0,20.615528128088304,-2.896613990462929,0.565685424949238,0,79.66711958707782
ta,65,2,87,67,5.0,20.615528128088304,-3.3865713167166573,0.565685424949238,0,79.66711958707782
ta,65,2,87,68,5.0,16.5,-3.141592653589793,0.482842712474619,0,79.66711958707782
ta,65,2,88,1,5.0,26.405491853021786,-0.45765965661689284,0.3276927682076162,0,80.28199504897917
ta,65,2,88,2,5.0,25.495097567963924,-0.5880026035475675,0.44956066981809384,0,80.28199504897917
ta,65,2,88,3,5.0,20.615528128088304,-0.5404195002705842,0.5685569981889047,0,80.28199504897917
ta,65,2,88,4,5.0,30.4138126514911,-0.6202494859828215,0.482842712474619,0,80.28199504897917
ta,65,2,88,5,5.0,22.638462845343543,-0.6747409422235526,0.482842712474619,0,80.28199504897917
ta,65,2,88,6,5.0,27.613402542968153,-0.6947382761967031,0.565685424949238,0,80.28199504897917
ta,65,2,88,7,5.0,16.5,-0.7853981633974483,0.565685424949238,1,80.28199504897917
ta,65,2,88,8,5.0,20.0,-0.7853981633974483,0.44956066981809384,0,80.28199504897917
ta,65,2,88,9,5.0,25.0,-0.7853981633974483,0.5685569981889047,0,80.28199504897917
ta,65,2,88,10,5.0,30.0,-0.7853981633974483,0.565685424949238,0,80.28199504897917
ta,65,2,88,11,5.0,33.5,-0.7853981633974483,0.5685569981889047,0,80.28199504897917
ta,65,2,88,12,5.0,22.638462845343543,-0.8960553845713439,0.44956066981809384,0,80.28199504897917
ta,65,2,88,13,5.0,27.613402542968153,-0.8760580505981934,0.565685424949238,0,80.28199504897917
ta,65,2,88,14,5.0,20.615528128088304,-1.0303768265243125,0.565685424949238,0,80.28199504897917
ta,65,2,88,15,5.0,25.495097567963924,-0.982793723247329,0.482842712474619,0,80.28199504897917
ta,65,2,88,16,5.0,30.4138126514911,-0.9505468408120751,0.5685569981889047,0,80.28199504897917
ta,65,2,88,17,5.0,26.405491853021786,-1.1131366701780037,0.482842712474619,0,80.28199504897917
ta,65,2,88,18,5.0,45.90479277809671,-1.780275890573992,0.44956066981809384,0,80.28199504897917
ta,65,2,88,19,5.0,43.01162633521314,-1.7359450042095235,0.44956066981809384,0,80.28199504897917
ta,65,2,88,20,5.0,40.311288741492746,-1.837048375945822,0.5685569981889047,0,80.28199504897917
ta,65,2,88,21,5.0,46.09772228646444,-1.6475682180646747,0.482842712474619,0,80.28199504897917
ta,65,2,88,22,5.0,39.528470752104745,-1.750649826587375,0.482842712474619,0,80.28199504897917
ta,65,2,88,23,5.0,42.573465914816005,-1.6539375586833378,0.565685424949238,0,80.28199504897917
ta,65,2,88,24,5.0,34.23813663153998,-1.8533512792644842,0.565685424949238,0,80.28199504897917
ta,65,2,88,25,5.0,36.05551275463989,-1.7681918866447774,0.44956066981809384,0,80.28199504897917
ta,65,2,88,26,5.0,39.05124837953327,-1.6614562139956417,0.5685569981889047,0,80.28199504897917
ta,65,2,88,27,5.0,42.42640687119285,-1.5707963267948966,0.565685424949238,0,80.28199504897917
ta,65,2,88,28,5.0,44.9694340635948,-1.5157339314212264,0.5685569981889047,0,80.28199504897917
ta,65,2,88,29,5.0,35.531676008879735,-1.6704649792860586,0.44956066981809384,0,80.28199504897917
ta,65,2,88,30,5.0,38.890872965260115,-1.5707963267948966,0.565685424949238,0,80.28199504897917
ta,65,2,88,31,5.0,32.01562118716424,-1.6814535479687922,0.565685424949238,0,80.28199504897917
ta,65,2,88,32,5.0,35.35533905932738,-1.5707963267948966,0.482842712474619,0,80.28199504897917
ta,65,2,88,33,5.0,39.05124837953327,-1.4801364395941514,0.5685569981889047,0,80.28199504897917
ta,65,2,88,34,5.0,32.973474187595095,-1.4956691708841345,0.482842712474619,0,80.28199504897917
ta,65,2,88,35,5.0,9.86154146165801,1.317122230656254,0.44956066981809384,0,80.28199504897917
ta,65,2,88,36,5.0,7.0710678118654755,1.5707963267948966,0.44956066981809384,0,80.28199504897917
ta,65,2,88,37,5.0,5.0,0.7853981633974483,0.5685569981889047,0,80.28199504897917
ta,65,2,88,38,5.0,11.180339887498949,1.8925468811915387,0.482842712474619,0,80.28199504897917
ta,65,2,88,39,5.0,3.5355339059327378,1.5707963267948966,0.482842712474619,0,80.28199504897917
ta,65,2,88,40,5.0,7.905694150420948,2.0344439357957027,0.565685424949238,0,80.28199504897917
ta,65,2,88,41,5.0,3.5,-0.7853981633974483,0.565685424949238,0,80.28199504897917
ta,65,2,88,42,5.0,0.0,,0.44956066981809384,0,80.28199504897917
ta,65,2,88,43,5.0,5.0,2.356194490192345,0.5685569981889047,0,80.28199504897917
ta,65,2,88,44,5.0,10.0,2.356194490192345,0.565685424949238,0,80.28199504897917
ta,65,2,88,45,5.0,13.5,2.356194490192345,0.5685569981889047,0,80.28199504897917
ta,65,2,88,46,5.0,3.5355339059327378,-3.141592653589793,0.44956066981809384,0,80.28199504897917
ta,65,2,88,47,5.0,7.905694150420948,-3.6052402625905993,0.565685424949238,0,80.28199504897917
ta,65,2,88,48,5.0,5.0,-2.356194490192345,0.565685424949238,0,80.28199504897917
ta,65,2,88,50,5.0,11.180339887498949,-3.4633432079864352,0.565685424949238,0,80.28199504897917
ta,65,2,88,51,5.0,9.86154146165801,-2.8879185574511506,0.482842712474619,0,80.28199504897917
ta,65,2,88,52,5.0,38.82331773560833,-2.485341780320365,0.3276927682076162,0,80.28199504897917
ta,65,2,88,53,5.0,35.35533905932738,-2.498091544796509,0.44956066981809384,0,80.28199504897917
ta,65,2,88,54,5.0,35.0,-2.356194490192345,0.5685569981889047,0,80.28199504897917
ta,65,2,88,55,5.0,36.40054944640259,-2.6344941491974563,0.482842712474619,0,80.28199504897917
ta,65,2,88,56,5.0,32.59601202601324,-2.4329663814621227,0.482842712474619,0,80.28199504897917
ta,65,2,88,57,5.0,33.354160160315836,-2.5829933382462307,0.565685424949238,0,80.28199504897917
ta,65,2,88,58,5.0,30.20347662107791,-2.2400528633123544,0.565685424949238,0,80.28199504897917
ta,65,2,88,59,5.0,30.0,-2.356194490192345,0.44956066981809384,0,80.28199504897917
ta,65,2,88,60,5.0,30.4138126514911,-2.5213431676069717,0.5685569981889047,0,80.28199504897917
ta,65,2,88,61,5.0,31.622776601683793,-2.677945044588987,0.565685424949238,0,80.28199504897917
ta,65,2,88,62,5.0,32.89756829919196,-2.7790484163252858,0.5685569981889047,0,80.28199504897917
ta,65,2,88,63,5.0,27.613402542968153,-2.44685437739309,0.44956066981809384,0,80.28199504897917
ta,65,2,88,64,5.0,28.50438562747845,-2.6224465393432705,0.565685424949238,0,80.28199504897917
ta,65,2,88,65,5.0,25.0,-2.356194490192345,0.565685424949238,0,80.28199504897917
ta,65,2,88,67,5.0,26.92582403567252,-2.7367008673047097,0.565685424949238,0,80.28199504897917
ta,65,2,88,68,5.0,22.073740054644116,-2.584691129484207,0.482842712474619,0,80.28199504897917
ta,65,2,89,1,5.0,12.020815280171307,0.7853981633974483,0.3276927682076162,0,81.71677765767483
ta,65,2,89,2,5.0,9.86154146165801,0.5317240672588056,0.44956066981809384,0,81.71677765767483
ta,65,2,89,3,5.0,6.103277807866851,0.960070362405688,0.5685569981889047,0,81.71677765767483
ta,65,2,89,4,5.0,14.396180048887969,0.35470565201094034,0.482842712474619,0,81.71677765767483
ta,65,2,89,5,5.0,6.5,0.3947911196997615,0.482842712474619,0,81.71677765767483
ta,65,2,89,6,5.0,11.280514172678478,0.22347660114063303,0.565685424949238,0,81.71677765767483
ta,65,2,89,7,5.0,0.0,,0.565685424949238,0,81.71677765767483
ta,65,2,89,8,5.0,3.5,0.0,0.44956066981809384,1,81.71677765767483
ta,65,2,89,9,5.0,8.5,0.0,0.5685569981889047,0,81.71677765767483
ta,65,2,89,10,5.0,13.5,0.0,0.565685424949238,0,81.71677765767483
ta,65,2,89,11,5.0,17.0,0.0,0.5685569981889047,0,81.71677765767483
ta,65,2,89,12,5.0,6.5,-0.3947911196997615,0.44956066981809384,0,81.71677765767483
ta,65,2,89,13,5.0,11.280514172678478,-0.22347660114063303,0.565685424949238,0,81.71677765767483
ta,65,2,89,14,5.0,6.103277807866851,-0.960070362405688,0.565685424949238,0,81.71677765767483
ta,65,2,89,15,5.0,9.86154146165801,-0.5317240672588056,0.482842712474619,0,81.71677765767483
ta,65,2,89,16,5.0,14.396180048887969,-0.35470565201094034,0.5685569981889047,0,81.71677765767483
ta,65,2,89,17,5.0,12.020815280171307,-0.7853981633974483,0.482842712474619,0,81.71677765767483
ta,65,2,89,18,5.0,39.42714800743264,-1.3535028958718756,0.44956066981809384,0,81.71677765767483
ta,65,2,89,19,5.0,36.01735692690401,-1.3325515686161515,0.44956066981809384,0,81.71677765767483
ta,65,2,89,20,5.0,35.174564673923115,-1.4711276743037347,0.5685569981889047,0,81.71677765767483
ta,65,2,89,21,5.0,37.51333096380539,-1.202665555469733,0.482842712474619,0,81.71677765767483
ta,65,2,89,22,5.0,33.04920573932148,-1.3882364736639898,0.482842712474619,0,81.71677765767483
ta,65,2,89,23,5.0,34.311076928595526,-1.244437510088134,0.565685424949238,0,81.71677765767483
ta,65,2,89,24,5.0,30.0,-1.5707963267948966,0.565685424949238,0,81.71677765767483
ta,65,2,89,25,5.0,30.20347662107791,-1.4546546999149064,0.44956066981809384,0,81.71677765767483
ta,65,2,89,26,5.0,31.18092365533773,-1.2946993073994602,0.5685569981889047,0,81.71677765767483
ta,65,2,89,27,5.0,32.89756829919196,-1.1479424006619559,0.565685424949238,0,81.71677765767483
ta,65,2,89,28,5.0,34.48187929913333,-1.0552473193359175,0.5685569981889047,0,81.71677765767483
ta,65,2,89,29,5.0,28.146935890075138,-1.355980926393238,0.44956066981809384,0,81.71677765767483
ta,65,2,89,30,5.0,29.618406439239774,-1.1902899496825317,0.565685424949238,0,81.71677765767483
ta,65,2,89,31,5.0,25.243811122728676,-1.4317003853128254,0.565685424949238,0,81.71677765767483
ta,65,2,89,32,5.0,26.405491853021786,-1.2430578200143412,0.482842712474619,0,81.71677765767483
ta,65,2,89,33,5.0,28.412145290350743,-1.0756630633264925,0.5685569981889047,0,81.71677765767483
ta,65,2,89,34,5.0,23.119256043393783,-1.1943059923483736,0.482842712474619,0,81.71677765767483
ta,65,2,89,35,5.0,23.119256043393783,2.76510231914327,0.44956066981809384,0,81.71677765767483
ta,65,2,89,36,5.0,22.073740054644116,2.9130960142979307,0.44956066981809384,0,81.71677765767483
ta,65,2,89,37,5.0,17.240939649566666,2.8473580884786056,0.5685569981889047,0,81.71677765767483
ta,65,2,89,38,5.0,26.9675731203236,2.9551057519225763,0.482842712474619,0,81.71677765767483
ta,65,2,89,39,5.0,19.1637678967368,3.0107652575157364,0.482842712474619,0,81.71677765767483
ta,65,2,89,40,5.0,24.12985702402731,3.0378003131327502,0.565685424949238,0,81.71677765767483
ta,65,2,89,41,5.0,13.0,3.141592653589793,0.565685424949238,0,81.71677765767483
ta,65,2,89,43,5.0,21.5,3.141592653589793,0.565685424949238,0,81.71677765767483
ta,65,2,89,44,5.0,26.5,3.141592653589793,0.565685424949238,0,81.71677765767483
ta,65,2,89,45,5.0,30.0,3.141592653589793,0.5685569981889047,0,81.71677765767483
ta,65,2,89,46,5.0,19.1637678967368,-3.0107652575157364,0.44956066981809384,0,81.71677765767483
ta,65,2,89,47,5.0,24.12985702402731,-3.0378003131327502,0.565685424949238,0,81.71677765767483
ta,65,2,89,48,5.0,17.240939649566666,-2.8473580884786056,0.565685424949238,0,81.71677765767483
ta,65,2,89,49,5.0,22.073740054644116,-2.9130960142979307,0.482842712474619,0,81.71677765767483
ta,65,2,89,50,5.0,26.9675731203236,-2.9551057519225763,0.5685569981889047,0,81.71677765767483
ta,65,2,89,51,5.0,23.119256043393783,-2.76510231914327,0.482842712474619,0,81.71677765767483
ta,65,2,89,52,5.0,44.09648512069868,-2.0800974707969084,0.44956066981809384,0,81.71677765767483
ta,65,2,89,53,5.0,41.07614879708174,-2.121653861326613,0.44956066981809384,0,81.71677765767483
ta,65,2,89,54,5.0,38.69431482789171,-2.0113266674114096,0.5685569981889047,0,81.71677765767483
ta,65,2,89,55,5.0,43.900455578501685,-2.218853212725411,0.482842712474619,0,81.71677765767483
ta,65,2,89,56,5.0,37.646380968162134,-2.0998267978745453,0.482842712474619,0,81.71677765767483
ta,65,2,89,57,5.0,40.40111384603152,-2.2068718294986476,0.565685424949238,0,81.71677765767483
ta,65,2,89,58,5.0,32.69556544854363,-1.979704155745822,0.565685424949238,0,81.71677765767483
ta,65,2,89,59,5.0,34.23813663153998,-2.0736395377227574,0.44956066981809384,0,81.71677765767483
ta,65,2,89,60,5.0,36.908671067921155,-2.1926206146254863,0.5685569981889047,0,81.71677765767483
ta,65,2,89,61,5.0,40.02811511925087,-2.294326644327965,0.565685424949238,0,81.71677765767483
ta,65,2,89,62,5.0,42.42640687119285,-2.356194490192345,0.5685569981889047,0,81.71677765767483
ta,65,2,89,63,5.0,33.425289826716536,-2.1753949168883735,0.44956066981809384,0,81.71677765767483
ta,65,2,89,64,5.0,36.5,-2.288337667336041,0.565685424949238,0,81.71677765767483
ta,65,2,89,65,5.0,29.95413160150032,-2.1541693337887526,0.565685424949238,0,81.71677765767483
ta,65,2,89,67,5.0,36.43144246389374,-2.385312471699384,0.565685424949238,0,81.71677765767483
ta,65,2,89,68,5.0,30.405591591021544,-2.356194490192345,0.482842712474619,0,81.71677765767483
ta,65,2,90,1,5.0,9.86154146165801,1.039072259536091,0.3276927682076162,0,82.02112548376178
ta,65,2,90,2,5.0,7.0710678118654755,0.7853981633974483,0.44956066981809384,0,82.02112548376178
ta,65,2,90,3,5.0,5.0,1.5707963267948966,0.5685569981889047,0,82.02112548376178
ta,65,2,90,4,5.0,11.180339887498949,0.4636476090008061,0.482842712474619,0,82.02112548376178
ta,65,2,90,5,5.0,3.5355339059327378,0.7853981633974483,0.482842712474619,0,82.02112548376178
ta,65,2,90,6,5.0,7.905694150420948,0.3217505543966422,0.565685424949238,0,82.02112548376178
ta,65,2,90,8,5.0,0.0,,0.3276927682076162,0,82.02112548376178
ta,65,2,90,9,5.0,5.0,0.0,0.565685424949238,0,82.02112548376178
ta,65,2,90,10,5.0,10.0,0.0,0.565685424949238,0,82.02112548376178
ta,65,2,90,11,5.0,13.5,0.0,0.5685569981889047,0,82.02112548376178
ta,65,2,90,12,5.0,3.5355339059327378,-0.7853981633974483,0.44956066981809384,0,82.02112548376178
ta,65,2,90,13,5.0,7.905694150420948,-0.3217505543966422,0.565685424949238,0,82.02112548376178
ta,65,2,90,14,5.0,5.0,-1.5707963267948966,0.565685424949238,0,82.02112548376178
ta,65,2,90,15,5.0,7.0710678118654755,-0.7853981633974483,0.482842712474619,1,82.02112548376178
ta,65,2,90,16,5.0,11.180339887498949,-0.4636476090008061,0.5685569981889047,0,82.02112548376178
ta,65,2,90,17,5.0,9.86154146165801,-1.039072259536091,0.482842712474619,0,82.02112548376178
ta,65,2,90,18,5.0,38.82331773560833,-1.4416490366668766,0.44956066981809384,0,82.02112548376178
ta,65,2,90,19,5.0,35.35533905932738,-1.4288992721907328,0.44956066981809384,0,82.02112548376178
ta,65,2,90,20,5.0,35.0,-1.5707963267948966,0.5685569981889047,0,82.02112548376178
ta,65,2,90,21,5.0,36.40054944640259,-1.2924966677897853,0.482842712474619,0,82.02112548376178
ta,65,2,90,22,5.0,32.59601202601324,-1.4940244355251187,0.482842712474619,0,82.02112548376178
ta,65,2,90,23,5.0,33.354160160315836,-1.3439974787410107,0.565685424949238,0,82.02112548376178
ta,65,2,90,24,5.0,30.20347662107791,-1.6869379536748867,0.565685424949238,0,82.02112548376178
ta,65,2,90,25,5.0,30.0,-1.5707963267948966,0.44956066981809384,0,82.02112548376178
ta,65,2,90,26,5.0,30.4138126514911,-1.4056476493802699,0.5685569981889047,0,82.02112548376178
ta,65,2,90,27,5.0,31.622776601683793,-1.2490457723982544,0.565685424949238,0,82.02112548376178
ta,65,2,90,28,5.0,32.89756829919196,-1.1479424006619559,0.5685569981889047,0,82.02112548376178
ta,65,2,90,29,5.0,27.613402542968153,-1.4801364395941514,0.44956066981809384,0,82.02112548376178
ta,65,2,90,30,5.0,28.50438562747845,-1.3045442776439713,0.565685424949238,0,82.02112548376178
ta,65,2,90,31,5.0,25.0,-1.5707963267948966,0.565685424949238,0,82.02112548376178
ta,65,2,90,32,5.0,25.495097567963924,-1.373400766945016,0.482842712474619,0,82.02112548376178
ta,65,2,90,33,5.0,26.92582403567252,-1.1902899496825317,0.5685569981889047,0,82.02112548376178
ta,65,2,90,34,5.0,22.073740054644116,-1.3422996875030344,0.482842712474619,0,82.02112548376178
ta,65,2,90,35,5.0,26.405491853021786,2.8138541468092377,0.44956066981809384,0,82.02112548376178
ta,65,2,90,36,5.0,25.495097567963924,2.9441970937399127,0.44956066981809384,0,82.02112548376178
ta,65,2,90,37,5.0,20.615528128088304,2.896613990462929,0.5685569981889047,0,82.02112548376178
ta,65,2,90,38,5.0,30.4138126514911,2.976443976175166,0.482842712474619,0,82.02112548376178
ta,65,2,90,39,5.0,22.638462845343543,3.0309354324158977,0.482842712474619,0,82.02112548376178
ta,65,2,90,40,5.0,27.613402542968153,3.050932766389048,0.565685424949238,0,82.02112548376178
ta,65,2,90,41,5.0,16.5,3.141592653589793,0.565685424949238,0,82.02112548376178
ta,65,2,90,42,5.0,20.0,3.141592653589793,0.44956066981809384,0,82.02112548376178
ta,65,2,90,43,5.0,25.0,3.141592653589793,0.5685569981889047,0,82.02112548376178
ta,65,2,90,44,5.0,30.0,3.141592653589793,0.565685424949238,0,82.02112548376178
ta,65,2,90,45,5.0,33.5,3.141592653589793,0.5685569981889047,0,82.02112548376178
ta,65,2,90,46,5.0,22.638462845343543,-3.0309354324158977,0.44956066981809384,0,82.02112548376178
ta,65,2,90,47,5.0,27.613402542968153,-3.050932766389048,0.565685424949238,0,82.02112548376178
ta,65,2,90,48,5.0,20.615528128088304,-2.896613990462929,0.565685424949238,0,82.02112548376178
ta,65,2,90,49,5.0,25.495097567963924,-2.9441970937399127,0.482842712474619,0,82.02112548376178
ta,65,2,90,50,5.0,30.4138126514911,-2.976443976175166,0.5685569981889047,0,82.02112548376178
ta,65,2,90,51,5.0,26.405491853021786,-2.8138541468092377,0.482842712474619,0,82.02112548376178
ta,65,2,90,52,5.0,45.90479277809671,-2.1467149264132495,0.44956066981809384,0,82.02112548376178
ta,65,2,90,53,5.0,43.01162633521314,-2.191045812777718,0.44956066981809384,0,82.02112548376178
ta,65,2,90,54,5.0,40.311288741492746,-2.0899424410414196,0.5685569981889047,0,82.02112548376178
ta,65,2,90,55,5.0,46.09772228646444,-2.279422598922567,0.482842712474619,0,82.02112548376178
ta,65,2,90,56,5.0,39.528470752104745,-2.1763409903998667,0.482842712474619,0,82.02112548376178
ta,65,2,90,57,5.0,42.573465914816005,-2.2730532583039036,0.565685424949238,0,82.02112548376178
ta,65,2,90,58,5.0,34.23813663153998,-2.0736395377227574,0.565685424949238,0,82.02112548376178
ta,65,2,90,59,5.0,36.05551275463989,-2.158798930342464,0.44956066981809384,0,82.02112548376178
ta,65,2,90,60,5.0,39.05124837953327,-2.2655346029916,0.5685569981889047,0,82.02112548376178
ta,65,2,90,61,5.0,42.42640687119285,-2.356194490192345,0.565685424949238,0,82.02112548376178
ta,65,2,90,62,5.0,44.9694340635948,-2.411256885566015,0.5685569981889047,0,82.02112548376178
ta,65,2,90,63,5.0,35.531676008879735,-2.256525837701183,0.44956066981809384,0,82.02112548376178
ta,65,2,90,64,5.0,38.890872965260115,-2.356194490192345,0.565685424949238,0,82.02112548376178
ta,65,2,90,65,5.0,32.01562118716424,-2.2455372690184494,0.565685424949238,0,82.02112548376178
ta,65,2,90,67,5.0,39.05124837953327,-2.44685437739309,0.565685424949238,0,82.02112548376178
ta,65,2,90,68,5.0,32.973474187595095,-2.431321646103107,0.482842712474619,0,82.02112548376178
ta,65,2,91,1,5.0,13.5,2.356194490192345,0.44956066981809384,0,82.63600094566313
ta,65,2,91,2,5.0,10.0,2.356194490192345,0.44956066981809384,0,82.63600094566313
ta,65,2,91,3,5.0,11.180339887498949,2.819842099193151,0.5685569981889047,0,82.63600094566313
ta,65,2,91,4,5.0,11.180339887498949,1.8925468811915387,0.482842712474619,0,82.63600094566313
ta,65,2,91,5,5.0,7.905694150420948,2.677945044588987,0.482842712474619,0,82.63600094566313
ta,65,2,91,6,5.0,7.905694150420948,2.0344439357957027,0.565685424949238,0,82.63600094566313
ta,65,2,91,7,5.0,9.86154146165801,3.395266749728436,0.565685424949238,0,82.63600094566313
ta,65,2,91,9,5.0,5.0,2.356194490192345,0.565685424949238,0,82.63600094566313
ta,65,2,91,10,5.0,7.0710678118654755,1.5707963267948966,0.565685424949238,0,82.63600094566313
ta,65,2,91,11,5.0,9.86154146165801,1.317122230656254,0.5685569981889047,0,82.63600094566313
ta,65,2,91,12,5.0,3.5355339059327378,3.141592653589793,0.44956066981809384,0,82.63600094566313
ta,65,2,91,13,5.0,3.5355339059327378,1.5707963267948966,0.565685424949238,0,82.63600094566313
ta,65,2,91,14,5.0,5.0,3.9269908169872414,0.565685424949238,0,82.63600094566313
ta,65,2,91,15,5.0,0.0,,0.482842712474619,0,82.63600094566313
ta,65,2,91,16,5.0,5.0,0.7853981633974483,0.5685569981889047,0,82.63600094566313
ta,65,2,91,17,5.0,3.5,-0.7853981633974483,0.482842712474619,1,82.63600094566313
ta,65,2,91,18,5.0,33.5,-0.7853981633974483,0.44956066981809384,0,82.63600094566313
ta,65,2,91,19,5.0,30.0,-0.7853981633974483,0.44956066981809384,0,82.63600094566313
ta,65,2,91,20,5.0,30.4138126514911,-0.9505468408120752,0.5685569981889047,0,82.63600094566313
ta,65,2,91,21,5.0,30.4138126514911,-0.6202494859828216,0.482842712474619,0,82.63600094566313
ta,65,2,91,22,5.0,27.613402542968153,-0.8760580505981934,0.482842712474619,0,82.63600094566313
ta,65,2,91,23,5.0,27.613402542968153,-0.6947382761967031,0.565685424949238,0,82.63600094566313
ta,65,2,91,24,5.0,26.405491853021786,-1.1131366701780039,0.565685424949238,0,82.63600094566313
ta,65,2,91,25,5.0,25.495097567963924,-0.9827937232473292,0.44956066981809384,0,82.63600094566313
ta,65,2,91,26,5.0,25.0,-0.7853981633974483,0.5685569981889047,0,82.63600094566313
ta,65,2,91,27,5.0,25.495097567963924,-0.5880026035475676,0.565685424949238,0,82.63600094566313
ta,65,2,91,28,5.0,26.405491853021786,-0.4576596566168929,0.5685569981889047,0,82.63600094566313
ta,65,2,91,29,5.0,22.638462845343543,-0.8960553845713439,0.44956066981809384,0,82.63600094566313
ta,65,2,91,30,5.0,22.638462845343543,-0.6747409422235526,0.565685424949238,0,82.63600094566313
ta,65,2,91,31,5.0,20.615528128088304,-1.0303768265243125,0.565685424949238,0,82.63600094566313
ta,65,2,91,32,5.0,20.0,-0.7853981633974483,0.482842712474619,0,82.63600094566313
ta,65,2,91,33,5.0,20.615528128088304,-0.5404195002705843,0.5685569981889047,0,82.63600094566313
ta,65,2,91,34,5.0,16.5,-0.7853981633974483,0.482842712474619,0,82.63600094566313
ta,65,2,91,35,5.0,32.89756829919196,3.504136890854301,0.44956066981809384,0,82.63600094566313
ta,65,2,91,36,5.0,31.622776601683793,3.6052402625905993,0.44956066981809384,0,82.63600094566313
ta,65,2,91,37,5.0,26.92582403567252,3.5464844398748765,0.5685569981889047,0,82.63600094566313
ta,65,2,91,38,5.0,36.40054944640259,3.64869115798213,0.482842712474619,0,82.63600094566313
ta,65,2,91,39,5.0,28.50438562747845,3.660738767836316,0.482842712474619,0,82.63600094566313
ta,65,2,91,40,5.0,33.354160160315836,3.7001919689333556,0.565685424949238,0,82.63600094566313
ta,65,2,91,41,5.0,22.073740054644116,3.698494177695379,0.565685424949238,0,82.63600094566313
ta,65,2,91,42,5.0,25.495097567963924,3.729595257137361,0.44956066981809384,0,82.63600094566313
ta,65,2,91,43,5.0,30.4138126514911,3.7618421395726145,0.5685569981889047,0,82.63600094566313
ta,65,2,91,44,5.0,35.35533905932738,3.7850937623830774,0.565685424949238,0,82.63600094566313
ta,65,2,91,45,5.0,38.82331773560833,3.7978435268592214,0.5685569981889047,0,82.63600094566313
ta,65,2,91,46,5.0,27.613402542968153,3.8363309297864965,0.44956066981809384,0,82.63600094566313
ta,65,2,91,47,5.0,32.59601202601324,3.8502189257174635,0.565685424949238,0,82.63600094566313
ta,65,2,91,48,5.0,25.0,3.9269908169872414,0.565685424949238,0,82.63600094566313
ta,65,2,91,49,5.0,30.0,3.9269908169872414,0.482842712474619,0,82.63600094566313
ta,65,2,91,50,5.0,35.0,3.9269908169872414,0.5685569981889047,0,82.63600094566313
ta,65,2,91,51,5.0,30.20347662107791,-2.240052863312355,0.482842712474619,0,82.63600094566313
ta,65,2,91,52,5.0,44.9694340635948,-1.5157339314212264,0.44956066981809384,0,82.63600094566313
ta,65,2,91,53,5.0,42.42640687119285,-1.5707963267948966,0.44956066981809384,0,82.63600094566313
ta,65,2,91,54,5.0,39.05124837953327,-1.4801364395941516,0.5685569981889047,0,82.63600094566313
ta,65,2,91,55,5.0,46.09772228646444,-1.647568218064675,0.482842712474619,0,82.63600094566313
ta,65,2,91,56,5.0,38.890872965260115,-1.5707963267948966,0.482842712474619,0,82.63600094566313
ta,65,2,91,57,5.0,42.573465914816005,-1.6539375586833378,0.565685424949238,0,82.63600094566313
ta,65,2,91,58,5.0,32.973474187595095,-1.4956691708841348,0.565685424949238,0,82.63600094566313
ta,65,2,91,59,5.0,35.35533905932738,-1.5707963267948966,0.44956066981809384,0,82.63600094566313
ta,65,2,91,60,5.0,39.05124837953327,-1.661456213995642,0.5685569981889047,0,82.63600094566313
ta,65,2,91,61,5.0,43.01162633521314,-1.7359450042095235,0.565685424949238,0,82.63600094566313
ta,65,2,91,62,5.0,45.90479277809671,-1.780275890573992,0.5685569981889047,0,82.63600094566313
ta,65,2,91,63,5.0,35.531676008879735,-1.6704649792860589,0.44956066981809384,0,82.63600094566313
ta,65,2,91,64,5.0,39.528470752104745,-1.7506498265873751,0.565685424949238,0,82.63600094566313
ta,65,2,91,65,5.0,32.01562118716424,-1.6814535479687924,0.565685424949238,0,82.63600094566313
ta,65,2,91,66,5.0,36.05551275463989,-1.7681918866447774,0.482842712474619,0,82.63600094566313
ta,65,2,91,67,5.0,40.311288741492746,-1.8370483759458218,0.5685569981889047,0,82.63600094566313
ta,65,2,91,68,5.0,34.23813663153998,-1.853351279264484,0.482842712474619,0,82.63600094566313
ta,65,2,92,1,5.0,17.0,3.141592653589793,0.44956066981809384,0,82.94034877175008
ta,65,2,92,2,5.0,13.5,3.141592653589793,0.44956066981809384,0,82.94034877175008
ta,65,2,92,3,5.0,14.396180048887969,3.4962983056007335,0.5685569981889047,0,82.94034877175008
ta,65,2,92,4,5.0,14.396180048887969,2.7868870015788527,0.482842712474619,0,82.94034877175008
ta,65,2,92,5,5.0,11.280514172678478,3.365069254730426,0.482842712474619,0,82.94034877175008
ta,65,2,92,6,5.0,11.280514172678478,2.91811605244916,0.565685424949238,0,82.94034877175008
ta,65,2,92,7,5.0,12.020815280171307,3.9269908169872414,0.565685424949238,0,82.94034877175008
ta,65,2,92,9,5.0,8.5,3.141592653589793,0.565685424949238,0,82.94034877175008
ta,65,2,92,10,5.0,9.86154146165801,2.609868586330988,0.565685424949238,0,82.94034877175008
ta,65,2,92,11,5.0,12.020815280171307,2.356194490192345,0.5685569981889047,0,82.94034877175008
ta,65,2,92,12,5.0,6.5,3.536383773289555,0.44956066981809384,0,82.94034877175008
ta,65,2,92,13,5.0,6.5,2.7468015338900313,0.565685424949238,0,82.94034877175008
ta,65,2,92,14,5.0,6.103277807866851,4.101663015995481,0.565685424949238,0,82.94034877175008
ta,65,2,92,16,5.0,6.103277807866851,2.181522291184105,0.565685424949238,0,82.94034877175008
ta,65,2,92,17,5.0,0.0,,0.482842712474619,0,82.94034877175008
ta,65,2,92,18,5.0,30.0,0.0,0.3276927682076162,0,82.94034877175008
ta,65,2,92,19,5.0,26.5,0.0,0.44956066981809384,0,82.94034877175008
ta,65,2,92,20,5.0,26.9675731203236,-0.18648690166721682,0.5685569981889047,0,82.94034877175008
ta,65,2,92,21,5.0,26.9675731203236,0.18648690166721682,0.482842712474619,0,82.94034877175008
ta,65,2,92,22,5.0,24.12985702402731,-0.10379234045704289,0.482842712474619,0,82.94034877175008
ta,65,2,92,23,5.0,24.12985702402731,0.10379234045704266,0.565685424949238,0,82.94034877175008
ta,65,2,92,24,5.0,23.119256043393783,-0.3764903344465229,0.565685424949238,0,82.94034877175008
ta,65,2,92,25,5.0,22.073740054644116,-0.22849663929186237,0.44956066981809384,0,82.94034877175008
ta,65,2,92,26,5.0,21.5,0.0,0.5685569981889047,0,82.94034877175008
ta,65,2,92,27,5.0,22.073740054644116,0.22849663929186215,0.565685424949238,0,82.94034877175008
ta,65,2,92,28,5.0,23.119256043393783,0.3764903344465229,0.5685569981889047,0,82.94034877175008
ta,65,2,92,29,5.0,19.1637678967368,-0.1308273960740569,0.44956066981809384,0,82.94034877175008
ta,65,2,92,30,5.0,19.1637678967368,0.1308273960740569,0.565685424949238,0,82.94034877175008
ta,65,2,92,31,5.0,17.240939649566666,-0.29423456511118773,0.565685424949238,0,82.94034877175008
ta,65,2,92,32,5.0,16.5,0.0,0.482842712474619,0,82.94034877175008
ta,65,2,92,33,5.0,17.240939649566666,0.29423456511118773,0.5685569981889047,0,82.94034877175008
ta,65,2,92,34,5.0,13.0,0.0,0.482842712474619,1,82.94034877175008
ta,65,2,92,35,5.0,34.48187929913333,4.19683997292571,0.44956066981809384,0,82.94034877175008
ta,65,2,92,36,5.0,32.89756829919196,4.289535054251749,0.44956066981809384,0,82.94034877175008
ta,65,2,92,37,5.0,28.412145290350743,4.217255716916286,0.5685569981889047,0,82.94034877175008
ta,65,2,92,38,5.0,37.51333096380539,4.344258209059526,0.482842712474619,0,82.94034877175008
ta,65,2,92,39,5.0,29.618406439239774,4.331882603272325,0.482842712474619,0,82.94034877175008
ta,65,2,92,40,5.0,34.311076928595526,4.386030163677927,0.565685424949238,0,82.94034877175008
ta,65,2,92,41,5.0,23.119256043393783,4.335898645938167,0.565685424949238,0,82.94034877175008
ta,65,2,92,42,5.0,26.405491853021786,4.384650473604134,0.44956066981809384,0,82.94034877175008
ta,65,2,92,43,5.0,31.18092365533773,4.436291960989253,0.5685569981889047,0,82.94034877175008
ta,65,2,92,44,5.0,36.01735692690401,4.474144222205945,0.565685424949238,0,82.94034877175008
ta,65,2,92,45,5.0,39.42714800743264,4.495095549461668,0.5685569981889047,0,82.94034877175008
ta,65,2,92,46,5.0,28.146935890075138,4.497573579983031,0.44956066981809384,0,82.94034877175008
ta,65,2,92,47,5.0,33.04920573932148,4.529829127253783,0.565685424949238,0,82.94034877175008
ta,65,2,92,48,5.0,25.243811122728676,4.5732930389026185,0.565685424949238,0,82.94034877175008
ta,65,2,92,49,5.0,30.20347662107791,4.596247353504699,0.482842712474619,0,82.94034877175008
ta,65,2,92,50,5.0,35.174564673923115,4.612720327893528,0.5685569981889047,0,82.94034877175008
ta,65,2,92,51,5.0,30.0,4.71238898038469,0.482842712474619,0,82.94034877175008
ta,65,2,92,52,5.0,42.42640687119285,-0.7853981633974483,0.44956066981809384,0,82.94034877175008
ta,65,2,92,53,5.0,40.02811511925087,-0.8472660092618285,0.44956066981809384,0,82.94034877175008
ta,65,2,92,54,5.0,36.43144246389374,-0.7562801818904097,0.5685569981889047,0,82.94034877175008
ta,65,2,92,55,5.0,43.900455578501685,-0.9227394408643823,0.482842712474619,0,82.94034877175008
ta,65,2,92,56,5.0,36.5,-0.8532549862537522,0.482842712474619,0,82.94034877175008
ta,65,2,92,57,5.0,40.40111384603152,-0.9347208240911455,0.565685424949238,0,82.94034877175008
ta,65,2,92,58,5.0,30.405591591021544,-0.7853981633974483,0.565685424949238,0,82.94034877175008
ta,65,2,92,59,5.0,32.973474187595095,-0.8605253193082105,0.44956066981809384,0,82.94034877175008
ta,65,2,92,60,5.0,36.908671067921155,-0.9489720389643068,0.5685569981889047,0,82.94034877175008
ta,65,2,92,61,5.0,41.07614879708174,-1.0199387922631802,0.565685424949238,0,82.94034877175008
ta,65,2,92,62,5.0,44.09648512069868,-1.0614951827928847,0.5685569981889047,0,82.94034877175008
ta,65,2,92,63,5.0,33.425289826716536,-0.9661977367014196,0.44956066981809384,0,82.94034877175008
ta,65,2,92,64,5.0,37.646380968162134,-1.0417658557152483,0.565685424949238,0,82.94034877175008
ta,65,2,92,65,5.0,29.95413160150032,-0.9874233198010409,0.565685424949238,0,82.94034877175008
ta,65,2,92,66,5.0,34.23813663153998,-1.0679531158670357,0.482842712474619,0,82.94034877175008
ta,65,2,92,67,5.0,38.69431482789171,-1.1302659861783835,0.5685569981889047,0,82.94034877175008
ta,65,2,92,68,5.0,32.69556544854363,-1.1618884978439712,0.482842712474619,0,82.94034877175008
ta,65,2,93,1,5.0,30.0,3.141592653589793,0.44956066981809384,0,84.07078355435878
ta,65,2,93,2,5.0,26.5,3.141592653589793,0.44956066981809384,0,84.07078355435878
ta,65,2,93,3,5.0,26.9675731203236,3.32807955525701,0.5685569981889047,0,84.07078355435878
ta,65,2,93,4,5.0,26.9675731203236,2.9551057519225763,0.482842712474619,0,84.07078355435878
ta,65,2,93,5,5.0,24.12985702402731,3.245384994046836,0.482842712474619,0,84.07078355435878
ta,65,2,93,6,5.0,24.12985702402731,3.0378003131327507,0.565685424949238,0,84.07078355435878
ta,65,2,93,7,5.0,23.119256043393783,3.518082988036316,0.565685424949238,0,84.07078355435878
ta,65,2,93,8,5.0,22.073740054644116,3.3700892928816555,0.44956066981809384,0,84.07078355435878
ta,65,2,93,9,5.0,21.5,3.141592653589793,0.5685569981889047,0,84.07078355435878
ta,65,2,93,10,5.0,22.073740054644116,2.913096014297931,0.565685424949238,0,84.07078355435878
ta,65,2,93,11,5.0,23.119256043393783,2.76510231914327,0.5685569981889047,0,84.07078355435878
ta,65,2,93,12,5.0,19.1637678967368,3.2724200496638502,0.44956066981809384,0,84.07078355435878
ta,65,2,93,13,5.0,19.1637678967368,3.010765257515736,0.565685424949238,0,84.07078355435878
ta,65,2,93,14,5.0,17.240939649566666,3.4358272187009806,0.565685424949238,0,84.07078355435878
ta,65,2,93,16,5.0,17.240939649566666,2.8473580884786056,0.482842712474619,0,84.07078355435878
ta,65,2,93,18,5.0,17.0,0.0,0.317692537949962,0,84.07078355435878
ta,65,2,93,19,5.0,13.5,0.0,0.44956066981809384,0,84.07078355435878
ta,65,2,93,20,5.0,14.396180048887969,-0.3547056520109404,0.5685569981889047,0,84.07078355435878
ta,65,2,93,21,5.0,14.396180048887969,0.3547056520109402,0.482842712474619,0,84.07078355435878
ta,65,2,93,22,5.0,11.280514172678478,-0.22347660114063306,0.482842712474619,0,84.07078355435878
ta,65,2,93,23,5.0,11.280514172678478,0.22347660114063306,0.565685424949238,0,84.07078355435878
ta,65,2,93,24,5.0,12.020815280171307,-0.7853981633974483,0.565685424949238,0,84.07078355435878
ta,65,2,93,25,5.0,9.86154146165801,-0.5317240672588057,0.44956066981809384,0,84.07078355435878
ta,65,2,93,26,5.0,8.5,0.0,0.5685569981889047,0,84.07078355435878
ta,65,2,93,27,5.0,9.86154146165801,0.5317240672588055,0.565685424949238,0,84.07078355435878
ta,65,2,93,28,5.0,12.020815280171307,0.7853981633974483,0.5685569981889047,0,84.07078355435878
ta,65,2,93,29,5.0,6.5,-0.39479111969976155,0.44956066981809384,0,84.07078355435878
ta,65,2,93,30,5.0,6.5,0.39479111969976155,0.565685424949238,0,84.07078355435878
ta,65,2,93,31,5.0,6.103277807866851,-0.9600703624056881,0.565685424949238,0,84.07078355435878
ta,65,2,93,32,5.0,3.5,0.0,0.482842712474619,1,84.07078355435878
ta,65,2,93,33,5.0,6.103277807866851,0.960070362405688,0.5685569981889047,0,84.07078355435878
ta,65,2,93,34,5.0,0.0,,0.482842712474619,0,84.07078355435878
ta,65,2,93,35,5.0,42.42640687119285,3.9269908169872414,0.44956066981809384,0,84.07078355435878
ta,65,2,93,36,5.0,40.02811511925087,3.9888586628516216,0.44956066981809384,0,84.07078355435878
ta,65,2,93,37,5.0,36.43144246389374,3.897872835480203,0.5685569981889047,0,84.07078355435878
ta,65,2,93,38,5.0,43.900455578501685,4.064332094454175,0.482842712474619,0,84.07078355435878
ta,65,2,93,39,5.0,36.5,3.9948476398435453,0.482842712474619,0,84.07078355435878
ta,65,2,93,40,5.0,40.40111384603152,4.076313477680939,0.565685424949238,0,84.07078355435878
ta,65,2,93,41,5.0,30.405591591021544,3.9269908169872414,0.565685424949238,0,84.07078355435878
ta,65,2,93,42,5.0,32.973474187595095,4.002117972898004,0.44956066981809384,0,84.07078355435878
ta,65,2,93,43,5.0,36.908671067921155,4.0905646925541,0.5685569981889047,0,84.07078355435878
ta,65,2,93,44,5.0,41.07614879708174,4.161531445852973,0.565685424949238,0,84.07078355435878
ta,65,2,93,45,5.0,44.09648512069868,4.203087836382678,0.5685569981889047,0,84.07078355435878
ta,65,2,93,46,5.0,33.425289826716536,4.107790390291212,0.44956066981809384,0,84.07078355435878
ta,65,2,93,47,5.0,37.646380968162134,4.183358509305041,0.565685424949238,0,84.07078355435878
ta,65,2,93,48,5.0,29.95413160150032,4.129015973390834,0.565685424949238,0,84.07078355435878
ta,65,2,93,49,5.0,34.23813663153998,4.209545769456829,0.482842712474619,0,84.07078355435878
ta,65,2,93,50,5.0,38.69431482789171,4.271858639768176,0.5685569981889047,0,84.07078355435878
ta,65,2,93,51,5.0,32.69556544854363,4.303481151433765,0.482842712474619,0,84.07078355435878
ta,65,2,93,52,5.0,34.48187929913333,-1.0552473193359178,0.44956066981809384,0,84.07078355435878
ta,65,2,93,53,5.0,32.89756829919196,-1.147942400661956,0.44956066981809384,0,84.07078355435878
ta,65,2,93,54,5.0,28.412145290350743,-1.0756630633264925,0.5685569981889047,0,84.07078355435878
ta,65,2,93,55,5.0,37.51333096380539,-1.202665555469733,0.482842712474619,0,84.07078355435878
ta,65,2,93,56,5.0,29.618406439239774,-1.1902899496825317,0.482842712474619,0,84.07078355435878
ta,65,2,93,57,5.0,34.311076928595526,-1.244437510088134,0.565685424949238,0,84.07078355435878
ta,65,2,93,58,5.0,23.119256043393783,-1.1943059923483736,0.565685424949238,0,84.07078355435878
ta,65,2,93,59,5.0,26.405491853021786,-1.2430578200143412,0.44956066981809384,0,84.07078355435878
ta,65,2,93,60,5.0,31.18092365533773,-1.2946993073994602,0.5685569981889047,0,84.07078355435878
ta,65,2,93,61,5.0,36.01735692690401,-1.3325515686161515,0.565685424949238,0,84.07078355435878
ta,65,2,93,62,5.0,39.42714800743264,-1.3535028958718756,0.5685569981889047,0,84.07078355435878
ta,65,2,93,63,5.0,28.146935890075138,-1.3559809263932379,0.44956066981809384,0,84.07078355435878
ta,65,2,93,64,5.0,33.04920573932148,-1.3882364736639898,0.565685424949238,0,84.07078355435878
ta,65,2,93,65,5.0,25.243811122728676,-1.4317003853128254,0.565685424949238,0,84.07078355435878
ta,65,2,93,66,5.0,30.20347662107791,-1.4546546999149066,0.482842712474619,0,84.07078355435878
ta,65,2,93,67,5.0,35.174564673923115,-1.4711276743037347,0.5685569981889047,0,84.07078355435878
ta,65,2,93,68,5.0,30.0,4.71238898038469,0.482842712474619,0,84.07078355435878
ta,65,2,94,1,5.0,33.5,3.141592653589793,0.44956066981809384,0,84.37513138044574
ta,65,2,94,2,5.0,30.0,3.141592653589793,0.44956066981809384,0,84.37513138044574
ta,65,2,94,3,5.0,30.4138126514911,3.30674133100442,0.5685569981889047,0,84.37513138044574
ta,65,2,94,4,5.0,30.4138126514911,2.976443976175166,0.482842712474619,0,84.37513138044574
ta,65,2,94,5,5.0,27.613402542968153,3.2322525407905385,0.482842712474619,0,84.37513138044574
ta,65,2,94,6,5.0,27.613402542968153,3.0509327663890478,0.565685424949238,0,84.37513138044574
ta,65,2,94,7,5.0,26.405491853021786,3.4693311603703485,0.565685424949238,0,84.37513138044574
ta,65,2,94,8,5.0,25.495097567963924,3.338988213439674,0.44956066981809384,0,84.37513138044574
ta,65,2,94,9,5.0,25.0,3.141592653589793,0.5685569981889047,0,84.37513138044574
ta,65,2,94,10,5.0,25.495097567963924,2.9441970937399127,0.565685424949238,0,84.37513138044574
ta,65,2,94,11,5.0,26.405491853021786,2.8138541468092377,0.5685569981889047,0,84.37513138044574
ta,65,2,94,12,5.0,22.638462845343543,3.252249874763689,0.44956066981809384,0,84.37513138044574
ta,65,2,94,13,5.0,22.638462845343543,3.0309354324158972,0.565685424949238,0,84.37513138044574
ta,65,2,94,14,5.0,20.615528128088304,3.3865713167166573,0.565685424949238,0,84.37513138044574
ta,65,2,94,16,5.0,20.615528128088304,2.896613990462929,0.565685424949238,0,84.37513138044574
ta,65,2,94,17,5.0,16.5,3.141592653589793,0.482842712474619,0,84.37513138044574
ta,65,2,94,18,5.0,13.5,0.0,0.3276927682076162,0,84.37513138044574
ta,65,2,94,19,5.0,10.0,0.0,0.44956066981809384,0,84.37513138044574
ta,65,2,94,20,5.0,11.180339887498949,-0.46364760900080615,0.5685569981889047,0,84.37513138044574
ta,65,2,94,21,5.0,11.180339887498949,0.46364760900080615,0.482842712474619,0,84.37513138044574
ta,65,2,94,22,5.0,7.905694150420948,-0.32175055439664235,0.482842712474619,0,84.37513138044574
ta,65,2,94,23,5.0,7.905694150420948,0.32175055439664213,0.565685424949238,0,84.37513138044574
ta,65,2,94,24,5.0,9.86154146165801,-1.0390722595360913,0.565685424949238,0,84.37513138044574
ta,65,2,94,25,5.0,7.0710678118654755,-0.7853981633974483,0.44956066981809384,1,84.37513138044574
ta,65,2,94,26,5.0,5.0,0.0,0.5685569981889047,0,84.37513138044574
ta,65,2,94,27,5.0,7.0710678118654755,0.7853981633974483,0.565685424949238,0,84.37513138044574
ta,65,2,94,28,5.0,9.86154146165801,1.0390722595360908,0.5685569981889047,0,84.37513138044574
ta,65,2,94,29,5.0,3.5355339059327378,-0.7853981633974483,0.44956066981809384,0,84.37513138044574
ta,65,2,94,30,5.0,3.5355339059327378,0.7853981633974483,0.565685424949238,0,84.37513138044574
ta,65,2,94,31,5.0,5.0,4.71238898038469,0.565685424949238,0,84.37513138044574
ta,65,2,94,32,5.0,0.0,,0.482842712474619,0,84.37513138044574
ta,65,2,94,33,5.0,5.0,1.5707963267948966,0.565685424949238,0,84.37513138044574
ta,65,2,94,35,5.0,44.9694340635948,3.871928421613571,0.3276927682076162,0,84.37513138044574
ta,65,2,94,36,5.0,42.42640687119285,3.9269908169872414,0.44956066981809384,0,84.37513138044574
ta,65,2,94,37,5.0,39.05124837953327,3.8363309297864965,0.5685569981889047,0,84.37513138044574
ta,65,2,94,38,5.0,46.09772228646444,4.003762708257019,0.482842712474619,0,84.37513138044574
ta,65,2,94,39,5.0,38.890872965260115,3.9269908169872414,0.482842712474619,0,84.37513138044574
ta,65,2,94,40,5.0,42.573465914816005,4.010132048875683,0.565685424949238,0,84.37513138044574
ta,65,2,94,41,5.0,32.973474187595095,3.8518636610764796,0.565685424949238,0,84.37513138044574
ta,65,2,94,42,5.0,35.35533905932738,3.9269908169872414,0.44956066981809384,0,84.37513138044574
ta,65,2,94,43,5.0,39.05124837953327,4.017650704187987,0.5685569981889047,0,84.37513138044574
ta,65,2,94,44,5.0,43.01162633521314,4.092139494401868,0.565685424949238,0,84.37513138044574
ta,65,2,94,45,5.0,45.90479277809671,4.136470380766337,0.5685569981889047,0,84.37513138044574
ta,65,2,94,46,5.0,35.531676008879735,4.026659469478403,0.44956066981809384,0,84.37513138044574
ta,65,2,94,47,5.0,39.528470752104745,4.1068443167797195,0.565685424949238,0,84.37513138044574
ta,65,2,94,48,5.0,32.01562118716424,4.037648038161137,0.565685424949238,0,84.37513138044574
ta,65,2,94,49,5.0,36.05551275463989,4.124386376837123,0.482842712474619,0,84.37513138044574
ta,65,2,94,50,5.0,40.311288741492746,4.193242866138167,0.5685569981889047,0,84.37513138044574
ta,65,2,94,51,5.0,34.23813663153998,4.209545769456829,0.482842712474619,0,84.37513138044574
ta,65,2,94,52,5.0,32.89756829919196,-1.147942400661956,0.44956066981809384,0,84.37513138044574
ta,65,2,94,53,5.0,31.622776601683793,-1.2490457723982544,0.44956066981809384,0,84.37513138044574
ta,65,2,94,54,5.0,26.92582403567252,-1.1902899496825317,0.5685569981889047,0,84.37513138044574
ta,65,2,94,55,5.0,36.40054944640259,-1.2924966677897851,0.482842712474619,0,84.37513138044574
ta,65,2,94,56,5.0,28.50438562747845,-1.3045442776439713,0.482842712474619,0,84.37513138044574
ta,65,2,94,57,5.0,33.354160160315836,-1.3439974787410107,0.565685424949238,0,84.37513138044574
ta,65,2,94,58,5.0,22.073740054644116,-1.3422996875030342,0.565685424949238,0,84.37513138044574
ta,65,2,94,59,5.0,25.495097567963924,-1.3734007669450161,0.44956066981809384,0,84.37513138044574
ta,65,2,94,60,5.0,30.4138126514911,-1.4056476493802696,0.5685569981889047,0,84.37513138044574
ta,65,2,94,61,5.0,35.35533905932738,-1.4288992721907325,0.565685424949238,0,84.37513138044574
ta,65,2,94,62,5.0,38.82331773560833,-1.4416490366668766,0.5685569981889047,0,84.37513138044574
ta,65,2,94,63,5.0,27.613402542968153,-1.4801364395941516,0.44956066981809384,0,84.37513138044574
ta,65,2,94,64,5.0,32.59601202601324,-1.4940244355251187,0.565685424949238,0,84.37513138044574
ta,65,2,94,65,5.0,25.0,4.71238898038469,0.565685424949238,0,84.37513138044574
ta,65,2,94,66,5.0,30.0,4.71238898038469,0.482842712474619,0,84.37513138044574
ta,65,2,94,67,5.0,35.0,4.71238898038469,0.5685569981889047,0,84.37513138044574
ta,65,2,94,68,5.0,30.20347662107791,4.596247353504699,0.482842712474619,0,84.37513138044574
ta,65,2,95,1,5.0,38.82331773560833,3.7978435268592214,0.44956066981809384,0,84.99000684234709
ta,65,2,95,2,5.0,35.35533905932738,3.7850937623830774,0.44956066981809384,0,84.99000684234709
ta,65,2,95,3,5.0,35.0,3.9269908169872414,0.5685569981889047,0,84.99000684234709
ta,65,2,95,4,5.0,36.40054944640259,3.64869115798213,0.482842712474619,0,84.99000684234709
ta,65,2,95,5,5.0,32.59601202601324,3.8502189257174635,0.482842712474619,0,84.99000684234709
ta,65,2,95,6,5.0,33.354160160315836,3.7001919689333556,0.565685424949238,0,84.99000684234709
ta,65,2,95,7,5.0,30.20347662107791,4.043132443867232,0.565685424949238,0,84.99000684234709
ta,65,2,95,8,5.0,30.0,3.9269908169872414,0.44956066981809384,0,84.99000684234709
ta,65,2,95,9,5.0,30.4138126514911,3.7618421395726145,0.5685569981889047,0,84.99000684234709
ta,65,2,95,10,5.0,31.622776601683793,3.6052402625905993,0.565685424949238,0,84.99000684234709
ta,65,2,95,11,5.0,32.89756829919196,3.5041368908543005,0.5685569981889047,0,84.99000684234709
ta,65,2,95,12,5.0,27.613402542968153,3.836330929786496,0.44956066981809384,0,84.99000684234709
ta,65,2,95,13,5.0,28.50438562747845,3.660738767836316,0.565685424949238,0,84.99000684234709
ta,65,2,95,14,5.0,25.0,3.9269908169872414,0.565685424949238,0,84.99000684234709
ta,65,2,95,16,5.0,26.92582403567252,3.5464844398748765,0.565685424949238,0,84.99000684234709
ta,65,2,95,17,5.0,22.073740054644116,3.6984941776953795,0.482842712474619,0,84.99000684234709
ta,65,2,95,18,5.0,9.86154146165801,1.3171222306562538,0.3276927682076162,0,84.99000684234709
ta,65,2,95,19,5.0,7.0710678118654755,1.5707963267948966,0.44956066981809384,0,84.99000684234709
ta,65,2,95,20,5.0,5.0,0.7853981633974483,0.5685569981889047,0,84.99000684234709
ta,65,2,95,21,5.0,11.180339887498949,1.8925468811915387,0.482842712474619,0,84.99000684234709
ta,65,2,95,22,5.0,3.5355339059327378,1.5707963267948966,0.482842712474619,0,84.99000684234709
ta,65,2,95,23,5.0,7.905694150420948,2.0344439357957027,0.565685424949238,0,84.99000684234709
ta,65,2,95,24,5.0,3.5,5.497787143782138,0.565685424949238,0,84.99000684234709
ta,65,2,95,25,5.0,0.0,,0.44956066981809384,0,84.99000684234709
ta,65,2,95,26,5.0,5.0,2.356194490192345,0.5685569981889047,0,84.99000684234709
ta,65,2,95,27,5.0,10.0,2.356194490192345,0.565685424949238,0,84.99000684234709
ta,65,2,95,28,5.0,13.5,2.356194490192345,0.5685569981889047,0,84.99000684234709
ta,65,2,95,29,5.0,3.5355339059327378,3.141592653589793,0.44956066981809384,0,84.99000684234709
ta,65,2,95,30,5.0,7.905694150420948,2.677945044588987,0.565685424949238,0,84.99000684234709
ta,65,2,95,31,5.0,5.0,3.9269908169872414,0.565685424949238,0,84.99000684234709
ta,65,2,95,33,5.0,11.180339887498949,2.819842099193151,0.565685424949238,0,84.99000684234709
ta,65,2,95,34,5.0,9.86154146165801,3.395266749728436,0.482842712474619,0,84.99000684234709
ta,65,2,95,35,5.0,45.90479277809671,4.502909416605594,0.3276927682076162,0,84.99000684234709
ta,65,2,95,36,5.0,43.01162633521314,4.547240302970063,0.44956066981809384,0,84.99000684234709
ta,65,2,95,37,5.0,40.311288741492746,4.446136931233765,0.5685569981889047,0,84.99000684234709
ta,65,2,95,38,5.0,46.09772228646444,4.635617089114912,0.482842712474619,0,84.99000684234709
ta,65,2,95,39,5.0,39.528470752104745,4.532535480592212,0.482842712474619,0,84.99000684234709
ta,65,2,95,40,5.0,42.573465914816005,4.629247748496248,0.565685424949238,0,84.99000684234709
ta,65,2,95,41,5.0,34.23813663153998,4.429834027915103,0.565685424949238,0,84.99000684234709
ta,65,2,95,42,5.0,36.05551275463989,4.514993420534809,0.44956066981809384,0,84.99000684234709
ta,65,2,95,43,5.0,39.05124837953327,4.621729093183944,0.5685569981889047,0,84.99000684234709
ta,65,2,95,44,5.0,42.42640687119285,4.71238898038469,0.565685424949238,0,84.99000684234709
ta,65,2,95,45,5.0,44.9694340635948,4.76745137575836,0.5685569981889047,0,84.99000684234709
ta,65,2,95,46,5.0,35.531676008879735,4.612720327893528,0.44956066981809384,0,84.99000684234709
ta,65,2,95,47,5.0,38.890872965260115,4.71238898038469,0.565685424949238,0,84.99000684234709
ta,65,2,95,48,5.0,32.01562118716424,4.601731759210795,0.565685424949238,0,84.99000684234709
ta,65,2,95,49,5.0,35.35533905932738,4.71238898038469,0.482842712474619,0,84.99000684234709
ta,65,2,95,50,5.0,39.05124837953327,4.803048867585435,0.5685569981889047,0,84.99000684234709
ta,65,2,95,51,5.0,32.973474187595095,4.7875161362954515,0.482842712474619,0,84.99000684234709
ta,65,2,95,52,5.0,26.405491853021786,-0.4576596566168929,0.44956066981809384,0,84.99000684234709
ta,65,2,95,53,5.0,25.495097567963924,-0.5880026035475678,0.44956066981809384,0,84.99000684234709
ta,65,2,95,54,5.0,20.615528128088304,-0.540419500270584,0.5685569981889047,0,84.99000684234709
ta,65,2,95,55,5.0,30.4138126514911,-0.6202494859828214,0.482842712474619,0,84.99000684234709
ta,65,2,95,56,5.0,22.638462845343543,-0.6747409422235529,0.482842712474619,0,84.99000684234709
ta,65,2,95,57,5.0,27.613402542968153,-0.6947382761967034,0.565685424949238,0,84.99000684234709
ta,65,2,95,58,5.0,16.5,5.497787143782138,0.565685424949238,1,84.99000684234709
ta,65,2,95,59,5.0,20.0,5.497787143782138,0.44956066981809384,0,84.99000684234709
ta,65,2,95,60,5.0,25.0,5.497787143782138,0.5685569981889047,0,84.99000684234709
ta,65,2,95,61,5.0,30.0,5.497787143782138,0.565685424949238,0,84.99000684234709
ta,65,2,95,62,5.0,33.5,5.497787143782138,0.5685569981889047,0,84.99000684234709
ta,65,2,95,63,5.0,22.638462845343543,5.387129922608242,0.44956066981809384,0,84.99000684234709
ta,65,2,95,64,5.0,27.613402542968153,5.4071272565813935,0.565685424949238,0,84.99000684234709
ta,65,2,95,65,5.0,20.615528128088304,5.252808480655274,0.565685424949238,0,84.99000684234709
ta,65,2,95,66,5.0,25.495097567963924,5.3003915839322575,0.482842712474619,0,84.99000684234709
ta,65,2,95,67,5.0,30.4138126514911,5.332638466367511,0.5685569981889047,0,84.99000684234709
ta,65,2,95,68,5.0,26.405491853021786,5.170048637001583,0.482842712474619,0,84.99000684234709
ta,65,2,96,1,5.0,44.09648512069868,-2.0800974707969084,0.44956066981809384,0,86.42478945104274
ta,65,2,96,2,5.0,41.07614879708174,-2.121653861326613,0.44956066981809384,0,86.42478945104274
ta,65,2,96,3,5.0,38.69431482789171,-2.0113266674114096,0.5685569981889047,0,86.42478945104274
ta,65,2,96,4,5.0,43.900455578501685,-2.218853212725411,0.482842712474619,0,86.42478945104274
ta,65,2,96,5,5.0,37.646380968162134,-2.0998267978745453,0.482842712474619,0,86.42478945104274
ta,65,2,96,6,5.0,40.40111384603152,-2.2068718294986476,0.565685424949238,0,86.42478945104274
ta,65,2,96,7,5.0,32.69556544854363,-1.979704155745822,0.565685424949238,0,86.42478945104274
ta,65,2,96,8,5.0,34.23813663153998,-2.073639537722757,0.44956066981809384,0,86.42478945104274
ta,65,2,96,9,5.0,36.908671067921155,-2.1926206146254863,0.5685569981889047,0,86.42478945104274
ta,65,2,96,10,5.0,40.02811511925087,-2.2943266443279646,0.565685424949238,0,86.42478945104274
ta,65,2,96,11,5.0,42.42640687119285,-2.356194490192345,0.5685569981889047,0,86.42478945104274
ta,65,2,96,12,5.0,33.425289826716536,-2.1753949168883735,0.44956066981809384,0,86.42478945104274
ta,65,2,96,13,5.0,36.5,-2.288337667336041,0.565685424949238,0,86.42478945104274
ta,65,2,96,14,5.0,29.95413160150032,-2.1541693337887526,0.565685424949238,0,86.42478945104274
ta,65,2,96,16,5.0,36.43144246389374,-2.3853124716993834,0.565685424949238,0,86.42478945104274
ta,65,2,96,17,5.0,30.405591591021544,-2.356194490192345,0.482842712474619,0,86.42478945104274
ta,65,2,96,18,5.0,23.119256043393783,-3.518082988036316,0.3276927682076162,0,86.42478945104274
ta,65,2,96,19,5.0,22.073740054644116,-3.3700892928816555,0.44956066981809384,0,86.42478945104274
ta,65,2,96,20,5.0,17.240939649566666,-3.435827218700981,0.5685569981889047,0,86.42478945104274
ta,65,2,96,21,5.0,26.9675731203236,-3.32807955525701,0.482842712474619,0,86.42478945104274
ta,65,2,96,22,5.0,19.1637678967368,-3.2724200496638502,0.482842712474619,0,86.42478945104274
ta,65,2,96,23,5.0,24.12985702402731,-3.245384994046836,0.565685424949238,0,86.42478945104274
ta,65,2,96,24,5.0,13.0,-3.141592653589793,0.565685424949238,0,86.42478945104274
ta,65,2,96,26,5.0,21.5,-3.141592653589793,0.565685424949238,0,86.42478945104274
ta,65,2,96,27,5.0,26.5,-3.141592653589793,0.565685424949238,0,86.42478945104274
ta,65,2,96,28,5.0,30.0,-3.141592653589793,0.5685569981889047,0,86.42478945104274
ta,65,2,96,29,5.0,19.1637678967368,-3.010765257515736,0.44956066981809384,0,86.42478945104274
ta,65,2,96,30,5.0,24.12985702402731,-3.0378003131327502,0.565685424949238,0,86.42478945104274
ta,65,2,96,31,5.0,17.240939649566666,-2.847358088478605,0.565685424949238,0,86.42478945104274
ta,65,2,96,32,5.0,22.073740054644116,-2.9130960142979307,0.482842712474619,0,86.42478945104274
ta,65,2,96,33,5.0,26.9675731203236,-2.9551057519225763,0.5685569981889047,0,86.42478945104274
ta,65,2,96,34,5.0,23.119256043393783,-2.76510231914327,0.482842712474619,0,86.42478945104274
ta,65,2,96,35,5.0,39.42714800743264,-1.3535028958718753,0.44956066981809384,0,86.42478945104274
ta,65,2,96,36,5.0,36.01735692690401,-1.3325515686161515,0.44956066981809384,0,86.42478945104274
ta,65,2,96,37,5.0,35.174564673923115,-1.4711276743037345,0.5685569981889047,0,86.42478945104274
ta,65,2,96,38,5.0,37.51333096380539,-1.202665555469733,0.482842712474619,0,86.42478945104274
ta,65,2,96,39,5.0,33.04920573932148,-1.3882364736639896,0.482842712474619,0,86.42478945104274
ta,65,2,96,40,5.0,34.311076928595526,-1.2444375100881337,0.565685424949238,0,86.42478945104274
ta,65,2,96,41,5.0,30.0,-1.5707963267948966,0.565685424949238,0,86.42478945104274
ta,65,2,96,42,5.0,30.20347662107791,-1.4546546999149064,0.44956066981809384,0,86.42478945104274
ta,65,2,96,43,5.0,31.18092365533773,-1.29469930739946,0.5685569981889047,0,86.42478945104274
ta,65,2,96,44,5.0,32.89756829919196,-1.1479424006619559,0.565685424949238,0,86.42478945104274
ta,65,2,96,45,5.0,34.48187929913333,-1.0552473193359173,0.5685569981889047,0,86.42478945104274
ta,65,2,96,46,5.0,28.146935890075138,-1.3559809263932379,0.44956066981809384,0,86.42478945104274
ta,65,2,96,47,5.0,29.618406439239774,-1.1902899496825317,0.565685424949238,0,86.42478945104274
ta,65,2,96,48,5.0,25.243811122728676,-1.4317003853128252,0.565685424949238,0,86.42478945104274
ta,65,2,96,49,5.0,26.405491853021786,-1.243057820014341,0.482842712474619,0,86.42478945104274
ta,65,2,96,50,5.0,28.412145290350743,-1.0756630633264925,0.5685569981889047,0,86.42478945104274
ta,65,2,96,51,5.0,23.119256043393783,-1.1943059923483736,0.482842712474619,0,86.42478945104274
ta,65,2,96,52,5.0,12.020815280171307,-5.497787143782138,0.44956066981809384,0,86.42478945104274
ta,65,2,96,53,5.0,9.86154146165801,-5.751461239920781,0.44956066981809384,0,86.42478945104274
ta,65,2,96,54,5.0,6.103277807866851,-5.323114944773899,0.5685569981889047,0,86.42478945104274
ta,65,2,96,55,5.0,14.396180048887969,-5.928479655168646,0.482842712474619,0,86.42478945104274
ta,65,2,96,56,5.0,6.5,-5.888394187479825,0.482842712474619,0,86.42478945104274
ta,65,2,96,57,5.0,11.280514172678478,-6.059708706038953,0.565685424949238,0,86.42478945104274
ta,65,2,96,58,5.0,0.0,,0.565685424949238,0,86.42478945104274
ta,65,2,96,59,5.0,3.5,0.0,0.44956066981809384,1,86.42478945104274
ta,65,2,96,60,5.0,8.5,0.0,0.5685569981889047,0,86.42478945104274
ta,65,2,96,61,5.0,13.5,0.0,0.565685424949238,0,86.42478945104274
ta,65,2,96,62,5.0,17.0,0.0,0.5685569981889047,0,86.42478945104274
ta,65,2,96,63,5.0,6.5,-0.39479111969976133,0.44956066981809384,0,86.42478945104274
ta,65,2,96,64,5.0,11.280514172678478,-0.22347660114063306,0.565685424949238,0,86.42478945104274
ta,65,2,96,65,5.0,6.103277807866851,-0.9600703624056877,0.565685424949238,0,86.42478945104274
ta,65,2,96,66,5.0,9.86154146165801,-0.5317240672588053,0.482842712474619,0,86.42478945104274
ta,65,2,96,67,5.0,14.396180048887969,-0.3547056520109404,0.5685569981889047,0,86.42478945104274
ta,65,2,96,68,5.0,12.020815280171307,-0.7853981633974483,0.482842712474619,0,86.42478945104274
ta,65,2,97,1,5.0,45.90479277809671,-2.1467149264132495,0.44956066981809384,0,86.7291372771297
ta,65,2,97,2,5.0,43.01162633521314,-2.191045812777718,0.44956066981809384,0,86.7291372771297
ta,65,2,97,3,5.0,40.311288741492746,-2.089942441041419,0.5685569981889047,0,86.7291372771297
ta,65,2,97,4,5.0,46.09772228646444,-2.279422598922567,0.482842712474619,0,86.7291372771297
ta,65,2,97,5,5.0,39.528470752104745,-2.1763409903998667,0.482842712474619,0,86.7291372771297
ta,65,2,97,6,5.0,42.573465914816005,-2.2730532583039036,0.565685424949238,0,86.7291372771297
ta,65,2,97,7,5.0,34.23813663153998,-2.073639537722757,0.565685424949238,0,86.7291372771297
ta,65,2,97,8,5.0,36.05551275463989,-2.158798930342464,0.44956066981809384,0,86.7291372771297
ta,65,2,97,9,5.0,39.05124837953327,-2.2655346029915995,0.5685569981889047,0,86.7291372771297
ta,65,2,97,10,5.0,42.42640687119285,-2.356194490192345,0.565685424949238,0,86.7291372771297
ta,65,2,97,11,5.0,44.9694340635948,-2.411256885566015,0.5685569981889047,0,86.7291372771297
ta,65,2,97,12,5.0,35.531676008879735,-2.256525837701183,0.44956066981809384,0,86.7291372771297
ta,65,2,97,13,5.0,38.890872965260115,-2.356194490192345,0.565685424949238,0,86.7291372771297
ta,65,2,97,14,5.0,32.01562118716424,-2.245537269018449,0.565685424949238,0,86.7291372771297
ta,65,2,97,16,5.0,39.05124837953327,-2.44685437739309,0.565685424949238,0,86.7291372771297
ta,65,2,97,17,5.0,32.973474187595095,-2.4313216461031066,0.482842712474619,0,86.7291372771297
ta,65,2,97,18,5.0,26.405491853021786,-3.4693311603703485,0.3276927682076162,0,86.7291372771297
ta,65,2,97,19,5.0,25.495097567963924,-3.338988213439674,0.44956066981809384,0,86.7291372771297
ta,65,2,97,20,5.0,20.615528128088304,-3.3865713167166573,0.5685569981889047,0,86.7291372771297
ta,65,2,97,21,5.0,30.4138126514911,-3.30674133100442,0.482842712474619,0,86.7291372771297
ta,65,2,97,22,5.0,22.638462845343543,-3.252249874763689,0.482842712474619,0,86.7291372771297
ta,65,2,97,23,5.0,27.613402542968153,-3.232252540790538,0.565685424949238,0,86.7291372771297
ta,65,2,97,24,5.0,16.5,-3.141592653589793,0.565685424949238,0,86.7291372771297
ta,65,2,97,25,5.0,20.0,-3.141592653589793,0.44956066981809384,0,86.7291372771297
ta,65,2,97,26,5.0,25.0,-3.141592653589793,0.5685569981889047,0,86.7291372771297
ta,65,2,97,27,5.0,30.0,-3.141592653589793,0.565685424949238,0,86.7291372771297
ta,65,2,97,28,5.0,33.5,-3.141592653589793,0.5685569981889047,0,86.7291372771297
ta,65,2,97,29,5.0,22.638462845343543,-3.0309354324158972,0.44956066981809384,0,86.7291372771297
ta,65,2,97,30,5.0,27.613402542968153,-3.050932766389048,0.565685424949238,0,86.7291372771297
ta,65,2,97,31,5.0,20.615528128088304,-2.896613990462929,0.565685424949238,0,86.7291372771297
ta,65,2,97,32,5.0,25.495097567963924,-2.9441970937399122,0.482842712474619,0,86.7291372771297
ta,65,2,97,33,5.0,30.4138126514911,-2.976443976175166,0.5685569981889047,0,86.7291372771297
ta,65,2,97,34,5.0,26.405491853021786,-2.8138541468092377,0.482842712474619,0,86.7291372771297
ta,65,2,97,35,5.0,38.82331773560833,-1.4416490366668764,0.44956066981809384,0,86.7291372771297
ta,65,2,97,36,5.0,35.35533905932738,-1.4288992721907325,0.44956066981809384,0,86.7291372771297
ta,65,2,97,37,5.0,35.0,-1.5707963267948966,0.5685569981889047,0,86.7291372771297
ta,65,2,97,38,5.0,36.40054944640259,-1.2924966677897851,0.482842712474619,0,86.7291372771297
ta,65,2,97,39,5.0,32.59601202601324,-1.4940244355251184,0.482842712474619,0,86.7291372771297
ta,65,2,97,40,5.0,33.354160160315836,-1.3439974787410107,0.565685424949238,0,86.7291372771297
ta,65,2,97,41,5.0,30.20347662107791,-1.6869379536748867,0.565685424949238,0,86.7291372771297
ta,65,2,97,42,5.0,30.0,-1.5707963267948966,0.44956066981809384,0,86.7291372771297
ta,65,2,97,43,5.0,30.4138126514911,-1.4056476493802696,0.5685569981889047,0,86.7291372771297
ta,65,2,97,44,5.0,31.622776601683793,-1.2490457723982542,0.565685424949238,0,86.7291372771297
ta,65,2,97,45,5.0,32.89756829919196,-1.1479424006619559,0.5685569981889047,0,86.7291372771297
ta,65,2,97,46,5.0,27.613402542968153,-1.4801364395941514,0.44956066981809384,0,86.7291372771297
ta,65,2,97,47,5.0,28.50438562747845,-1.304544277643971,0.565685424949238,0,86.7291372771297
ta,65,2,97,48,5.0,25.0,-1.5707963267948966,0.565685424949238,0,86.7291372771297
ta,65,2,97,49,5.0,25.495097567963924,-1.3734007669450157,0.482842712474619,0,86.7291372771297
ta,65,2,97,50,5.0,26.92582403567252,-1.1902899496825317,0.5685569981889047,0,86.7291372771297
ta,65,2,97,51,5.0,22.073740054644116,-1.3422996875030342,0.482842712474619,0,86.7291372771297
ta,65,2,97,52,5.0,9.86154146165801,-5.244113047643495,0.44956066981809384,0,86.7291372771297
ta,65,2,97,53,5.0,7.0710678118654755,-5.497787143782138,0.44956066981809384,0,86.7291372771297
ta,65,2,97,54,5.0,5.0,-4.71238898038469,0.5685569981889047,0,86.7291372771297
ta,65,2,97,55,5.0,11.180339887498949,-5.81953769817878,0.482842712474619,0,86.7291372771297
ta,65,2,97,56,5.0,3.5355339059327378,-5.497787143782138,0.482842712474619,0,86.7291372771297
ta,65,2,97,57,5.0,7.905694150420948,-5.961434752782944,0.565685424949238,0,86.7291372771297
ta,65,2,97,59,5.0,0.0,,0.3276927682076162,0,86.7291372771297
ta,65,2,97,60,5.0,5.0,0.0,0.565685424949238,0,86.7291372771297
ta,65,2,97,61,5.0,10.0,0.0,0.565685424949238,0,86.7291372771297
ta,65,2,97,62,5.0,13.5,0.0,0.5685569981889047,0,86.7291372771297
ta,65,2,97,63,5.0,3.5355339059327378,-0.7853981633974483,0.44956066981809384,0,86.7291372771297
ta,65,2,97,64,5.0,7.905694150420948,-0.32175055439664213,0.565685424949238,0,86.7291372771297
ta,65,2,97,65,5.0,5.0,-1.5707963267948966,0.565685424949238,0,86.7291372771297
ta,65,2,97,66,5.0,7.0710678118654755,-0.7853981633974483,0.482842712474619,1,86.7291372771297
ta,65,2,97,67,5.0,11.180339887498949,-0.46364760900080615,0.5685569981889047,0,86.7291372771297
ta,65,2,97,68,5.0,9.86154146165801,-1.0390722595360908,0.482842712474619,0,86.7291372771297
ta,65,2,98,1,5.0,44.9694340635948,-1.5157339314212264,0.44956066981809384,0,87.34401273903104
ta,65,2,98,2,5.0,42.42640687119285,-1.5707963267948966,0.44956066981809384,0,87.34401273903104
ta,65,2,98,3,5.0,39.05124837953327,-1.4801364395941514,0.5685569981889047,0,87.34401273903104
ta,65,2,98,4,5.0,46.09772228646444,-1.6475682180646745,0.482842712474619,0,87.34401273903104
ta,65,2,98,5,5.0,38.890872965260115,-1.5707963267948966,0.482842712474619,0,87.34401273903104
ta,65,2,98,6,5.0,42.573465914816005,-1.6539375586833378,0.565685424949238,0,87.34401273903104
ta,65,2,98,7,5.0,32.973474187595095,-1.4956691708841343,0.565685424949238,0,87.34401273903104
ta,65,2,98,8,5.0,35.35533905932738,-1.5707963267948966,0.44956066981809384,0,87.34401273903104
ta,65,2,98,9,5.0,39.05124837953327,-1.6614562139956417,0.5685569981889047,0,87.34401273903104
ta,65,2,98,10,5.0,43.01162633521314,-1.7359450042095235,0.565685424949238,0,87.34401273903104
ta,65,2,98,11,5.0,45.90479277809671,-1.780275890573992,0.5685569981889047,0,87.34401273903104
ta,65,2,98,12,5.0,35.531676008879735,-1.6704649792860584,0.44956066981809384,0,87.34401273903104
ta,65,2,98,13,5.0,39.528470752104745,-1.7506498265873747,0.565685424949238,0,87.34401273903104
ta,65,2,98,14,5.0,32.01562118716424,-1.6814535479687922,0.565685424949238,0,87.34401273903104
ta,65,2,98,15,5.0,36.05551275463989,-1.7681918866447774,0.482842712474619,0,87.34401273903104
ta,65,2,98,16,5.0,40.311288741492746,-1.8370483759458218,0.5685569981889047,0,87.34401273903104
ta,65,2,98,17,5.0,34.23813663153998,-1.853351279264484,0.482842712474619,0,87.34401273903104
ta,65,2,98,18,5.0,32.89756829919196,-2.7790484163252858,0.44956066981809384,0,87.34401273903104
ta,65,2,98,19,5.0,31.622776601683793,-2.677945044588987,0.44956066981809384,0,87.34401273903104
ta,65,2,98,20,5.0,26.92582403567252,-2.7367008673047097,0.5685569981889047,0,87.34401273903104
ta,65,2,98,21,5.0,36.40054944640259,-2.6344941491974563,0.482842712474619,0,87.34401273903104
ta,65,2,98,22,5.0,28.50438562747845,-2.62244653934327,0.482842712474619,0,87.34401273903104
ta,65,2,98,23,5.0,33.354160160315836,-2.5829933382462307,0.565685424949238,0,87.34401273903104
ta,65,2,98,24,5.0,22.073740054644116,-2.584691129484207,0.565685424949238,0,87.34401273903104
ta,65,2,98,25,5.0,25.495097567963924,-2.5535900500422257,0.44956066981809384,0,87.34401273903104
ta,65,2,98,26,5.0,30.4138126514911,-2.5213431676069717,0.5685569981889047,0,87.34401273903104
ta,65,2,98,27,5.0,35.35533905932738,-2.498091544796509,0.565685424949238,0,87.34401273903104
ta,65,2,98,28,5.0,38.82331773560833,-2.485341780320365,0.5685569981889047,0,87.34401273903104
ta,65,2,98,29,5.0,27.613402542968153,-2.4468543773930898,0.44956066981809384,0,87.34401273903104
ta,65,2,98,30,5.0,32.59601202601324,-2.4329663814621227,0.565685424949238,0,87.34401273903104
ta,65,2,98,31,5.0,25.0,-2.356194490192345,0.565685424949238,0,87.34401273903104
ta,65,2,98,32,5.0,30.0,-2.356194490192345,0.482842712474619,0,87.34401273903104
ta,65,2,98,33,5.0,35.0,-2.356194490192345,0.5685569981889047,0,87.34401273903104
ta,65,2,98,34,5.0,30.20347662107791,-2.2400528633123544,0.482842712474619,0,87.34401273903104
ta,65,2,98,35,5.0,33.5,-0.7853981633974483,0.44956066981809384,0,87.34401273903104
ta,65,2,98,36,5.0,30.0,-0.7853981633974483,0.44956066981809384,0,87.34401273903104
ta,65,2,98,37,5.0,30.4138126514911,-0.950546840812075,0.5685569981889047,0,87.34401273903104
ta,65,2,98,38,5.0,30.4138126514911,-0.6202494859828214,0.482842712474619,0,87.34401273903104
ta,65,2,98,39,5.0,27.613402542968153,-0.8760580505981934,0.482842712474619,0,87.34401273903104
ta,65,2,98,40,5.0,27.613402542968153,-0.6947382761967031,0.565685424949238,0,87.34401273903104
ta,65,2,98,41,5.0,26.405491853021786,-1.1131366701780037,0.565685424949238,0,87.34401273903104
ta,65,2,98,42,5.0,25.495097567963924,-0.9827937232473289,0.44956066981809384,0,87.34401273903104
ta,65,2,98,43,5.0,25.0,-0.7853981633974483,0.5685569981889047,0,87.34401273903104
ta,65,2,98,44,5.0,25.495097567963924,-0.5880026035475674,0.565685424949238,0,87.34401273903104
ta,65,2,98,45,5.0,26.405491853021786,-0.4576596566168927,0.5685569981889047,0,87.34401273903104
ta,65,2,98,46,5.0,22.638462845343543,-0.8960553845713439,0.44956066981809384,0,87.34401273903104
ta,65,2,98,47,5.0,22.638462845343543,-0.6747409422235526,0.565685424949238,0,87.34401273903104
ta,65,2,98,48,5.0,20.615528128088304,-1.0303768265243123,0.565685424949238,0,87.34401273903104
ta,65,2,98,49,5.0,20.0,-0.7853981633974483,0.482842712474619,1,87.34401273903104
ta,65,2,98,50,5.0,20.615528128088304,-0.540419500270584,0.5685569981889047,0,87.34401273903104
ta,65,2,98,51,5.0,16.5,-0.7853981633974483,0.482842712474619,0,87.34401273903104
ta,65,2,98,52,5.0,13.5,-3.9269908169872414,0.44956066981809384,0,87.34401273903104
ta,65,2,98,53,5.0,10.0,-3.9269908169872414,0.44956066981809384,0,87.34401273903104
ta,65,2,98,54,5.0,11.180339887498949,-3.4633432079864352,0.5685569981889047,0,87.34401273903104
ta,65,2,98,55,5.0,11.180339887498949,-4.3906384259880475,0.482842712474619,0,87.34401273903104
ta,65,2,98,56,5.0,7.905694150420948,-3.6052402625905993,0.482842712474619,0,87.34401273903104
ta,65,2,98,57,5.0,7.905694150420948,-4.2487413713838835,0.565685424949238,0,87.34401273903104
ta,65,2,98,58,5.0,9.86154146165801,-2.8879185574511506,0.565685424949238,0,87.34401273903104
ta,65,2,98,60,5.0,5.0,-3.9269908169872414,0.565685424949238,0,87.34401273903104
ta,65,2,98,61,5.0,7.0710678118654755,-4.71238898038469,0.565685424949238,0,87.34401273903104
ta,65,2,98,62,5.0,9.86154146165801,-4.966063076523333,0.5685569981889047,0,87.34401273903104
ta,65,2,98,63,5.0,3.5355339059327378,-3.141592653589793,0.44956066981809384,0,87.34401273903104
ta,65,2,98,64,5.0,3.5355339059327378,-4.71238898038469,0.565685424949238,0,87.34401273903104
ta,65,2,98,65,5.0,5.0,-2.356194490192345,0.565685424949238,0,87.34401273903104
ta,65,2,98,66,5.0,0.0,,0.482842712474619,0,87.34401273903104
ta,65,2,98,67,5.0,5.0,0.7853981633974483,0.5685569981889047,0,87.34401273903104
ta,65,2,98,68,5.0,3.5,-0.7853981633974483,0.482842712474619,0,87.34401273903104
ta,65,2,99,1,5.0,32.89756829919196,-1.1479424006619559,0.3276927682076162,0,89.08314317381365
ta,65,2,99,2,5.0,31.622776601683793,-1.2490457723982544,0.44956066981809384,0,89.08314317381365
ta,65,2,99,3,5.0,26.92582403567252,-1.1902899496825317,0.5685569981889047,0,89.08314317381365
ta,65,2,99,4,5.0,36.40054944640259,-1.2924966677897851,0.482842712474619,0,89.08314317381365
ta,65,2,99,5,5.0,28.50438562747845,-1.3045442776439713,0.482842712474619,0,89.08314317381365
ta,65,2,99,6,5.0,33.354160160315836,-1.3439974787410107,0.565685424949238,0,89.08314317381365
ta,65,2,99,7,5.0,22.073740054644116,-1.3422996875030342,0.565685424949238,0,89.08314317381365
ta,65,2,99,8,5.0,25.495097567963924,-1.373400766945016,0.44956066981809384,0,89.08314317381365
ta,65,2,99,9,5.0,30.4138126514911,-1.4056476493802696,0.5685569981889047,0,89.08314317381365
ta,65,2,99,10,5.0,35.35533905932738,-1.4288992721907325,0.565685424949238,0,89.08314317381365
ta,65,2,99,11,5.0,38.82331773560833,-1.4416490366668766,0.5685569981889047,0,89.08314317381365
ta,65,2,99,12,5.0,27.613402542968153,-1.4801364395941514,0.44956066981809384,0,89.08314317381365
ta,65,2,99,13,5.0,32.59601202601324,-1.4940244355251184,0.565685424949238,0,89.08314317381365
ta,65,2,99,14,5.0,25.0,-1.5707963267948966,0.565685424949238,0,89.08314317381365
ta,65,2,99,15,5.0,30.0,-1.5707963267948966,0.482842712474619,0,89.08314317381365
ta,65,2,99,16,5.0,35.0,-1.5707963267948966,0.5685569981889047,0,89.08314317381365
ta,65,2,99,17,5.0,30.20347662107791,-1.6869379536748867,0.482842712474619,0,89.08314317381365
ta,65,2,99,18,5.0,44.9694340635948,-2.411256885566015,0.44956066981809384,0,89.08314317381365
ta,65,2,99,19,5.0,42.42640687119285,-2.356194490192345,0.44956066981809384,0,89.08314317381365
ta,65,2,99,20,5.0,39.05124837953327,-2.44685437739309,0.5685569981889047,0,89.08314317381365
ta,65,2,99,21,5.0,46.09772228646444,-2.279422598922567,0.482842712474619,0,89.08314317381365
ta,65,2,99,22,5.0,38.890872965260115,-2.356194490192345,0.482842712474619,0,89.08314317381365
ta,65,2,99,23,5.0,42.573465914816005,-2.2730532583039036,0.565685424949238,0,89.08314317381365
ta,65,2,99,24,5.0,32.973474187595095,-2.431321646103107,0.565685424949238,0,89.08314317381365
ta,65,2,99,25,5.0,35.35533905932738,-2.356194490192345,0.44956066981809384,0,89.08314317381365
ta,65,2,99,26,5.0,39.05124837953327,-2.2655346029915995,0.5685569981889047,0,89.08314317381365
ta,65,2,99,27,5.0,43.01162633521314,-2.191045812777718,0.565685424949238,0,89.08314317381365
ta,65,2,99,28,5.0,45.90479277809671,-2.1467149264132495,0.5685569981889047,0,89.08314317381365
ta,65,2,99,29,5.0,35.531676008879735,-2.256525837701183,0.44956066981809384,0,89.08314317381365
ta,65,2,99,30,5.0,39.528470752104745,-2.1763409903998667,0.565685424949238,0,89.08314317381365
ta,65,2,99,31,5.0,32.01562118716424,-2.245537269018449,0.565685424949238,0,89.08314317381365
ta,65,2,99,32,5.0,36.05551275463989,-2.158798930342464,0.482842712474619,0,89.08314317381365
ta,65,2,99,33,5.0,40.311288741492746,-2.0899424410414196,0.5685569981889047,0,89.08314317381365
ta,65,2,99,34,5.0,34.23813663153998,-2.0736395377227574,0.482842712474619,0,89.08314317381365
ta,65,2,99,35,5.0,13.5,0.0,0.44956066981809384,0,89.08314317381365
ta,65,2,99,36,5.0,10.0,0.0,0.44956066981809384,0,89.08314317381365
ta,65,2,99,37,5.0,11.180339887498949,-0.46364760900080615,0.5685569981889047,0,89.08314317381365
ta,65,2,99,38,5.0,11.180339887498949,0.46364760900080615,0.482842712474619,0,89.08314317381365
ta,65,2,99,39,5.0,7.905694150420948,-0.32175055439664213,0.482842712474619,0,89.08314317381365
ta,65,2,99,40,5.0,7.905694150420948,0.32175055439664235,0.565685424949238,0,89.08314317381365
ta,65,2,99,41,5.0,9.86154146165801,-1.0390722595360908,0.565685424949238,0,89.08314317381365
ta,65,2,99,42,5.0,7.0710678118654755,-0.7853981633974483,0.44956066981809384,1,89.08314317381365
ta,65,2,99,43,5.0,5.0,0.0,0.5685569981889047,0,89.08314317381365
ta,65,2,99,44,5.0,7.0710678118654755,0.7853981633974483,0.565685424949238,0,89.08314317381365
ta,65,2,99,45,5.0,9.86154146165801,1.0390722595360913,0.5685569981889047,0,89.08314317381365
ta,65,2,99,46,5.0,3.5355339059327378,-0.7853981633974483,0.44956066981809384,0,89.08314317381365
ta,65,2,99,47,5.0,3.5355339059327378,0.7853981633974483,0.565685424949238,0,89.08314317381365
ta,65,2,99,48,5.0,5.0,-1.5707963267948966,0.565685424949238,0,89.08314317381365
ta,65,2,99,49,5.0,0.0,,0.482842712474619,0,89.08314317381365
ta,65,2,99,50,5.0,5.0,1.5707963267948966,0.5685569981889047,0,89.08314317381365
ta,65,2,99,51,5.0,3.5,-3.141592653589793,0.482842712474619,0,89.08314317381365
ta,65,2,99,52,5.0,33.5,-3.141592653589793,0.44956066981809384,0,89.08314317381365
ta,65,2,99,53,5.0,30.0,-3.141592653589793,0.44956066981809384,0,89.08314317381365
ta,65,2,99,54,5.0,30.4138126514911,-2.976443976175166,0.5685569981889047,0,89.08314317381365
ta,65,2,99,55,5.0,30.4138126514911,-3.30674133100442,0.482842712474619,0,89.08314317381365
ta,65,2,99,56,5.0,27.613402542968153,-3.0509327663890478,0.482842712474619,0,89.08314317381365
ta,65,2,99,57,5.0,27.613402542968153,-3.2322525407905385,0.565685424949238,0,89.08314317381365
ta,65,2,99,58,5.0,26.405491853021786,-2.8138541468092377,0.565685424949238,0,89.08314317381365
ta,65,2,99,60,5.0,25.0,-3.141592653589793,0.565685424949238,0,89.08314317381365
ta,65,2,99,61,5.0,25.495097567963924,-3.338988213439674,0.565685424949238,0,89.08314317381365
ta,65,2,99,62,5.0,26.405491853021786,-3.4693311603703485,0.5685569981889047,0,89.08314317381365
ta,65,2,99,63,5.0,22.638462845343543,-3.0309354324158972,0.44956066981809384,0,89.08314317381365
ta,65,2,99,64,5.0,22.638462845343543,-3.252249874763689,0.565685424949238,0,89.08314317381365
ta,65,2,99,65,5.0,20.615528128088304,-2.896613990462929,0.565685424949238,0,89.08314317381365
ta,65,2,99,67,5.0,20.615528128088304,-3.3865713167166573,0.565685424949238,0,89.08314317381365
ta,65,2,99,68,5.0,16.5,-3.141592653589793,0.482842712474619,0,89.08314317381365
ta,65,2,100,1,5.0,26.405491853021786,-0.45765965661689284,0.3276927682076162,0,89.698018635715
ta,65,2,100,2,5.0,25.495097567963924,-0.5880026035475675,0.44956066981809384,0,89.698018635715
ta,65,2,100,3,5.0,20.615528128088304,-0.5404195002705842,0.5685569981889047,0,89.698018635715
ta,65,2,100,4,5.0,30.4138126514911,-0.6202494859828215,0.482842712474619,0,89.698018635715
ta,65,2,100,5,5.0,22.638462845343543,-0.6747409422235526,0.482842712474619,0,89.698018635715
ta,65,2,100,6,5.0,27.613402542968153,-0.6947382761967031,0.565685424949238,0,89.698018635715
ta,65,2,100,7,5.0,16.5,-0.7853981633974483,0.565685424949238,1,89.698018635715
ta,65,2,100,8,5.0,20.0,-0.7853981633974483,0.44956066981809384,0,89.698018635715
ta,65,2,100,9,5.0,25.0,-0.7853981633974483,0.5685569981889047,0,89.698018635715
ta,65,2,100,10,5.0,30.0,-0.7853981633974483,0.565685424949238,0,89.698018635715
ta,65,2,100,11,5.0,33.5,-0.7853981633974483,0.5685569981889047,0,89.698018635715
ta,65,2,100,12,5.0,22.638462845343543,-0.8960553845713439,0.44956066981809384,0,89.698018635715
ta,65,2,100,13,5.0,27.613402542968153,-0.8760580505981934,0.565685424949238,0,89.698018635715
ta,65,2,100,14,5.0,20.615528128088304,-1.0303768265243125,0.565685424949238,0,89.698018635715
ta,65,2,100,15,5.0,25.495097567963924,-0.982793723247329,0.482842712474619,0,89.698018635715
ta,65,2,100,16,5.0,30.4138126514911,-0.9505468408120751,0.5685569981889047,0,89.698018635715
ta,65,2,100,17,5.0,26.405491853021786,-1.1131366701780037,0.482842712474619,0,89.698018635715
ta,65,2,100,18,5.0,45.90479277809671,-1.780275890573992,0.44956066981809384,0,89.698018635715
ta,65,2,100,19,5.0,43.01162633521314,-1.7359450042095235,0.44956066981809384,0,89.698018635715
ta,65,2,100,20,5.0,40.311288741492746,-1.837048375945822,0.5685569981889047,0,89.698018635715
ta,65,2,100,21,5.0,46.09772228646444,-1.6475682180646747,0.482842712474619,0,89.698018635715
ta,65,2,100,22,5.0,39.528470752104745,-1.750649826587375,0.482842712474619,0,89.698018635715
ta,65,2,100,23,5.0,42.573465914816005,-1.6539375586833378,0.565685424949238,0,89.698018635715
ta,65,2,100,24,5.0,34.23813663153998,-1.8533512792644842,0.565685424949238,0,89.698018635715
ta,65,2,100,25,5.0,36.05551275463989,-1.7681918866447774,0.44956066981809384,0,89.698018635715
ta,65,2,100,26,5.0,39.05124837953327,-1.6614562139956417,0.5685569981889047,0,89.698018635715
ta,65,2,100,27,5.0,42.42640687119285,-1.5707963267948966,0.565685424949238,0,89.698018635715
ta,65,2,100,28,5.0,44.9694340635948,-1.5157339314212264,0.5685569981889047,0,89.698018635715
ta,65,2,100,29,5.0,35.531676008879735,-1.6704649792860586,0.44956066981809384,0,89.698018635715
ta,65,2,100,30,5.0,38.890872965260115,-1.5707963267948966,0.565685424949238,0,89.698018635715
ta,65,2,100,31,5.0,32.01562118716424,-1.6814535479687922,0.565685424949238,0,89.698018635715
ta,65,2,100,32,5.0,35.35533905932738,-1.5707963267948966,0.482842712474619,0,89.698018635715
ta,65,2,100,33,5.0,39.05124837953327,-1.4801364395941514,0.5685569981889047,0,89.698018635715
ta,65,2,100,34,5.0,32.973474187595095,-1.4956691708841345,0.482842712474619,0,89.698018635715
ta,65,2,100,35,5.0,9.86154146165801,1.317122230656254,0.44956066981809384,0,89.698018635715
ta,65,2,100,36,5.0,7.0710678118654755,1.5707963267948966,0.44956066981809384,0,89.698018635715
ta,65,2,100,37,5.0,5.0,0.7853981633974483,0.5685569981889047,0,89.698018635715
ta,65,2,100,38,5.0,11.180339887498949,1.8925468811915387,0.482842712474619,0,89.698018635715
ta,65,2,100,39,5.0,3.5355339059327378,1.5707963267948966,0.482842712474619,0,89.698018635715
ta,65,2,100,40,5.0,7.905694150420948,2.0344439357957027,0.565685424949238,0,89.698018635715
ta,65,2,100,41,5.0,3.5,-0.7853981633974483,0.565685424949238,0,89.698018635715
ta,65,2,100,42,5.0,0.0,,0.44956066981809384,0,89.698018635715
ta,65,2,100,43,5.0,5.0,2.356194490192345,0.5685569981889047,0,89.698018635715
ta,65,2,100,44,5.0,10.0,2.356194490192345,0.565685424949238,0,89.698018635715
ta,65,2,100,45,5.0,13.5,2.356194490192345,0.5685569981889047,0,89.698018635715
ta,65,2,100,46,5.0,3.5355339059327378,-3.141592653589793,0.44956066981809384,0,89.698018635715
ta,65,2,100,47,5.0,7.905694150420948,-3.6052402625905993,0.565685424949238,0,89.698018635715
ta,65,2,100,48,5.0,5.0,-2.356194490192345,0.565685424949238,0,89.698018635715
ta,65,2,100,50,5.0,11.180339887498949,-3.4633432079864352,0.565685424949238,0,89.698018635715
ta,65,2,100,51,5.0,9.86154146165801,-2.8879185574511506,0.482842712474619,0,89.698018635715
ta,65,2,100,52,5.0,38.82331773560833,-2.485341780320365,0.3276927682076162,0,89.698018635715
ta,65,2,100,53,5.0,35.35533905932738,-2.498091544796509,0.44956066981809384,0,89.698018635715
ta,65,2,100,54,5.0,35.0,-2.356194490192345,0.5685569981889047,0,89.698018635715
ta,65,2,100,55,5.0,36.40054944640259,-2.6344941491974563,0.482842712474619,0,89.698018635715
ta,65,2,100,56,5.0,32.59601202601324,-2.4329663814621227,0.482842712474619,0,89.698018635715
ta,65,2,100,57,5.0,33.354160160315836,-2.5829933382462307,0.565685424949238,0,89.698018635715
ta,65,2,100,58,5.0,30.20347662107791,-2.2400528633123544,0.565685424949238,0,89.698018635715
ta,65,2,100,59,5.0,30.0,-2.356194490192345,0.44956066981809384,0,89.698018635715
ta,65,2,100,60,5.0,30.4138126514911,-2.5213431676069717,0.5685569981889047,0,89.698018635715
ta,65,2,100,61,5.0,31.622776601683793,-2.677945044588987,0.565685424949238,0,89.698018635715
ta,65,2,100,62,5.0,32.89756829919196,-2.7790484163252858,0.5685569981889047,0,89.698018635715
ta,65,2,100,63,5.0,27.613402542968153,-2.44685437739309,0.44956066981809384,0,89.698018635715
ta,65,2,100,64,5.0,28.50438562747845,-2.6224465393432705,0.565685424949238,0,89.698018635715
ta,65,2,100,65,5.0,25.0,-2.356194490192345,0.565685424949238,0,89.698018635715
ta,65,2,100,67,5.0,26.92582403567252,-2.7367008673047097,0.565685424949238,0,89.698018635715
ta,65,2,100,68,5.0,22.073740054644116,-2.584691129484207,0.482842712474619,0,89.698018635715
ta,65,2,101,1,5.0,12.020815280171307,0.7853981633974483,0.3276927682076162,0,91.13280124441066
ta,65,2,101,2,5.0,9.86154146165801,0.5317240672588056,0.44956066981809384,0,91.13280124441066
ta,65,2,101,3,5.0,6.103277807866851,0.960070362405688,0.5685569981889047,0,91.13280124441066
ta,65,2,101,4,5.0,14.396180048887969,0.35470565201094034,0.482842712474619,0,91.13280124441066
ta,65,2,101,5,5.0,6.5,0.3947911196997615,0.482842712474619,0,91.13280124441066
ta,65,2,101,6,5.0,11.280514172678478,0.22347660114063303,0.565685424949238,0,91.13280124441066
ta,65,2,101,7,5.0,0.0,,0.565685424949238,0,91.13280124441066
ta,65,2,101,8,5.0,3.5,0.0,0.44956066981809384,1,91.13280124441066
ta,65,2,101,9,5.0,8.5,0.0,0.5685569981889047,0,91.13280124441066
ta,65,2,101,10,5.0,13.5,0.0,0.565685424949238,0,91.13280124441066
ta,65,2,101,11,5.0,17.0,0.0,0.5685569981889047,0,91.13280124441066
ta,65,2,101,12,5.0,6.5,-0.3947911196997615,0.44956066981809384,0,91.13280124441066
ta,65,2,101,13,5.0,11.280514172678478,-0.22347660114063303,0.565685424949238,0,91.13280124441066
ta,65,2,101,14,5.0,6.103277807866851,-0.960070362405688,0.565685424949238,0,91.13280124441066
ta,65,2,101,15,5.0,9.86154146165801,-0.5317240672588056,0.482842712474619,0,91.13280124441066
ta,65,2,101,16,5.0,14.396180048887969,-0.35470565201094034,0.5685569981889047,0,91.13280124441066
ta,65,2,101,17,5.0,12.020815280171307,-0.7853981633974483,0.482842712474619,0,91.13280124441066
ta,65,2,101,18,5.0,39.42714800743264,-1.3535028958718756,0.44956066981809384,0,91.13280124441066
ta,65,2,101,19,5.0,36.01735692690401,-1.3325515686161515,0.44956066981809384,0,91.13280124441066
ta,65,2,101,20,5.0,35.174564673923115,-1.4711276743037347,0.5685569981889047,0,91.13280124441066
ta,65,2,101,21,5.0,37.51333096380539,-1.202665555469733,0.482842712474619,0,91.13280124441066
ta,65,2,101,22,5.0,33.04920573932148,-1.3882364736639898,0.482842712474619,0,91.13280124441066
ta,65,2,101,23,5.0,34.311076928595526,-1.244437510088134,0.565685424949238,0,91.13280124441066
ta,65,2,101,24,5.0,30.0,-1.5707963267948966,0.565685424949238,0,91.13280124441066
ta,65,2,101,25,5.0,30.20347662107791,-1.4546546999149064,0.44956066981809384,0,91.13280124441066
ta,65,2,101,26,5.0,31.18092365533773,-1.2946993073994602,0.5685569981889047,0,91.13280124441066
ta,65,2,101,27,5.0,32.89756829919196,-1.1479424006619559,0.565685424949238,0,91.13280124441066
ta,65,2,101,28,5.0,34.48187929913333,-1.0552473193359175,0.5685569981889047,0,91.13280124441066
ta,65,2,101,29,5.0,28.146935890075138,-1.355980926393238,0.44956066981809384,0,91.13280124441066
ta,65,2,101,30,5.0,29.618406439239774,-1.1902899496825317,0.565685424949238,0,91.13280124441066
ta,65,2,101,31,5.0,25.243811122728676,-1.4317003853128254,0.565685424949238,0,91.13280124441066
ta,65,2,101,32,5.0,26.405491853021786,-1.2430578200143412,0.482842712474619,0,91.13280124441066
ta,65,2,101,33,5.0,28.412145290350743,-1.0756630633264925,0.5685569981889047,0,91.13280124441066
ta,65,2,101,34,5.0,23.119256043393783,-1.1943059923483736,0.482842712474619,0,91.13280124441066
ta,65,2,101,35,5.0,23.119256043393783,2.76510231914327,0.44956066981809384,0,91.13280124441066
ta,65,2,101,36,5.0,22.073740054644116,2.9130960142979307,0.44956066981809384,0,91.13280124441066
ta,65,2,101,37,5.0,17.240939649566666,2.8473580884786056,0.5685569981889047,0,91.13280124441066
ta,65,2,101,38,5.0,26.9675731203236,2.9551057519225763,0.482842712474619,0,91.13280124441066
ta,65,2,101,39,5.0,19.1637678967368,3.0107652575157364,0.482842712474619,0,91.13280124441066
ta,65,2,101,40,5.0,24.12985702402731,3.0378003131327502,0.565685424949238,0,91.13280124441066
ta,65,2,101,41,5.0,13.0,3.141592653589793,0.565685424949238,0,91.13280124441066
ta,65,2,101,43,5.0,21.5,3.141592653589793,0.565685424949238,0,91.13280124441066
ta,65,2,101,44,5.0,26.5,3.141592653589793,0.565685424949238,0,91.13280124441066
ta,65,2,101,45,5.0,30.0,3.141592653589793,0.5685569981889047,0,91.13280124441066
ta,65,2,101,46,5.0,19.1637678967368,-3.0107652575157364,0.44956066981809384,0,91.13280124441066
ta,65,2,101,47,5.0,24.12985702402731,-3.0378003131327502,0.565685424949238,0,91.13280124441066
ta,65,2,101,48,5.0,17.240939649566666,-2.8473580884786056,0.565685424949238,0,91.13280124441066
ta,65,2,101,49,5.0,22.073740054644116,-2.9130960142979307,0.482842712474619,0,91.13280124441066
ta,65,2,101,50,5.0,26.9675731203236,-2.9551057519225763,0.5685569981889047,0,91.13280124441066
ta,65,2,101,51,5.0,23.119256043393783,-2.76510231914327,0.482842712474619,0,91.13280124441066
ta,65,2,101,52,5.0,44.09648512069868,-2.0800974707969084,0.44956066981809384,0,91.13280124441066
ta,65,2,101,53,5.0,41.07614879708174,-2.121653861326613,0.44956066981809384,0,91.13280124441066
ta,65,2,101,54,5.0,38.69431482789171,-2.0113266674114096,0.5685569981889047,0,91.13280124441066
ta,65,2,101,55,5.0,43.900455578501685,-2.218853212725411,0.482842712474619,0,91.13280124441066
ta,65,2,101,56,5.0,37.646380968162134,-2.0998267978745453,0.482842712474619,0,91.13280124441066
ta,65,2,101,57,5.0,40.40111384603152,-2.2068718294986476,0.565685424949238,0,91.13280124441066
ta,65,2,101,58,5.0,32.69556544854363,-1.979704155745822,0.565685424949238,0,91.13280124441066
ta,65,2,101,59,5.0,34.23813663153998,-2.0736395377227574,0.44956066981809384,0,91.13280124441066
ta,65,2,101,60,5.0,36.908671067921155,-2.1926206146254863,0.5685569981889047,0,91.13280124441066
ta,65,2,101,61,5.0,40.02811511925087,-2.294326644327965,0.565685424949238,0,91.13280124441066
ta,65,2,101,62,5.0,42.42640687119285,-2.356194490192345,0.5685569981889047,0,91.13280124441066
ta,65,2,101,63,5.0,33.425289826716536,-2.1753949168883735,0.44956066981809384,0,91.13280124441066
ta,65,2,101,64,5.0,36.5,-2.288337667336041,0.565685424949238,0,91.13280124441066
ta,65,2,101,65,5.0,29.95413160150032,-2.1541693337887526,0.565685424949238,0,91.13280124441066
ta,65,2,101,67,5.0,36.43144246389374,-2.385312471699384,0.565685424949238,0,91.13280124441066
ta,65,2,101,68,5.0,30.405591591021544,-2.356194490192345,0.482842712474619,0,91.13280124441066
ta,65,2,102,1,5.0,9.86154146165801,1.039072259536091,0.3276927682076162,0,91.4371490704976
ta,65,2,102,2,5.0,7.0710678118654755,0.7853981633974483,0.44956066981809384,0,91.4371490704976
ta,65,2,102,3,5.0,5.0,1.5707963267948966,0.5685569981889047,0,91.4371490704976
ta,65,2,102,4,5.0,11.180339887498949,0.4636476090008061,0.482842712474619,0,91.4371490704976
ta,65,2,102,5,5.0,3.5355339059327378,0.7853981633974483,0.482842712474619,0,91.4371490704976
ta,65,2,102,6,5.0,7.905694150420948,0.3217505543966422,0.565685424949238,0,91.4371490704976
ta,65,2,102,8,5.0,0.0,,0.3276927682076162,0,91.4371490704976
ta,65,2,102,9,5.0,5.0,0.0,0.565685424949238,0,91.4371490704976
ta,65,2,102,10,5.0,10.0,0.0,0.565685424949238,0,91.4371490704976
ta,65,2,102,11,5.0,13.5,0.0,0.5685569981889047,0,91.4371490704976
ta,65,2,102,12,5.0,3.5355339059327378,-0.7853981633974483,0.44956066981809384,0,91.4371490704976
ta,65,2,102,13,5.0,7.905694150420948,-0.3217505543966422,0.565685424949238,0,91.4371490704976
ta,65,2,102,14,5.0,5.0,-1.5707963267948966,0.565685424949238,0,91.4371490704976
ta,65,2,102,15,5.0,7.0710678118654755,-0.7853981633974483,0.482842712474619,1,91.4371490704976
ta,65,2,102,16,5.0,11.180339887498949,-0.4636476090008061,0.5685569981889047,0,91.4371490704976
ta,65,2,102,17,5.0,9.86154146165801,-1.039072259536091,0.482842712474619,0,91.4371490704976
ta,65,2,102,18,5.0,38.82331773560833,-1.4416490366668766,0.44956066981809384,0,91.4371490704976
ta,65,2,102,19,5.0,35.35533905932738,-1.4288992721907328,0.44956066981809384,0,91.4371490704976
ta,65,2,102,20,5.0,35.0,-1.5707963267948966,0.5685569981889047,0,91.4371490704976
ta,65,2,102,21,5.0,36.40054944640259,-1.2924966677897853,0.482842712474619,0,91.4371490704976
ta,65,2,102,22,5.0,32.59601202601324,-1.4940244355251187,0.482842712474619,0,91.4371490704976
ta,65,2,102,23,5.0,33.354160160315836,-1.3439974787410107,0.565685424949238,0,91.4371490704976
ta,65,2,102,24,5.0,30.20347662107791,-1.6869379536748867,0.565685424949238,0,91.4371490704976
ta,65,2,102,25,5.0,30.0,-1.5707963267948966,0.44956066981809384,0,91.4371490704976
ta,65,2,102,26,5.0,30.4138126514911,-1.4056476493802699,0.5685569981889047,0,91.4371490704976
ta,65,2,102,27,5.0,31.622776601683793,-1.2490457723982544,0.565685424949238,0,91.4371490704976
ta,65,2,102,28,5.0,32.89756829919196,-1.1479424006619559,0.5685569981889047,0,91.4371490704976
ta,65,2,102,29,5.0,27.613402542968153,-1.4801364395941514,0.44956066981809384,0,91.4371490704976
ta,65,2,102,30,5.0,28.50438562747845,-1.3045442776439713,0.565685424949238,0,91.4371490704976
ta,65,2,102,31,5.0,25.0,-1.5707963267948966,0.565685424949238,0,91.4371490704976
ta,65,2,102,32,5.0,25.495097567963924,-1.373400766945016,0.482842712474619,0,91.4371490704976
ta,65,2,102,33,5.0,26.92582403567252,-1.1902899496825317,0.5685569981889047,0,91.4371490704976
ta,65,2,102,34,5.0,22.073740054644116,-1.3422996875030344,0.482842712474619,0,91.4371490704976
ta,65,2,102,35,5.0,26.405491853021786,2.8138541468092377,0.44956066981809384,0,91.4371490704976
ta,65,2,102,36,5.0,25.495097567963924,2.9441970937399127,0.44956066981809384,0,91.4371490704976
ta,65,2,102,37,5.0,20.615528128088304,2.896613990462929,0.5685569981889047,0,91.4371490704976
ta,65,2,102,38,5.0,30.4138126514911,2.976443976175166,0.482842712474619,0,91.4371490704976
ta,65,2,102,39,5.0,22.638462845343543,3.0309354324158977,0.482842712474619,0,91.4371490704976
ta,65,2,102,40,5.0,27.613402542968153,3.050932766389048,0.565685424949238,0,91.4371490704976
ta,65,2,102,41,5.0,16.5,3.141592653589793,0.565685424949238,0,91.4371490704976
ta,65,2,102,42,5.0,20.0,3.141592653589793,0.44956066981809384,0,91.4371490704976
ta,65,2,102,43,5.0,25.0,3.141592653589793,0.5685569981889047,0,91.4371490704976
ta,65,2,102,44,5.0,30.0,3.141592653589793,0.565685424949238,0,91.4371490704976
ta,65,2,102,45,5.0,33.5,3.141592653589793,0.5685569981889047,0,91.4371490704976
ta,65,2,102,46,5.0,22.638462845343543,-3.0309354324158977,0.44956066981809384,0,91.4371490704976
ta,65,2,102,47,5.0,27.613402542968153,-3.050932766389048,0.565685424949238,0,91.4371490704976
ta,65,2,102,48,5.0,20.615528128088304,-2.896613990462929,0.565685424949238,0,91.4371490704976
ta,65,2,102,49,5.0,25.495097567963924,-2.9441970937399127,0.482842712474619,0,91.4371490704976
ta,65,2,102,50,5.0,30.4138126514911,-2.976443976175166,0.5685569981889047,0,91.4371490704976
ta,65,2,102,51,5.0,26.405491853021786,-2.8138541468092377,0.482842712474619,0,91.4371490704976
ta,65,2,102,52,5.0,45.90479277809671,-2.1467149264132495,0.44956066981809384,0,91.4371490704976
ta,65,2,102,53,5.0,43.01162633521314,-2.191045812777718,0.44956066981809384,0,91.4371490704976
ta,65,2,102,54,5.0,40.311288741492746,-2.0899424410414196,0.5685569981889047,0,91.4371490704976
ta,65,2,102,55,5.0,46.09772228646444,-2.279422598922567,0.482842712474619,0,91.4371490704976
ta,65,2,102,56,5.0,39.528470752104745,-2.1763409903998667,0.482842712474619,0,91.4371490704976
ta,65,2,102,57,5.0,42.573465914816005,-2.2730532583039036,0.565685424949238,0,91.4371490704976
ta,65,2,102,58,5.0,34.23813663153998,-2.0736395377227574,0.565685424949238,0,91.4371490704976
ta,65,2,102,59,5.0,36.05551275463989,-2.158798930342464,0.44956066981809384,0,91.4371490704976
ta,65,2,102,60,5.0,39.05124837953327,-2.2655346029916,0.5685569981889047,0,91.4371490704976
ta,65,2,102,61,5.0,42.42640687119285,-2.356194490192345,0.565685424949238,0,91.4371490704976
ta,65,2,102,62,5.0,44.9694340635948,-2.411256885566015,0.5685569981889047,0,91.4371490704976
ta,65,2,102,63,5.0,35.531676008879735,-2.256525837701183,0.44956066981809384,0,91.4371490704976
ta,65,2,102,64,5.0,38.890872965260115,-2.356194490192345,0.565685424949238,0,91.4371490704976
ta,65,2,102,65,5.0,32.01562118716424,-2.2455372690184494,0.565685424949238,0,91.4371490704976
ta,65,2,102,67,5.0,39.05124837953327,-2.44685437739309,0.565685424949238,0,91.4371490704976
ta,65,2,102,68,5.0,32.973474187595095,-2.431321646103107,0.482842712474619,0,91.4371490704976
ta,65,2,103,1,5.0,13.5,2.356194490192345,0.44956066981809384,0,92.05202453239896
ta,65,2,103,2,5.0,10.0,2.356194490192345,0.44956066981809384,0,92.05202453239896
ta,65,2,103,3,5.0,11.180339887498949,2.819842099193151,0.5685569981889047,0,92.05202453239896
ta,65,2,103,4,5.0,11.180339887498949,1.8925468811915387,0.482842712474619,0,92.05202453239896
ta,65,2,103,5,5.0,7.905694150420948,2.677945044588987,0.482842712474619,0,92.05202453239896
ta,65,2,103,6,5.0,7.905694150420948,2.0344439357957027,0.565685424949238,0,92.05202453239896
ta,65,2,103,7,5.0,9.86154146165801,3.395266749728436,0.565685424949238,0,92.05202453239896
ta,65,2,103,9,5.0,5.0,2.356194490192345,0.565685424949238,0,92.05202453239896
ta,65,2,103,10,5.0,7.0710678118654755,1.5707963267948966,0.565685424949238,0,92.05202453239896
ta,65,2,103,11,5.0,9.86154146165801,1.317122230656254,0.5685569981889047,0,92.05202453239896
ta,65,2,103,12,5.0,3.5355339059327378,3.141592653589793,0.44956066981809384,0,92.05202453239896
ta,65,2,103,13,5.0,3.5355339059327378,1.5707963267948966,0.565685424949238,0,92.05202453239896
ta,65,2,103,14,5.0,5.0,3.9269908169872414,0.565685424949238,0,92.05202453239896
ta,65,2,103,15,5.0,0.0,,0.482842712474619,0,92.05202453239896
ta,65,2,103,16,5.0,5.0,0.7853981633974483,0.5685569981889047,0,92.05202453239896
ta,65,2,103,17,5.0,3.5,-0.7853981633974483,0.482842712474619,0,92.05202453239896
ta,65,2,103,18,5.0,33.5,-0.7853981633974483,0.44956066981809384,0,92.05202453239896
ta,65,2,103,19,5.0,30.0,-0.7853981633974483,0.44956066981809384,0,92.05202453239896
ta,65,2,103,20,5.0,30.4138126514911,-0.9505468408120752,0.5685569981889047,0,92.05202453239896
ta,65,2,103,21,5.0,30.4138126514911,-0.6202494859828216,0.482842712474619,0,92.05202453239896
ta,65,2,103,22,5.0,27.613402542968153,-0.8760580505981934,0.482842712474619,0,92.05202453239896
ta,65,2,103,23,5.0,27.613402542968153,-0.6947382761967031,0.565685424949238,0,92.05202453239896
ta,65,2,103,24,5.0,26.405491853021786,-1.1131366701780039,0.565685424949238,0,92.05202453239896
ta,65,2,103,25,5.0,25.495097567963924,-0.9827937232473292,0.44956066981809384,0,92.05202453239896
ta,65,2,103,26,5.0,25.0,-0.7853981633974483,0.5685569981889047,0,92.05202453239896
ta,65,2,103,27,5.0,25.495097567963924,-0.5880026035475676,0.565685424949238,0,92.05202453239896
ta,65,2,103,28,5.0,26.405491853021786,-0.4576596566168929,0.5685569981889047,0,92.05202453239896
ta,65,2,103,29,5.0,22.638462845343543,-0.8960553845713439,0.44956066981809384,0,92.05202453239896
ta,65,2,103,30,5.0,22.638462845343543,-0.6747409422235526,0.565685424949238,0,92.05202453239896
ta,65,2,103,31,5.0,20.615528128088304,-1.0303768265243125,0.565685424949238,0,92.05202453239896
ta,65,2,103,32,5.0,20.0,-0.7853981633974483,0.482842712474619,1,92.05202453239896
ta,65,2,103,33,5.0,20.615528128088304,-0.5404195002705843,0.5685569981889047,0,92.05202453239896
ta,65,2,103,34,5.0,16.5,-0.7853981633974483,0.482842712474619,0,92.05202453239896
ta,65,2,103,35,5.0,32.89756829919196,3.504136890854301,0.44956066981809384,0,92.05202453239896
ta,65,2,103,36,5.0,31.622776601683793,3.6052402625905993,0.44956066981809384,0,92.05202453239896
ta,65,2,103,37,5.0,26.92582403567252,3.5464844398748765,0.5685569981889047,0,92.05202453239896
ta,65,2,103,38,5.0,36.40054944640259,3.64869115798213,0.482842712474619,0,92.05202453239896
ta,65,2,103,39,5.0,28.50438562747845,3.660738767836316,0.482842712474619,0,92.05202453239896
ta,65,2,103,40,5.0,33.354160160315836,3.7001919689333556,0.565685424949238,0,92.05202453239896
ta,65,2,103,41,5.0,22.073740054644116,3.698494177695379,0.565685424949238,0,92.05202453239896
ta,65,2,103,42,5.0,25.495097567963924,3.729595257137361,0.44956066981809384,0,92.05202453239896
ta,65,2,103,43,5.0,30.4138126514911,3.7618421395726145,0.5685569981889047,0,92.05202453239896
ta,65,2,103,44,5.0,35.35533905932738,3.7850937623830774,0.565685424949238,0,92.05202453239896
ta,65,2,103,45,5.0,38.82331773560833,3.7978435268592214,0.5685569981889047,0,92.05202453239896
ta,65,2,103,46,5.0,27.613402542968153,3.8363309297864965,0.44956066981809384,0,92.05202453239896
ta,65,2,103,47,5.0,32.59601202601324,3.8502189257174635,0.565685424949238,0,92.05202453239896
ta,65,2,103,48,5.0,25.0,3.9269908169872414,0.565685424949238,0,92.05202453239896
ta,65,2,103,49,5.0,30.0,3.9269908169872414,0.482842712474619,0,92.05202453239896
ta,65,2,103,50,5.0,35.0,3.9269908169872414,0.5685569981889047,0,92.05202453239896
ta,65,2,103,51,5.0,30.20347662107791,-2.240052863312355,0.482842712474619,0,92.05202453239896
ta,65,2,103,52,5.0,44.9694340635948,-1.5157339314212264,0.44956066981809384,0,92.05202453239896
ta,65,2,103,53,5.0,42.42640687119285,-1.5707963267948966,0.44956066981809384,0,92.05202453239896
ta,65,2,103,54,5.0,39.05124837953327,-1.4801364395941516,0.5685569981889047,0,92.05202453239896
ta,65,2,103,55,5.0,46.09772228646444,-1.647568218064675,0.482842712474619,0,92.05202453239896
ta,65,2,103,56,5.0,38.890872965260115,-1.5707963267948966,0.482842712474619,0,92.05202453239896
ta,65,2,103,57,5.0,42.573465914816005,-1.6539375586833378,0.565685424949238,0,92.05202453239896
ta,65,2,103,58,5.0,32.973474187595095,-1.4956691708841348,0.565685424949238,0,92.05202453239896
ta,65,2,103,59,5.0,35.35533905932738,-1.5707963267948966,0.44956066981809384,0,92.05202453239896
ta,65,2,103,60,5.0,39.05124837953327,-1.661456213995642,0.5685569981889047,0,92.05202453239896
ta,65,2,103,61,5.0,43.01162633521314,-1.7359450042095235,0.565685424949238,0,92.05202453239896
ta,65,2,103,62,5.0,45.90479277809671,-1.780275890573992,0.5685569981889047,0,92.05202453239896
ta,65,2,103,63,5.0,35.531676008879735,-1.6704649792860589,0.44956066981809384,0,92.05202453239896
ta,65,2,103,64,5.0,39.528470752104745,-1.7506498265873751,0.565685424949238,0,92.05202453239896
ta,65,2,103,65,5.0,32.01562118716424,-1.6814535479687924,0.565685424949238,0,92.05202453239896
ta,65,2,103,66,5.0,36.05551275463989,-1.7681918866447774,0.482842712474619,0,92.05202453239896
ta,65,2,103,67,5.0,40.311288741492746,-1.8370483759458218,0.5685569981889047,0,92.05202453239896
ta,65,2,103,68,5.0,34.23813663153998,-1.853351279264484,0.482842712474619,0,92.05202453239896
ta,65,2,104,1,5.0,33.5,3.141592653589793,0.44956066981809384,0,93.79115496718155
ta,65,2,104,2,5.0,30.0,3.141592653589793,0.44956066981809384,0,93.79115496718155
ta,65,2,104,3,5.0,30.4138126514911,3.30674133100442,0.5685569981889047,0,93.79115496718155
ta,65,2,104,4,5.0,30.4138126514911,2.976443976175166,0.482842712474619,0,93.79115496718155
ta,65,2,104,5,5.0,27.613402542968153,3.2322525407905385,0.482842712474619,0,93.79115496718155
ta,65,2,104,6,5.0,27.613402542968153,3.0509327663890478,0.565685424949238,0,93.79115496718155
ta,65,2,104,7,5.0,26.405491853021786,3.4693311603703485,0.565685424949238,0,93.79115496718155
ta,65,2,104,9,5.0,25.0,3.141592653589793,0.565685424949238,0,93.79115496718155
ta,65,2,104,10,5.0,25.495097567963924,2.9441970937399127,0.565685424949238,0,93.79115496718155
ta,65,2,104,11,5.0,26.405491853021786,2.8138541468092377,0.5685569981889047,0,93.79115496718155
ta,65,2,104,12,5.0,22.638462845343543,3.252249874763689,0.44956066981809384,0,93.79115496718155
ta,65,2,104,13,5.0,22.638462845343543,3.0309354324158972,0.565685424949238,0,93.79115496718155
ta,65,2,104,14,5.0,20.615528128088304,3.3865713167166573,0.565685424949238,0,93.79115496718155
ta,65,2,104,16,5.0,20.615528128088304,2.896613990462929,0.565685424949238,0,93.79115496718155
ta,65,2,104,17,5.0,16.5,3.141592653589793,0.482842712474619,0,93.79115496718155
ta,65,2,104,18,5.0,13.5,0.0,0.3276927682076162,0,93.79115496718155
ta,65,2,104,19,5.0,10.0,0.0,0.44956066981809384,0,93.79115496718155
ta,65,2,104,20,5.0,11.180339887498949,-0.46364760900080615,0.5685569981889047,0,93.79115496718155
ta,65,2,104,21,5.0,11.180339887498949,0.46364760900080615,0.482842712474619,0,93.79115496718155
ta,65,2,104,22,5.0,7.905694150420948,-0.32175055439664235,0.482842712474619,0,93.79115496718155
ta,65,2,104,23,5.0,7.905694150420948,0.32175055439664213,0.565685424949238,0,93.79115496718155
ta,65,2,104,24,5.0,9.86154146165801,-1.0390722595360913,0.565685424949238,0,93.79115496718155
ta,65,2,104,25,5.0,7.0710678118654755,-0.7853981633974483,0.44956066981809384,1,93.79115496718155
ta,65,2,104,26,5.0,5.0,0.0,0.5685569981889047,0,93.79115496718155
ta,65,2,104,27,5.0,7.0710678118654755,0.7853981633974483,0.565685424949238,0,93.79115496718155
ta,65,2,104,28,5.0,9.86154146165801,1.0390722595360908,0.5685569981889047,0,93.79115496718155
ta,65,2,104,29,5.0,3.5355339059327378,-0.7853981633974483,0.44956066981809384,0,93.79115496718155
ta,65,2,104,30,5.0,3.5355339059327378,0.7853981633974483,0.565685424949238,0,93.79115496718155
ta,65,2,104,31,5.0,5.0,4.71238898038469,0.565685424949238,0,93.79115496718155
ta,65,2,104,32,5.0,0.0,,0.482842712474619,0,93.79115496718155
ta,65,2,104,33,5.0,5.0,1.5707963267948966,0.5685569981889047,0,93.79115496718155
ta,65,2,104,34,5.0,3.5,3.141592653589793,0.482842712474619,0,93.79115496718155
ta,65,2,104,35,5.0,44.9694340635948,3.871928421613571,0.44956066981809384,0,93.79115496718155
ta,65,2,104,36,5.0,42.42640687119285,3.9269908169872414,0.44956066981809384,0,93.79115496718155
ta,65,2,104,37,5.0,39.05124837953327,3.8363309297864965,0.5685569981889047,0,93.79115496718155
ta,65,2,104,38,5.0,46.09772228646444,4.003762708257019,0.482842712474619,0,93.79115496718155
ta,65,2,104,39,5.0,38.890872965260115,3.9269908169872414,0.482842712474619,0,93.79115496718155
ta,65,2,104,40,5.0,42.573465914816005,4.010132048875683,0.565685424949238,0,93.79115496718155
ta,65,2,104,41,5.0,32.973474187595095,3.8518636610764796,0.565685424949238,0,93.79115496718155
ta,65,2,104,42,5.0,35.35533905932738,3.9269908169872414,0.44956066981809384,0,93.79115496718155
ta,65,2,104,43,5.0,39.05124837953327,4.017650704187987,0.5685569981889047,0,93.79115496718155
ta,65,2,104,44,5.0,43.01162633521314,4.092139494401868,0.565685424949238,0,93.79115496718155
ta,65,2,104,45,5.0,45.90479277809671,4.136470380766337,0.5685569981889047,0,93.79115496718155
ta,65,2,104,46,5.0,35.531676008879735,4.026659469478403,0.44956066981809384,0,93.79115496718155
ta,65,2,104,47,5.0,39.528470752104745,4.1068443167797195,0.565685424949238,0,93.79115496718155
ta,65,2,104,48,5.0,32.01562118716424,4.037648038161137,0.565685424949238,0,93.79115496718155
ta,65,2,104,49,5.0,36.05551275463989,4.124386376837123,0.482842712474619,0,93.79115496718155
ta,65,2,104,50,5.0,40.311288741492746,4.193242866138167,0.5685569981889047,0,93.79115496718155
ta,65,2,104,51,5.0,34.23813663153998,4.209545769456829,0.482842712474619,0,93.79115496718155
ta,65,2,104,52,5.0,32.89756829919196,-1.147942400661956,0.44956066981809384,0,93.79115496718155
ta,65,2,104,53,5.0,31.622776601683793,-1.2490457723982544,0.44956066981809384,0,93.79115496718155
ta,65,2,104,54,5.0,26.92582403567252,-1.1902899496825317,0.5685569981889047,0,93.79115496718155
ta,65,2,104,55,5.0,36.40054944640259,-1.2924966677897851,0.482842712474619,0,93.79115496718155
ta,65,2,104,56,5.0,28.50438562747845,-1.3045442776439713,0.482842712474619,0,93.79115496718155
ta,65,2,104,57,5.0,33.354160160315836,-1.3439974787410107,0.565685424949238,0,93.79115496718155
ta,65,2,104,58,5.0,22.073740054644116,-1.3422996875030342,0.565685424949238,0,93.79115496718155
ta,65,2,104,59,5.0,25.495097567963924,-1.3734007669450161,0.44956066981809384,0,93.79115496718155
ta,65,2,104,60,5.0,30.4138126514911,-1.4056476493802696,0.5685569981889047,0,93.79115496718155
ta,65,2,104,61,5.0,35.35533905932738,-1.4288992721907325,0.565685424949238,0,93.79115496718155
ta,65,2,104,62,5.0,38.82331773560833,-1.4416490366668766,0.5685569981889047,0,93.79115496718155
ta,65,2,104,63,5.0,27.613402542968153,-1.4801364395941516,0.44956066981809384,0,93.79115496718155
ta,65,2,104,64,5.0,32.59601202601324,-1.4940244355251187,0.565685424949238,0,93.79115496718155
ta,65,2,104,65,5.0,25.0,4.71238898038469,0.565685424949238,0,93.79115496718155
ta,65,2,104,66,5.0,30.0,4.71238898038469,0.482842712474619,0,93.79115496718155
ta,65,2,104,67,5.0,35.0,4.71238898038469,0.5685569981889047,0,93.79115496718155
ta,65,2,104,68,5.0,30.20347662107791,4.596247353504699,0.482842712474619,0,93.79115496718155
ta,65,2,105,1,5.0,38.82331773560833,3.7978435268592214,0.44956066981809384,0,94.40603042908292
ta,65,2,105,2,5.0,35.35533905932738,3.7850937623830774,0.44956066981809384,0,94.40603042908292
ta,65,2,105,3,5.0,35.0,3.9269908169872414,0.5685569981889047,0,94.40603042908292
ta,65,2,105,4,5.0,36.40054944640259,3.64869115798213,0.482842712474619,0,94.40603042908292
ta,65,2,105,5,5.0,32.59601202601324,3.8502189257174635,0.482842712474619,0,94.40603042908292
ta,65,2,105,6,5.0,33.354160160315836,3.7001919689333556,0.565685424949238,0,94.40603042908292
ta,65,2,105,7,5.0,30.20347662107791,4.043132443867232,0.565685424949238,0,94.40603042908292
ta,65,2,105,8,5.0,30.0,3.9269908169872414,0.44956066981809384,0,94.40603042908292
ta,65,2,105,9,5.0,30.4138126514911,3.7618421395726145,0.5685569981889047,0,94.40603042908292
ta,65,2,105,10,5.0,31.622776601683793,3.6052402625905993,0.565685424949238,0,94.40603042908292
ta,65,2,105,11,5.0,32.89756829919196,3.5041368908543005,0.5685569981889047,0,94.40603042908292
ta,65,2,105,12,5.0,27.613402542968153,3.836330929786496,0.44956066981809384,0,94.40603042908292
ta,65,2,105,13,5.0,28.50438562747845,3.660738767836316,0.565685424949238,0,94.40603042908292
ta,65,2,105,14,5.0,25.0,3.9269908169872414,0.565685424949238,0,94.40603042908292
ta,65,2,105,16,5.0,26.92582403567252,3.5464844398748765,0.565685424949238,0,94.40603042908292
ta,65,2,105,17,5.0,22.073740054644116,3.6984941776953795,0.482842712474619,0,94.40603042908292
ta,65,2,105,18,5.0,9.86154146165801,1.3171222306562538,0.3276927682076162,0,94.40603042908292
ta,65,2,105,19,5.0,7.0710678118654755,1.5707963267948966,0.44956066981809384,0,94.40603042908292
ta,65,2,105,20,5.0,5.0,0.7853981633974483,0.5685569981889047,0,94.40603042908292
ta,65,2,105,21,5.0,11.180339887498949,1.8925468811915387,0.482842712474619,0,94.40603042908292
ta,65,2,105,22,5.0,3.5355339059327378,1.5707963267948966,0.482842712474619,0,94.40603042908292
ta,65,2,105,23,5.0,7.905694150420948,2.0344439357957027,0.565685424949238,0,94.40603042908292
ta,65,2,105,24,5.0,3.5,5.497787143782138,0.565685424949238,1,94.40603042908292
ta,65,2,105,25,5.0,0.0,,0.44956066981809384,0,94.40603042908292
ta,65,2,105,26,5.0,5.0,2.356194490192345,0.5685569981889047,0,94.40603042908292
ta,65,2,105,27,5.0,10.0,2.356194490192345,0.565685424949238,0,94.40603042908292
ta,65,2,105,28,5.0,13.5,2.356194490192345,0.5685569981889047,0,94.40603042908292
ta,65,2,105,29,5.0,3.5355339059327378,3.141592653589793,0.44956066981809384,0,94.40603042908292
ta,65,2,105,30,5.0,7.905694150420948,2.677945044588987,0.565685424949238,0,94.40603042908292
ta,65,2,105,31,5.0,5.0,3.9269908169872414,0.565685424949238,0,94.40603042908292
ta,65,2,105,33,5.0,11.180339887498949,2.819842099193151,0.565685424949238,0,94.40603042908292
ta,65,2,105,34,5.0,9.86154146165801,3.395266749728436,0.482842712474619,0,94.40603042908292
ta,65,2,105,35,5.0,45.90479277809671,4.502909416605594,0.3276927682076162,0,94.40603042908292
ta,65,2,105,36,5.0,43.01162633521314,4.547240302970063,0.44956066981809384,0,94.40603042908292
ta,65,2,105,37,5.0,40.311288741492746,4.446136931233765,0.5685569981889047,0,94.40603042908292
ta,65,2,105,38,5.0,46.09772228646444,4.635617089114912,0.482842712474619,0,94.40603042908292
ta,65,2,105,39,5.0,39.528470752104745,4.532535480592212,0.482842712474619,0,94.40603042908292
ta,65,2,105,40,5.0,42.573465914816005,4.629247748496248,0.565685424949238,0,94.40603042908292
ta,65,2,105,41,5.0,34.23813663153998,4.429834027915103,0.565685424949238,0,94.40603042908292
ta,65,2,105,42,5.0,36.05551275463989,4.514993420534809,0.44956066981809384,0,94.40603042908292
ta,65,2,105,43,5.0,39.05124837953327,4.621729093183944,0.5685569981889047,0,94.40603042908292
ta,65,2,105,44,5.0,42.42640687119285,4.71238898038469,0.565685424949238,0,94.40603042908292
ta,65,2,105,45,5.0,44.9694340635948,4.76745137575836,0.5685569981889047,0,94.40603042908292
ta,65,2,105,46,5.0,35.531676008879735,4.612720327893528,0.44956066981809384,0,94.40603042908292
ta,65,2,105,47,5.0,38.890872965260115,4.71238898038469,0.565685424949238,0,94.40603042908292
ta,65,2,105,48,5.0,32.01562118716424,4.601731759210795,0.565685424949238,0,94.40603042908292
ta,65,2,105,49,5.0,35.35533905932738,4.71238898038469,0.482842712474619,0,94.40603042908292
ta,65,2,105,50,5.0,39.05124837953327,4.803048867585435,0.5685569981889047,0,94.40603042908292
ta,65,2,105,51,5.0,32.973474187595095,4.7875161362954515,0.482842712474619,0,94.40603042908292
ta,65,2,105,52,5.0,26.405491853021786,-0.4576596566168929,0.44956066981809384,0,94.40603042908292
ta,65,2,105,53,5.0,25.495097567963924,-0.5880026035475678,0.44956066981809384,0,94.40603042908292
ta,65,2,105,54,5.0,20.615528128088304,-0.540419500270584,0.5685569981889047,0,94.40603042908292
ta,65,2,105,55,5.0,30.4138126514911,-0.6202494859828214,0.482842712474619,0,94.40603042908292
ta,65,2,105,56,5.0,22.638462845343543,-0.6747409422235529,0.482842712474619,0,94.40603042908292
ta,65,2,105,57,5.0,27.613402542968153,-0.6947382761967034,0.565685424949238,0,94.40603042908292
ta,65,2,105,58,5.0,16.5,5.497787143782138,0.565685424949238,0,94.40603042908292
ta,65,2,105,59,5.0,20.0,5.497787143782138,0.44956066981809384,0,94.40603042908292
ta,65,2,105,60,5.0,25.0,5.497787143782138,0.5685569981889047,0,94.40603042908292
ta,65,2,105,61,5.0,30.0,5.497787143782138,0.565685424949238,0,94.40603042908292
ta,65,2,105,62,5.0,33.5,5.497787143782138,0.5685569981889047,0,94.40603042908292
ta,65,2,105,63,5.0,22.638462845343543,5.387129922608242,0.44956066981809384,0,94.40603042908292
ta,65,2,105,64,5.0,27.613402542968153,5.4071272565813935,0.565685424949238,0,94.40603042908292
ta,65,2,105,65,5.0,20.615528128088304,5.252808480655274,0.565685424949238,0,94.40603042908292
ta,65,2,105,66,5.0,25.495097567963924,5.3003915839322575,0.482842712474619,0,94.40603042908292
ta,65,2,105,67,5.0,30.4138126514911,5.332638466367511,0.5685569981889047,0,94.40603042908292
ta,65,2,105,68,5.0,26.405491853021786,5.170048637001583,0.482842712474619,0,94.40603042908292
ta,65,2,106,1,5.0,39.42714800743264,-1.7880897577179176,0.44956066981809384,0,94.71037825516989
ta,65,2,106,2,5.0,36.01735692690401,-1.8090410849736416,0.44956066981809384,0,94.71037825516989
ta,65,2,106,3,5.0,35.174564673923115,-1.6704649792860584,0.5685569981889047,0,94.71037825516989
ta,65,2,106,4,5.0,37.51333096380539,-1.9389270981200601,0.482842712474619,0,94.71037825516989
ta,65,2,106,5,5.0,33.04920573932148,-1.7533561799258033,0.482842712474619,0,94.71037825516989
ta,65,2,106,6,5.0,34.311076928595526,-1.8971551435016591,0.565685424949238,0,94.71037825516989
ta,65,2,106,7,5.0,30.0,-1.5707963267948966,0.565685424949238,0,94.71037825516989
ta,65,2,106,8,5.0,30.20347662107791,-1.6869379536748867,0.44956066981809384,0,94.71037825516989
ta,65,2,106,9,5.0,31.18092365533773,-1.846893346190333,0.5685569981889047,0,94.71037825516989
ta,65,2,106,10,5.0,32.89756829919196,-1.9936502529278373,0.565685424949238,0,94.71037825516989
ta,65,2,106,11,5.0,34.48187929913333,-2.086345334253876,0.5685569981889047,0,94.71037825516989
ta,65,2,106,12,5.0,28.146935890075138,-1.785611727196555,0.44956066981809384,0,94.71037825516989
ta,65,2,106,13,5.0,29.618406439239774,-1.9513027039072615,0.565685424949238,0,94.71037825516989
ta,65,2,106,14,5.0,25.243811122728676,-1.7098922682769677,0.565685424949238,0,94.71037825516989
ta,65,2,106,16,5.0,28.412145290350743,-2.0659295902633006,0.565685424949238,0,94.71037825516989
ta,65,2,106,17,5.0,23.119256043393783,-1.9472866612414195,0.482842712474619,0,94.71037825516989
ta,65,2,106,18,5.0,12.020815280171307,-3.9269908169872414,0.3276927682076162,0,94.71037825516989
ta,65,2,106,19,5.0,9.86154146165801,-3.673316720848599,0.44956066981809384,0,94.71037825516989
ta,65,2,106,20,5.0,6.103277807866851,-4.101663015995481,0.5685569981889047,0,94.71037825516989
ta,65,2,106,21,5.0,14.396180048887969,-3.4962983056007335,0.482842712474619,0,94.71037825516989
ta,65,2,106,22,5.0,6.5,-3.5363837732895544,0.482842712474619,0,94.71037825516989
ta,65,2,106,23,5.0,11.280514172678478,-3.365069254730426,0.565685424949238,0,94.71037825516989
ta,65,2,106,24,5.0,0.0,,0.565685424949238,0,94.71037825516989
ta,65,2,106,26,5.0,8.5,-3.141592653589793,0.565685424949238,0,94.71037825516989
ta,65,2,106,27,5.0,13.5,-3.141592653589793,0.565685424949238,0,94.71037825516989
ta,65,2,106,28,5.0,17.0,-3.141592653589793,0.5685569981889047,0,94.71037825516989
ta,65,2,106,29,5.0,6.5,-2.746801533890032,0.44956066981809384,0,94.71037825516989
ta,65,2,106,30,5.0,11.280514172678478,-2.91811605244916,0.565685424949238,0,94.71037825516989
ta,65,2,106,31,5.0,6.103277807866851,-2.181522291184105,0.565685424949238,0,94.71037825516989
ta,65,2,106,32,5.0,9.86154146165801,-2.6098685863309874,0.482842712474619,0,94.71037825516989
ta,65,2,106,33,5.0,14.396180048887969,-2.7868870015788527,0.5685569981889047,0,94.71037825516989
ta,65,2,106,34,5.0,12.020815280171307,-2.356194490192345,0.482842712474619,0,94.71037825516989
ta,65,2,106,35,5.0,44.09648512069868,-1.0614951827928847,0.44956066981809384,0,94.71037825516989
ta,65,2,106,36,5.0,41.07614879708174,-1.0199387922631802,0.44956066981809384,0,94.71037825516989
ta,65,2,106,37,5.0,38.69431482789171,-1.1302659861783835,0.5685569981889047,0,94.71037825516989
ta,65,2,106,38,5.0,43.900455578501685,-0.9227394408643823,0.482842712474619,0,94.71037825516989
ta,65,2,106,39,5.0,37.646380968162134,-1.0417658557152478,0.482842712474619,0,94.71037825516989
ta,65,2,106,40,5.0,40.40111384603152,-0.9347208240911455,0.565685424949238,0,94.71037825516989
ta,65,2,106,41,5.0,32.69556544854363,-1.1618884978439712,0.565685424949238,0,94.71037825516989
ta,65,2,106,42,5.0,34.23813663153998,-1.0679531158670357,0.44956066981809384,0,94.71037825516989
ta,65,2,106,43,5.0,36.908671067921155,-0.9489720389643068,0.5685569981889047,0,94.71037825516989
ta,65,2,106,44,5.0,40.02811511925087,-0.847266009261828,0.565685424949238,0,94.71037825516989
ta,65,2,106,45,5.0,42.42640687119285,-0.7853981633974483,0.5685569981889047,0,94.71037825516989
ta,65,2,106,46,5.0,33.425289826716536,-0.9661977367014196,0.44956066981809384,0,94.71037825516989
ta,65,2,106,47,5.0,36.5,-0.8532549862537522,0.565685424949238,0,94.71037825516989
ta,65,2,106,48,5.0,29.95413160150032,-0.9874233198010405,0.565685424949238,0,94.71037825516989
ta,65,2,106,49,5.0,32.973474187595095,-0.8605253193082101,0.482842712474619,0,94.71037825516989
ta,65,2,106,50,5.0,36.43144246389374,-0.7562801818904092,0.5685569981889047,0,94.71037825516989
ta,65,2,106,51,5.0,30.405591591021544,-0.7853981633974483,0.482842712474619,0,94.71037825516989
ta,65,2,106,52,5.0,23.119256043393783,-5.906694972733064,0.44956066981809384,0,94.71037825516989
ta,65,2,106,53,5.0,22.073740054644116,-6.054688667887724,0.44956066981809384,0,94.71037825516989
ta,65,2,106,54,5.0,17.240939649566666,-5.988950742068399,0.5685569981889047,0,94.71037825516989
ta,65,2,106,55,5.0,26.9675731203236,-6.096698405512369,0.482842712474619,0,94.71037825516989
ta,65,2,106,56,5.0,19.1637678967368,-6.152357911105529,0.482842712474619,0,94.71037825516989
ta,65,2,106,57,5.0,24.12985702402731,-6.179392966722544,0.565685424949238,0,94.71037825516989
ta,65,2,106,58,5.0,13.0,0.0,0.565685424949238,1,94.71037825516989
ta,65,2,106,59,5.0,16.5,0.0,0.44956066981809384,0,94.71037825516989
ta,65,2,106,60,5.0,21.5,0.0,0.5685569981889047,0,94.71037825516989
ta,65,2,106,61,5.0,26.5,0.0,0.565685424949238,0,94.71037825516989
ta,65,2,106,62,5.0,30.0,0.0,0.5685569981889047,0,94.71037825516989
ta,65,2,106,63,5.0,19.1637678967368,-0.1308273960740567,0.44956066981809384,0,94.71037825516989
ta,65,2,106,64,5.0,24.12985702402731,-0.10379234045704289,0.565685424949238,0,94.71037825516989
ta,65,2,106,65,5.0,17.240939649566666,-0.2942345651111875,0.565685424949238,0,94.71037825516989
ta,65,2,106,66,5.0,22.073740054644116,-0.22849663929186237,0.482842712474619,0,94.71037825516989
ta,65,2,106,67,5.0,26.9675731203236,-0.18648690166721682,0.5685569981889047,0,94.71037825516989
ta,65,2,106,68,5.0,23.119256043393783,-0.3764903344465229,0.482842712474619,0,94.71037825516989
ta,65,2,107,1,5.0,44.09648512069868,-2.0800974707969084,0.44956066981809384,0,95.84081303777856
ta,65,2,107,2,5.0,41.07614879708174,-2.121653861326613,0.44956066981809384,0,95.84081303777856
ta,65,2,107,3,5.0,38.69431482789171,-2.0113266674114096,0.5685569981889047,0,95.84081303777856
ta,65,2,107,4,5.0,43.900455578501685,-2.218853212725411,0.482842712474619,0,95.84081303777856
ta,65,2,107,5,5.0,37.646380968162134,-2.0998267978745453,0.482842712474619,0,95.84081303777856
ta,65,2,107,6,5.0,40.40111384603152,-2.2068718294986476,0.565685424949238,0,95.84081303777856
ta,65,2,107,7,5.0,32.69556544854363,-1.979704155745822,0.565685424949238,0,95.84081303777856
ta,65,2,107,8,5.0,34.23813663153998,-2.073639537722757,0.44956066981809384,0,95.84081303777856
ta,65,2,107,9,5.0,36.908671067921155,-2.1926206146254863,0.5685569981889047,0,95.84081303777856
ta,65,2,107,10,5.0,40.02811511925087,-2.2943266443279646,0.565685424949238,0,95.84081303777856
ta,65,2,107,11,5.0,42.42640687119285,-2.356194490192345,0.5685569981889047,0,95.84081303777856
ta,65,2,107,12,5.0,33.425289826716536,-2.1753949168883735,0.44956066981809384,0,95.84081303777856
ta,65,2,107,13,5.0,36.5,-2.288337667336041,0.565685424949238,0,95.84081303777856
ta,65,2,107,14,5.0,29.95413160150032,-2.1541693337887526,0.565685424949238,0,95.84081303777856
ta,65,2,107,16,5.0,36.43144246389374,-2.3853124716993834,0.565685424949238,0,95.84081303777856
ta,65,2,107,17,5.0,30.405591591021544,-2.356194490192345,0.482842712474619,0,95.84081303777856
ta,65,2,107,18,5.0,23.119256043393783,-3.518082988036316,0.3276927682076162,0,95.84081303777856
ta,65,2,107,19,5.0,22.073740054644116,-3.3700892928816555,0.44956066981809384,0,95.84081303777856
ta,65,2,107,20,5.0,17.240939649566666,-3.435827218700981,0.5685569981889047,0,95.84081303777856
ta,65,2,107,21,5.0,26.9675731203236,-3.32807955525701,0.482842712474619,0,95.84081303777856
ta,65,2,107,22,5.0,19.1637678967368,-3.2724200496638502,0.482842712474619,0,95.84081303777856
ta,65,2,107,23,5.0,24.12985702402731,-3.245384994046836,0.565685424949238,0,95.84081303777856
ta,65,2,107,25,5.0,16.5,-3.141592653589793,0.3276927682076162,0,95.84081303777856
ta,65,2,107,26,5.0,21.5,-3.141592653589793,0.565685424949238,0,95.84081303777856
ta,65,2,107,27,5.0,26.5,-3.141592653589793,0.565685424949238,0,95.84081303777856
ta,65,2,107,28,5.0,30.0,-3.141592653589793,0.5685569981889047,0,95.84081303777856
ta,65,2,107,29,5.0,19.1637678967368,-3.010765257515736,0.44956066981809384,0,95.84081303777856
ta,65,2,107,30,5.0,24.12985702402731,-3.0378003131327502,0.565685424949238,0,95.84081303777856
ta,65,2,107,31,5.0,17.240939649566666,-2.847358088478605,0.565685424949238,0,95.84081303777856
ta,65,2,107,32,5.0,22.073740054644116,-2.9130960142979307,0.482842712474619,0,95.84081303777856
ta,65,2,107,33,5.0,26.9675731203236,-2.9551057519225763,0.5685569981889047,0,95.84081303777856
ta,65,2,107,34,5.0,23.119256043393783,-2.76510231914327,0.482842712474619,0,95.84081303777856
ta,65,2,107,35,5.0,39.42714800743264,-1.3535028958718753,0.44956066981809384,0,95.84081303777856
ta,65,2,107,36,5.0,36.01735692690401,-1.3325515686161515,0.44956066981809384,0,95.84081303777856
ta,65,2,107,37,5.0,35.174564673923115,-1.4711276743037345,0.5685569981889047,0,95.84081303777856
ta,65,2,107,38,5.0,37.51333096380539,-1.202665555469733,0.482842712474619,0,95.84081303777856
ta,65,2,107,39,5.0,33.04920573932148,-1.3882364736639896,0.482842712474619,0,95.84081303777856
ta,65,2,107,40,5.0,34.311076928595526,-1.2444375100881337,0.565685424949238,0,95.84081303777856
ta,65,2,107,41,5.0,30.0,-1.5707963267948966,0.565685424949238,0,95.84081303777856
ta,65,2,107,42,5.0,30.20347662107791,-1.4546546999149064,0.44956066981809384,0,95.84081303777856
ta,65,2,107,43,5.0,31.18092365533773,-1.29469930739946,0.5685569981889047,0,95.84081303777856
ta,65,2,107,44,5.0,32.89756829919196,-1.1479424006619559,0.565685424949238,0,95.84081303777856
ta,65,2,107,45,5.0,34.48187929913333,-1.0552473193359173,0.5685569981889047,0,95.84081303777856
ta,65,2,107,46,5.0,28.146935890075138,-1.3559809263932379,0.44956066981809384,0,95.84081303777856
ta,65,2,107,47,5.0,29.618406439239774,-1.1902899496825317,0.565685424949238,0,95.84081303777856
ta,65,2,107,48,5.0,25.243811122728676,-1.4317003853128252,0.565685424949238,0,95.84081303777856
ta,65,2,107,49,5.0,26.405491853021786,-1.243057820014341,0.482842712474619,0,95.84081303777856
ta,65,2,107,50,5.0,28.412145290350743,-1.0756630633264925,0.5685569981889047,0,95.84081303777856
ta,65,2,107,51,5.0,23.119256043393783,-1.1943059923483736,0.482842712474619,0,95.84081303777856
ta,65,2,107,52,5.0,12.020815280171307,-5.497787143782138,0.44956066981809384,0,95.84081303777856
ta,65,2,107,53,5.0,9.86154146165801,-5.751461239920781,0.44956066981809384,0,95.84081303777856
ta,65,2,107,54,5.0,6.103277807866851,-5.323114944773899,0.5685569981889047,0,95.84081303777856
ta,65,2,107,55,5.0,14.396180048887969,-5.928479655168646,0.482842712474619,0,95.84081303777856
ta,65,2,107,56,5.0,6.5,-5.888394187479825,0.482842712474619,0,95.84081303777856
ta,65,2,107,57,5.0,11.280514172678478,-6.059708706038953,0.565685424949238,0,95.84081303777856
ta,65,2,107,58,5.0,0.0,,0.565685424949238,0,95.84081303777856
ta,65,2,107,59,5.0,3.5,0.0,0.44956066981809384,1,95.84081303777856
ta,65,2,107,60,5.0,8.5,0.0,0.5685569981889047,0,95.84081303777856
ta,65,2,107,61,5.0,13.5,0.0,0.565685424949238,0,95.84081303777856
ta,65,2,107,62,5.0,17.0,0.0,0.5685569981889047,0,95.84081303777856
ta,65,2,107,63,5.0,6.5,-0.39479111969976133,0.44956066981809384,0,95.84081303777856
ta,65,2,107,64,5.0,11.280514172678478,-0.22347660114063306,0.565685424949238,0,95.84081303777856
ta,65,2,107,65,5.0,6.103277807866851,-0.9600703624056877,0.565685424949238,0,95.84081303777856
ta,65,2,107,66,5.0,9.86154146165801,-0.5317240672588053,0.482842712474619,0,95.84081303777856
ta,65,2,107,67,5.0,14.396180048887969,-0.3547056520109404,0.5685569981889047,0,95.84081303777856
ta,65,2,107,68,5.0,12.020815280171307,-0.7853981633974483,0.482842712474619,0,95.84081303777856
ta,65,2,108,1,5.0,45.90479277809671,-2.1467149264132495,0.44956066981809384,0,96.14516086386551
ta,65,2,108,2,5.0,43.01162633521314,-2.191045812777718,0.44956066981809384,0,96.14516086386551
ta,65,2,108,3,5.0,40.311288741492746,-2.089942441041419,0.5685569981889047,0,96.14516086386551
ta,65,2,108,4,5.0,46.09772228646444,-2.279422598922567,0.482842712474619,0,96.14516086386551
ta,65,2,108,5,5.0,39.528470752104745,-2.1763409903998667,0.482842712474619,0,96.14516086386551
ta,65,2,108,6,5.0,42.573465914816005,-2.2730532583039036,0.565685424949238,0,96.14516086386551
ta,65,2,108,7,5.0,34.23813663153998,-2.073639537722757,0.565685424949238,0,96.14516086386551
ta,65,2,108,8,5.0,36.05551275463989,-2.158798930342464,0.44956066981809384,0,96.14516086386551
ta,65,2,108,9,5.0,39.05124837953327,-2.2655346029915995,0.5685569981889047,0,96.14516086386551
ta,65,2,108,10,5.0,42.42640687119285,-2.356194490192345,0.565685424949238,0,96.14516086386551
ta,65,2,108,11,5.0,44.9694340635948,-2.411256885566015,0.5685569981889047,0,96.14516086386551
ta,65,2,108,12,5.0,35.531676008879735,-2.256525837701183,0.44956066981809384,0,96.14516086386551
ta,65,2,108,13,5.0,38.890872965260115,-2.356194490192345,0.565685424949238,0,96.14516086386551
ta,65,2,108,14,5.0,32.01562118716424,-2.245537269018449,0.565685424949238,0,96.14516086386551
ta,65,2,108,16,5.0,39.05124837953327,-2.44685437739309,0.565685424949238,0,96.14516086386551
ta,65,2,108,17,5.0,32.973474187595095,-2.4313216461031066,0.482842712474619,0,96.14516086386551
ta,65,2,108,18,5.0,26.405491853021786,-3.4693311603703485,0.3276927682076162,0,96.14516086386551
ta,65,2,108,19,5.0,25.495097567963924,-3.338988213439674,0.44956066981809384,0,96.14516086386551
ta,65,2,108,20,5.0,20.615528128088304,-3.3865713167166573,0.5685569981889047,0,96.14516086386551
ta,65,2,108,21,5.0,30.4138126514911,-3.30674133100442,0.482842712474619,0,96.14516086386551
ta,65,2,108,22,5.0,22.638462845343543,-3.252249874763689,0.482842712474619,0,96.14516086386551
ta,65,2,108,23,5.0,27.613402542968153,-3.232252540790538,0.565685424949238,0,96.14516086386551
ta,65,2,108,24,5.0,16.5,-3.141592653589793,0.565685424949238,0,96.14516086386551
ta,65,2,108,25,5.0,20.0,-3.141592653589793,0.44956066981809384,0,96.14516086386551
ta,65,2,108,26,5.0,25.0,-3.141592653589793,0.5685569981889047,0,96.14516086386551
ta,65,2,108,27,5.0,30.0,-3.141592653589793,0.565685424949238,0,96.14516086386551
ta,65,2,108,28,5.0,33.5,-3.141592653589793,0.5685569981889047,0,96.14516086386551
ta,65,2,108,29,5.0,22.638462845343543,-3.0309354324158972,0.44956066981809384,0,96.14516086386551
ta,65,2,108,30,5.0,27.613402542968153,-3.050932766389048,0.565685424949238,0,96.14516086386551
ta,65,2,108,31,5.0,20.615528128088304,-2.896613990462929,0.565685424949238,0,96.14516086386551
ta,65,2,108,32,5.0,25.495097567963924,-2.9441970937399122,0.482842712474619,0,96.14516086386551
ta,65,2,108,33,5.0,30.4138126514911,-2.976443976175166,0.5685569981889047,0,96.14516086386551
ta,65,2,108,34,5.0,26.405491853021786,-2.8138541468092377,0.482842712474619,0,96.14516086386551
ta,65,2,108,35,5.0,38.82331773560833,-1.4416490366668764,0.44956066981809384,0,96.14516086386551
ta,65,2,108,36,5.0,35.35533905932738,-1.4288992721907325,0.44956066981809384,0,96.14516086386551
ta,65,2,108,37,5.0,35.0,-1.5707963267948966,0.5685569981889047,0,96.14516086386551
ta,65,2,108,38,5.0,36.40054944640259,-1.2924966677897851,0.482842712474619,0,96.14516086386551
ta,65,2,108,39,5.0,32.59601202601324,-1.4940244355251184,0.482842712474619,0,96.14516086386551
ta,65,2,108,40,5.0,33.354160160315836,-1.3439974787410107,0.565685424949238,0,96.14516086386551
ta,65,2,108,41,5.0,30.20347662107791,-1.6869379536748867,0.565685424949238,0,96.14516086386551
ta,65,2,108,42,5.0,30.0,-1.5707963267948966,0.44956066981809384,0,96.14516086386551
ta,65,2,108,43,5.0,30.4138126514911,-1.4056476493802696,0.5685569981889047,0,96.14516086386551
ta,65,2,108,44,5.0,31.622776601683793,-1.2490457723982542,0.565685424949238,0,96.14516086386551
ta,65,2,108,45,5.0,32.89756829919196,-1.1479424006619559,0.5685569981889047,0,96.14516086386551
ta,65,2,108,46,5.0,27.613402542968153,-1.4801364395941514,0.44956066981809384,0,96.14516086386551
ta,65,2,108,47,5.0,28.50438562747845,-1.304544277643971,0.565685424949238,0,96.14516086386551
ta,65,2,108,48,5.0,25.0,-1.5707963267948966,0.565685424949238,0,96.14516086386551
ta,65,2,108,49,5.0,25.495097567963924,-1.3734007669450157,0.482842712474619,0,96.14516086386551
ta,65,2,108,50,5.0,26.92582403567252,-1.1902899496825317,0.5685569981889047,0,96.14516086386551
ta,65,2,108,51,5.0,22.073740054644116,-1.3422996875030342,0.482842712474619,0,96.14516086386551
ta,65,2,108,52,5.0,9.86154146165801,-5.244113047643495,0.44956066981809384,0,96.14516086386551
ta,65,2,108,53,5.0,7.0710678118654755,-5.497787143782138,0.44956066981809384,0,96.14516086386551
ta,65,2,108,54,5.0,5.0,-4.71238898038469,0.5685569981889047,0,96.14516086386551
ta,65,2,108,55,5.0,11.180339887498949,-5.81953769817878,0.482842712474619,0,96.14516086386551
ta,65,2,108,56,5.0,3.5355339059327378,-5.497787143782138,0.482842712474619,0,96.14516086386551
ta,65,2,108,57,5.0,7.905694150420948,-5.961434752782944,0.565685424949238,0,96.14516086386551
ta,65,2,108,59,5.0,0.0,,0.3276927682076162,0,96.14516086386551
ta,65,2,108,60,5.0,5.0,0.0,0.565685424949238,0,96.14516086386551
ta,65,2,108,61,5.0,10.0,0.0,0.565685424949238,0,96.14516086386551
ta,65,2,108,62,5.0,13.5,0.0,0.5685569981889047,0,96.14516086386551
ta,65,2,108,63,5.0,3.5355339059327378,-0.7853981633974483,0.44956066981809384,0,96.14516086386551
ta,65,2,108,64,5.0,7.905694150420948,-0.32175055439664213,0.565685424949238,0,96.14516086386551
ta,65,2,108,65,5.0,5.0,-1.5707963267948966,0.565685424949238,0,96.14516086386551
ta,65,2,108,66,5.0,7.0710678118654755,-0.7853981633974483,0.482842712474619,1,96.14516086386551
ta,65,2,108,67,5.0,11.180339887498949,-0.46364760900080615,0.5685569981889047,0,96.14516086386551
ta,65,2,108,68,5.0,9.86154146165801,-1.0390722595360908,0.482842712474619,0,96.14516086386551
ta,65,2,109,1,5.0,44.9694340635948,-1.5157339314212264,0.44956066981809384,0,96.76003632576688
ta,65,2,109,2,5.0,42.42640687119285,-1.5707963267948966,0.44956066981809384,0,96.76003632576688
ta,65,2,109,3,5.0,39.05124837953327,-1.4801364395941514,0.5685569981889047,0,96.76003632576688
ta,65,2,109,4,5.0,46.09772228646444,-1.6475682180646745,0.482842712474619,0,96.76003632576688
ta,65,2,109,5,5.0,38.890872965260115,-1.5707963267948966,0.482842712474619,0,96.76003632576688
ta,65,2,109,6,5.0,42.573465914816005,-1.6539375586833378,0.565685424949238,0,96.76003632576688
ta,65,2,109,7,5.0,32.973474187595095,-1.4956691708841343,0.565685424949238,0,96.76003632576688
ta,65,2,109,8,5.0,35.35533905932738,-1.5707963267948966,0.44956066981809384,0,96.76003632576688
ta,65,2,109,9,5.0,39.05124837953327,-1.6614562139956417,0.5685569981889047,0,96.76003632576688
ta,65,2,109,10,5.0,43.01162633521314,-1.7359450042095235,0.565685424949238,0,96.76003632576688
ta,65,2,109,11,5.0,45.90479277809671,-1.780275890573992,0.5685569981889047,0,96.76003632576688
ta,65,2,109,12,5.0,35.531676008879735,-1.6704649792860584,0.44956066981809384,0,96.76003632576688
ta,65,2,109,13,5.0,39.528470752104745,-1.7506498265873747,0.565685424949238,0,96.76003632576688
ta,65,2,109,14,5.0,32.01562118716424,-1.6814535479687922,0.565685424949238,0,96.76003632576688
ta,65,2,109,15,5.0,36.05551275463989,-1.7681918866447774,0.482842712474619,0,96.76003632576688
ta,65,2,109,16,5.0,40.311288741492746,-1.8370483759458218,0.5685569981889047,0,96.76003632576688
ta,65,2,109,17,5.0,34.23813663153998,-1.853351279264484,0.482842712474619,0,96.76003632576688
ta,65,2,109,18,5.0,32.89756829919196,-2.7790484163252858,0.44956066981809384,0,96.76003632576688
ta,65,2,109,19,5.0,31.622776601683793,-2.677945044588987,0.44956066981809384,0,96.76003632576688
ta,65,2,109,20,5.0,26.92582403567252,-2.7367008673047097,0.5685569981889047,0,96.76003632576688
ta,65,2,109,21,5.0,36.40054944640259,-2.6344941491974563,0.482842712474619,0,96.76003632576688
ta,65,2,109,22,5.0,28.50438562747845,-2.62244653934327,0.482842712474619,0,96.76003632576688
ta,65,2,109,23,5.0,33.354160160315836,-2.5829933382462307,0.565685424949238,0,96.76003632576688
ta,65,2,109,24,5.0,22.073740054644116,-2.584691129484207,0.565685424949238,0,96.76003632576688
ta,65,2,109,25,5.0,25.495097567963924,-2.5535900500422257,0.44956066981809384,0,96.76003632576688
ta,65,2,109,26,5.0,30.4138126514911,-2.5213431676069717,0.5685569981889047,0,96.76003632576688
ta,65,2,109,27,5.0,35.35533905932738,-2.498091544796509,0.565685424949238,0,96.76003632576688
ta,65,2,109,28,5.0,38.82331773560833,-2.485341780320365,0.5685569981889047,0,96.76003632576688
ta,65,2,109,29,5.0,27.613402542968153,-2.4468543773930898,0.44956066981809384,0,96.76003632576688
ta,65,2,109,30,5.0,32.59601202601324,-2.4329663814621227,0.565685424949238,0,96.76003632576688
ta,65,2,109,31,5.0,25.0,-2.356194490192345,0.565685424949238,0,96.76003632576688
ta,65,2,109,32,5.0,30.0,-2.356194490192345,0.482842712474619,0,96.76003632576688
ta,65,2,109,33,5.0,35.0,-2.356194490192345,0.5685569981889047,0,96.76003632576688
ta,65,2,109,34,5.0,30.20347662107791,-2.2400528633123544,0.482842712474619,0,96.76003632576688
ta,65,2,109,35,5.0,33.5,-0.7853981633974483,0.44956066981809384,0,96.76003632576688
ta,65,2,109,36,5.0,30.0,-0.7853981633974483,0.44956066981809384,0,96.76003632576688
ta,65,2,109,37,5.0,30.4138126514911,-0.950546840812075,0.5685569981889047,0,96.76003632576688
ta,65,2,109,38,5.0,30.4138126514911,-0.6202494859828214,0.482842712474619,0,96.76003632576688
ta,65,2,109,39,5.0,27.613402542968153,-0.8760580505981934,0.482842712474619,0,96.76003632576688
ta,65,2,109,40,5.0,27.613402542968153,-0.6947382761967031,0.565685424949238,0,96.76003632576688
ta,65,2,109,41,5.0,26.405491853021786,-1.1131366701780037,0.565685424949238,0,96.76003632576688
ta,65,2,109,42,5.0,25.495097567963924,-0.9827937232473289,0.44956066981809384,0,96.76003632576688
ta,65,2,109,43,5.0,25.0,-0.7853981633974483,0.5685569981889047,0,96.76003632576688
ta,65,2,109,44,5.0,25.495097567963924,-0.5880026035475674,0.565685424949238,0,96.76003632576688
ta,65,2,109,45,5.0,26.405491853021786,-0.4576596566168927,0.5685569981889047,0,96.76003632576688
ta,65,2,109,46,5.0,22.638462845343543,-0.8960553845713439,0.44956066981809384,0,96.76003632576688
ta,65,2,109,47,5.0,22.638462845343543,-0.6747409422235526,0.565685424949238,0,96.76003632576688
ta,65,2,109,48,5.0,20.615528128088304,-1.0303768265243123,0.565685424949238,0,96.76003632576688
ta,65,2,109,49,5.0,20.0,-0.7853981633974483,0.482842712474619,0,96.76003632576688
ta,65,2,109,50,5.0,20.615528128088304,-0.540419500270584,0.5685569981889047,0,96.76003632576688
ta,65,2,109,51,5.0,16.5,-0.7853981633974483,0.482842712474619,1,96.76003632576688
ta,65,2,109,52,5.0,13.5,-3.9269908169872414,0.44956066981809384,0,96.76003632576688
ta,65,2,109,53,5.0,10.0,-3.9269908169872414,0.44956066981809384,0,96.76003632576688
ta,65,2,109,54,5.0,11.180339887498949,-3.4633432079864352,0.5685569981889047,0,96.76003632576688
ta,65,2,109,55,5.0,11.180339887498949,-4.3906384259880475,0.482842712474619,0,96.76003632576688
ta,65,2,109,56,5.0,7.905694150420948,-3.6052402625905993,0.482842712474619,0,96.76003632576688
ta,65,2,109,57,5.0,7.905694150420948,-4.2487413713838835,0.565685424949238,0,96.76003632576688
ta,65,2,109,58,5.0,9.86154146165801,-2.8879185574511506,0.565685424949238,0,96.76003632576688
ta,65,2,109,60,5.0,5.0,-3.9269908169872414,0.565685424949238,0,96.76003632576688
ta,65,2,109,61,5.0,7.0710678118654755,-4.71238898038469,0.565685424949238,0,96.76003632576688
ta,65,2,109,62,5.0,9.86154146165801,-4.966063076523333,0.5685569981889047,0,96.76003632576688
ta,65,2,109,63,5.0,3.5355339059327378,-3.141592653589793,0.44956066981809384,0,96.76003632576688
ta,65,2,109,64,5.0,3.5355339059327378,-4.71238898038469,0.565685424949238,0,96.76003632576688
ta,65,2,109,65,5.0,5.0,-2.356194490192345,0.565685424949238,0,96.76003632576688
ta,65,2,109,66,5.0,0.0,,0.482842712474619,0,96.76003632576688
ta,65,2,109,67,5.0,5.0,0.7853981633974483,0.5685569981889047,0,96.76003632576688
ta,65,2,109,68,5.0,3.5,-0.7853981633974483,0.482842712474619,0,96.76003632576688
ta,65,2,110,1,5.0,34.48187929913333,-1.0552473193359175,0.3276927682076162,0,98.19481893446252
ta,65,2,110,2,5.0,32.89756829919196,-1.1479424006619559,0.44956066981809384,0,98.19481893446252
ta,65,2,110,3,5.0,28.412145290350743,-1.0756630633264925,0.5685569981889047,0,98.19481893446252
ta,65,2,110,4,5.0,37.51333096380539,-1.202665555469733,0.482842712474619,0,98.19481893446252
ta,65,2,110,5,5.0,29.618406439239774,-1.1902899496825317,0.482842712474619,0,98.19481893446252
ta,65,2,110,6,5.0,34.311076928595526,-1.244437510088134,0.565685424949238,0,98.19481893446252
ta,65,2,110,7,5.0,23.119256043393783,-1.1943059923483736,0.565685424949238,0,98.19481893446252
ta,65,2,110,8,5.0,26.405491853021786,-1.2430578200143412,0.44956066981809384,0,98.19481893446252
ta,65,2,110,9,5.0,31.18092365533773,-1.2946993073994602,0.5685569981889047,0,98.19481893446252
ta,65,2,110,10,5.0,36.01735692690401,-1.3325515686161515,0.565685424949238,0,98.19481893446252
ta,65,2,110,11,5.0,39.42714800743264,-1.3535028958718756,0.5685569981889047,0,98.19481893446252
ta,65,2,110,12,5.0,28.146935890075138,-1.3559809263932379,0.44956066981809384,0,98.19481893446252
ta,65,2,110,13,5.0,33.04920573932148,-1.3882364736639898,0.565685424949238,0,98.19481893446252
ta,65,2,110,14,5.0,25.243811122728676,-1.4317003853128252,0.565685424949238,0,98.19481893446252
ta,65,2,110,15,5.0,30.20347662107791,-1.4546546999149064,0.482842712474619,0,98.19481893446252
ta,65,2,110,16,5.0,35.174564673923115,-1.4711276743037345,0.5685569981889047,0,98.19481893446252
ta,65,2,110,17,5.0,30.0,-1.5707963267948966,0.482842712474619,0,98.19481893446252
ta,65,2,110,18,5.0,42.42640687119285,-2.356194490192345,0.44956066981809384,0,98.19481893446252
ta,65,2,110,19,5.0,40.02811511925087,-2.294326644327965,0.44956066981809384,0,98.19481893446252
ta,65,2,110,20,5.0,36.43144246389374,-2.385312471699384,0.5685569981889047,0,98.19481893446252
ta,65,2,110,21,5.0,43.900455578501685,-2.218853212725411,0.482842712474619,0,98.19481893446252
ta,65,2,110,22,5.0,36.5,-2.288337667336041,0.482842712474619,0,98.19481893446252
ta,65,2,110,23,5.0,40.40111384603152,-2.2068718294986476,0.565685424949238,0,98.19481893446252
ta,65,2,110,24,5.0,30.405591591021544,-2.356194490192345,0.565685424949238,0,98.19481893446252
ta,65,2,110,25,5.0,32.973474187595095,-2.281067334281583,0.44956066981809384,0,98.19481893446252
ta,65,2,110,26,5.0,36.908671067921155,-2.1926206146254863,0.5685569981889047,0,98.19481893446252
ta,65,2,110,27,5.0,41.07614879708174,-2.121653861326613,0.565685424949238,0,98.19481893446252
ta,65,2,110,28,5.0,44.09648512069868,-2.0800974707969084,0.5685569981889047,0,98.19481893446252
ta,65,2,110,29,5.0,33.425289826716536,-2.1753949168883735,0.44956066981809384,0,98.19481893446252
ta,65,2,110,30,5.0,37.646380968162134,-2.0998267978745453,0.565685424949238,0,98.19481893446252
ta,65,2,110,31,5.0,29.95413160150032,-2.1541693337887526,0.565685424949238,0,98.19481893446252
ta,65,2,110,32,5.0,34.23813663153998,-2.0736395377227574,0.482842712474619,0,98.19481893446252
ta,65,2,110,33,5.0,38.69431482789171,-2.0113266674114096,0.5685569981889047,0,98.19481893446252
ta,65,2,110,34,5.0,32.69556544854363,-1.979704155745822,0.482842712474619,0,98.19481893446252
ta,65,2,110,35,5.0,17.0,0.0,0.44956066981809384,0,98.19481893446252
ta,65,2,110,36,5.0,13.5,0.0,0.44956066981809384,0,98.19481893446252
ta,65,2,110,37,5.0,14.396180048887969,-0.3547056520109402,0.5685569981889047,0,98.19481893446252
ta,65,2,110,38,5.0,14.396180048887969,0.3547056520109404,0.482842712474619,0,98.19481893446252
ta,65,2,110,39,5.0,11.280514172678478,-0.22347660114063306,0.482842712474619,0,98.19481893446252
ta,65,2,110,40,5.0,11.280514172678478,0.22347660114063306,0.565685424949238,0,98.19481893446252
ta,65,2,110,41,5.0,12.020815280171307,-0.7853981633974483,0.565685424949238,0,98.19481893446252
ta,65,2,110,42,5.0,9.86154146165801,-0.5317240672588055,0.44956066981809384,0,98.19481893446252
ta,65,2,110,43,5.0,8.5,0.0,0.5685569981889047,0,98.19481893446252
ta,65,2,110,44,5.0,9.86154146165801,0.5317240672588057,0.565685424949238,0,98.19481893446252
ta,65,2,110,45,5.0,12.020815280171307,0.7853981633974483,0.5685569981889047,0,98.19481893446252
ta,65,2,110,46,5.0,6.5,-0.39479111969976155,0.44956066981809384,0,98.19481893446252
ta,65,2,110,47,5.0,6.5,0.39479111969976155,0.565685424949238,0,98.19481893446252
ta,65,2,110,48,5.0,6.103277807866851,-0.960070362405688,0.565685424949238,0,98.19481893446252
ta,65,2,110,49,5.0,3.5,0.0,0.482842712474619,1,98.19481893446252
ta,65,2,110,50,5.0,6.103277807866851,0.9600703624056881,0.5685569981889047,0,98.19481893446252
ta,65,2,110,51,5.0,0.0,,0.482842712474619,0,98.19481893446252
ta,65,2,110,52,5.0,30.0,-3.141592653589793,0.44956066981809384,0,98.19481893446252
ta,65,2,110,53,5.0,26.5,-3.141592653589793,0.44956066981809384,0,98.19481893446252
ta,65,2,110,54,5.0,26.9675731203236,-2.9551057519225763,0.5685569981889047,0,98.19481893446252
ta,65,2,110,55,5.0,26.9675731203236,-3.32807955525701,0.482842712474619,0,98.19481893446252
ta,65,2,110,56,5.0,24.12985702402731,-3.0378003131327507,0.482842712474619,0,98.19481893446252
ta,65,2,110,57,5.0,24.12985702402731,-3.245384994046836,0.565685424949238,0,98.19481893446252
ta,65,2,110,58,5.0,23.119256043393783,-2.76510231914327,0.565685424949238,0,98.19481893446252
ta,65,2,110,60,5.0,21.5,-3.141592653589793,0.565685424949238,0,98.19481893446252
ta,65,2,110,61,5.0,22.073740054644116,-3.3700892928816555,0.565685424949238,0,98.19481893446252
ta,65,2,110,62,5.0,23.119256043393783,-3.518082988036316,0.5685569981889047,0,98.19481893446252
ta,65,2,110,63,5.0,19.1637678967368,-3.010765257515736,0.44956066981809384,0,98.19481893446252
ta,65,2,110,64,5.0,19.1637678967368,-3.2724200496638502,0.565685424949238,0,98.19481893446252
ta,65,2,110,65,5.0,17.240939649566666,-2.8473580884786056,0.565685424949238,0,98.19481893446252
ta,65,2,110,67,5.0,17.240939649566666,-3.4358272187009806,0.565685424949238,0,98.19481893446252
ta,65,2,110,68,5.0,13.0,-3.141592653589793,0.482842712474619,0,98.19481893446252
ta,65,2,111,1,5.0,32.89756829919196,-1.1479424006619559,0.3276927682076162,0,98.49916676054949
ta,65,2,111,2,5.0,31.622776601683793,-1.2490457723982544,0.44956066981809384,0,98.49916676054949
ta,65,2,111,3,5.0,26.92582403567252,-1.1902899496825317,0.5685569981889047,0,98.49916676054949
ta,65,2,111,4,5.0,36.40054944640259,-1.2924966677897851,0.482842712474619,0,98.49916676054949
ta,65,2,111,5,5.0,28.50438562747845,-1.3045442776439713,0.482842712474619,0,98.49916676054949
ta,65,2,111,6,5.0,33.354160160315836,-1.3439974787410107,0.565685424949238,0,98.49916676054949
ta,65,2,111,7,5.0,22.073740054644116,-1.3422996875030342,0.565685424949238,0,98.49916676054949
ta,65,2,111,8,5.0,25.495097567963924,-1.373400766945016,0.44956066981809384,0,98.49916676054949
ta,65,2,111,9,5.0,30.4138126514911,-1.4056476493802696,0.5685569981889047,0,98.49916676054949
ta,65,2,111,10,5.0,35.35533905932738,-1.4288992721907325,0.565685424949238,0,98.49916676054949
ta,65,2,111,11,5.0,38.82331773560833,-1.4416490366668766,0.5685569981889047,0,98.49916676054949
ta,65,2,111,12,5.0,27.613402542968153,-1.4801364395941514,0.44956066981809384,0,98.49916676054949
ta,65,2,111,13,5.0,32.59601202601324,-1.4940244355251184,0.565685424949238,0,98.49916676054949
ta,65,2,111,14,5.0,25.0,-1.5707963267948966,0.565685424949238,0,98.49916676054949
ta,65,2,111,15,5.0,30.0,-1.5707963267948966,0.482842712474619,0,98.49916676054949
ta,65,2,111,16,5.0,35.0,-1.5707963267948966,0.5685569981889047,0,98.49916676054949
ta,65,2,111,17,5.0,30.20347662107791,-1.6869379536748867,0.482842712474619,0,98.49916676054949
ta,65,2,111,18,5.0,44.9694340635948,-2.411256885566015,0.44956066981809384,0,98.49916676054949
ta,65,2,111,19,5.0,42.42640687119285,-2.356194490192345,0.44956066981809384,0,98.49916676054949
ta,65,2,111,20,5.0,39.05124837953327,-2.44685437739309,0.5685569981889047,0,98.49916676054949
ta,65,2,111,21,5.0,46.09772228646444,-2.279422598922567,0.482842712474619,0,98.49916676054949
ta,65,2,111,22,5.0,38.890872965260115,-2.356194490192345,0.482842712474619,0,98.49916676054949
ta,65,2,111,23,5.0,42.573465914816005,-2.2730532583039036,0.565685424949238,0,98.49916676054949
ta,65,2,111,24,5.0,32.973474187595095,-2.431321646103107,0.565685424949238,0,98.49916676054949
ta,65,2,111,25,5.0,35.35533905932738,-2.356194490192345,0.44956066981809384,0,98.49916676054949
ta,65,2,111,26,5.0,39.05124837953327,-2.2655346029915995,0.5685569981889047,0,98.49916676054949
ta,65,2,111,27,5.0,43.01162633521314,-2.191045812777718,0.565685424949238,0,98.49916676054949
ta,65,2,111,28,5.0,45.90479277809671,-2.1467149264132495,0.5685569981889047,0,98.49916676054949
ta,65,2,111,29,5.0,35.531676008879735,-2.256525837701183,0.44956066981809384,0,98.49916676054949
ta,65,2,111,30,5.0,39.528470752104745,-2.1763409903998667,0.565685424949238,0,98.49916676054949
ta,65,2,111,31,5.0,32.01562118716424,-2.245537269018449,0.565685424949238,0,98.49916676054949
ta,65,2,111,32,5.0,36.05551275463989,-2.158798930342464,0.482842712474619,0,98.49916676054949
ta,65,2,111,33,5.0,40.311288741492746,-2.0899424410414196,0.5685569981889047,0,98.49916676054949
ta,65,2,111,34,5.0,34.23813663153998,-2.0736395377227574,0.482842712474619,0,98.49916676054949
ta,65,2,111,35,5.0,13.5,0.0,0.44956066981809384,0,98.49916676054949
ta,65,2,111,36,5.0,10.0,0.0,0.44956066981809384,0,98.49916676054949
ta,65,2,111,37,5.0,11.180339887498949,-0.46364760900080615,0.5685569981889047,0,98.49916676054949
ta,65,2,111,38,5.0,11.180339887498949,0.46364760900080615,0.482842712474619,0,98.49916676054949
ta,65,2,111,39,5.0,7.905694150420948,-0.32175055439664213,0.482842712474619,0,98.49916676054949
ta,65,2,111,40,5.0,7.905694150420948,0.32175055439664235,0.565685424949238,0,98.49916676054949
ta,65,2,111,41,5.0,9.86154146165801,-1.0390722595360908,0.565685424949238,0,98.49916676054949
ta,65,2,111,42,5.0,7.0710678118654755,-0.7853981633974483,0.44956066981809384,1,98.49916676054949
ta,65,2,111,43,5.0,5.0,0.0,0.5685569981889047,0,98.49916676054949
ta,65,2,111,44,5.0,7.0710678118654755,0.7853981633974483,0.565685424949238,0,98.49916676054949
ta,65,2,111,45,5.0,9.86154146165801,1.0390722595360913,0.5685569981889047,0,98.49916676054949
ta,65,2,111,46,5.0,3.5355339059327378,-0.7853981633974483,0.44956066981809384,0,98.49916676054949
ta,65,2,111,47,5.0,3.5355339059327378,0.7853981633974483,0.565685424949238,0,98.49916676054949
ta,65,2,111,48,5.0,5.0,-1.5707963267948966,0.565685424949238,0,98.49916676054949
ta,65,2,111,49,5.0,0.0,,0.482842712474619,0,98.49916676054949
ta,65,2,111,50,5.0,5.0,1.5707963267948966,0.565685424949238,0,98.49916676054949
ta,65,2,111,52,5.0,33.5,-3.141592653589793,0.3276927682076162,0,98.49916676054949
ta,65,2,111,53,5.0,30.0,-3.141592653589793,0.44956066981809384,0,98.49916676054949
ta,65,2,111,54,5.0,30.4138126514911,-2.976443976175166,0.5685569981889047,0,98.49916676054949
ta,65,2,111,55,5.0,30.4138126514911,-3.30674133100442,0.482842712474619,0,98.49916676054949
ta,65,2,111,56,5.0,27.613402542968153,-3.0509327663890478,0.482842712474619,0,98.49916676054949
ta,65,2,111,57,5.0,27.613402542968153,-3.2322525407905385,0.565685424949238,0,98.49916676054949
ta,65,2,111,58,5.0,26.405491853021786,-2.8138541468092377,0.565685424949238,0,98.49916676054949
ta,65,2,111,59,5.0,25.495097567963924,-2.9441970937399127,0.44956066981809384,0,98.49916676054949
ta,65,2,111,60,5.0,25.0,-3.141592653589793,0.5685569981889047,0,98.49916676054949
ta,65,2,111,61,5.0,25.495097567963924,-3.338988213439674,0.565685424949238,0,98.49916676054949
ta,65,2,111,62,5.0,26.405491853021786,-3.4693311603703485,0.5685569981889047,0,98.49916676054949
ta,65,2,111,63,5.0,22.638462845343543,-3.0309354324158972,0.44956066981809384,0,98.49916676054949
ta,65,2,111,64,5.0,22.638462845343543,-3.252249874763689,0.565685424949238,0,98.49916676054949
ta,65,2,111,65,5.0,20.615528128088304,-2.896613990462929,0.565685424949238,0,98.49916676054949
ta,65,2,111,67,5.0,20.615528128088304,-3.3865713167166573,0.565685424949238,0,98.49916676054949
ta,65,2,111,68,5.0,16.5,-3.141592653589793,0.482842712474619,0,98.49916676054949
ta,65,2,112,1,5.0,26.405491853021786,-0.45765965661689284,0.3276927682076162,0,99.11404222245083
ta,65,2,112,2,5.0,25.495097567963924,-0.5880026035475675,0.44956066981809384,0,99.11404222245083
ta,65,2,112,3,5.0,20.615528128088304,-0.5404195002705842,0.5685569981889047,0,99.11404222245083
ta,65,2,112,4,5.0,30.4138126514911,-0.6202494859828215,0.482842712474619,0,99.11404222245083
ta,65,2,112,5,5.0,22.638462845343543,-0.6747409422235526,0.482842712474619,0,99.11404222245083
ta,65,2,112,6,5.0,27.613402542968153,-0.6947382761967031,0.565685424949238,0,99.11404222245083
ta,65,2,112,7,5.0,16.5,-0.7853981633974483,0.565685424949238,1,99.11404222245083
ta,65,2,112,8,5.0,20.0,-0.7853981633974483,0.44956066981809384,0,99.11404222245083
ta,65,2,112,9,5.0,25.0,-0.7853981633974483,0.5685569981889047,0,99.11404222245083
ta,65,2,112,10,5.0,30.0,-0.7853981633974483,0.565685424949238,0,99.11404222245083
ta,65,2,112,11,5.0,33.5,-0.7853981633974483,0.5685569981889047,0,99.11404222245083
ta,65,2,112,12,5.0,22.638462845343543,-0.8960553845713439,0.44956066981809384,0,99.11404222245083
ta,65,2,112,13,5.0,27.613402542968153,-0.8760580505981934,0.565685424949238,0,99.11404222245083
ta,65,2,112,14,5.0,20.615528128088304,-1.0303768265243125,0.565685424949238,0,99.11404222245083
ta,65,2,112,15,5.0,25.495097567963924,-0.982793723247329,0.482842712474619,0,99.11404222245083
ta,65,2,112,16,5.0,30.4138126514911,-0.9505468408120751,0.5685569981889047,0,99.11404222245083
ta,65,2,112,17,5.0,26.405491853021786,-1.1131366701780037,0.482842712474619,0,99.11404222245083
ta,65,2,112,18,5.0,45.90479277809671,-1.780275890573992,0.44956066981809384,0,99.11404222245083
ta,65,2,112,19,5.0,43.01162633521314,-1.7359450042095235,0.44956066981809384,0,99.11404222245083
ta,65,2,112,20,5.0,40.311288741492746,-1.837048375945822,0.5685569981889047,0,99.11404222245083
ta,65,2,112,21,5.0,46.09772228646444,-1.6475682180646747,0.482842712474619,0,99.11404222245083
ta,65,2,112,22,5.0,39.528470752104745,-1.750649826587375,0.482842712474619,0,99.11404222245083
ta,65,2,112,23,5.0,42.573465914816005,-1.6539375586833378,0.565685424949238,0,99.11404222245083
ta,65,2,112,24,5.0,34.23813663153998,-1.8533512792644842,0.565685424949238,0,99.11404222245083
ta,65,2,112,25,5.0,36.05551275463989,-1.7681918866447774,0.44956066981809384,0,99.11404222245083
ta,65,2,112,26,5.0,39.05124837953327,-1.6614562139956417,0.5685569981889047,0,99.11404222245083
ta,65,2,112,27,5.0,42.42640687119285,-1.5707963267948966,0.565685424949238,0,99.11404222245083
ta,65,2,112,28,5.0,44.9694340635948,-1.5157339314212264,0.5685569981889047,0,99.11404222245083
ta,65,2,112,29,5.0,35.531676008879735,-1.6704649792860586,0.44956066981809384,0,99.11404222245083
ta,65,2,112,30,5.0,38.890872965260115,-1.5707963267948966,0.565685424949238,0,99.11404222245083
ta,65,2,112,31,5.0,32.01562118716424,-1.6814535479687922,0.565685424949238,0,99.11404222245083
ta,65,2,112,32,5.0,35.35533905932738,-1.5707963267948966,0.482842712474619,0,99.11404222245083
ta,65,2,112,33,5.0,39.05124837953327,-1.4801364395941514,0.5685569981889047,0,99.11404222245083
ta,65,2,112,34,5.0,32.973474187595095,-1.4956691708841345,0.482842712474619,0,99.11404222245083
ta,65,2,112,35,5.0,9.86154146165801,1.317122230656254,0.44956066981809384,0,99.11404222245083
ta,65,2,112,36,5.0,7.0710678118654755,1.5707963267948966,0.44956066981809384,0,99.11404222245083
ta,65,2,112,37,5.0,5.0,0.7853981633974483,0.5685569981889047,0,99.11404222245083
ta,65,2,112,38,5.0,11.180339887498949,1.8925468811915387,0.482842712474619,0,99.11404222245083
ta,65,2,112,39,5.0,3.5355339059327378,1.5707963267948966,0.482842712474619,0,99.11404222245083
ta,65,2,112,40,5.0,7.905694150420948,2.0344439357957027,0.565685424949238,0,99.11404222245083
ta,65,2,112,41,5.0,3.5,-0.7853981633974483,0.565685424949238,0,99.11404222245083
ta,65,2,112,42,5.0,0.0,,0.44956066981809384,0,99.11404222245083
ta,65,2,112,43,5.0,5.0,2.356194490192345,0.5685569981889047,0,99.11404222245083
ta,65,2,112,44,5.0,10.0,2.356194490192345,0.565685424949238,0,99.11404222245083
ta,65,2,112,45,5.0,13.5,2.356194490192345,0.5685569981889047,0,99.11404222245083
ta,65,2,112,46,5.0,3.5355339059327378,-3.141592653589793,0.44956066981809384,0,99.11404222245083
ta,65,2,112,47,5.0,7.905694150420948,-3.6052402625905993,0.565685424949238,0,99.11404222245083
ta,65,2,112,48,5.0,5.0,-2.356194490192345,0.565685424949238,0,99.11404222245083
ta,65,2,112,50,5.0,11.180339887498949,-3.4633432079864352,0.565685424949238,0,99.11404222245083
ta,65,2,112,51,5.0,9.86154146165801,-2.8879185574511506,0.482842712474619,0,99.11404222245083
ta,65,2,112,52,5.0,38.82331773560833,-2.485341780320365,0.3276927682076162,0,99.11404222245083
ta,65,2,112,53,5.0,35.35533905932738,-2.498091544796509,0.44956066981809384,0,99.11404222245083
ta,65,2,112,54,5.0,35.0,-2.356194490192345,0.5685569981889047,0,99.11404222245083
ta,65,2,112,55,5.0,36.40054944640259,-2.6344941491974563,0.482842712474619,0,99.11404222245083
ta,65,2,112,56,5.0,32.59601202601324,-2.4329663814621227,0.482842712474619,0,99.11404222245083
ta,65,2,112,57,5.0,33.354160160315836,-2.5829933382462307,0.565685424949238,0,99.11404222245083
ta,65,2,112,58,5.0,30.20347662107791,-2.2400528633123544,0.565685424949238,0,99.11404222245083
ta,65,2,112,59,5.0,30.0,-2.356194490192345,0.44956066981809384,0,99.11404222245083
ta,65,2,112,60,5.0,30.4138126514911,-2.5213431676069717,0.5685569981889047,0,99.11404222245083
ta,65,2,112,61,5.0,31.622776601683793,-2.677945044588987,0.565685424949238,0,99.11404222245083
ta,65,2,112,62,5.0,32.89756829919196,-2.7790484163252858,0.5685569981889047,0,99.11404222245083
ta,65,2,112,63,5.0,27.613402542968153,-2.44685437739309,0.44956066981809384,0,99.11404222245083
ta,65,2,112,64,5.0,28.50438562747845,-2.6224465393432705,0.565685424949238,0,99.11404222245083
ta,65,2,112,65,5.0,25.0,-2.356194490192345,0.565685424949238,0,99.11404222245083
ta,65,2,112,67,5.0,26.92582403567252,-2.7367008673047097,0.565685424949238,0,99.11404222245083
ta,65,2,112,68,5.0,22.073740054644116,-2.584691129484207,0.482842712474619,0,99.11404222245083
ta,65,2,113,1,5.0,12.020815280171307,0.7853981633974483,0.3276927682076162,0,100.54882483114648
ta,65,2,113,2,5.0,9.86154146165801,0.5317240672588056,0.44956066981809384,0,100.54882483114648
ta,65,2,113,3,5.0,6.103277807866851,0.960070362405688,0.5685569981889047,0,100.54882483114648
ta,65,2,113,4,5.0,14.396180048887969,0.35470565201094034,0.482842712474619,0,100.54882483114648
ta,65,2,113,5,5.0,6.5,0.3947911196997615,0.482842712474619,0,100.54882483114648
ta,65,2,113,6,5.0,11.280514172678478,0.22347660114063303,0.565685424949238,0,100.54882483114648
ta,65,2,113,7,5.0,0.0,,0.565685424949238,0,100.54882483114648
ta,65,2,113,8,5.0,3.5,0.0,0.44956066981809384,1,100.54882483114648
ta,65,2,113,9,5.0,8.5,0.0,0.5685569981889047,0,100.54882483114648
ta,65,2,113,10,5.0,13.5,0.0,0.565685424949238,0,100.54882483114648
ta,65,2,113,11,5.0,17.0,0.0,0.5685569981889047,0,100.54882483114648
ta,65,2,113,12,5.0,6.5,-0.3947911196997615,0.44956066981809384,0,100.54882483114648
ta,65,2,113,13,5.0,11.280514172678478,-0.22347660114063303,0.565685424949238,0,100.54882483114648
ta,65,2,113,14,5.0,6.103277807866851,-0.960070362405688,0.565685424949238,0,100.54882483114648
ta,65,2,113,15,5.0,9.86154146165801,-0.5317240672588056,0.482842712474619,0,100.54882483114648
ta,65,2,113,16,5.0,14.396180048887969,-0.35470565201094034,0.5685569981889047,0,100.54882483114648
ta,65,2,113,17,5.0,12.020815280171307,-0.7853981633974483,0.482842712474619,0,100.54882483114648
ta,65,2,113,18,5.0,39.42714800743264,-1.3535028958718756,0.44956066981809384,0,100.54882483114648
ta,65,2,113,19,5.0,36.01735692690401,-1.3325515686161515,0.44956066981809384,0,100.54882483114648
ta,65,2,113,20,5.0,35.174564673923115,-1.4711276743037347,0.5685569981889047,0,100.54882483114648
ta,65,2,113,21,5.0,37.51333096380539,-1.202665555469733,0.482842712474619,0,100.54882483114648
ta,65,2,113,22,5.0,33.04920573932148,-1.3882364736639898,0.482842712474619,0,100.54882483114648
ta,65,2,113,23,5.0,34.311076928595526,-1.244437510088134,0.565685424949238,0,100.54882483114648
ta,65,2,113,24,5.0,30.0,-1.5707963267948966,0.565685424949238,0,100.54882483114648
ta,65,2,113,25,5.0,30.20347662107791,-1.4546546999149064,0.44956066981809384,0,100.54882483114648
ta,65,2,113,26,5.0,31.18092365533773,-1.2946993073994602,0.5685569981889047,0,100.54882483114648
ta,65,2,113,27,5.0,32.89756829919196,-1.1479424006619559,0.565685424949238,0,100.54882483114648
ta,65,2,113,28,5.0,34.48187929913333,-1.0552473193359175,0.5685569981889047,0,100.54882483114648
ta,65,2,113,29,5.0,28.146935890075138,-1.355980926393238,0.44956066981809384,0,100.54882483114648
ta,65,2,113,30,5.0,29.618406439239774,-1.1902899496825317,0.565685424949238,0,100.54882483114648
ta,65,2,113,31,5.0,25.243811122728676,-1.4317003853128254,0.565685424949238,0,100.54882483114648
ta,65,2,113,32,5.0,26.405491853021786,-1.2430578200143412,0.482842712474619,0,100.54882483114648
ta,65,2,113,33,5.0,28.412145290350743,-1.0756630633264925,0.5685569981889047,0,100.54882483114648
ta,65,2,113,34,5.0,23.119256043393783,-1.1943059923483736,0.482842712474619,0,100.54882483114648
ta,65,2,113,35,5.0,23.119256043393783,2.76510231914327,0.44956066981809384,0,100.54882483114648
ta,65,2,113,36,5.0,22.073740054644116,2.9130960142979307,0.44956066981809384,0,100.54882483114648
ta,65,2,113,37,5.0,17.240939649566666,2.8473580884786056,0.5685569981889047,0,100.54882483114648
ta,65,2,113,38,5.0,26.9675731203236,2.9551057519225763,0.482842712474619,0,100.54882483114648
ta,65,2,113,39,5.0,19.1637678967368,3.0107652575157364,0.482842712474619,0,100.54882483114648
ta,65,2,113,40,5.0,24.12985702402731,3.0378003131327502,0.565685424949238,0,100.54882483114648
ta,65,2,113,41,5.0,13.0,3.141592653589793,0.565685424949238,0,100.54882483114648
ta,65,2,113,43,5.0,21.5,3.141592653589793,0.565685424949238,0,100.54882483114648
ta,65,2,113,44,5.0,26.5,3.141592653589793,0.565685424949238,0,100.54882483114648
ta,65,2,113,45,5.0,30.0,3.141592653589793,0.5685569981889047,0,100.54882483114648
ta,65,2,113,46,5.0,19.1637678967368,-3.0107652575157364,0.44956066981809384,0,100.54882483114648
ta,65,2,113,47,5.0,24.12985702402731,-3.0378003131327502,0.565685424949238,0,100.54882483114648
ta,65,2,113,48,5.0,17.240939649566666,-2.8473580884786056,0.565685424949238,0,100.54882483114648
ta,65,2,113,49,5.0,22.073740054644116,-2.9130960142979307,0.482842712474619,0,100.54882483114648
ta,65,2,113,50,5.0,26.9675731203236,-2.9551057519225763,0.5685569981889047,0,100.54882483114648
ta,65,2,113,51,5.0,23.119256043393783,-2.76510231914327,0.482842712474619,0,100.54882483114648
ta,65,2,113,52,5.0,44.09648512069868,-2.0800974707969084,0.44956066981809384,0,100.54882483114648
ta,65,2,113,53,5.0,41.07614879708174,-2.121653861326613,0.44956066981809384,0,100.54882483114648
ta,65,2,113,54,5.0,38.69431482789171,-2.0113266674114096,0.5685569981889047,0,100.54882483114648
ta,65,2,113,55,5.0,43.900455578501685,-2.218853212725411,0.482842712474619,0,100.54882483114648
ta,65,2,113,56,5.0,37.646380968162134,-2.0998267978745453,0.482842712474619,0,100.54882483114648
ta,65,2,113,57,5.0,40.40111384603152,-2.2068718294986476,0.565685424949238,0,100.54882483114648
ta,65,2,113,58,5.0,32.69556544854363,-1.979704155745822,0.565685424949238,0,100.54882483114648
ta,65,2,113,59,5.0,34.23813663153998,-2.0736395377227574,0.44956066981809384,0,100.54882483114648
ta,65,2,113,60,5.0,36.908671067921155,-2.1926206146254863,0.5685569981889047,0,100.54882483114648
ta,65,2,113,61,5.0,40.02811511925087,-2.294326644327965,0.565685424949238,0,100.54882483114648
ta,65,2,113,62,5.0,42.42640687119285,-2.356194490192345,0.5685569981889047,0,100.54882483114648
ta,65,2,113,63,5.0,33.425289826716536,-2.1753949168883735,0.44956066981809384,0,100.54882483114648
ta,65,2,113,64,5.0,36.5,-2.288337667336041,0.565685424949238,0,100.54882483114648
ta,65,2,113,65,5.0,29.95413160150032,-2.1541693337887526,0.565685424949238,0,100.54882483114648
ta,65,2,113,67,5.0,36.43144246389374,-2.385312471699384,0.565685424949238,0,100.54882483114648
ta,65,2,113,68,5.0,30.405591591021544,-2.356194490192345,0.482842712474619,0,100.54882483114648
ta,65,2,114,1,5.0,9.86154146165801,1.039072259536091,0.3276927682076162,0,100.85317265723344
ta,65,2,114,2,5.0,7.0710678118654755,0.7853981633974483,0.44956066981809384,0,100.85317265723344
ta,65,2,114,3,5.0,5.0,1.5707963267948966,0.5685569981889047,0,100.85317265723344
ta,65,2,114,4,5.0,11.180339887498949,0.4636476090008061,0.482842712474619,0,100.85317265723344
ta,65,2,114,5,5.0,3.5355339059327378,0.7853981633974483,0.482842712474619,0,100.85317265723344
ta,65,2,114,6,5.0,7.905694150420948,0.3217505543966422,0.565685424949238,0,100.85317265723344
ta,65,2,114,8,5.0,0.0,,0.3276927682076162,0,100.85317265723344
ta,65,2,114,9,5.0,5.0,0.0,0.565685424949238,0,100.85317265723344
ta,65,2,114,10,5.0,10.0,0.0,0.565685424949238,0,100.85317265723344
ta,65,2,114,11,5.0,13.5,0.0,0.5685569981889047,0,100.85317265723344
ta,65,2,114,12,5.0,3.5355339059327378,-0.7853981633974483,0.44956066981809384,0,100.85317265723344
ta,65,2,114,13,5.0,7.905694150420948,-0.3217505543966422,0.565685424949238,0,100.85317265723344
ta,65,2,114,14,5.0,5.0,-1.5707963267948966,0.565685424949238,0,100.85317265723344
ta,65,2,114,15,5.0,7.0710678118654755,-0.7853981633974483,0.482842712474619,1,100.85317265723344
ta,65,2,114,16,5.0,11.180339887498949,-0.4636476090008061,0.5685569981889047,0,100.85317265723344
ta,65,2,114,17,5.0,9.86154146165801,-1.039072259536091,0.482842712474619,0,100.85317265723344
ta,65,2,114,18,5.0,38.82331773560833,-1.4416490366668766,0.44956066981809384,0,100.85317265723344
ta,65,2,114,19,5.0,35.35533905932738,-1.4288992721907328,0.44956066981809384,0,100.85317265723344
ta,65,2,114,20,5.0,35.0,-1.5707963267948966,0.5685569981889047,0,100.85317265723344
ta,65,2,114,21,5.0,36.40054944640259,-1.2924966677897853,0.482842712474619,0,100.85317265723344
ta,65,2,114,22,5.0,32.59601202601324,-1.4940244355251187,0.482842712474619,0,100.85317265723344
ta,65,2,114,23,5.0,33.354160160315836,-1.3439974787410107,0.565685424949238,0,100.85317265723344
ta,65,2,114,24,5.0,30.20347662107791,-1.6869379536748867,0.565685424949238,0,100.85317265723344
ta,65,2,114,25,5.0,30.0,-1.5707963267948966,0.44956066981809384,0,100.85317265723344
ta,65,2,114,26,5.0,30.4138126514911,-1.4056476493802699,0.5685569981889047,0,100.85317265723344
ta,65,2,114,27,5.0,31.622776601683793,-1.2490457723982544,0.565685424949238,0,100.85317265723344
ta,65,2,114,28,5.0,32.89756829919196,-1.1479424006619559,0.5685569981889047,0,100.85317265723344
ta,65,2,114,29,5.0,27.613402542968153,-1.4801364395941514,0.44956066981809384,0,100.85317265723344
ta,65,2,114,30,5.0,28.50438562747845,-1.3045442776439713,0.565685424949238,0,100.85317265723344
ta,65,2,114,31,5.0,25.0,-1.5707963267948966,0.565685424949238,0,100.85317265723344
ta,65,2,114,32,5.0,25.495097567963924,-1.373400766945016,0.482842712474619,0,100.85317265723344
ta,65,2,114,33,5.0,26.92582403567252,-1.1902899496825317,0.5685569981889047,0,100.85317265723344
ta,65,2,114,34,5.0,22.073740054644116,-1.3422996875030344,0.482842712474619,0,100.85317265723344
ta,65,2,114,35,5.0,26.405491853021786,2.8138541468092377,0.44956066981809384,0,100.85317265723344
ta,65,2,114,36,5.0,25.495097567963924,2.9441970937399127,0.44956066981809384,0,100.85317265723344
ta,65,2,114,37,5.0,20.615528128088304,2.896613990462929,0.5685569981889047,0,100.85317265723344
ta,65,2,114,38,5.0,30.4138126514911,2.976443976175166,0.482842712474619,0,100.85317265723344
ta,65,2,114,39,5.0,22.638462845343543,3.0309354324158977,0.482842712474619,0,100.85317265723344
ta,65,2,114,40,5.0,27.613402542968153,3.050932766389048,0.565685424949238,0,100.85317265723344
ta,65,2,114,41,5.0,16.5,3.141592653589793,0.565685424949238,0,100.85317265723344
ta,65,2,114,42,5.0,20.0,3.141592653589793,0.44956066981809384,0,100.85317265723344
ta,65,2,114,43,5.0,25.0,3.141592653589793,0.5685569981889047,0,100.85317265723344
ta,65,2,114,44,5.0,30.0,3.141592653589793,0.565685424949238,0,100.85317265723344
ta,65,2,114,45,5.0,33.5,3.141592653589793,0.5685569981889047,0,100.85317265723344
ta,65,2,114,46,5.0,22.638462845343543,-3.0309354324158977,0.44956066981809384,0,100.85317265723344
ta,65,2,114,47,5.0,27.613402542968153,-3.050932766389048,0.565685424949238,0,100.85317265723344
ta,65,2,114,48,5.0,20.615528128088304,-2.896613990462929,0.565685424949238,0,100.85317265723344
ta,65,2,114,49,5.0,25.495097567963924,-2.9441970937399127,0.482842712474619,0,100.85317265723344
ta,65,2,114,50,5.0,30.4138126514911,-2.976443976175166,0.5685569981889047,0,100.85317265723344
ta,65,2,114,51,5.0,26.405491853021786,-2.8138541468092377,0.482842712474619,0,100.85317265723344
ta,65,2,114,52,5.0,45.90479277809671,-2.1467149264132495,0.44956066981809384,0,100.85317265723344
ta,65,2,114,53,5.0,43.01162633521314,-2.191045812777718,0.44956066981809384,0,100.85317265723344
ta,65,2,114,54,5.0,40.311288741492746,-2.0899424410414196,0.5685569981889047,0,100.85317265723344
ta,65,2,114,55,5.0,46.09772228646444,-2.279422598922567,0.482842712474619,0,100.85317265723344
ta,65,2,114,56,5.0,39.528470752104745,-2.1763409903998667,0.482842712474619,0,100.85317265723344
ta,65,2,114,57,5.0,42.573465914816005,-2.2730532583039036,0.565685424949238,0,100.85317265723344
ta,65,2,114,58,5.0,34.23813663153998,-2.0736395377227574,0.565685424949238,0,100.85317265723344
ta,65,2,114,59,5.0,36.05551275463989,-2.158798930342464,0.44956066981809384,0,100.85317265723344
ta,65,2,114,60,5.0,39.05124837953327,-2.2655346029916,0.5685569981889047,0,100.85317265723344
ta,65,2,114,61,5.0,42.42640687119285,-2.356194490192345,0.565685424949238,0,100.85317265723344
ta,65,2,114,62,5.0,44.9694340635948,-2.411256885566015,0.5685569981889047,0,100.85317265723344
ta,65,2,114,63,5.0,35.531676008879735,-2.256525837701183,0.44956066981809384,0,100.85317265723344
ta,65,2,114,64,5.0,38.890872965260115,-2.356194490192345,0.565685424949238,0,100.85317265723344
ta,65,2,114,65,5.0,32.01562118716424,-2.2455372690184494,0.565685424949238,0,100.85317265723344
ta,65,2,114,67,5.0,39.05124837953327,-2.44685437739309,0.565685424949238,0,100.85317265723344
ta,65,2,114,68,5.0,32.973474187595095,-2.431321646103107,0.482842712474619,0,100.85317265723344
ta,65,2,115,1,5.0,13.5,2.356194490192345,0.44956066981809384,0,101.4680481191348
ta,65,2,115,2,5.0,10.0,2.356194490192345,0.44956066981809384,0,101.4680481191348
ta,65,2,115,3,5.0,11.180339887498949,2.819842099193151,0.5685569981889047,0,101.4680481191348
ta,65,2,115,4,5.0,11.180339887498949,1.8925468811915387,0.482842712474619,0,101.4680481191348
ta,65,2,115,5,5.0,7.905694150420948,2.677945044588987,0.482842712474619,0,101.4680481191348
ta,65,2,115,6,5.0,7.905694150420948,2.0344439357957027,0.565685424949238,0,101.4680481191348
ta,65,2,115,7,5.0,9.86154146165801,3.395266749728436,0.565685424949238,0,101.4680481191348
ta,65,2,115,9,5.0,5.0,2.356194490192345,0.565685424949238,0,101.4680481191348
ta,65,2,115,10,5.0,7.0710678118654755,1.5707963267948966,0.565685424949238,0,101.4680481191348
ta,65,2,115,11,5.0,9.86154146165801,1.317122230656254,0.5685569981889047,0,101.4680481191348
ta,65,2,115,12,5.0,3.5355339059327378,3.141592653589793,0.44956066981809384,0,101.4680481191348
ta,65,2,115,13,5.0,3.5355339059327378,1.5707963267948966,0.565685424949238,0,101.4680481191348
ta,65,2,115,14,5.0,5.0,3.9269908169872414,0.565685424949238,0,101.4680481191348
ta,65,2,115,15,5.0,0.0,,0.482842712474619,0,101.4680481191348
ta,65,2,115,16,5.0,5.0,0.7853981633974483,0.5685569981889047,0,101.4680481191348
ta,65,2,115,17,5.0,3.5,-0.7853981633974483,0.482842712474619,1,101.4680481191348
ta,65,2,115,18,5.0,33.5,-0.7853981633974483,0.44956066981809384,0,101.4680481191348
ta,65,2,115,19,5.0,30.0,-0.7853981633974483,0.44956066981809384,0,101.4680481191348
ta,65,2,115,20,5.0,30.4138126514911,-0.9505468408120752,0.5685569981889047,0,101.4680481191348
ta,65,2,115,21,5.0,30.4138126514911,-0.6202494859828216,0.482842712474619,0,101.4680481191348
ta,65,2,115,22,5.0,27.613402542968153,-0.8760580505981934,0.482842712474619,0,101.4680481191348
ta,65,2,115,23,5.0,27.613402542968153,-0.6947382761967031,0.565685424949238,0,101.4680481191348
ta,65,2,115,24,5.0,26.405491853021786,-1.1131366701780039,0.565685424949238,0,101.4680481191348
ta,65,2,115,25,5.0,25.495097567963924,-0.9827937232473292,0.44956066981809384,0,101.4680481191348
ta,65,2,115,26,5.0,25.0,-0.7853981633974483,0.5685569981889047,0,101.4680481191348
ta,65,2,115,27,5.0,25.495097567963924,-0.5880026035475676,0.565685424949238,0,101.4680481191348
ta,65,2,115,28,5.0,26.405491853021786,-0.4576596566168929,0.5685569981889047,0,101.4680481191348
ta,65,2,115,29,5.0,22.638462845343543,-0.8960553845713439,0.44956066981809384,0,101.4680481191348
ta,65,2,115,30,5.0,22.638462845343543,-0.6747409422235526,0.565685424949238,0,101.4680481191348
ta,65,2,115,31,5.0,20.615528128088304,-1.0303768265243125,0.565685424949238,0,101.4680481191348
ta,65,2,115,32,5.0,20.0,-0.7853981633974483,0.482842712474619,0,101.4680481191348
ta,65,2,115,33,5.0,20.615528128088304,-0.5404195002705843,0.5685569981889047,0,101.4680481191348
ta,65,2,115,34,5.0,16.5,-0.7853981633974483,0.482842712474619,0,101.4680481191348
ta,65,2,115,35,5.0,32.89756829919196,3.504136890854301,0.44956066981809384,0,101.4680481191348
ta,65,2,115,36,5.0,31.622776601683793,3.6052402625905993,0.44956066981809384,0,101.4680481191348
ta,65,2,115,37,5.0,26.92582403567252,3.5464844398748765,0.5685569981889047,0,101.4680481191348
ta,65,2,115,38,5.0,36.40054944640259,3.64869115798213,0.482842712474619,0,101.4680481191348
ta,65,2,115,39,5.0,28.50438562747845,3.660738767836316,0.482842712474619,0,101.4680481191348
ta,65,2,115,40,5.0,33.354160160315836,3.7001919689333556,0.565685424949238,0,101.4680481191348
ta,65,2,115,41,5.0,22.073740054644116,3.698494177695379,0.565685424949238,0,101.4680481191348
ta,65,2,115,42,5.0,25.495097567963924,3.729595257137361,0.44956066981809384,0,101.4680481191348
ta,65,2,115,43,5.0,30.4138126514911,3.7618421395726145,0.5685569981889047,0,101.4680481191348
ta,65,2,115,44,5.0,35.35533905932738,3.7850937623830774,0.565685424949238,0,101.4680481191348
ta,65,2,115,45,5.0,38.82331773560833,3.7978435268592214,0.5685569981889047,0,101.4680481191348
ta,65,2,115,46,5.0,27.613402542968153,3.8363309297864965,0.44956066981809384,0,101.4680481191348
ta,65,2,115,47,5.0,32.59601202601324,3.8502189257174635,0.565685424949238,0,101.4680481191348
ta,65,2,115,48,5.0,25.0,3.9269908169872414,0.565685424949238,0,101.4680481191348
ta,65,2,115,49,5.0,30.0,3.9269908169872414,0.482842712474619,0,101.4680481191348
ta,65,2,115,50,5.0,35.0,3.9269908169872414,0.5685569981889047,0,101.4680481191348
ta,65,2,115,51,5.0,30.20347662107791,-2.240052863312355,0.482842712474619,0,101.4680481191348
ta,65,2,115,52,5.0,44.9694340635948,-1.5157339314212264,0.44956066981809384,0,101.4680481191348
ta,65,2,115,53,5.0,42.42640687119285,-1.5707963267948966,0.44956066981809384,0,101.4680481191348
ta,65,2,115,54,5.0,39.05124837953327,-1.4801364395941516,0.5685569981889047,0,101.4680481191348
ta,65,2,115,55,5.0,46.09772228646444,-1.647568218064675,0.482842712474619,0,101.4680481191348
ta,65,2,115,56,5.0,38.890872965260115,-1.5707963267948966,0.482842712474619,0,101.4680481191348
ta,65,2,115,57,5.0,42.573465914816005,-1.6539375586833378,0.565685424949238,0,101.4680481191348
ta,65,2,115,58,5.0,32.973474187595095,-1.4956691708841348,0.565685424949238,0,101.4680481191348
ta,65,2,115,59,5.0,35.35533905932738,-1.5707963267948966,0.44956066981809384,0,101.4680481191348
ta,65,2,115,60,5.0,39.05124837953327,-1.661456213995642,0.5685569981889047,0,101.4680481191348
ta,65,2,115,61,5.0,43.01162633521314,-1.7359450042095235,0.565685424949238,0,101.4680481191348
ta,65,2,115,62,5.0,45.90479277809671,-1.780275890573992,0.5685569981889047,0,101.4680481191348
ta,65,2,115,63,5.0,35.531676008879735,-1.6704649792860589,0.44956066981809384,0,101.4680481191348
ta,65,2,115,64,5.0,39.528470752104745,-1.7506498265873751,0.565685424949238,0,101.4680481191348
ta,65,2,115,65,5.0,32.01562118716424,-1.6814535479687924,0.565685424949238,0,101.4680481191348
ta,65,2,115,66,5.0,36.05551275463989,-1.7681918866447774,0.482842712474619,0,101.4680481191348
ta,65,2,115,67,5.0,40.311288741492746,-1.8370483759458218,0.5685569981889047,0,101.4680481191348
ta,65,2,115,68,5.0,34.23813663153998,-1.853351279264484,0.482842712474619,0,101.4680481191348
ta,65,2,116,1,5.0,17.0,3.141592653589793,0.44956066981809384,0,101.77239594522176
ta,65,2,116,2,5.0,13.5,3.141592653589793,0.44956066981809384,0,101.77239594522176
ta,65,2,116,3,5.0,14.396180048887969,3.4962983056007335,0.5685569981889047,0,101.77239594522176
ta,65,2,116,4,5.0,14.396180048887969,2.7868870015788527,0.482842712474619,0,101.77239594522176
ta,65,2,116,5,5.0,11.280514172678478,3.365069254730426,0.482842712474619,0,101.77239594522176
ta,65,2,116,6,5.0,11.280514172678478,2.91811605244916,0.565685424949238,0,101.77239594522176
ta,65,2,116,7,5.0,12.020815280171307,3.9269908169872414,0.565685424949238,0,101.77239594522176
ta,65,2,116,9,5.0,8.5,3.141592653589793,0.565685424949238,0,101.77239594522176
ta,65,2,116,10,5.0,9.86154146165801,2.609868586330988,0.565685424949238,0,101.77239594522176
ta,65,2,116,11,5.0,12.020815280171307,2.356194490192345,0.5685569981889047,0,101.77239594522176
ta,65,2,116,12,5.0,6.5,3.536383773289555,0.44956066981809384,0,101.77239594522176
ta,65,2,116,13,5.0,6.5,2.7468015338900313,0.565685424949238,0,101.77239594522176
ta,65,2,116,14,5.0,6.103277807866851,4.101663015995481,0.565685424949238,0,101.77239594522176
ta,65,2,116,16,5.0,6.103277807866851,2.181522291184105,0.565685424949238,0,101.77239594522176
ta,65,2,116,17,5.0,0.0,,0.482842712474619,0,101.77239594522176
ta,65,2,116,18,5.0,30.0,0.0,0.3276927682076162,0,101.77239594522176
ta,65,2,116,19,5.0,26.5,0.0,0.44956066981809384,0,101.77239594522176
ta,65,2,116,20,5.0,26.9675731203236,-0.18648690166721682,0.5685569981889047,0,101.77239594522176
ta,65,2,116,21,5.0,26.9675731203236,0.18648690166721682,0.482842712474619,0,101.77239594522176
ta,65,2,116,22,5.0,24.12985702402731,-0.10379234045704289,0.482842712474619,0,101.77239594522176
ta,65,2,116,23,5.0,24.12985702402731,0.10379234045704266,0.565685424949238,0,101.77239594522176
ta,65,2,116,24,5.0,23.119256043393783,-0.3764903344465229,0.565685424949238,0,101.77239594522176
ta,65,2,116,25,5.0,22.073740054644116,-0.22849663929186237,0.44956066981809384,0,101.77239594522176
ta,65,2,116,26,5.0,21.5,0.0,0.5685569981889047,0,101.77239594522176
ta,65,2,116,27,5.0,22.073740054644116,0.22849663929186215,0.565685424949238,0,101.77239594522176
ta,65,2,116,28,5.0,23.119256043393783,0.3764903344465229,0.5685569981889047,0,101.77239594522176
ta,65,2,116,29,5.0,19.1637678967368,-0.1308273960740569,0.44956066981809384,0,101.77239594522176
ta,65,2,116,30,5.0,19.1637678967368,0.1308273960740569,0.565685424949238,0,101.77239594522176
ta,65,2,116,31,5.0,17.240939649566666,-0.29423456511118773,0.565685424949238,0,101.77239594522176
ta,65,2,116,32,5.0,16.5,0.0,0.482842712474619,1,101.77239594522176
ta,65,2,116,33,5.0,17.240939649566666,0.29423456511118773,0.5685569981889047,0,101.77239594522176
ta,65,2,116,34,5.0,13.0,0.0,0.482842712474619,0,101.77239594522176
ta,65,2,116,35,5.0,34.48187929913333,4.19683997292571,0.44956066981809384,0,101.77239594522176
ta,65,2,116,36,5.0,32.89756829919196,4.289535054251749,0.44956066981809384,0,101.77239594522176
ta,65,2,116,37,5.0,28.412145290350743,4.217255716916286,0.5685569981889047,0,101.77239594522176
ta,65,2,116,38,5.0,37.51333096380539,4.344258209059526,0.482842712474619,0,101.77239594522176
ta,65,2,116,39,5.0,29.618406439239774,4.331882603272325,0.482842712474619,0,101.77239594522176
ta,65,2,116,40,5.0,34.311076928595526,4.386030163677927,0.565685424949238,0,101.77239594522176
ta,65,2,116,41,5.0,23.119256043393783,4.335898645938167,0.565685424949238,0,101.77239594522176
ta,65,2,116,42,5.0,26.405491853021786,4.384650473604134,0.44956066981809384,0,101.77239594522176
ta,65,2,116,43,5.0,31.18092365533773,4.436291960989253,0.5685569981889047,0,101.77239594522176
ta,65,2,116,44,5.0,36.01735692690401,4.474144222205945,0.565685424949238,0,101.77239594522176
ta,65,2,116,45,5.0,39.42714800743264,4.495095549461668,0.5685569981889047,0,101.77239594522176
ta,65,2,116,46,5.0,28.146935890075138,4.497573579983031,0.44956066981809384,0,101.77239594522176
ta,65,2,116,47,5.0,33.04920573932148,4.529829127253783,0.565685424949238,0,101.77239594522176
ta,65,2,116,48,5.0,25.243811122728676,4.5732930389026185,0.565685424949238,0,101.77239594522176
ta,65,2,116,49,5.0,30.20347662107791,4.596247353504699,0.482842712474619,0,101.77239594522176
ta,65,2,116,50,5.0,35.174564673923115,4.612720327893528,0.5685569981889047,0,101.77239594522176
ta,65,2,116,51,5.0,30.0,4.71238898038469,0.482842712474619,0,101.77239594522176
ta,65,2,116,52,5.0,42.42640687119285,-0.7853981633974483,0.44956066981809384,0,101.77239594522176
ta,65,2,116,53,5.0,40.02811511925087,-0.8472660092618285,0.44956066981809384,0,101.77239594522176
ta,65,2,116,54,5.0,36.43144246389374,-0.7562801818904097,0.5685569981889047,0,101.77239594522176
ta,65,2,116,55,5.0,43.900455578501685,-0.9227394408643823,0.482842712474619,0,101.77239594522176
ta,65,2,116,56,5.0,36.5,-0.8532549862537522,0.482842712474619,0,101.77239594522176
ta,65,2,116,57,5.0,40.40111384603152,-0.9347208240911455,0.565685424949238,0,101.77239594522176
ta,65,2,116,58,5.0,30.405591591021544,-0.7853981633974483,0.565685424949238,0,101.77239594522176
ta,65,2,116,59,5.0,32.973474187595095,-0.8605253193082105,0.44956066981809384,0,101.77239594522176
ta,65,2,116,60,5.0,36.908671067921155,-0.9489720389643068,0.5685569981889047,0,101.77239594522176
ta,65,2,116,61,5.0,41.07614879708174,-1.0199387922631802,0.565685424949238,0,101.77239594522176
ta,65,2,116,62,5.0,44.09648512069868,-1.0614951827928847,0.5685569981889047,0,101.77239594522176
ta,65,2,116,63,5.0,33.425289826716536,-0.9661977367014196,0.44956066981809384,0,101.77239594522176
ta,65,2,116,64,5.0,37.646380968162134,-1.0417658557152483,0.565685424949238,0,101.77239594522176
ta,65,2,116,65,5.0,29.95413160150032,-0.9874233198010409,0.565685424949238,0,101.77239594522176
ta,65,2,116,66,5.0,34.23813663153998,-1.0679531158670357,0.482842712474619,0,101.77239594522176
ta,65,2,116,67,5.0,38.69431482789171,-1.1302659861783835,0.5685569981889047,0,101.77239594522176
ta,65,2,116,68,5.0,32.69556544854363,-1.1618884978439712,0.482842712474619,0,101.77239594522176
ta,65,2,117,1,5.0,33.5,3.141592653589793,0.44956066981809384,0,103.2071785539174
ta,65,2,117,2,5.0,30.0,3.141592653589793,0.44956066981809384,0,103.2071785539174
ta,65,2,117,3,5.0,30.4138126514911,3.30674133100442,0.5685569981889047,0,103.2071785539174
ta,65,2,117,4,5.0,30.4138126514911,2.976443976175166,0.482842712474619,0,103.2071785539174
ta,65,2,117,5,5.0,27.613402542968153,3.2322525407905385,0.482842712474619,0,103.2071785539174
ta,65,2,117,6,5.0,27.613402542968153,3.0509327663890478,0.565685424949238,0,103.2071785539174
ta,65,2,117,7,5.0,26.405491853021786,3.4693311603703485,0.565685424949238,0,103.2071785539174
ta,65,2,117,8,5.0,25.495097567963924,3.338988213439674,0.44956066981809384,0,103.2071785539174
ta,65,2,117,9,5.0,25.0,3.141592653589793,0.5685569981889047,0,103.2071785539174
ta,65,2,117,10,5.0,25.495097567963924,2.9441970937399127,0.565685424949238,0,103.2071785539174
ta,65,2,117,11,5.0,26.405491853021786,2.8138541468092377,0.5685569981889047,0,103.2071785539174
ta,65,2,117,12,5.0,22.638462845343543,3.252249874763689,0.44956066981809384,0,103.2071785539174
ta,65,2,117,13,5.0,22.638462845343543,3.0309354324158972,0.565685424949238,0,103.2071785539174
ta,65,2,117,14,5.0,20.615528128088304,3.3865713167166573,0.565685424949238,0,103.2071785539174
ta,65,2,117,16,5.0,20.615528128088304,2.896613990462929,0.482842712474619,0,103.2071785539174
ta,65,2,117,18,5.0,13.5,0.0,0.317692537949962,0,103.2071785539174
ta,65,2,117,19,5.0,10.0,0.0,0.44956066981809384,0,103.2071785539174
ta,65,2,117,20,5.0,11.180339887498949,-0.46364760900080615,0.5685569981889047,0,103.2071785539174
ta,65,2,117,21,5.0,11.180339887498949,0.46364760900080615,0.482842712474619,0,103.2071785539174
ta,65,2,117,22,5.0,7.905694150420948,-0.32175055439664235,0.482842712474619,0,103.2071785539174
ta,65,2,117,23,5.0,7.905694150420948,0.32175055439664213,0.565685424949238,0,103.2071785539174
ta,65,2,117,24,5.0,9.86154146165801,-1.0390722595360913,0.565685424949238,0,103.2071785539174
ta,65,2,117,25,5.0,7.0710678118654755,-0.7853981633974483,0.44956066981809384,1,103.2071785539174
ta,65,2,117,26,5.0,5.0,0.0,0.5685569981889047,0,103.2071785539174
ta,65,2,117,27,5.0,7.0710678118654755,0.7853981633974483,0.565685424949238,0,103.2071785539174
ta,65,2,117,28,5.0,9.86154146165801,1.0390722595360908,0.5685569981889047,0,103.2071785539174
ta,65,2,117,29,5.0,3.5355339059327378,-0.7853981633974483,0.44956066981809384,0,103.2071785539174
ta,65,2,117,30,5.0,3.5355339059327378,0.7853981633974483,0.565685424949238,0,103.2071785539174
ta,65,2,117,31,5.0,5.0,4.71238898038469,0.565685424949238,0,103.2071785539174
ta,65,2,117,32,5.0,0.0,,0.482842712474619,0,103.2071785539174
ta,65,2,117,33,5.0,5.0,1.5707963267948966,0.5685569981889047,0,103.2071785539174
ta,65,2,117,34,5.0,3.5,3.141592653589793,0.482842712474619,0,103.2071785539174
ta,65,2,117,35,5.0,44.9694340635948,3.871928421613571,0.44956066981809384,0,103.2071785539174
ta,65,2,117,36,5.0,42.42640687119285,3.9269908169872414,0.44956066981809384,0,103.2071785539174
ta,65,2,117,37,5.0,39.05124837953327,3.8363309297864965,0.5685569981889047,0,103.2071785539174
ta,65,2,117,38,5.0,46.09772228646444,4.003762708257019,0.482842712474619,0,103.2071785539174
ta,65,2,117,39,5.0,38.890872965260115,3.9269908169872414,0.482842712474619,0,103.2071785539174
ta,65,2,117,40,5.0,42.573465914816005,4.010132048875683,0.565685424949238,0,103.2071785539174
ta,65,2,117,41,5.0,32.973474187595095,3.8518636610764796,0.565685424949238,0,103.2071785539174
ta,65,2,117,42,5.0,35.35533905932738,3.9269908169872414,0.44956066981809384,0,103.2071785539174
ta,65,2,117,43,5.0,39.05124837953327,4.017650704187987,0.5685569981889047,0,103.2071785539174
ta,65,2,117,44,5.0,43.01162633521314,4.092139494401868,0.565685424949238,0,103.2071785539174
ta,65,2,117,45,5.0,45.90479277809671,4.136470380766337,0.5685569981889047,0,103.2071785539174
ta,65,2,117,46,5.0,35.531676008879735,4.026659469478403,0.44956066981809384,0,103.2071785539174
ta,65,2,117,47,5.0,39.528470752104745,4.1068443167797195,0.565685424949238,0,103.2071785539174
ta,65,2,117,48,5.0,32.01562118716424,4.037648038161137,0.565685424949238,0,103.2071785539174
ta,65,2,117,49,5.0,36.05551275463989,4.124386376837123,0.482842712474619,0,103.2071785539174
ta,65,2,117,50,5.0,40.311288741492746,4.193242866138167,0.5685569981889047,0,103.2071785539174
ta,65,2,117,51,5.0,34.23813663153998,4.209545769456829,0.482842712474619,0,103.2071785539174
ta,65,2,117,52,5.0,32.89756829919196,-1.147942400661956,0.44956066981809384,0,103.2071785539174
ta,65,2,117,53,5.0,31.622776601683793,-1.2490457723982544,0.44956066981809384,0,103.2071785539174
ta,65,2,117,54,5.0,26.92582403567252,-1.1902899496825317,0.5685569981889047,0,103.2071785539174
ta,65,2,117,55,5.0,36.40054944640259,-1.2924966677897851,0.482842712474619,0,103.2071785539174
ta,65,2,117,56,5.0,28.50438562747845,-1.3045442776439713,0.482842712474619,0,103.2071785539174
ta,65,2,117,57,5.0,33.354160160315836,-1.3439974787410107,0.565685424949238,0,103.2071785539174
ta,65,2,117,58,5.0,22.073740054644116,-1.3422996875030342,0.565685424949238,0,103.2071785539174
ta,65,2,117,59,5.0,25.495097567963924,-1.3734007669450161,0.44956066981809384,0,103.2071785539174
ta,65,2,117,60,5.0,30.4138126514911,-1.4056476493802696,0.5685569981889047,0,103.2071785539174
ta,65,2,117,61,5.0,35.35533905932738,-1.4288992721907325,0.565685424949238,0,103.2071785539174
ta,65,2,117,62,5.0,38.82331773560833,-1.4416490366668766,0.5685569981889047,0,103.2071785539174
ta,65,2,117,63,5.0,27.613402542968153,-1.4801364395941516,0.44956066981809384,0,103.2071785539174
ta,65,2,117,64,5.0,32.59601202601324,-1.4940244355251187,0.565685424949238,0,103.2071785539174
ta,65,2,117,65,5.0,25.0,4.71238898038469,0.565685424949238,0,103.2071785539174
ta,65,2,117,66,5.0,30.0,4.71238898038469,0.482842712474619,0,103.2071785539174
ta,65,2,117,67,5.0,35.0,4.71238898038469,0.5685569981889047,0,103.2071785539174
ta,65,2,117,68,5.0,30.20347662107791,4.596247353504699,0.482842712474619,0,103.2071785539174
ta,65,2,118,1,5.0,38.82331773560833,3.7978435268592214,0.44956066981809384,0,103.82205401581876
ta,65,2,118,2,5.0,35.35533905932738,3.7850937623830774,0.44956066981809384,0,103.82205401581876
ta,65,2,118,3,5.0,35.0,3.9269908169872414,0.5685569981889047,0,103.82205401581876
ta,65,2,118,4,5.0,36.40054944640259,3.64869115798213,0.482842712474619,0,103.82205401581876
ta,65,2,118,5,5.0,32.59601202601324,3.8502189257174635,0.482842712474619,0,103.82205401581876
ta,65,2,118,6,5.0,33.354160160315836,3.7001919689333556,0.565685424949238,0,103.82205401581876
ta,65,2,118,7,5.0,30.20347662107791,4.043132443867232,0.565685424949238,0,103.82205401581876
ta,65,2,118,8,5.0,30.0,3.9269908169872414,0.44956066981809384,0,103.82205401581876
ta,65,2,118,9,5.0,30.4138126514911,3.7618421395726145,0.5685569981889047,0,103.82205401581876
ta,65,2,118,10,5.0,31.622776601683793,3.6052402625905993,0.565685424949238,0,103.82205401581876
ta,65,2,118,11,5.0,32.89756829919196,3.5041368908543005,0.5685569981889047,0,103.82205401581876
ta,65,2,118,12,5.0,27.613402542968153,3.836330929786496,0.44956066981809384,0,103.82205401581876
ta,65,2,118,13,5.0,28.50438562747845,3.660738767836316,0.565685424949238,0,103.82205401581876
ta,65,2,118,14,5.0,25.0,3.9269908169872414,0.565685424949238,0,103.82205401581876
ta,65,2,118,16,5.0,26.92582403567252,3.5464844398748765,0.565685424949238,0,103.82205401581876
ta,65,2,118,17,5.0,22.073740054644116,3.6984941776953795,0.482842712474619,0,103.82205401581876
ta,65,2,118,18,5.0,9.86154146165801,1.3171222306562538,0.3276927682076162,0,103.82205401581876
ta,65,2,118,19,5.0,7.0710678118654755,1.5707963267948966,0.44956066981809384,0,103.82205401581876
ta,65,2,118,20,5.0,5.0,0.7853981633974483,0.5685569981889047,0,103.82205401581876
ta,65,2,118,21,5.0,11.180339887498949,1.8925468811915387,0.482842712474619,0,103.82205401581876
ta,65,2,118,22,5.0,3.5355339059327378,1.5707963267948966,0.482842712474619,0,103.82205401581876
ta,65,2,118,23,5.0,7.905694150420948,2.0344439357957027,0.565685424949238,0,103.82205401581876
ta,65,2,118,24,5.0,3.5,5.497787143782138,0.565685424949238,1,103.82205401581876
ta,65,2,118,25,5.0,0.0,,0.44956066981809384,0,103.82205401581876
ta,65,2,118,26,5.0,5.0,2.356194490192345,0.5685569981889047,0,103.82205401581876
ta,65,2,118,27,5.0,10.0,2.356194490192345,0.565685424949238,0,103.82205401581876
ta,65,2,118,28,5.0,13.5,2.356194490192345,0.5685569981889047,0,103.82205401581876
ta,65,2,118,29,5.0,3.5355339059327378,3.141592653589793,0.44956066981809384,0,103.82205401581876
ta,65,2,118,30,5.0,7.905694150420948,2.677945044588987,0.565685424949238,0,103.82205401581876
ta,65,2,118,31,5.0,5.0,3.9269908169872414,0.565685424949238,0,103.82205401581876
ta,65,2,118,33,5.0,11.180339887498949,2.819842099193151,0.565685424949238,0,103.82205401581876
ta,65,2,118,34,5.0,9.86154146165801,3.395266749728436,0.482842712474619,0,103.82205401581876
ta,65,2,118,35,5.0,45.90479277809671,4.502909416605594,0.3276927682076162,0,103.82205401581876
ta,65,2,118,36,5.0,43.01162633521314,4.547240302970063,0.44956066981809384,0,103.82205401581876
ta,65,2,118,37,5.0,40.311288741492746,4.446136931233765,0.5685569981889047,0,103.82205401581876
ta,65,2,118,38,5.0,46.09772228646444,4.635617089114912,0.482842712474619,0,103.82205401581876
ta,65,2,118,39,5.0,39.528470752104745,4.532535480592212,0.482842712474619,0,103.82205401581876
ta,65,2,118,40,5.0,42.573465914816005,4.629247748496248,0.565685424949238,0,103.82205401581876
ta,65,2,118,41,5.0,34.23813663153998,4.429834027915103,0.565685424949238,0,103.82205401581876
ta,65,2,118,42,5.0,36.05551275463989,4.514993420534809,0.44956066981809384,0,103.82205401581876
ta,65,2,118,43,5.0,39.05124837953327,4.621729093183944,0.5685569981889047,0,103.82205401581876
ta,65,2,118,44,5.0,42.42640687119285,4.71238898038469,0.565685424949238,0,103.82205401581876
ta,65,2,118,45,5.0,44.9694340635948,4.76745137575836,0.5685569981889047,0,103.82205401581876
ta,65,2,118,46,5.0,35.531676008879735,4.612720327893528,0.44956066981809384,0,103.82205401581876
ta,65,2,118,47,5.0,38.890872965260115,4.71238898038469,0.565685424949238,0,103.82205401581876
ta,65,2,118,48,5.0,32.01562118716424,4.601731759210795,0.565685424949238,0,103.82205401581876
ta,65,2,118,49,5.0,35.35533905932738,4.71238898038469,0.482842712474619,0,103.82205401581876
ta,65,2,118,50,5.0,39.05124837953327,4.803048867585435,0.5685569981889047,0,103.82205401581876
ta,65,2,118,51,5.0,32.973474187595095,4.7875161362954515,0.482842712474619,0,103.82205401581876
ta,65,2,118,52,5.0,26.405491853021786,-0.4576596566168929,0.44956066981809384,0,103.82205401581876
ta,65,2,118,53,5.0,25.495097567963924,-0.5880026035475678,0.44956066981809384,0,103.82205401581876
ta,65,2,118,54,5.0,20.615528128088304,-0.540419500270584,0.5685569981889047,0,103.82205401581876
ta,65,2,118,55,5.0,30.4138126514911,-0.6202494859828214,0.482842712474619,0,103.82205401581876
ta,65,2,118,56,5.0,22.638462845343543,-0.6747409422235529,0.482842712474619,0,103.82205401581876
ta,65,2,118,57,5.0,27.613402542968153,-0.6947382761967034,0.565685424949238,0,103.82205401581876
ta,65,2,118,58,5.0,16.5,5.497787143782138,0.565685424949238,0,103.82205401581876
ta,65,2,118,59,5.0,20.0,5.497787143782138,0.44956066981809384,0,103.82205401581876
ta,65,2,118,60,5.0,25.0,5.497787143782138,0.5685569981889047,0,103.82205401581876
ta,65,2,118,61,5.0,30.0,5.497787143782138,0.565685424949238,0,103.82205401581876
ta,65,2,118,62,5.0,33.5,5.497787143782138,0.5685569981889047,0,103.82205401581876
ta,65,2,118,63,5.0,22.638462845343543,5.387129922608242,0.44956066981809384,0,103.82205401581876
ta,65,2,118,64,5.0,27.613402542968153,5.4071272565813935,0.565685424949238,0,103.82205401581876
ta,65,2,118,65,5.0,20.615528128088304,5.252808480655274,0.565685424949238,0,103.82205401581876
ta,65,2,118,66,5.0,25.495097567963924,5.3003915839322575,0.482842712474619,0,103.82205401581876
ta,65,2,118,67,5.0,30.4138126514911,5.332638466367511,0.5685569981889047,0,103.82205401581876
ta,65,2,118,68,5.0,26.405491853021786,5.170048637001583,0.482842712474619,0,103.82205401581876
ta,65,2,119,1,5.0,39.42714800743264,-1.7880897577179176,0.44956066981809384,0,104.1264018419057
ta,65,2,119,2,5.0,36.01735692690401,-1.8090410849736416,0.44956066981809384,0,104.1264018419057
ta,65,2,119,3,5.0,35.174564673923115,-1.6704649792860584,0.5685569981889047,0,104.1264018419057
ta,65,2,119,4,5.0,37.51333096380539,-1.9389270981200601,0.482842712474619,0,104.1264018419057
ta,65,2,119,5,5.0,33.04920573932148,-1.7533561799258033,0.482842712474619,0,104.1264018419057
ta,65,2,119,6,5.0,34.311076928595526,-1.8971551435016591,0.565685424949238,0,104.1264018419057
ta,65,2,119,7,5.0,30.0,-1.5707963267948966,0.565685424949238,0,104.1264018419057
ta,65,2,119,8,5.0,30.20347662107791,-1.6869379536748867,0.44956066981809384,0,104.1264018419057
ta,65,2,119,9,5.0,31.18092365533773,-1.846893346190333,0.5685569981889047,0,104.1264018419057
ta,65,2,119,10,5.0,32.89756829919196,-1.9936502529278373,0.565685424949238,0,104.1264018419057
ta,65,2,119,11,5.0,34.48187929913333,-2.086345334253876,0.5685569981889047,0,104.1264018419057
ta,65,2,119,12,5.0,28.146935890075138,-1.785611727196555,0.44956066981809384,0,104.1264018419057
ta,65,2,119,13,5.0,29.618406439239774,-1.9513027039072615,0.565685424949238,0,104.1264018419057
ta,65,2,119,14,5.0,25.243811122728676,-1.7098922682769677,0.565685424949238,0,104.1264018419057
ta,65,2,119,16,5.0,28.412145290350743,-2.0659295902633006,0.565685424949238,0,104.1264018419057
ta,65,2,119,17,5.0,23.119256043393783,-1.9472866612414195,0.482842712474619,0,104.1264018419057
ta,65,2,119,18,5.0,12.020815280171307,-3.9269908169872414,0.3276927682076162,0,104.1264018419057
ta,65,2,119,19,5.0,9.86154146165801,-3.673316720848599,0.44956066981809384,0,104.1264018419057
ta,65,2,119,20,5.0,6.103277807866851,-4.101663015995481,0.5685569981889047,0,104.1264018419057
ta,65,2,119,21,5.0,14.396180048887969,-3.4962983056007335,0.482842712474619,0,104.1264018419057
ta,65,2,119,22,5.0,6.5,-3.5363837732895544,0.482842712474619,0,104.1264018419057
ta,65,2,119,23,5.0,11.280514172678478,-3.365069254730426,0.565685424949238,0,104.1264018419057
ta,65,2,119,24,5.0,0.0,,0.565685424949238,0,104.1264018419057
ta,65,2,119,26,5.0,8.5,-3.141592653589793,0.565685424949238,0,104.1264018419057
ta,65,2,119,27,5.0,13.5,-3.141592653589793,0.565685424949238,0,104.1264018419057
ta,65,2,119,28,5.0,17.0,-3.141592653589793,0.5685569981889047,0,104.1264018419057
ta,65,2,119,29,5.0,6.5,-2.746801533890032,0.44956066981809384,0,104.1264018419057
ta,65,2,119,30,5.0,11.280514172678478,-2.91811605244916,0.565685424949238,0,104.1264018419057
ta,65,2,119,31,5.0,6.103277807866851,-2.181522291184105,0.565685424949238,0,104.1264018419057
ta,65,2,119,32,5.0,9.86154146165801,-2.6098685863309874,0.482842712474619,0,104.1264018419057
ta,65,2,119,33,5.0,14.396180048887969,-2.7868870015788527,0.5685569981889047,0,104.1264018419057
ta,65,2,119,34,5.0,12.020815280171307,-2.356194490192345,0.482842712474619,0,104.1264018419057
ta,65,2,119,35,5.0,44.09648512069868,-1.0614951827928847,0.44956066981809384,0,104.1264018419057
ta,65,2,119,36,5.0,41.07614879708174,-1.0199387922631802,0.44956066981809384,0,104.1264018419057
ta,65,2,119,37,5.0,38.69431482789171,-1.1302659861783835,0.5685569981889047,0,104.1264018419057
ta,65,2,119,38,5.0,43.900455578501685,-0.9227394408643823,0.482842712474619,0,104.1264018419057
ta,65,2,119,39,5.0,37.646380968162134,-1.0417658557152478,0.482842712474619,0,104.1264018419057
ta,65,2,119,40,5.0,40.40111384603152,-0.9347208240911455,0.565685424949238,0,104.1264018419057
ta,65,2,119,41,5.0,32.69556544854363,-1.1618884978439712,0.565685424949238,0,104.1264018419057
ta,65,2,119,42,5.0,34.23813663153998,-1.0679531158670357,0.44956066981809384,0,104.1264018419057
ta,65,2,119,43,5.0,36.908671067921155,-0.9489720389643068,0.5685569981889047,0,104.1264018419057
ta,65,2,119,44,5.0,40.02811511925087,-0.847266009261828,0.565685424949238,0,104.1264018419057
ta,65,2,119,45,5.0,42.42640687119285,-0.7853981633974483,0.5685569981889047,0,104.1264018419057
ta,65,2,119,46,5.0,33.425289826716536,-0.9661977367014196,0.44956066981809384,0,104.1264018419057
ta,65,2,119,47,5.0,36.5,-0.8532549862537522,0.565685424949238,0,104.1264018419057
ta,65,2,119,48,5.0,29.95413160150032,-0.9874233198010405,0.565685424949238,0,104.1264018419057
ta,65,2,119,49,5.0,32.973474187595095,-0.8605253193082101,0.482842712474619,0,104.1264018419057
ta,65,2,119,50,5.0,36.43144246389374,-0.7562801818904092,0.5685569981889047,0,104.1264018419057
ta,65,2,119,51,5.0,30.405591591021544,-0.7853981633974483,0.482842712474619,0,104.1264018419057
ta,65,2,119,52,5.0,23.119256043393783,-5.906694972733064,0.44956066981809384,0,104.1264018419057
ta,65,2,119,53,5.0,22.073740054644116,-6.054688667887724,0.44956066981809384,0,104.1264018419057
ta,65,2,119,54,5.0,17.240939649566666,-5.988950742068399,0.5685569981889047,0,104.1264018419057
ta,65,2,119,55,5.0,26.9675731203236,-6.096698405512369,0.482842712474619,0,104.1264018419057
ta,65,2,119,56,5.0,19.1637678967368,-6.152357911105529,0.482842712474619,0,104.1264018419057
ta,65,2,119,57,5.0,24.12985702402731,-6.179392966722544,0.565685424949238,0,104.1264018419057
ta,65,2,119,58,5.0,13.0,0.0,0.565685424949238,0,104.1264018419057
ta,65,2,119,59,5.0,16.5,0.0,0.44956066981809384,0,104.1264018419057
ta,65,2,119,60,5.0,21.5,0.0,0.5685569981889047,0,104.1264018419057
ta,65,2,119,61,5.0,26.5,0.0,0.565685424949238,0,104.1264018419057
ta,65,2,119,62,5.0,30.0,0.0,0.5685569981889047,0,104.1264018419057
ta,65,2,119,63,5.0,19.1637678967368,-0.1308273960740567,0.44956066981809384,0,104.1264018419057
ta,65,2,119,64,5.0,24.12985702402731,-0.10379234045704289,0.565685424949238,0,104.1264018419057
ta,65,2,119,65,5.0,17.240939649566666,-0.2942345651111875,0.565685424949238,0,104.1264018419057
ta,65,2,119,66,5.0,22.073740054644116,-0.22849663929186237,0.482842712474619,1,104.1264018419057
ta,65,2,119,67,5.0,26.9675731203236,-0.18648690166721682,0.5685569981889047,0,104.1264018419057
ta,65,2,119,68,5.0,23.119256043393783,-0.3764903344465229,0.482842712474619,0,104.1264018419057
ta,65,2,120,1,5.0,44.9694340635948,-2.0726354555268123,0.44956066981809384,0,106.04585749883128
ta,65,2,120,2,5.0,42.42640687119285,-2.1276978509004825,0.44956066981809384,0,106.04585749883128
ta,65,2,120,3,5.0,39.05124837953327,-2.0370379636997376,0.5685569981889047,0,106.04585749883128
ta,65,2,120,4,5.0,46.09772228646444,-2.2044697421702604,0.482842712474619,0,106.04585749883128
ta,65,2,120,5,5.0,38.890872965260115,-2.1276978509004825,0.482842712474619,0,106.04585749883128
ta,65,2,120,6,5.0,42.573465914816005,-2.2108390827889237,0.565685424949238,0,106.04585749883128
ta,65,2,120,7,5.0,32.973474187595095,-2.0525706949897202,0.565685424949238,0,106.04585749883128
ta,65,2,120,8,5.0,35.35533905932738,-2.1276978509004825,0.44956066981809384,0,106.04585749883128
ta,65,2,120,9,5.0,39.05124837953327,-2.2183577381012274,0.5685569981889047,0,106.04585749883128
ta,65,2,120,10,5.0,43.01162633521314,-2.2928465283151094,0.565685424949238,0,106.04585749883128
ta,65,2,120,11,5.0,45.90479277809671,-2.337177414679578,0.5685569981889047,0,106.04585749883128
ta,65,2,120,12,5.0,35.531676008879735,-2.2273665033916443,0.44956066981809384,0,106.04585749883128
ta,65,2,120,13,5.0,39.528470752104745,-2.3075513506929606,0.565685424949238,0,106.04585749883128
ta,65,2,120,14,5.0,32.01562118716424,-2.238355072074378,0.565685424949238,0,106.04585749883128
ta,65,2,120,15,5.0,36.05551275463989,-2.3250934107503634,0.482842712474619,0,106.04585749883128
ta,65,2,120,16,5.0,40.311288741492746,-2.3939499000514077,0.5685569981889047,0,106.04585749883128
ta,65,2,120,17,5.0,34.23813663153998,-2.41025280337007,0.482842712474619,0,106.04585749883128
ta,65,2,120,18,5.0,32.89756829919196,-3.3359499404308712,0.44956066981809384,0,106.04585749883128
ta,65,2,120,19,5.0,31.622776601683793,-3.234846568694573,0.44956066981809384,0,106.04585749883128
ta,65,2,120,20,5.0,26.92582403567252,-3.2936023914102956,0.5685569981889047,0,106.04585749883128
ta,65,2,120,21,5.0,36.40054944640259,-3.191395673303042,0.482842712474619,0,106.04585749883128
ta,65,2,120,22,5.0,28.50438562747845,-3.179348063448856,0.482842712474619,0,106.04585749883128
ta,65,2,120,23,5.0,33.354160160315836,-3.1398948623518166,0.565685424949238,0,106.04585749883128
ta,65,2,120,25,5.0,25.495097567963924,-3.1104915741478116,0.3276927682076162,0,106.04585749883128
ta,65,2,120,26,5.0,30.4138126514911,-3.0782446917125577,0.565685424949238,0,106.04585749883128
ta,65,2,120,27,5.0,35.35533905932738,-3.0549930689020948,0.565685424949238,0,106.04585749883128
ta,65,2,120,28,5.0,38.82331773560833,-3.0422433044259507,0.5685569981889047,0,106.04585749883128
ta,65,2,120,29,5.0,27.613402542968153,-3.0037559014986757,0.44956066981809384,0,106.04585749883128
ta,65,2,120,30,5.0,32.59601202601324,-2.9898679055677087,0.565685424949238,0,106.04585749883128
ta,65,2,120,31,5.0,25.0,-2.9130960142979307,0.565685424949238,0,106.04585749883128
ta,65,2,120,32,5.0,30.0,-2.9130960142979307,0.482842712474619,0,106.04585749883128
ta,65,2,120,33,5.0,35.0,-2.9130960142979307,0.5685569981889047,0,106.04585749883128
ta,65,2,120,34,5.0,30.20347662107791,-2.7969543874179403,0.482842712474619,0,106.04585749883128
ta,65,2,120,35,5.0,33.5,-1.3422996875030342,0.44956066981809384,0,106.04585749883128
ta,65,2,120,36,5.0,30.0,-1.3422996875030342,0.44956066981809384,0,106.04585749883128
ta,65,2,120,37,5.0,30.4138126514911,-1.5074483649176609,0.5685569981889047,0,106.04585749883128
ta,65,2,120,38,5.0,30.4138126514911,-1.1771510100884073,0.482842712474619,0,106.04585749883128
ta,65,2,120,39,5.0,27.613402542968153,-1.4329595747037793,0.482842712474619,0,106.04585749883128
ta,65,2,120,40,5.0,27.613402542968153,-1.251639800302289,0.565685424949238,0,106.04585749883128
ta,65,2,120,41,5.0,26.405491853021786,-1.6700381942835896,0.565685424949238,0,106.04585749883128
ta,65,2,120,42,5.0,25.495097567963924,-1.5396952473529149,0.44956066981809384,0,106.04585749883128
ta,65,2,120,43,5.0,25.0,-1.3422996875030342,0.5685569981889047,0,106.04585749883128
ta,65,2,120,44,5.0,25.495097567963924,-1.1449041276531533,0.565685424949238,0,106.04585749883128
ta,65,2,120,45,5.0,26.405491853021786,-1.0145611807224786,0.5685569981889047,0,106.04585749883128
ta,65,2,120,46,5.0,22.638462845343543,-1.4529569086769298,0.44956066981809384,0,106.04585749883128
ta,65,2,120,47,5.0,22.638462845343543,-1.2316424663291385,0.565685424949238,0,106.04585749883128
ta,65,2,120,48,5.0,20.615528128088304,-1.5872783506298982,0.565685424949238,0,106.04585749883128
ta,65,2,120,49,5.0,20.0,-1.3422996875030342,0.482842712474619,0,106.04585749883128
ta,65,2,120,50,5.0,20.615528128088304,-1.09732102437617,0.5685569981889047,0,106.04585749883128
ta,65,2,120,51,5.0,16.5,-1.3422996875030342,0.482842712474619,0,106.04585749883128
ta,65,2,120,52,5.0,13.5,-4.483892341092828,0.44956066981809384,0,106.04585749883128
ta,65,2,120,53,5.0,10.0,-4.483892341092828,0.44956066981809384,0,106.04585749883128
ta,65,2,120,54,5.0,11.180339887498949,-4.020244732092021,0.5685569981889047,0,106.04585749883128
ta,65,2,120,55,5.0,11.180339887498949,-4.947539950093633,0.482842712474619,0,106.04585749883128
ta,65,2,120,56,5.0,7.905694150420948,-4.162141786696186,0.482842712474619,0,106.04585749883128
ta,65,2,120,57,5.0,7.905694150420948,-4.80564289548947,0.565685424949238,0,106.04585749883128
ta,65,2,120,58,5.0,9.86154146165801,-3.4448200815567365,0.565685424949238,0,106.04585749883128
ta,65,2,120,59,5.0,7.0710678118654755,-3.698494177695379,0.44956066981809384,0,106.04585749883128
ta,65,2,120,60,5.0,5.0,-4.483892341092828,0.5685569981889047,0,106.04585749883128
ta,65,2,120,61,5.0,7.0710678118654755,-5.269290504490275,0.565685424949238,0,106.04585749883128
ta,65,2,120,62,5.0,9.86154146165801,-5.522964600628919,0.5685569981889047,0,106.04585749883128
ta,65,2,120,63,5.0,3.5355339059327378,-3.698494177695379,0.44956066981809384,0,106.04585749883128
ta,65,2,120,64,5.0,3.5355339059327378,-5.269290504490275,0.565685424949238,0,106.04585749883128
ta,65,2,120,65,5.0,5.0,-2.9130960142979307,0.565685424949238,0,106.04585749883128
ta,65,2,120,66,5.0,0.0,,0.482842712474619,0,106.04585749883128
ta,65,2,120,67,5.0,5.0,0.22849663929186237,0.5685569981889047,1,106.04585749883128
ta,65,2,120,68,5.0,3.5,-1.3422996875030342,0.482842712474619,0,106.04585749883128
ta,65,2,121,1,4.0,48.44842618702903,-2.378088801315123,0.3276927682076162,0,106.48064010752694
ta,65,2,121,2,4.0,46.09772228646444,-2.4329663814621227,0.44956066981809384,0,106.48064010752694
ta,65,2,121,3,4.0,42.42640687119285,-2.356194490192345,0.5685569981889047,0,106.48064010752694
ta,65,2,121,4,4.0,50.0,-2.498091544796509,0.482842712474619,0,106.48064010752694
ta,65,2,121,5,4.0,42.573465914816005,-2.439335722080786,0.482842712474619,0,106.48064010752694
ta,65,2,121,6,4.0,46.502688094345686,-2.50884381858761,0.565685424949238,0,106.48064010752694
ta,65,2,121,7,4.0,36.43144246389374,-2.3853124716993834,0.565685424949238,0,106.48064010752694
ta,65,2,121,8,4.0,39.05124837953327,-2.44685437739309,0.44956066981809384,0,106.48064010752694
ta,65,2,121,9,4.0,43.01162633521314,-2.5213431676069717,0.5685569981889047,0,106.48064010752694
ta,65,2,121,10,4.0,47.16990566028302,-2.5829933382462307,0.565685424949238,0,106.48064010752694
ta,65,2,121,11,4.0,50.172203459684724,-2.6199743564934064,0.5685569981889047,0,106.48064010752694
ta,65,2,121,12,4.0,39.528470752104745,-2.536047989984823,0.44956066981809384,0,106.48064010752694
ta,65,2,121,13,4.0,43.73213921133976,-2.601173153319209,0.565685424949238,0,106.48064010752694
ta,65,2,121,14,4.0,36.05551275463989,-2.5535900500422257,0.565685424949238,0,106.48064010752694
ta,65,2,121,15,4.0,40.311288741492746,-2.62244653934327,0.482842712474619,0,106.48064010752694
ta,65,2,121,16,4.0,44.721359549995796,-2.677945044588987,0.5685569981889047,0,106.48064010752694
ta,65,2,121,17,4.0,38.69431482789171,-2.70106231297328,0.482842712474619,0,106.48064010752694
ta,65,2,121,18,4.0,37.51333096380539,-3.5097234249149567,0.44956066981809384,0,106.48064010752694
ta,65,2,121,19,4.0,36.40054944640259,-3.4198923125949046,0.44956066981809384,0,106.48064010752694
ta,65,2,121,20,4.0,31.622776601683793,-3.4633432079864352,0.5685569981889047,0,106.48064010752694
ta,65,2,121,21,4.0,41.23105625617661,-3.3865713167166573,0.482842712474619,0,106.48064010752694
ta,65,2,121,22,4.0,33.354160160315836,-3.368391501643679,0.482842712474619,0,106.48064010752694
ta,65,2,121,23,4.0,38.242646351945886,-3.338988213439674,0.565685424949238,0,106.48064010752694
ta,65,2,121,25,4.0,30.4138126514911,-3.30674133100442,0.3276927682076162,0,106.48064010752694
ta,65,2,121,26,4.0,35.35533905932738,-3.283489708193957,0.565685424949238,0,106.48064010752694
ta,65,2,121,27,4.0,40.311288741492746,-3.2659476481365544,0.565685424949238,0,106.48064010752694
ta,65,2,121,28,4.0,43.78641341786285,-3.2560329588598567,0.5685569981889047,0,106.48064010752694
ta,65,2,121,29,4.0,32.59601202601324,-3.218364544859571,0.44956066981809384,0,106.48064010752694
ta,65,2,121,30,4.0,37.58324094593227,-3.208160817365617,0.565685424949238,0,106.48064010752694
ta,65,2,121,31,4.0,30.0,-3.141592653589793,0.565685424949238,0,106.48064010752694
ta,65,2,121,32,4.0,35.0,-3.141592653589793,0.482842712474619,0,106.48064010752694
ta,65,2,121,33,4.0,40.0,-3.141592653589793,0.5685569981889047,0,106.48064010752694
ta,65,2,121,34,4.0,35.174564673923115,-3.0419240010986313,0.482842712474619,0,106.48064010752694
ta,65,2,121,35,4.0,33.8710791088799,-1.7189563475267278,0.44956066981809384,0,106.48064010752694
ta,65,2,121,36,4.0,30.4138126514911,-1.7359450042095232,0.44956066981809384,0,106.48064010752694
ta,65,2,121,37,4.0,31.622776601683793,-1.8925468811915387,0.5685569981889047,0,106.48064010752694
ta,65,2,121,38,4.0,30.0,-1.5707963267948966,0.482842712474619,0,106.48064010752694
ta,65,2,121,39,4.0,28.50438562747845,-1.8370483759458218,0.482842712474619,0,106.48064010752694
ta,65,2,121,40,4.0,27.613402542968153,-1.6614562139956417,0.565685424949238,0,106.48064010752694
ta,65,2,121,41,4.0,28.412145290350743,-2.0659295902633006,0.565685424949238,0,106.48064010752694
ta,65,2,121,42,4.0,26.92582403567252,-1.9513027039072615,0.44956066981809384,0,106.48064010752694
ta,65,2,121,43,4.0,25.495097567963924,-1.7681918866447772,0.5685569981889047,0,106.48064010752694
ta,65,2,121,44,4.0,25.0,-1.5707963267948966,0.565685424949238,0,106.48064010752694
ta,65,2,121,45,4.0,25.243811122728676,-1.4317003853128252,0.5685569981889047,0,106.48064010752694
ta,65,2,121,46,4.0,23.717082451262844,-1.8925468811915387,0.44956066981809384,0,106.48064010752694
ta,65,2,121,47,4.0,22.638462845343543,-1.6814535479687922,0.565685424949238,0,106.48064010752694
ta,65,2,121,48,4.0,22.360679774997898,-2.0344439357957027,0.565685424949238,0,106.48064010752694
ta,65,2,121,49,4.0,20.615528128088304,-1.8157749899217606,0.482842712474619,1,106.48064010752694
ta,65,2,121,50,4.0,20.0,-1.5707963267948966,0.5685569981889047,0,106.48064010752694
ta,65,2,121,51,4.0,17.240939649566666,-1.8650308919060843,0.482842712474619,0,106.48064010752694
ta,65,2,121,52,4.0,14.396180048887969,-4.357683328373749,0.44956066981809384,0,106.48064010752694
ta,65,2,121,53,4.0,11.180339887498949,-4.2487413713838835,0.44956066981809384,0,106.48064010752694
ta,65,2,121,54,4.0,14.142135623730951,-3.9269908169872414,0.5685569981889047,0,106.48064010752694
ta,65,2,121,55,4.0,10.0,-4.71238898038469,0.482842712474619,0,106.48064010752694
ta,65,2,121,56,4.0,10.606601717798213,-3.9269908169872414,0.482842712474619,0,106.48064010752694
ta,65,2,121,57,4.0,7.905694150420948,-4.3906384259880475,0.565685424949238,0,106.48064010752694
ta,65,2,121,58,4.0,14.396180048887969,-3.4962983056007335,0.565685424949238,0,106.48064010752694
ta,65,2,121,59,4.0,11.180339887498949,-3.6052402625905993,0.44956066981809384,0,106.48064010752694
ta,65,2,121,60,4.0,7.0710678118654755,-3.9269908169872414,0.5685569981889047,0,106.48064010752694
ta,65,2,121,61,4.0,5.0,-4.71238898038469,0.565685424949238,0,106.48064010752694
ta,65,2,121,62,4.0,6.103277807866851,-5.323114944773899,0.5685569981889047,0,106.48064010752694
ta,65,2,121,63,4.0,7.905694150420948,-3.4633432079864352,0.44956066981809384,0,106.48064010752694
ta,65,2,121,64,4.0,3.5355339059327378,-3.9269908169872414,0.565685424949238,0,106.48064010752694
ta,65,2,121,65,4.0,10.0,-3.141592653589793,0.565685424949238,0,106.48064010752694
ta,65,2,121,67,4.0,0.0,,0.565685424949238,0,106.48064010752694
ta,65,2,121,68,4.0,6.103277807866851,-2.5308666892005847,0.482842712474619,0,106.48064010752694
ta,65,2,122,1,5.0,32.89756829919196,-0.9029637375350918,0.317692537949962,0,108.2732947273607
ta,65,2,122,2,5.0,31.622776601683793,-1.0040671092713904,0.44956066981809384,0,108.2732947273607
ta,65,2,122,3,5.0,26.92582403567252,-0.9453112865556677,0.5685569981889047,0,108.2732947273607
ta,65,2,122,4,5.0,36.40054944640259,-1.0475180046629213,0.482842712474619,0,108.2732947273607
ta,65,2,122,5,5.0,28.50438562747845,-1.059565614517107,0.482842712474619,0,108.2732947273607
ta,65,2,122,6,5.0,33.354160160315836,-1.0990188156141467,0.565685424949238,0,108.2732947273607
ta,65,2,122,7,5.0,22.073740054644116,-1.0973210243761702,0.565685424949238,0,108.2732947273607
ta,65,2,122,8,5.0,25.495097567963924,-1.128422103818152,0.44956066981809384,0,108.2732947273607
ta,65,2,122,9,5.0,30.4138126514911,-1.1606689862534056,0.5685569981889047,0,108.2732947273607
ta,65,2,122,10,5.0,35.35533905932738,-1.1839206090638685,0.565685424949238,0,108.2732947273607
ta,65,2,122,11,5.0,38.82331773560833,-1.1966703735400124,0.5685569981889047,0,108.2732947273607
ta,65,2,122,12,5.0,27.613402542968153,-1.2351577764672874,0.44956066981809384,0,108.2732947273607
ta,65,2,122,13,5.0,32.59601202601324,-1.2490457723982544,0.565685424949238,0,108.2732947273607
ta,65,2,122,14,5.0,25.0,-1.3258176636680326,0.565685424949238,0,108.2732947273607
ta,65,2,122,15,5.0,30.0,-1.3258176636680326,0.482842712474619,0,108.2732947273607
ta,65,2,122,16,5.0,35.0,-1.3258176636680326,0.5685569981889047,0,108.2732947273607
ta,65,2,122,17,5.0,30.20347662107791,-1.4419592905480227,0.482842712474619,0,108.2732947273607
ta,65,2,122,18,5.0,44.9694340635948,-2.1662782224391512,0.44956066981809384,0,108.2732947273607
ta,65,2,122,19,5.0,42.42640687119285,-2.1112158270654806,0.44956066981809384,0,108.2732947273607
ta,65,2,122,20,5.0,39.05124837953327,-2.201875714266226,0.5685569981889047,0,108.2732947273607
ta,65,2,122,21,5.0,46.09772228646444,-2.0344439357957027,0.482842712474619,0,108.2732947273607
ta,65,2,122,22,5.0,38.890872965260115,-2.1112158270654806,0.482842712474619,0,108.2732947273607
ta,65,2,122,23,5.0,42.573465914816005,-2.0280745951770394,0.565685424949238,0,108.2732947273607
ta,65,2,122,24,5.0,32.973474187595095,-2.186342982976243,0.565685424949238,0,108.2732947273607
ta,65,2,122,25,5.0,35.35533905932738,-2.1112158270654806,0.44956066981809384,0,108.2732947273607
ta,65,2,122,26,5.0,39.05124837953327,-2.0205559398647357,0.5685569981889047,0,108.2732947273607
ta,65,2,122,27,5.0,43.01162633521314,-1.9460671496508541,0.565685424949238,0,108.2732947273607
ta,65,2,122,28,5.0,45.90479277809671,-1.9017362632863857,0.5685569981889047,0,108.2732947273607
ta,65,2,122,29,5.0,35.531676008879735,-2.0115471745743188,0.44956066981809384,0,108.2732947273607
ta,65,2,122,30,5.0,39.528470752104745,-1.9313623272730025,0.565685424949238,0,108.2732947273607
ta,65,2,122,31,5.0,32.01562118716424,-2.000558605891585,0.565685424949238,0,108.2732947273607
ta,65,2,122,32,5.0,36.05551275463989,-1.9138202672156002,0.482842712474619,0,108.2732947273607
ta,65,2,122,33,5.0,40.311288741492746,-1.8449637779145553,0.5685569981889047,0,108.2732947273607
ta,65,2,122,34,5.0,34.23813663153998,-1.8286608745958932,0.482842712474619,0,108.2732947273607
ta,65,2,122,35,5.0,13.5,0.244978663126864,0.44956066981809384,0,108.2732947273607
ta,65,2,122,36,5.0,10.0,0.244978663126864,0.44956066981809384,0,108.2732947273607
ta,65,2,122,37,5.0,11.180339887498949,-0.21866894587394214,0.5685569981889047,0,108.2732947273607
ta,65,2,122,38,5.0,11.180339887498949,0.7086262721276702,0.482842712474619,0,108.2732947273607
ta,65,2,122,39,5.0,7.905694150420948,-0.07677189126977813,0.482842712474619,0,108.2732947273607
ta,65,2,122,40,5.0,7.905694150420948,0.5667292175235064,0.565685424949238,0,108.2732947273607
ta,65,2,122,41,5.0,9.86154146165801,-0.7940935964092269,0.565685424949238,0,108.2732947273607
ta,65,2,122,42,5.0,7.0710678118654755,-0.5404195002705843,0.44956066981809384,1,108.2732947273607
ta,65,2,122,43,5.0,5.0,0.244978663126864,0.5685569981889047,0,108.2732947273607
ta,65,2,122,44,5.0,7.0710678118654755,1.0303768265243123,0.565685424949238,0,108.2732947273607
ta,65,2,122,45,5.0,9.86154146165801,1.2840509226629553,0.5685569981889047,0,108.2732947273607
ta,65,2,122,46,5.0,3.5355339059327378,-0.5404195002705843,0.44956066981809384,0,108.2732947273607
ta,65,2,122,47,5.0,3.5355339059327378,1.0303768265243123,0.565685424949238,0,108.2732947273607
ta,65,2,122,48,5.0,5.0,-1.3258176636680326,0.565685424949238,0,108.2732947273607
ta,65,2,122,49,5.0,0.0,,0.482842712474619,0,108.2732947273607
ta,65,2,122,50,5.0,5.0,1.8157749899217606,0.5685569981889047,0,108.2732947273607
ta,65,2,122,51,5.0,3.5,-2.896613990462929,0.482842712474619,0,108.2732947273607
ta,65,2,122,52,5.0,33.5,-2.896613990462929,0.44956066981809384,0,108.2732947273607
ta,65,2,122,53,5.0,30.0,-2.896613990462929,0.44956066981809384,0,108.2732947273607
ta,65,2,122,54,5.0,30.4138126514911,-2.7314653130483024,0.5685569981889047,0,108.2732947273607
ta,65,2,122,55,5.0,30.4138126514911,-3.061762667877556,0.482842712474619,0,108.2732947273607
ta,65,2,122,56,5.0,27.613402542968153,-2.805954103262184,0.482842712474619,0,108.2732947273607
ta,65,2,122,57,5.0,27.613402542968153,-2.9872738776636742,0.565685424949238,0,108.2732947273607
ta,65,2,122,58,5.0,26.405491853021786,-2.5688754836823735,0.565685424949238,0,108.2732947273607
ta,65,2,122,59,5.0,25.495097567963924,-2.6992184306130484,0.44956066981809384,0,108.2732947273607
ta,65,2,122,60,5.0,25.0,-2.896613990462929,0.5685569981889047,0,108.2732947273607
ta,65,2,122,61,5.0,25.495097567963924,-3.09400955031281,0.565685424949238,0,108.2732947273607
ta,65,2,122,62,5.0,26.405491853021786,-3.2243524972434847,0.5685569981889047,0,108.2732947273607
ta,65,2,122,63,5.0,22.638462845343543,-2.7859567692890335,0.44956066981809384,0,108.2732947273607
ta,65,2,122,64,5.0,22.638462845343543,-3.0072712116368248,0.565685424949238,0,108.2732947273607
ta,65,2,122,65,5.0,20.615528128088304,-2.651635327336065,0.565685424949238,0,108.2732947273607
ta,65,2,122,68,5.0,16.5,-2.896613990462929,0.3638463841038081,0,108.2732947273607
ta,65,2,123,1,5.0,26.405491853021786,-0.45765965661689284,0.3276927682076162,0,108.88817018926206
ta,65,2,123,2,5.0,25.495097567963924,-0.5880026035475675,0.44956066981809384,0,108.88817018926206
ta,65,2,123,3,5.0,20.615528128088304,-0.5404195002705842,0.5685569981889047,0,108.88817018926206
ta,65,2,123,4,5.0,30.4138126514911,-0.6202494859828215,0.482842712474619,0,108.88817018926206
ta,65,2,123,5,5.0,22.638462845343543,-0.6747409422235526,0.482842712474619,0,108.88817018926206
ta,65,2,123,6,5.0,27.613402542968153,-0.6947382761967031,0.565685424949238,0,108.88817018926206
ta,65,2,123,7,5.0,16.5,-0.7853981633974483,0.565685424949238,1,108.88817018926206
ta,65,2,123,8,5.0,20.0,-0.7853981633974483,0.44956066981809384,0,108.88817018926206
ta,65,2,123,9,5.0,25.0,-0.7853981633974483,0.5685569981889047,0,108.88817018926206
ta,65,2,123,10,5.0,30.0,-0.7853981633974483,0.565685424949238,0,108.88817018926206
ta,65,2,123,11,5.0,33.5,-0.7853981633974483,0.5685569981889047,0,108.88817018926206
ta,65,2,123,12,5.0,22.638462845343543,-0.8960553845713439,0.44956066981809384,0,108.88817018926206
ta,65,2,123,13,5.0,27.613402542968153,-0.8760580505981934,0.565685424949238,0,108.88817018926206
ta,65,2,123,14,5.0,20.615528128088304,-1.0303768265243125,0.565685424949238,0,108.88817018926206
ta,65,2,123,15,5.0,25.495097567963924,-0.982793723247329,0.482842712474619,0,108.88817018926206
ta,65,2,123,16,5.0,30.4138126514911,-0.9505468408120751,0.5685569981889047,0,108.88817018926206
ta,65,2,123,17,5.0,26.405491853021786,-1.1131366701780037,0.482842712474619,0,108.88817018926206
ta,65,2,123,18,5.0,45.90479277809671,-1.780275890573992,0.44956066981809384,0,108.88817018926206
ta,65,2,123,19,5.0,43.01162633521314,-1.7359450042095235,0.44956066981809384,0,108.88817018926206
ta,65,2,123,20,5.0,40.311288741492746,-1.837048375945822,0.5685569981889047,0,108.88817018926206
ta,65,2,123,21,5.0,46.09772228646444,-1.6475682180646747,0.482842712474619,0,108.88817018926206
ta,65,2,123,22,5.0,39.528470752104745,-1.750649826587375,0.482842712474619,0,108.88817018926206
ta,65,2,123,23,5.0,42.573465914816005,-1.6539375586833378,0.565685424949238,0,108.88817018926206
ta,65,2,123,24,5.0,34.23813663153998,-1.8533512792644842,0.565685424949238,0,108.88817018926206
ta,65,2,123,25,5.0,36.05551275463989,-1.7681918866447774,0.44956066981809384,0,108.88817018926206
ta,65,2,123,26,5.0,39.05124837953327,-1.6614562139956417,0.5685569981889047,0,108.88817018926206
ta,65,2,123,27,5.0,42.42640687119285,-1.5707963267948966,0.565685424949238,0,108.88817018926206
ta,65,2,123,28,5.0,44.9694340635948,-1.5157339314212264,0.5685569981889047,0,108.88817018926206
ta,65,2,123,29,5.0,35.531676008879735,-1.6704649792860586,0.44956066981809384,0,108.88817018926206
ta,65,2,123,30,5.0,38.890872965260115,-1.5707963267948966,0.565685424949238,0,108.88817018926206
ta,65,2,123,31,5.0,32.01562118716424,-1.6814535479687922,0.565685424949238,0,108.88817018926206
ta,65,2,123,32,5.0,35.35533905932738,-1.5707963267948966,0.482842712474619,0,108.88817018926206
ta,65,2,123,33,5.0,39.05124837953327,-1.4801364395941514,0.5685569981889047,0,108.88817018926206
ta,65,2,123,34,5.0,32.973474187595095,-1.4956691708841345,0.482842712474619,0,108.88817018926206
ta,65,2,123,35,5.0,9.86154146165801,1.317122230656254,0.44956066981809384,0,108.88817018926206
ta,65,2,123,36,5.0,7.0710678118654755,1.5707963267948966,0.44956066981809384,0,108.88817018926206
ta,65,2,123,37,5.0,5.0,0.7853981633974483,0.5685569981889047,0,108.88817018926206
ta,65,2,123,38,5.0,11.180339887498949,1.8925468811915387,0.482842712474619,0,108.88817018926206
ta,65,2,123,39,5.0,3.5355339059327378,1.5707963267948966,0.482842712474619,0,108.88817018926206
ta,65,2,123,40,5.0,7.905694150420948,2.0344439357957027,0.565685424949238,0,108.88817018926206
ta,65,2,123,41,5.0,3.5,-0.7853981633974483,0.565685424949238,0,108.88817018926206
ta,65,2,123,42,5.0,0.0,,0.44956066981809384,0,108.88817018926206
ta,65,2,123,43,5.0,5.0,2.356194490192345,0.5685569981889047,0,108.88817018926206
ta,65,2,123,44,5.0,10.0,2.356194490192345,0.565685424949238,0,108.88817018926206
ta,65,2,123,45,5.0,13.5,2.356194490192345,0.5685569981889047,0,108.88817018926206
ta,65,2,123,46,5.0,3.5355339059327378,-3.141592653589793,0.44956066981809384,0,108.88817018926206
ta,65,2,123,47,5.0,7.905694150420948,-3.6052402625905993,0.565685424949238,0,108.88817018926206
ta,65,2,123,48,5.0,5.0,-2.356194490192345,0.565685424949238,0,108.88817018926206
ta,65,2,123,50,5.0,11.180339887498949,-3.4633432079864352,0.565685424949238,0,108.88817018926206
ta,65,2,123,51,5.0,9.86154146165801,-2.8879185574511506,0.482842712474619,0,108.88817018926206
ta,65,2,123,52,5.0,38.82331773560833,-2.485341780320365,0.3276927682076162,0,108.88817018926206
ta,65,2,123,53,5.0,35.35533905932738,-2.498091544796509,0.44956066981809384,0,108.88817018926206
ta,65,2,123,54,5.0,35.0,-2.356194490192345,0.5685569981889047,0,108.88817018926206
ta,65,2,123,55,5.0,36.40054944640259,-2.6344941491974563,0.482842712474619,0,108.88817018926206
ta,65,2,123,56,5.0,32.59601202601324,-2.4329663814621227,0.482842712474619,0,108.88817018926206
ta,65,2,123,57,5.0,33.354160160315836,-2.5829933382462307,0.565685424949238,0,108.88817018926206
ta,65,2,123,58,5.0,30.20347662107791,-2.2400528633123544,0.565685424949238,0,108.88817018926206
ta,65,2,123,59,5.0,30.0,-2.356194490192345,0.44956066981809384,0,108.88817018926206
ta,65,2,123,60,5.0,30.4138126514911,-2.5213431676069717,0.5685569981889047,0,108.88817018926206
ta,65,2,123,61,5.0,31.622776601683793,-2.677945044588987,0.565685424949238,0,108.88817018926206
ta,65,2,123,62,5.0,32.89756829919196,-2.7790484163252858,0.5685569981889047,0,108.88817018926206
ta,65,2,123,63,5.0,27.613402542968153,-2.44685437739309,0.44956066981809384,0,108.88817018926206
ta,65,2,123,64,5.0,28.50438562747845,-2.6224465393432705,0.565685424949238,0,108.88817018926206
ta,65,2,123,65,5.0,25.0,-2.356194490192345,0.565685424949238,0,108.88817018926206
ta,65,2,123,67,5.0,26.92582403567252,-2.7367008673047097,0.565685424949238,0,108.88817018926206
ta,65,2,123,68,5.0,22.073740054644116,-2.584691129484207,0.482842712474619,0,108.88817018926206
ta,65,2,124,1,5.0,12.020815280171307,0.7853981633974483,0.3276927682076162,0,110.32295279795773
ta,65,2,124,2,5.0,9.86154146165801,0.5317240672588056,0.44956066981809384,0,110.32295279795773
ta,65,2,124,3,5.0,6.103277807866851,0.960070362405688,0.5685569981889047,0,110.32295279795773
ta,65,2,124,4,5.0,14.396180048887969,0.35470565201094034,0.482842712474619,0,110.32295279795773
ta,65,2,124,5,5.0,6.5,0.3947911196997615,0.482842712474619,0,110.32295279795773
ta,65,2,124,6,5.0,11.280514172678478,0.22347660114063303,0.565685424949238,0,110.32295279795773
ta,65,2,124,7,5.0,0.0,,0.565685424949238,0,110.32295279795773
ta,65,2,124,8,5.0,3.5,0.0,0.44956066981809384,1,110.32295279795773
ta,65,2,124,9,5.0,8.5,0.0,0.5685569981889047,0,110.32295279795773
ta,65,2,124,10,5.0,13.5,0.0,0.565685424949238,0,110.32295279795773
ta,65,2,124,11,5.0,17.0,0.0,0.5685569981889047,0,110.32295279795773
ta,65,2,124,12,5.0,6.5,-0.3947911196997615,0.44956066981809384,0,110.32295279795773
ta,65,2,124,13,5.0,11.280514172678478,-0.22347660114063303,0.565685424949238,0,110.32295279795773
ta,65,2,124,14,5.0,6.103277807866851,-0.960070362405688,0.565685424949238,0,110.32295279795773
ta,65,2,124,15,5.0,9.86154146165801,-0.5317240672588056,0.482842712474619,0,110.32295279795773
ta,65,2,124,16,5.0,14.396180048887969,-0.35470565201094034,0.5685569981889047,0,110.32295279795773
ta,65,2,124,17,5.0,12.020815280171307,-0.7853981633974483,0.482842712474619,0,110.32295279795773
ta,65,2,124,18,5.0,39.42714800743264,-1.3535028958718756,0.44956066981809384,0,110.32295279795773
ta,65,2,124,19,5.0,36.01735692690401,-1.3325515686161515,0.44956066981809384,0,110.32295279795773
ta,65,2,124,20,5.0,35.174564673923115,-1.4711276743037347,0.5685569981889047,0,110.32295279795773
ta,65,2,124,21,5.0,37.51333096380539,-1.202665555469733,0.482842712474619,0,110.32295279795773
ta,65,2,124,22,5.0,33.04920573932148,-1.3882364736639898,0.482842712474619,0,110.32295279795773
ta,65,2,124,23,5.0,34.311076928595526,-1.244437510088134,0.565685424949238,0,110.32295279795773
ta,65,2,124,24,5.0,30.0,-1.5707963267948966,0.565685424949238,0,110.32295279795773
ta,65,2,124,25,5.0,30.20347662107791,-1.4546546999149064,0.44956066981809384,0,110.32295279795773
ta,65,2,124,26,5.0,31.18092365533773,-1.2946993073994602,0.5685569981889047,0,110.32295279795773
ta,65,2,124,27,5.0,32.89756829919196,-1.1479424006619559,0.565685424949238,0,110.32295279795773
ta,65,2,124,28,5.0,34.48187929913333,-1.0552473193359175,0.5685569981889047,0,110.32295279795773
ta,65,2,124,29,5.0,28.146935890075138,-1.355980926393238,0.44956066981809384,0,110.32295279795773
ta,65,2,124,30,5.0,29.618406439239774,-1.1902899496825317,0.565685424949238,0,110.32295279795773
ta,65,2,124,31,5.0,25.243811122728676,-1.4317003853128254,0.565685424949238,0,110.32295279795773
ta,65,2,124,32,5.0,26.405491853021786,-1.2430578200143412,0.482842712474619,0,110.32295279795773
ta,65,2,124,33,5.0,28.412145290350743,-1.0756630633264925,0.5685569981889047,0,110.32295279795773
ta,65,2,124,34,5.0,23.119256043393783,-1.1943059923483736,0.482842712474619,0,110.32295279795773
ta,65,2,124,35,5.0,23.119256043393783,2.76510231914327,0.44956066981809384,0,110.32295279795773
ta,65,2,124,36,5.0,22.073740054644116,2.9130960142979307,0.44956066981809384,0,110.32295279795773
ta,65,2,124,37,5.0,17.240939649566666,2.8473580884786056,0.5685569981889047,0,110.32295279795773
ta,65,2,124,38,5.0,26.9675731203236,2.9551057519225763,0.482842712474619,0,110.32295279795773
ta,65,2,124,39,5.0,19.1637678967368,3.0107652575157364,0.482842712474619,0,110.32295279795773
ta,65,2,124,40,5.0,24.12985702402731,3.0378003131327502,0.565685424949238,0,110.32295279795773
ta,65,2,124,41,5.0,13.0,3.141592653589793,0.565685424949238,0,110.32295279795773
ta,65,2,124,43,5.0,21.5,3.141592653589793,0.565685424949238,0,110.32295279795773
ta,65,2,124,44,5.0,26.5,3.141592653589793,0.565685424949238,0,110.32295279795773
ta,65,2,124,45,5.0,30.0,3.141592653589793,0.5685569981889047,0,110.32295279795773
ta,65,2,124,46,5.0,19.1637678967368,-3.0107652575157364,0.44956066981809384,0,110.32295279795773
ta,65,2,124,47,5.0,24.12985702402731,-3.0378003131327502,0.565685424949238,0,110.32295279795773
ta,65,2,124,48,5.0,17.240939649566666,-2.8473580884786056,0.565685424949238,0,110.32295279795773
ta,65,2,124,49,5.0,22.073740054644116,-2.9130960142979307,0.482842712474619,0,110.32295279795773
ta,65,2,124,50,5.0,26.9675731203236,-2.9551057519225763,0.5685569981889047,0,110.32295279795773
ta,65,2,124,51,5.0,23.119256043393783,-2.76510231914327,0.482842712474619,0,110.32295279795773
ta,65,2,124,52,5.0,44.09648512069868,-2.0800974707969084,0.44956066981809384,0,110.32295279795773
ta,65,2,124,53,5.0,41.07614879708174,-2.121653861326613,0.44956066981809384,0,110.32295279795773
ta,65,2,124,54,5.0,38.69431482789171,-2.0113266674114096,0.5685569981889047,0,110.32295279795773
ta,65,2,124,55,5.0,43.900455578501685,-2.218853212725411,0.482842712474619,0,110.32295279795773
ta,65,2,124,56,5.0,37.646380968162134,-2.0998267978745453,0.482842712474619,0,110.32295279795773
ta,65,2,124,57,5.0,40.40111384603152,-2.2068718294986476,0.565685424949238,0,110.32295279795773
ta,65,2,124,58,5.0,32.69556544854363,-1.979704155745822,0.565685424949238,0,110.32295279795773
ta,65,2,124,59,5.0,34.23813663153998,-2.0736395377227574,0.44956066981809384,0,110.32295279795773
ta,65,2,124,60,5.0,36.908671067921155,-2.1926206146254863,0.5685569981889047,0,110.32295279795773
ta,65,2,124,61,5.0,40.02811511925087,-2.294326644327965,0.565685424949238,0,110.32295279795773
ta,65,2,124,62,5.0,42.42640687119285,-2.356194490192345,0.5685569981889047,0,110.32295279795773
ta,65,2,124,63,5.0,33.425289826716536,-2.1753949168883735,0.44956066981809384,0,110.32295279795773
ta,65,2,124,64,5.0,36.5,-2.288337667336041,0.565685424949238,0,110.32295279795773
ta,65,2,124,65,5.0,29.95413160150032,-2.1541693337887526,0.565685424949238,0,110.32295279795773
ta,65,2,124,67,5.0,36.43144246389374,-2.385312471699384,0.565685424949238,0,110.32295279795773
ta,65,2,124,68,5.0,30.405591591021544,-2.356194490192345,0.482842712474619,0,110.32295279795773
ta,65,2,125,1,5.0,9.86154146165801,1.039072259536091,0.44956066981809384,0,110.62730062404466
ta,65,2,125,2,5.0,7.0710678118654755,0.7853981633974483,0.44956066981809384,0,110.62730062404466
ta,65,2,125,3,5.0,5.0,1.5707963267948966,0.5685569981889047,0,110.62730062404466
ta,65,2,125,4,5.0,11.180339887498949,0.4636476090008061,0.482842712474619,0,110.62730062404466
ta,65,2,125,5,5.0,3.5355339059327378,0.7853981633974483,0.482842712474619,0,110.62730062404466
ta,65,2,125,6,5.0,7.905694150420948,0.3217505543966422,0.565685424949238,0,110.62730062404466
ta,65,2,125,8,5.0,0.0,,0.3276927682076162,0,110.62730062404466
ta,65,2,125,9,5.0,5.0,0.0,0.565685424949238,0,110.62730062404466
ta,65,2,125,10,5.0,10.0,0.0,0.565685424949238,0,110.62730062404466
ta,65,2,125,11,5.0,13.5,0.0,0.5685569981889047,0,110.62730062404466
ta,65,2,125,12,5.0,3.5355339059327378,-0.7853981633974483,0.44956066981809384,0,110.62730062404466
ta,65,2,125,13,5.0,7.905694150420948,-0.3217505543966422,0.565685424949238,0,110.62730062404466
ta,65,2,125,14,5.0,5.0,-1.5707963267948966,0.565685424949238,0,110.62730062404466
ta,65,2,125,15,5.0,7.0710678118654755,-0.7853981633974483,0.482842712474619,1,110.62730062404466
ta,65,2,125,16,5.0,11.180339887498949,-0.4636476090008061,0.5685569981889047,0,110.62730062404466
ta,65,2,125,17,5.0,9.86154146165801,-1.039072259536091,0.482842712474619,0,110.62730062404466
ta,65,2,125,18,5.0,38.82331773560833,-1.4416490366668766,0.44956066981809384,0,110.62730062404466
ta,65,2,125,19,5.0,35.35533905932738,-1.4288992721907328,0.44956066981809384,0,110.62730062404466
ta,65,2,125,20,5.0,35.0,-1.5707963267948966,0.5685569981889047,0,110.62730062404466
ta,65,2,125,21,5.0,36.40054944640259,-1.2924966677897853,0.482842712474619,0,110.62730062404466
ta,65,2,125,22,5.0,32.59601202601324,-1.4940244355251187,0.482842712474619,0,110.62730062404466
ta,65,2,125,23,5.0,33.354160160315836,-1.3439974787410107,0.565685424949238,0,110.62730062404466
ta,65,2,125,24,5.0,30.20347662107791,-1.6869379536748867,0.565685424949238,0,110.62730062404466
ta,65,2,125,25,5.0,30.0,-1.5707963267948966,0.44956066981809384,0,110.62730062404466
ta,65,2,125,26,5.0,30.4138126514911,-1.4056476493802699,0.5685569981889047,0,110.62730062404466
ta,65,2,125,27,5.0,31.622776601683793,-1.2490457723982544,0.565685424949238,0,110.62730062404466
ta,65,2,125,28,5.0,32.89756829919196,-1.1479424006619559,0.5685569981889047,0,110.62730062404466
ta,65,2,125,29,5.0,27.613402542968153,-1.4801364395941514,0.44956066981809384,0,110.62730062404466
ta,65,2,125,30,5.0,28.50438562747845,-1.3045442776439713,0.565685424949238,0,110.62730062404466
ta,65,2,125,31,5.0,25.0,-1.5707963267948966,0.565685424949238,0,110.62730062404466
ta,65,2,125,32,5.0,25.495097567963924,-1.373400766945016,0.482842712474619,0,110.62730062404466
ta,65,2,125,33,5.0,26.92582403567252,-1.1902899496825317,0.5685569981889047,0,110.62730062404466
ta,65,2,125,34,5.0,22.073740054644116,-1.3422996875030344,0.482842712474619,0,110.62730062404466
ta,65,2,125,35,5.0,26.405491853021786,2.8138541468092377,0.44956066981809384,0,110.62730062404466
ta,65,2,125,36,5.0,25.495097567963924,2.9441970937399127,0.44956066981809384,0,110.62730062404466
ta,65,2,125,37,5.0,20.615528128088304,2.896613990462929,0.5685569981889047,0,110.62730062404466
ta,65,2,125,38,5.0,30.4138126514911,2.976443976175166,0.482842712474619,0,110.62730062404466
ta,65,2,125,39,5.0,22.638462845343543,3.0309354324158977,0.482842712474619,0,110.62730062404466
ta,65,2,125,40,5.0,27.613402542968153,3.050932766389048,0.565685424949238,0,110.62730062404466
ta,65,2,125,41,5.0,16.5,3.141592653589793,0.565685424949238,0,110.62730062404466
ta,65,2,125,42,5.0,20.0,3.141592653589793,0.44956066981809384,0,110.62730062404466
ta,65,2,125,43,5.0,25.0,3.141592653589793,0.5685569981889047,0,110.62730062404466
ta,65,2,125,44,5.0,30.0,3.141592653589793,0.565685424949238,0,110.62730062404466
ta,65,2,125,45,5.0,33.5,3.141592653589793,0.5685569981889047,0,110.62730062404466
ta,65,2,125,46,5.0,22.638462845343543,-3.0309354324158977,0.44956066981809384,0,110.62730062404466
ta,65,2,125,47,5.0,27.613402542968153,-3.050932766389048,0.565685424949238,0,110.62730062404466
ta,65,2,125,48,5.0,20.615528128088304,-2.896613990462929,0.565685424949238,0,110.62730062404466
ta,65,2,125,49,5.0,25.495097567963924,-2.9441970937399127,0.482842712474619,0,110.62730062404466
ta,65,2,125,50,5.0,30.4138126514911,-2.976443976175166,0.5685569981889047,0,110.62730062404466
ta,65,2,125,51,5.0,26.405491853021786,-2.8138541468092377,0.482842712474619,0,110.62730062404466
ta,65,2,125,52,5.0,45.90479277809671,-2.1467149264132495,0.44956066981809384,0,110.62730062404466
ta,65,2,125,53,5.0,43.01162633521314,-2.191045812777718,0.44956066981809384,0,110.62730062404466
ta,65,2,125,54,5.0,40.311288741492746,-2.0899424410414196,0.5685569981889047,0,110.62730062404466
ta,65,2,125,55,5.0,46.09772228646444,-2.279422598922567,0.482842712474619,0,110.62730062404466
ta,65,2,125,56,5.0,39.528470752104745,-2.1763409903998667,0.482842712474619,0,110.62730062404466
ta,65,2,125,57,5.0,42.573465914816005,-2.2730532583039036,0.565685424949238,0,110.62730062404466
ta,65,2,125,58,5.0,34.23813663153998,-2.0736395377227574,0.565685424949238,0,110.62730062404466
ta,65,2,125,59,5.0,36.05551275463989,-2.158798930342464,0.44956066981809384,0,110.62730062404466
ta,65,2,125,60,5.0,39.05124837953327,-2.2655346029916,0.5685569981889047,0,110.62730062404466
ta,65,2,125,61,5.0,42.42640687119285,-2.356194490192345,0.565685424949238,0,110.62730062404466
ta,65,2,125,62,5.0,44.9694340635948,-2.411256885566015,0.5685569981889047,0,110.62730062404466
ta,65,2,125,63,5.0,35.531676008879735,-2.256525837701183,0.44956066981809384,0,110.62730062404466
ta,65,2,125,64,5.0,38.890872965260115,-2.356194490192345,0.565685424949238,0,110.62730062404466
ta,65,2,125,65,5.0,32.01562118716424,-2.2455372690184494,0.565685424949238,0,110.62730062404466
ta,65,2,125,66,5.0,35.35533905932738,-2.356194490192345,0.482842712474619,0,110.62730062404466
ta,65,2,125,67,5.0,39.05124837953327,-2.44685437739309,0.5685569981889047,0,110.62730062404466
ta,65,2,125,68,5.0,32.973474187595095,-2.431321646103107,0.482842712474619,0,110.62730062404466
ta,65,2,126,1,5.0,13.5,2.356194490192345,0.44956066981809384,0,111.242176085946
ta,65,2,126,2,5.0,10.0,2.356194490192345,0.44956066981809384,0,111.242176085946
ta,65,2,126,3,5.0,11.180339887498949,2.819842099193151,0.5685569981889047,0,111.242176085946
ta,65,2,126,4,5.0,11.180339887498949,1.8925468811915387,0.482842712474619,0,111.242176085946
ta,65,2,126,5,5.0,7.905694150420948,2.677945044588987,0.482842712474619,0,111.242176085946
ta,65,2,126,6,5.0,7.905694150420948,2.0344439357957027,0.565685424949238,0,111.242176085946
ta,65,2,126,9,5.0,5.0,2.356194490192345,0.482842712474619,0,111.242176085946
ta,65,2,126,10,5.0,7.0710678118654755,1.5707963267948966,0.565685424949238,0,111.242176085946
ta,65,2,126,11,5.0,9.86154146165801,1.317122230656254,0.5685569981889047,0,111.242176085946
ta,65,2,126,12,5.0,3.5355339059327378,3.141592653589793,0.44956066981809384,0,111.242176085946
ta,65,2,126,13,5.0,3.5355339059327378,1.5707963267948966,0.565685424949238,0,111.242176085946
ta,65,2,126,14,5.0,5.0,3.9269908169872414,0.565685424949238,0,111.242176085946
ta,65,2,126,15,5.0,0.0,,0.482842712474619,0,111.242176085946
ta,65,2,126,16,5.0,5.0,0.7853981633974483,0.5685569981889047,0,111.242176085946
ta,65,2,126,17,5.0,3.5,-0.7853981633974483,0.482842712474619,0,111.242176085946
ta,65,2,126,18,5.0,33.5,-0.7853981633974483,0.44956066981809384,0,111.242176085946
ta,65,2,126,19,5.0,30.0,-0.7853981633974483,0.44956066981809384,0,111.242176085946
ta,65,2,126,20,5.0,30.4138126514911,-0.9505468408120752,0.5685569981889047,0,111.242176085946
ta,65,2,126,21,5.0,30.4138126514911,-0.6202494859828216,0.482842712474619,0,111.242176085946
ta,65,2,126,22,5.0,27.613402542968153,-0.8760580505981934,0.482842712474619,0,111.242176085946
ta,65,2,126,23,5.0,27.613402542968153,-0.6947382761967031,0.565685424949238,0,111.242176085946
ta,65,2,126,24,5.0,26.405491853021786,-1.1131366701780039,0.565685424949238,0,111.242176085946
ta,65,2,126,25,5.0,25.495097567963924,-0.9827937232473292,0.44956066981809384,0,111.242176085946
ta,65,2,126,26,5.0,25.0,-0.7853981633974483,0.5685569981889047,0,111.242176085946
ta,65,2,126,27,5.0,25.495097567963924,-0.5880026035475676,0.565685424949238,0,111.242176085946
ta,65,2,126,28,5.0,26.405491853021786,-0.4576596566168929,0.5685569981889047,0,111.242176085946
ta,65,2,126,29,5.0,22.638462845343543,-0.8960553845713439,0.44956066981809384,0,111.242176085946
ta,65,2,126,30,5.0,22.638462845343543,-0.6747409422235526,0.565685424949238,0,111.242176085946
ta,65,2,126,31,5.0,20.615528128088304,-1.0303768265243125,0.565685424949238,0,111.242176085946
ta,65,2,126,32,5.0,20.0,-0.7853981633974483,0.482842712474619,1,111.242176085946
ta,65,2,126,33,5.0,20.615528128088304,-0.5404195002705843,0.5685569981889047,0,111.242176085946
ta,65,2,126,34,5.0,16.5,-0.7853981633974483,0.482842712474619,0,111.242176085946
ta,65,2,126,35,5.0,32.89756829919196,3.504136890854301,0.44956066981809384,0,111.242176085946
ta,65,2,126,36,5.0,31.622776601683793,3.6052402625905993,0.44956066981809384,0,111.242176085946
ta,65,2,126,37,5.0,26.92582403567252,3.5464844398748765,0.5685569981889047,0,111.242176085946
ta,65,2,126,38,5.0,36.40054944640259,3.64869115798213,0.482842712474619,0,111.242176085946
ta,65,2,126,39,5.0,28.50438562747845,3.660738767836316,0.482842712474619,0,111.242176085946
ta,65,2,126,40,5.0,33.354160160315836,3.7001919689333556,0.565685424949238,0,111.242176085946
ta,65,2,126,41,5.0,22.073740054644116,3.698494177695379,0.565685424949238,0,111.242176085946
ta,65,2,126,42,5.0,25.495097567963924,3.729595257137361,0.44956066981809384,0,111.242176085946
ta,65,2,126,43,5.0,30.4138126514911,3.7618421395726145,0.5685569981889047,0,111.242176085946
ta,65,2,126,44,5.0,35.35533905932738,3.7850937623830774,0.565685424949238,0,111.242176085946
ta,65,2,126,45,5.0,38.82331773560833,3.7978435268592214,0.5685569981889047,0,111.242176085946
ta,65,2,126,46,5.0,27.613402542968153,3.8363309297864965,0.44956066981809384,0,111.242176085946
ta,65,2,126,47,5.0,32.59601202601324,3.8502189257174635,0.565685424949238,0,111.242176085946
ta,65,2,126,48,5.0,25.0,3.9269908169872414,0.565685424949238,0,111.242176085946
ta,65,2,126,49,5.0,30.0,3.9269908169872414,0.482842712474619,0,111.242176085946
ta,65,2,126,50,5.0,35.0,3.9269908169872414,0.5685569981889047,0,111.242176085946
ta,65,2,126,51,5.0,30.20347662107791,-2.240052863312355,0.482842712474619,0,111.242176085946
ta,65,2,126,52,5.0,44.9694340635948,-1.5157339314212264,0.44956066981809384,0,111.242176085946
ta,65,2,126,53,5.0,42.42640687119285,-1.5707963267948966,0.44956066981809384,0,111.242176085946
ta,65,2,126,54,5.0,39.05124837953327,-1.4801364395941516,0.5685569981889047,0,111.242176085946
ta,65,2,126,55,5.0,46.09772228646444,-1.647568218064675,0.482842712474619,0,111.242176085946
ta,65,2,126,56,5.0,38.890872965260115,-1.5707963267948966,0.482842712474619,0,111.242176085946
ta,65,2,126,57,5.0,42.573465914816005,-1.6539375586833378,0.565685424949238,0,111.242176085946
ta,65,2,126,58,5.0,32.973474187595095,-1.4956691708841348,0.565685424949238,0,111.242176085946
ta,65,2,126,59,5.0,35.35533905932738,-1.5707963267948966,0.44956066981809384,0,111.242176085946
ta,65,2,126,60,5.0,39.05124837953327,-1.661456213995642,0.5685569981889047,0,111.242176085946
ta,65,2,126,61,5.0,43.01162633521314,-1.7359450042095235,0.565685424949238,0,111.242176085946
ta,65,2,126,62,5.0,45.90479277809671,-1.780275890573992,0.5685569981889047,0,111.242176085946
ta,65,2,126,63,5.0,35.531676008879735,-1.6704649792860589,0.44956066981809384,0,111.242176085946
ta,65,2,126,64,5.0,39.528470752104745,-1.7506498265873751,0.565685424949238,0,111.242176085946
ta,65,2,126,65,5.0,32.01562118716424,-1.6814535479687924,0.565685424949238,0,111.242176085946
ta,65,2,126,66,5.0,36.05551275463989,-1.7681918866447774,0.482842712474619,0,111.242176085946
ta,65,2,126,67,5.0,40.311288741492746,-1.8370483759458218,0.5685569981889047,0,111.242176085946
ta,65,2,126,68,5.0,34.23813663153998,-1.853351279264484,0.482842712474619,0,111.242176085946
ta,65,2,127,1,5.0,33.5,3.141592653589793,0.44956066981809384,0,112.98130652072862
ta,65,2,127,2,5.0,30.0,3.141592653589793,0.44956066981809384,0,112.98130652072862
ta,65,2,127,3,5.0,30.4138126514911,3.30674133100442,0.5685569981889047,0,112.98130652072862
ta,65,2,127,4,5.0,30.4138126514911,2.976443976175166,0.482842712474619,0,112.98130652072862
ta,65,2,127,5,5.0,27.613402542968153,3.2322525407905385,0.482842712474619,0,112.98130652072862
ta,65,2,127,6,5.0,27.613402542968153,3.0509327663890478,0.565685424949238,0,112.98130652072862
ta,65,2,127,7,5.0,26.405491853021786,3.4693311603703485,0.565685424949238,0,112.98130652072862
ta,65,2,127,9,5.0,25.0,3.141592653589793,0.565685424949238,0,112.98130652072862
ta,65,2,127,10,5.0,25.495097567963924,2.9441970937399127,0.565685424949238,0,112.98130652072862
ta,65,2,127,11,5.0,26.405491853021786,2.8138541468092377,0.5685569981889047,0,112.98130652072862
ta,65,2,127,12,5.0,22.638462845343543,3.252249874763689,0.44956066981809384,0,112.98130652072862
ta,65,2,127,13,5.0,22.638462845343543,3.0309354324158972,0.565685424949238,0,112.98130652072862
ta,65,2,127,14,5.0,20.615528128088304,3.3865713167166573,0.565685424949238,0,112.98130652072862
ta,65,2,127,16,5.0,20.615528128088304,2.896613990462929,0.565685424949238,0,112.98130652072862
ta,65,2,127,17,5.0,16.5,3.141592653589793,0.482842712474619,0,112.98130652072862
ta,65,2,127,18,5.0,13.5,0.0,0.3276927682076162,0,112.98130652072862
ta,65,2,127,19,5.0,10.0,0.0,0.44956066981809384,0,112.98130652072862
ta,65,2,127,20,5.0,11.180339887498949,-0.46364760900080615,0.5685569981889047,0,112.98130652072862
ta,65,2,127,21,5.0,11.180339887498949,0.46364760900080615,0.482842712474619,0,112.98130652072862
ta,65,2,127,22,5.0,7.905694150420948,-0.32175055439664235,0.482842712474619,0,112.98130652072862
ta,65,2,127,23,5.0,7.905694150420948,0.32175055439664213,0.565685424949238,0,112.98130652072862
ta,65,2,127,24,5.0,9.86154146165801,-1.0390722595360913,0.565685424949238,0,112.98130652072862
ta,65,2,127,25,5.0,7.0710678118654755,-0.7853981633974483,0.44956066981809384,1,112.98130652072862
ta,65,2,127,26,5.0,5.0,0.0,0.5685569981889047,0,112.98130652072862
ta,65,2,127,27,5.0,7.0710678118654755,0.7853981633974483,0.565685424949238,0,112.98130652072862
ta,65,2,127,28,5.0,9.86154146165801,1.0390722595360908,0.5685569981889047,0,112.98130652072862
ta,65,2,127,29,5.0,3.5355339059327378,-0.7853981633974483,0.44956066981809384,0,112.98130652072862
ta,65,2,127,30,5.0,3.5355339059327378,0.7853981633974483,0.565685424949238,0,112.98130652072862
ta,65,2,127,31,5.0,5.0,4.71238898038469,0.565685424949238,0,112.98130652072862
ta,65,2,127,32,5.0,0.0,,0.482842712474619,0,112.98130652072862
ta,65,2,127,33,5.0,5.0,1.5707963267948966,0.5685569981889047,0,112.98130652072862
ta,65,2,127,34,5.0,3.5,3.141592653589793,0.482842712474619,0,112.98130652072862
ta,65,2,127,35,5.0,44.9694340635948,3.871928421613571,0.44956066981809384,0,112.98130652072862
ta,65,2,127,36,5.0,42.42640687119285,3.9269908169872414,0.44956066981809384,0,112.98130652072862
ta,65,2,127,37,5.0,39.05124837953327,3.8363309297864965,0.5685569981889047,0,112.98130652072862
ta,65,2,127,38,5.0,46.09772228646444,4.003762708257019,0.482842712474619,0,112.98130652072862
ta,65,2,127,39,5.0,38.890872965260115,3.9269908169872414,0.482842712474619,0,112.98130652072862
ta,65,2,127,40,5.0,42.573465914816005,4.010132048875683,0.565685424949238,0,112.98130652072862
ta,65,2,127,41,5.0,32.973474187595095,3.8518636610764796,0.565685424949238,0,112.98130652072862
ta,65,2,127,42,5.0,35.35533905932738,3.9269908169872414,0.44956066981809384,0,112.98130652072862
ta,65,2,127,43,5.0,39.05124837953327,4.017650704187987,0.5685569981889047,0,112.98130652072862
ta,65,2,127,44,5.0,43.01162633521314,4.092139494401868,0.565685424949238,0,112.98130652072862
ta,65,2,127,45,5.0,45.90479277809671,4.136470380766337,0.5685569981889047,0,112.98130652072862
ta,65,2,127,46,5.0,35.531676008879735,4.026659469478403,0.44956066981809384,0,112.98130652072862
ta,65,2,127,47,5.0,39.528470752104745,4.1068443167797195,0.565685424949238,0,112.98130652072862
ta,65,2,127,48,5.0,32.01562118716424,4.037648038161137,0.565685424949238,0,112.98130652072862
ta,65,2,127,49,5.0,36.05551275463989,4.124386376837123,0.482842712474619,0,112.98130652072862
ta,65,2,127,50,5.0,40.311288741492746,4.193242866138167,0.5685569981889047,0,112.98130652072862
ta,65,2,127,51,5.0,34.23813663153998,4.209545769456829,0.482842712474619,0,112.98130652072862
ta,65,2,127,52,5.0,32.89756829919196,-1.147942400661956,0.44956066981809384,0,112.98130652072862
ta,65,2,127,53,5.0,31.622776601683793,-1.2490457723982544,0.44956066981809384,0,112.98130652072862
ta,65,2,127,54,5.0,26.92582403567252,-1.1902899496825317,0.5685569981889047,0,112.98130652072862
ta,65,2,127,55,5.0,36.40054944640259,-1.2924966677897851,0.482842712474619,0,112.98130652072862
ta,65,2,127,56,5.0,28.50438562747845,-1.3045442776439713,0.482842712474619,0,112.98130652072862
ta,65,2,127,57,5.0,33.354160160315836,-1.3439974787410107,0.565685424949238,0,112.98130652072862
ta,65,2,127,58,5.0,22.073740054644116,-1.3422996875030342,0.565685424949238,0,112.98130652072862
ta,65,2,127,59,5.0,25.495097567963924,-1.3734007669450161,0.44956066981809384,0,112.98130652072862
ta,65,2,127,60,5.0,30.4138126514911,-1.4056476493802696,0.5685569981889047,0,112.98130652072862
ta,65,2,127,61,5.0,35.35533905932738,-1.4288992721907325,0.565685424949238,0,112.98130652072862
ta,65,2,127,62,5.0,38.82331773560833,-1.4416490366668766,0.5685569981889047,0,112.98130652072862
ta,65,2,127,63,5.0,27.613402542968153,-1.4801364395941516,0.44956066981809384,0,112.98130652072862
ta,65,2,127,64,5.0,32.59601202601324,-1.4940244355251187,0.565685424949238,0,112.98130652072862
ta,65,2,127,65,5.0,25.0,4.71238898038469,0.565685424949238,0,112.98130652072862
ta,65,2,127,66,5.0,30.0,4.71238898038469,0.482842712474619,0,112.98130652072862
ta,65,2,127,67,5.0,35.0,4.71238898038469,0.5685569981889047,0,112.98130652072862
ta,65,2,127,68,5.0,30.20347662107791,4.596247353504699,0.482842712474619,0,112.98130652072862
ta,65,2,128,1,5.0,38.82331773560833,3.7978435268592214,0.44956066981809384,0,113.59618198262996
ta,65,2,128,2,5.0,35.35533905932738,3.7850937623830774,0.44956066981809384,0,113.59618198262996
ta,65,2,128,3,5.0,35.0,3.9269908169872414,0.5685569981889047,0,113.59618198262996
ta,65,2,128,4,5.0,36.40054944640259,3.64869115798213,0.482842712474619,0,113.59618198262996
ta,65,2,128,5,5.0,32.59601202601324,3.8502189257174635,0.482842712474619,0,113.59618198262996
ta,65,2,128,6,5.0,33.354160160315836,3.7001919689333556,0.565685424949238,0,113.59618198262996
ta,65,2,128,7,5.0,30.20347662107791,4.043132443867232,0.565685424949238,0,113.59618198262996
ta,65,2,128,9,5.0,30.4138126514911,3.7618421395726145,0.565685424949238,0,113.59618198262996
ta,65,2,128,10,5.0,31.622776601683793,3.6052402625905993,0.565685424949238,0,113.59618198262996
ta,65,2,128,11,5.0,32.89756829919196,3.5041368908543005,0.5685569981889047,0,113.59618198262996
ta,65,2,128,12,5.0,27.613402542968153,3.836330929786496,0.44956066981809384,0,113.59618198262996
ta,65,2,128,13,5.0,28.50438562747845,3.660738767836316,0.565685424949238,0,113.59618198262996
ta,65,2,128,14,5.0,25.0,3.9269908169872414,0.565685424949238,0,113.59618198262996
ta,65,2,128,15,5.0,25.495097567963924,3.729595257137361,0.482842712474619,0,113.59618198262996
ta,65,2,128,16,5.0,26.92582403567252,3.5464844398748765,0.5685569981889047,0,113.59618198262996
ta,65,2,128,17,5.0,22.073740054644116,3.6984941776953795,0.482842712474619,0,113.59618198262996
ta,65,2,128,18,5.0,9.86154146165801,1.3171222306562538,0.44956066981809384,0,113.59618198262996
ta,65,2,128,19,5.0,7.0710678118654755,1.5707963267948966,0.44956066981809384,0,113.59618198262996
ta,65,2,128,20,5.0,5.0,0.7853981633974483,0.5685569981889047,0,113.59618198262996
ta,65,2,128,21,5.0,11.180339887498949,1.8925468811915387,0.482842712474619,0,113.59618198262996
ta,65,2,128,22,5.0,3.5355339059327378,1.5707963267948966,0.482842712474619,0,113.59618198262996
ta,65,2,128,23,5.0,7.905694150420948,2.0344439357957027,0.565685424949238,0,113.59618198262996
ta,65,2,128,24,5.0,3.5,5.497787143782138,0.565685424949238,0,113.59618198262996
ta,65,2,128,25,5.0,0.0,,0.44956066981809384,0,113.59618198262996
ta,65,2,128,26,5.0,5.0,2.356194490192345,0.5685569981889047,0,113.59618198262996
ta,65,2,128,27,5.0,10.0,2.356194490192345,0.565685424949238,0,113.59618198262996
ta,65,2,128,28,5.0,13.5,2.356194490192345,0.5685569981889047,0,113.59618198262996
ta,65,2,128,29,5.0,3.5355339059327378,3.141592653589793,0.44956066981809384,0,113.59618198262996
ta,65,2,128,30,5.0,7.905694150420948,2.677945044588987,0.565685424949238,0,113.59618198262996
ta,65,2,128,31,5.0,5.0,3.9269908169872414,0.565685424949238,0,113.59618198262996
ta,65,2,128,33,5.0,11.180339887498949,2.819842099193151,0.565685424949238,0,113.59618198262996
ta,65,2,128,34,5.0,9.86154146165801,3.395266749728436,0.482842712474619,0,113.59618198262996
ta,65,2,128,35,5.0,45.90479277809671,4.502909416605594,0.3276927682076162,0,113.59618198262996
ta,65,2,128,36,5.0,43.01162633521314,4.547240302970063,0.44956066981809384,0,113.59618198262996
ta,65,2,128,37,5.0,40.311288741492746,4.446136931233765,0.5685569981889047,0,113.59618198262996
ta,65,2,128,38,5.0,46.09772228646444,4.635617089114912,0.482842712474619,0,113.59618198262996
ta,65,2,128,39,5.0,39.528470752104745,4.532535480592212,0.482842712474619,0,113.59618198262996
ta,65,2,128,40,5.0,42.573465914816005,4.629247748496248,0.565685424949238,0,113.59618198262996
ta,65,2,128,41,5.0,34.23813663153998,4.429834027915103,0.565685424949238,0,113.59618198262996
ta,65,2,128,42,5.0,36.05551275463989,4.514993420534809,0.44956066981809384,0,113.59618198262996
ta,65,2,128,43,5.0,39.05124837953327,4.621729093183944,0.5685569981889047,0,113.59618198262996
ta,65,2,128,44,5.0,42.42640687119285,4.71238898038469,0.565685424949238,0,113.59618198262996
ta,65,2,128,45,5.0,44.9694340635948,4.76745137575836,0.5685569981889047,0,113.59618198262996
ta,65,2,128,46,5.0,35.531676008879735,4.612720327893528,0.44956066981809384,0,113.59618198262996
ta,65,2,128,47,5.0,38.890872965260115,4.71238898038469,0.565685424949238,0,113.59618198262996
ta,65,2,128,48,5.0,32.01562118716424,4.601731759210795,0.565685424949238,0,113.59618198262996
ta,65,2,128,49,5.0,35.35533905932738,4.71238898038469,0.482842712474619,0,113.59618198262996
ta,65,2,128,50,5.0,39.05124837953327,4.803048867585435,0.5685569981889047,0,113.59618198262996
ta,65,2,128,51,5.0,32.973474187595095,4.7875161362954515,0.482842712474619,0,113.59618198262996
ta,65,2,128,52,5.0,26.405491853021786,-0.4576596566168929,0.44956066981809384,0,113.59618198262996
ta,65,2,128,53,5.0,25.495097567963924,-0.5880026035475678,0.44956066981809384,0,113.59618198262996
ta,65,2,128,54,5.0,20.615528128088304,-0.540419500270584,0.5685569981889047,0,113.59618198262996
ta,65,2,128,55,5.0,30.4138126514911,-0.6202494859828214,0.482842712474619,0,113.59618198262996
ta,65,2,128,56,5.0,22.638462845343543,-0.6747409422235529,0.482842712474619,0,113.59618198262996
ta,65,2,128,57,5.0,27.613402542968153,-0.6947382761967034,0.565685424949238,0,113.59618198262996
ta,65,2,128,58,5.0,16.5,5.497787143782138,0.565685424949238,1,113.59618198262996
ta,65,2,128,59,5.0,20.0,5.497787143782138,0.44956066981809384,0,113.59618198262996
ta,65,2,128,60,5.0,25.0,5.497787143782138,0.5685569981889047,0,113.59618198262996
ta,65,2,128,61,5.0,30.0,5.497787143782138,0.565685424949238,0,113.59618198262996
ta,65,2,128,62,5.0,33.5,5.497787143782138,0.5685569981889047,0,113.59618198262996
ta,65,2,128,63,5.0,22.638462845343543,5.387129922608242,0.44956066981809384,0,113.59618198262996
ta,65,2,128,64,5.0,27.613402542968153,5.4071272565813935,0.565685424949238,0,113.59618198262996
ta,65,2,128,65,5.0,20.615528128088304,5.252808480655274,0.565685424949238,0,113.59618198262996
ta,65,2,128,66,5.0,25.495097567963924,5.3003915839322575,0.482842712474619,0,113.59618198262996
ta,65,2,128,67,5.0,30.4138126514911,5.332638466367511,0.5685569981889047,0,113.59618198262996
ta,65,2,128,68,5.0,26.405491853021786,5.170048637001583,0.482842712474619,0,113.59618198262996
ta,65,2,129,1,5.0,44.09648512069868,-2.0800974707969084,0.44956066981809384,0,115.03096459132564
ta,65,2,129,2,5.0,41.07614879708174,-2.121653861326613,0.44956066981809384,0,115.03096459132564
ta,65,2,129,3,5.0,38.69431482789171,-2.0113266674114096,0.5685569981889047,0,115.03096459132564
ta,65,2,129,4,5.0,43.900455578501685,-2.218853212725411,0.482842712474619,0,115.03096459132564
ta,65,2,129,5,5.0,37.646380968162134,-2.0998267978745453,0.482842712474619,0,115.03096459132564
ta,65,2,129,6,5.0,40.40111384603152,-2.2068718294986476,0.565685424949238,0,115.03096459132564
ta,65,2,129,7,5.0,32.69556544854363,-1.979704155745822,0.565685424949238,0,115.03096459132564
ta,65,2,129,9,5.0,36.908671067921155,-2.1926206146254863,0.565685424949238,0,115.03096459132564
ta,65,2,129,10,5.0,40.02811511925087,-2.2943266443279646,0.565685424949238,0,115.03096459132564
ta,65,2,129,11,5.0,42.42640687119285,-2.356194490192345,0.5685569981889047,0,115.03096459132564
ta,65,2,129,12,5.0,33.425289826716536,-2.1753949168883735,0.44956066981809384,0,115.03096459132564
ta,65,2,129,13,5.0,36.5,-2.288337667336041,0.565685424949238,0,115.03096459132564
ta,65,2,129,14,5.0,29.95413160150032,-2.1541693337887526,0.565685424949238,0,115.03096459132564
ta,65,2,129,15,5.0,32.973474187595095,-2.2810673342815826,0.482842712474619,0,115.03096459132564
ta,65,2,129,16,5.0,36.43144246389374,-2.3853124716993834,0.5685569981889047,0,115.03096459132564
ta,65,2,129,17,5.0,30.405591591021544,-2.356194490192345,0.482842712474619,0,115.03096459132564
ta,65,2,129,18,5.0,23.119256043393783,-3.518082988036316,0.44956066981809384,0,115.03096459132564
ta,65,2,129,19,5.0,22.073740054644116,-3.3700892928816555,0.44956066981809384,0,115.03096459132564
ta,65,2,129,20,5.0,17.240939649566666,-3.435827218700981,0.5685569981889047,0,115.03096459132564
ta,65,2,129,21,5.0,26.9675731203236,-3.32807955525701,0.482842712474619,0,115.03096459132564
ta,65,2,129,22,5.0,19.1637678967368,-3.2724200496638502,0.482842712474619,0,115.03096459132564
ta,65,2,129,23,5.0,24.12985702402731,-3.245384994046836,0.565685424949238,0,115.03096459132564
ta,65,2,129,24,5.0,13.0,-3.141592653589793,0.565685424949238,0,115.03096459132564
ta,65,2,129,26,5.0,21.5,-3.141592653589793,0.565685424949238,0,115.03096459132564
ta,65,2,129,27,5.0,26.5,-3.141592653589793,0.565685424949238,0,115.03096459132564
ta,65,2,129,28,5.0,30.0,-3.141592653589793,0.5685569981889047,0,115.03096459132564
ta,65,2,129,29,5.0,19.1637678967368,-3.010765257515736,0.44956066981809384,0,115.03096459132564
ta,65,2,129,30,5.0,24.12985702402731,-3.0378003131327502,0.565685424949238,0,115.03096459132564
ta,65,2,129,31,5.0,17.240939649566666,-2.847358088478605,0.565685424949238,0,115.03096459132564
ta,65,2,129,32,5.0,22.073740054644116,-2.9130960142979307,0.482842712474619,0,115.03096459132564
ta,65,2,129,33,5.0,26.9675731203236,-2.9551057519225763,0.5685569981889047,0,115.03096459132564
ta,65,2,129,34,5.0,23.119256043393783,-2.76510231914327,0.482842712474619,0,115.03096459132564
ta,65,2,129,35,5.0,39.42714800743264,-1.3535028958718753,0.44956066981809384,0,115.03096459132564
ta,65,2,129,36,5.0,36.01735692690401,-1.3325515686161515,0.44956066981809384,0,115.03096459132564
ta,65,2,129,37,5.0,35.174564673923115,-1.4711276743037345,0.5685569981889047,0,115.03096459132564
ta,65,2,129,38,5.0,37.51333096380539,-1.202665555469733,0.482842712474619,0,115.03096459132564
ta,65,2,129,39,5.0,33.04920573932148,-1.3882364736639896,0.482842712474619,0,115.03096459132564
ta,65,2,129,40,5.0,34.311076928595526,-1.2444375100881337,0.565685424949238,0,115.03096459132564
ta,65,2,129,41,5.0,30.0,-1.5707963267948966,0.565685424949238,0,115.03096459132564
ta,65,2,129,42,5.0,30.20347662107791,-1.4546546999149064,0.44956066981809384,0,115.03096459132564
ta,65,2,129,43,5.0,31.18092365533773,-1.29469930739946,0.5685569981889047,0,115.03096459132564
ta,65,2,129,44,5.0,32.89756829919196,-1.1479424006619559,0.565685424949238,0,115.03096459132564
ta,65,2,129,45,5.0,34.48187929913333,-1.0552473193359173,0.5685569981889047,0,115.03096459132564
ta,65,2,129,46,5.0,28.146935890075138,-1.3559809263932379,0.44956066981809384,0,115.03096459132564
ta,65,2,129,47,5.0,29.618406439239774,-1.1902899496825317,0.565685424949238,0,115.03096459132564
ta,65,2,129,48,5.0,25.243811122728676,-1.4317003853128252,0.565685424949238,0,115.03096459132564
ta,65,2,129,49,5.0,26.405491853021786,-1.243057820014341,0.482842712474619,0,115.03096459132564
ta,65,2,129,50,5.0,28.412145290350743,-1.0756630633264925,0.5685569981889047,0,115.03096459132564
ta,65,2,129,51,5.0,23.119256043393783,-1.1943059923483736,0.482842712474619,0,115.03096459132564
ta,65,2,129,52,5.0,12.020815280171307,-5.497787143782138,0.44956066981809384,0,115.03096459132564
ta,65,2,129,53,5.0,9.86154146165801,-5.751461239920781,0.44956066981809384,0,115.03096459132564
ta,65,2,129,54,5.0,6.103277807866851,-5.323114944773899,0.5685569981889047,0,115.03096459132564
ta,65,2,129,55,5.0,14.396180048887969,-5.928479655168646,0.482842712474619,0,115.03096459132564
ta,65,2,129,56,5.0,6.5,-5.888394187479825,0.482842712474619,0,115.03096459132564
ta,65,2,129,57,5.0,11.280514172678478,-6.059708706038953,0.565685424949238,0,115.03096459132564
ta,65,2,129,58,5.0,0.0,,0.565685424949238,0,115.03096459132564
ta,65,2,129,59,5.0,3.5,0.0,0.44956066981809384,1,115.03096459132564
ta,65,2,129,60,5.0,8.5,0.0,0.5685569981889047,0,115.03096459132564
ta,65,2,129,61,5.0,13.5,0.0,0.565685424949238,0,115.03096459132564
ta,65,2,129,62,5.0,17.0,0.0,0.5685569981889047,0,115.03096459132564
ta,65,2,129,63,5.0,6.5,-0.39479111969976133,0.44956066981809384,0,115.03096459132564
ta,65,2,129,64,5.0,11.280514172678478,-0.22347660114063306,0.565685424949238,0,115.03096459132564
ta,65,2,129,65,5.0,6.103277807866851,-0.9600703624056877,0.565685424949238,0,115.03096459132564
ta,65,2,129,66,5.0,9.86154146165801,-0.5317240672588053,0.482842712474619,0,115.03096459132564
ta,65,2,129,67,5.0,14.396180048887969,-0.3547056520109404,0.5685569981889047,0,115.03096459132564
ta,65,2,129,68,5.0,12.020815280171307,-0.7853981633974483,0.482842712474619,0,115.03096459132564
ta,65,2,130,1,5.0,45.90479277809671,-2.1467149264132495,0.44956066981809384,0,115.33531241741258
ta,65,2,130,2,5.0,43.01162633521314,-2.191045812777718,0.44956066981809384,0,115.33531241741258
ta,65,2,130,3,5.0,40.311288741492746,-2.089942441041419,0.5685569981889047,0,115.33531241741258
ta,65,2,130,4,5.0,46.09772228646444,-2.279422598922567,0.482842712474619,0,115.33531241741258
ta,65,2,130,5,5.0,39.528470752104745,-2.1763409903998667,0.482842712474619,0,115.33531241741258
ta,65,2,130,6,5.0,42.573465914816005,-2.2730532583039036,0.565685424949238,0,115.33531241741258
ta,65,2,130,7,5.0,34.23813663153998,-2.073639537722757,0.565685424949238,0,115.33531241741258
ta,65,2,130,8,5.0,36.05551275463989,-2.158798930342464,0.44956066981809384,0,115.33531241741258
ta,65,2,130,9,5.0,39.05124837953327,-2.2655346029915995,0.5685569981889047,0,115.33531241741258
ta,65,2,130,10,5.0,42.42640687119285,-2.356194490192345,0.565685424949238,0,115.33531241741258
ta,65,2,130,11,5.0,44.9694340635948,-2.411256885566015,0.5685569981889047,0,115.33531241741258
ta,65,2,130,12,5.0,35.531676008879735,-2.256525837701183,0.44956066981809384,0,115.33531241741258
ta,65,2,130,13,5.0,38.890872965260115,-2.356194490192345,0.565685424949238,0,115.33531241741258
ta,65,2,130,14,5.0,32.01562118716424,-2.245537269018449,0.565685424949238,0,115.33531241741258
ta,65,2,130,15,5.0,35.35533905932738,-2.356194490192345,0.482842712474619,0,115.33531241741258
ta,65,2,130,16,5.0,39.05124837953327,-2.44685437739309,0.5685569981889047,0,115.33531241741258
ta,65,2,130,17,5.0,32.973474187595095,-2.4313216461031066,0.482842712474619,0,115.33531241741258
ta,65,2,130,18,5.0,26.405491853021786,-3.4693311603703485,0.44956066981809384,0,115.33531241741258
ta,65,2,130,19,5.0,25.495097567963924,-3.338988213439674,0.44956066981809384,0,115.33531241741258
ta,65,2,130,20,5.0,20.615528128088304,-3.3865713167166573,0.5685569981889047,0,115.33531241741258
ta,65,2,130,21,5.0,30.4138126514911,-3.30674133100442,0.482842712474619,0,115.33531241741258
ta,65,2,130,22,5.0,22.638462845343543,-3.252249874763689,0.482842712474619,0,115.33531241741258
ta,65,2,130,23,5.0,27.613402542968153,-3.232252540790538,0.565685424949238,0,115.33531241741258
ta,65,2,130,24,5.0,16.5,-3.141592653589793,0.565685424949238,0,115.33531241741258
ta,65,2,130,25,5.0,20.0,-3.141592653589793,0.44956066981809384,0,115.33531241741258
ta,65,2,130,26,5.0,25.0,-3.141592653589793,0.5685569981889047,0,115.33531241741258
ta,65,2,130,27,5.0,30.0,-3.141592653589793,0.565685424949238,0,115.33531241741258
ta,65,2,130,28,5.0,33.5,-3.141592653589793,0.5685569981889047,0,115.33531241741258
ta,65,2,130,29,5.0,22.638462845343543,-3.0309354324158972,0.44956066981809384,0,115.33531241741258
ta,65,2,130,30,5.0,27.613402542968153,-3.050932766389048,0.565685424949238,0,115.33531241741258
ta,65,2,130,31,5.0,20.615528128088304,-2.896613990462929,0.565685424949238,0,115.33531241741258
ta,65,2,130,32,5.0,25.495097567963924,-2.9441970937399122,0.482842712474619,0,115.33531241741258
ta,65,2,130,33,5.0,30.4138126514911,-2.976443976175166,0.5685569981889047,0,115.33531241741258
ta,65,2,130,34,5.0,26.405491853021786,-2.8138541468092377,0.482842712474619,0,115.33531241741258
ta,65,2,130,35,5.0,38.82331773560833,-1.4416490366668764,0.44956066981809384,0,115.33531241741258
ta,65,2,130,36,5.0,35.35533905932738,-1.4288992721907325,0.44956066981809384,0,115.33531241741258
ta,65,2,130,37,5.0,35.0,-1.5707963267948966,0.5685569981889047,0,115.33531241741258
ta,65,2,130,38,5.0,36.40054944640259,-1.2924966677897851,0.482842712474619,0,115.33531241741258
ta,65,2,130,39,5.0,32.59601202601324,-1.4940244355251184,0.482842712474619,0,115.33531241741258
ta,65,2,130,40,5.0,33.354160160315836,-1.3439974787410107,0.565685424949238,0,115.33531241741258
ta,65,2,130,41,5.0,30.20347662107791,-1.6869379536748867,0.565685424949238,0,115.33531241741258
ta,65,2,130,42,5.0,30.0,-1.5707963267948966,0.44956066981809384,0,115.33531241741258
ta,65,2,130,43,5.0,30.4138126514911,-1.4056476493802696,0.5685569981889047,0,115.33531241741258
ta,65,2,130,44,5.0,31.622776601683793,-1.2490457723982542,0.565685424949238,0,115.33531241741258
ta,65,2,130,45,5.0,32.89756829919196,-1.1479424006619559,0.5685569981889047,0,115.33531241741258
ta,65,2,130,46,5.0,27.613402542968153,-1.4801364395941514,0.44956066981809384,0,115.33531241741258
ta,65,2,130,47,5.0,28.50438562747845,-1.304544277643971,0.565685424949238,0,115.33531241741258
ta,65,2,130,48,5.0,25.0,-1.5707963267948966,0.565685424949238,0,115.33531241741258
ta,65,2,130,49,5.0,25.495097567963924,-1.3734007669450157,0.482842712474619,0,115.33531241741258
ta,65,2,130,50,5.0,26.92582403567252,-1.1902899496825317,0.5685569981889047,0,115.33531241741258
ta,65,2,130,51,5.0,22.073740054644116,-1.3422996875030342,0.482842712474619,0,115.33531241741258
ta,65,2,130,52,5.0,9.86154146165801,-5.244113047643495,0.44956066981809384,0,115.33531241741258
ta,65,2,130,53,5.0,7.0710678118654755,-5.497787143782138,0.44956066981809384,0,115.33531241741258
ta,65,2,130,54,5.0,5.0,-4.71238898038469,0.5685569981889047,0,115.33531241741258
ta,65,2,130,55,5.0,11.180339887498949,-5.81953769817878,0.482842712474619,0,115.33531241741258
ta,65,2,130,56,5.0,3.5355339059327378,-5.497787143782138,0.482842712474619,0,115.33531241741258
ta,65,2,130,57,5.0,7.905694150420948,-5.961434752782944,0.565685424949238,0,115.33531241741258
ta,65,2,130,59,5.0,0.0,,0.3276927682076162,0,115.33531241741258
ta,65,2,130,60,5.0,5.0,0.0,0.565685424949238,0,115.33531241741258
ta,65,2,130,61,5.0,10.0,0.0,0.565685424949238,0,115.33531241741258
ta,65,2,130,62,5.0,13.5,0.0,0.5685569981889047,0,115.33531241741258
ta,65,2,130,63,5.0,3.5355339059327378,-0.7853981633974483,0.44956066981809384,0,115.33531241741258
ta,65,2,130,64,5.0,7.905694150420948,-0.32175055439664213,0.565685424949238,0,115.33531241741258
ta,65,2,130,65,5.0,5.0,-1.5707963267948966,0.565685424949238,0,115.33531241741258
ta,65,2,130,66,5.0,7.0710678118654755,-0.7853981633974483,0.482842712474619,1,115.33531241741258
ta,65,2,130,67,5.0,11.180339887498949,-0.46364760900080615,0.5685569981889047,0,115.33531241741258
ta,65,2,130,68,5.0,9.86154146165801,-1.0390722595360908,0.482842712474619,0,115.33531241741258
ta,65,2,131,1,5.0,44.9694340635948,-1.5157339314212264,0.44956066981809384,0,115.95018787931392
ta,65,2,131,2,5.0,42.42640687119285,-1.5707963267948966,0.44956066981809384,0,115.95018787931392
ta,65,2,131,3,5.0,39.05124837953327,-1.4801364395941514,0.5685569981889047,0,115.95018787931392
ta,65,2,131,4,5.0,46.09772228646444,-1.6475682180646745,0.482842712474619,0,115.95018787931392
ta,65,2,131,5,5.0,38.890872965260115,-1.5707963267948966,0.482842712474619,0,115.95018787931392
ta,65,2,131,6,5.0,42.573465914816005,-1.6539375586833378,0.565685424949238,0,115.95018787931392
ta,65,2,131,7,5.0,32.973474187595095,-1.4956691708841343,0.565685424949238,0,115.95018787931392
ta,65,2,131,8,5.0,35.35533905932738,-1.5707963267948966,0.44956066981809384,0,115.95018787931392
ta,65,2,131,9,5.0,39.05124837953327,-1.6614562139956417,0.5685569981889047,0,115.95018787931392
ta,65,2,131,10,5.0,43.01162633521314,-1.7359450042095235,0.565685424949238,0,115.95018787931392
ta,65,2,131,11,5.0,45.90479277809671,-1.780275890573992,0.5685569981889047,0,115.95018787931392
ta,65,2,131,12,5.0,35.531676008879735,-1.6704649792860584,0.44956066981809384,0,115.95018787931392
ta,65,2,131,13,5.0,39.528470752104745,-1.7506498265873747,0.565685424949238,0,115.95018787931392
ta,65,2,131,14,5.0,32.01562118716424,-1.6814535479687922,0.565685424949238,0,115.95018787931392
ta,65,2,131,15,5.0,36.05551275463989,-1.7681918866447774,0.482842712474619,0,115.95018787931392
ta,65,2,131,16,5.0,40.311288741492746,-1.8370483759458218,0.5685569981889047,0,115.95018787931392
ta,65,2,131,17,5.0,34.23813663153998,-1.853351279264484,0.482842712474619,0,115.95018787931392
ta,65,2,131,18,5.0,32.89756829919196,-2.7790484163252858,0.44956066981809384,0,115.95018787931392
ta,65,2,131,19,5.0,31.622776601683793,-2.677945044588987,0.44956066981809384,0,115.95018787931392
ta,65,2,131,20,5.0,26.92582403567252,-2.7367008673047097,0.5685569981889047,0,115.95018787931392
ta,65,2,131,21,5.0,36.40054944640259,-2.6344941491974563,0.482842712474619,0,115.95018787931392
ta,65,2,131,22,5.0,28.50438562747845,-2.62244653934327,0.482842712474619,0,115.95018787931392
ta,65,2,131,23,5.0,33.354160160315836,-2.5829933382462307,0.565685424949238,0,115.95018787931392
ta,65,2,131,24,5.0,22.073740054644116,-2.584691129484207,0.565685424949238,0,115.95018787931392
ta,65,2,131,25,5.0,25.495097567963924,-2.5535900500422257,0.44956066981809384,0,115.95018787931392
ta,65,2,131,26,5.0,30.4138126514911,-2.5213431676069717,0.5685569981889047,0,115.95018787931392
ta,65,2,131,27,5.0,35.35533905932738,-2.498091544796509,0.565685424949238,0,115.95018787931392
ta,65,2,131,28,5.0,38.82331773560833,-2.485341780320365,0.5685569981889047,0,115.95018787931392
ta,65,2,131,29,5.0,27.613402542968153,-2.4468543773930898,0.44956066981809384,0,115.95018787931392
ta,65,2,131,30,5.0,32.59601202601324,-2.4329663814621227,0.565685424949238,0,115.95018787931392
ta,65,2,131,31,5.0,25.0,-2.356194490192345,0.565685424949238,0,115.95018787931392
ta,65,2,131,32,5.0,30.0,-2.356194490192345,0.482842712474619,0,115.95018787931392
ta,65,2,131,33,5.0,35.0,-2.356194490192345,0.5685569981889047,0,115.95018787931392
ta,65,2,131,34,5.0,30.20347662107791,-2.2400528633123544,0.482842712474619,0,115.95018787931392
ta,65,2,131,35,5.0,33.5,-0.7853981633974483,0.44956066981809384,0,115.95018787931392
ta,65,2,131,36,5.0,30.0,-0.7853981633974483,0.44956066981809384,0,115.95018787931392
ta,65,2,131,37,5.0,30.4138126514911,-0.950546840812075,0.5685569981889047,0,115.95018787931392
ta,65,2,131,38,5.0,30.4138126514911,-0.6202494859828214,0.482842712474619,0,115.95018787931392
ta,65,2,131,39,5.0,27.613402542968153,-0.8760580505981934,0.482842712474619,0,115.95018787931392
ta,65,2,131,40,5.0,27.613402542968153,-0.6947382761967031,0.565685424949238,0,115.95018787931392
ta,65,2,131,41,5.0,26.405491853021786,-1.1131366701780037,0.565685424949238,0,115.95018787931392
ta,65,2,131,42,5.0,25.495097567963924,-0.9827937232473289,0.44956066981809384,0,115.95018787931392
ta,65,2,131,43,5.0,25.0,-0.7853981633974483,0.5685569981889047,0,115.95018787931392
ta,65,2,131,44,5.0,25.495097567963924,-0.5880026035475674,0.565685424949238,0,115.95018787931392
ta,65,2,131,45,5.0,26.405491853021786,-0.4576596566168927,0.5685569981889047,0,115.95018787931392
ta,65,2,131,46,5.0,22.638462845343543,-0.8960553845713439,0.44956066981809384,0,115.95018787931392
ta,65,2,131,47,5.0,22.638462845343543,-0.6747409422235526,0.565685424949238,0,115.95018787931392
ta,65,2,131,48,5.0,20.615528128088304,-1.0303768265243123,0.565685424949238,0,115.95018787931392
ta,65,2,131,49,5.0,20.0,-0.7853981633974483,0.482842712474619,1,115.95018787931392
ta,65,2,131,50,5.0,20.615528128088304,-0.540419500270584,0.5685569981889047,0,115.95018787931392
ta,65,2,131,51,5.0,16.5,-0.7853981633974483,0.482842712474619,0,115.95018787931392
ta,65,2,131,52,5.0,13.5,-3.9269908169872414,0.44956066981809384,0,115.95018787931392
ta,65,2,131,53,5.0,10.0,-3.9269908169872414,0.44956066981809384,0,115.95018787931392
ta,65,2,131,54,5.0,11.180339887498949,-3.4633432079864352,0.5685569981889047,0,115.95018787931392
ta,65,2,131,55,5.0,11.180339887498949,-4.3906384259880475,0.482842712474619,0,115.95018787931392
ta,65,2,131,56,5.0,7.905694150420948,-3.6052402625905993,0.482842712474619,0,115.95018787931392
ta,65,2,131,57,5.0,7.905694150420948,-4.2487413713838835,0.565685424949238,0,115.95018787931392
ta,65,2,131,60,5.0,5.0,-3.9269908169872414,0.482842712474619,0,115.95018787931392
ta,65,2,131,61,5.0,7.0710678118654755,-4.71238898038469,0.565685424949238,0,115.95018787931392
ta,65,2,131,62,5.0,9.86154146165801,-4.966063076523333,0.5685569981889047,0,115.95018787931392
ta,65,2,131,63,5.0,3.5355339059327378,-3.141592653589793,0.44956066981809384,0,115.95018787931392
ta,65,2,131,64,5.0,3.5355339059327378,-4.71238898038469,0.565685424949238,0,115.95018787931392
ta,65,2,131,65,5.0,5.0,-2.356194490192345,0.565685424949238,0,115.95018787931392
ta,65,2,131,66,5.0,0.0,,0.482842712474619,0,115.95018787931392
ta,65,2,131,67,5.0,5.0,0.7853981633974483,0.5685569981889047,0,115.95018787931392
ta,65,2,131,68,5.0,3.5,-0.7853981633974483,0.482842712474619,0,115.95018787931392
ta,65,2,132,1,5.0,32.89756829919196,-1.1479424006619559,0.3276927682076162,0,117.68931831409654
ta,65,2,132,2,5.0,31.622776601683793,-1.2490457723982544,0.44956066981809384,0,117.68931831409654
ta,65,2,132,3,5.0,26.92582403567252,-1.1902899496825317,0.5685569981889047,0,117.68931831409654
ta,65,2,132,4,5.0,36.40054944640259,-1.2924966677897851,0.482842712474619,0,117.68931831409654
ta,65,2,132,5,5.0,28.50438562747845,-1.3045442776439713,0.482842712474619,0,117.68931831409654
ta,65,2,132,6,5.0,33.354160160315836,-1.3439974787410107,0.565685424949238,0,117.68931831409654
ta,65,2,132,7,5.0,22.073740054644116,-1.3422996875030342,0.565685424949238,0,117.68931831409654
ta,65,2,132,8,5.0,25.495097567963924,-1.373400766945016,0.44956066981809384,0,117.68931831409654
ta,65,2,132,9,5.0,30.4138126514911,-1.4056476493802696,0.5685569981889047,0,117.68931831409654
ta,65,2,132,10,5.0,35.35533905932738,-1.4288992721907325,0.565685424949238,0,117.68931831409654
ta,65,2,132,11,5.0,38.82331773560833,-1.4416490366668766,0.5685569981889047,0,117.68931831409654
ta,65,2,132,12,5.0,27.613402542968153,-1.4801364395941514,0.44956066981809384,0,117.68931831409654
ta,65,2,132,13,5.0,32.59601202601324,-1.4940244355251184,0.565685424949238,0,117.68931831409654
ta,65,2,132,14,5.0,25.0,-1.5707963267948966,0.565685424949238,0,117.68931831409654
ta,65,2,132,15,5.0,30.0,-1.5707963267948966,0.482842712474619,0,117.68931831409654
ta,65,2,132,16,5.0,35.0,-1.5707963267948966,0.5685569981889047,0,117.68931831409654
ta,65,2,132,17,5.0,30.20347662107791,-1.6869379536748867,0.482842712474619,0,117.68931831409654
ta,65,2,132,18,5.0,44.9694340635948,-2.411256885566015,0.44956066981809384,0,117.68931831409654
ta,65,2,132,19,5.0,42.42640687119285,-2.356194490192345,0.44956066981809384,0,117.68931831409654
ta,65,2,132,20,5.0,39.05124837953327,-2.44685437739309,0.5685569981889047,0,117.68931831409654
ta,65,2,132,21,5.0,46.09772228646444,-2.279422598922567,0.482842712474619,0,117.68931831409654
ta,65,2,132,22,5.0,38.890872965260115,-2.356194490192345,0.482842712474619,0,117.68931831409654
ta,65,2,132,23,5.0,42.573465914816005,-2.2730532583039036,0.565685424949238,0,117.68931831409654
ta,65,2,132,24,5.0,32.973474187595095,-2.431321646103107,0.565685424949238,0,117.68931831409654
ta,65,2,132,25,5.0,35.35533905932738,-2.356194490192345,0.44956066981809384,0,117.68931831409654
ta,65,2,132,26,5.0,39.05124837953327,-2.2655346029915995,0.5685569981889047,0,117.68931831409654
ta,65,2,132,27,5.0,43.01162633521314,-2.191045812777718,0.565685424949238,0,117.68931831409654
ta,65,2,132,28,5.0,45.90479277809671,-2.1467149264132495,0.5685569981889047,0,117.68931831409654
ta,65,2,132,29,5.0,35.531676008879735,-2.256525837701183,0.44956066981809384,0,117.68931831409654
ta,65,2,132,30,5.0,39.528470752104745,-2.1763409903998667,0.565685424949238,0,117.68931831409654
ta,65,2,132,31,5.0,32.01562118716424,-2.245537269018449,0.565685424949238,0,117.68931831409654
ta,65,2,132,32,5.0,36.05551275463989,-2.158798930342464,0.482842712474619,0,117.68931831409654
ta,65,2,132,33,5.0,40.311288741492746,-2.0899424410414196,0.5685569981889047,0,117.68931831409654
ta,65,2,132,34,5.0,34.23813663153998,-2.0736395377227574,0.482842712474619,0,117.68931831409654
ta,65,2,132,35,5.0,13.5,0.0,0.44956066981809384,0,117.68931831409654
ta,65,2,132,36,5.0,10.0,0.0,0.44956066981809384,0,117.68931831409654
ta,65,2,132,37,5.0,11.180339887498949,-0.46364760900080615,0.5685569981889047,0,117.68931831409654
ta,65,2,132,38,5.0,11.180339887498949,0.46364760900080615,0.482842712474619,0,117.68931831409654
ta,65,2,132,39,5.0,7.905694150420948,-0.32175055439664213,0.482842712474619,0,117.68931831409654
ta,65,2,132,40,5.0,7.905694150420948,0.32175055439664235,0.565685424949238,0,117.68931831409654
ta,65,2,132,41,5.0,9.86154146165801,-1.0390722595360908,0.565685424949238,0,117.68931831409654
ta,65,2,132,42,5.0,7.0710678118654755,-0.7853981633974483,0.44956066981809384,1,117.68931831409654
ta,65,2,132,43,5.0,5.0,0.0,0.5685569981889047,0,117.68931831409654
ta,65,2,132,44,5.0,7.0710678118654755,0.7853981633974483,0.565685424949238,0,117.68931831409654
ta,65,2,132,45,5.0,9.86154146165801,1.0390722595360913,0.5685569981889047,0,117.68931831409654
ta,65,2,132,46,5.0,3.5355339059327378,-0.7853981633974483,0.44956066981809384,0,117.68931831409654
ta,65,2,132,47,5.0,3.5355339059327378,0.7853981633974483,0.565685424949238,0,117.68931831409654
ta,65,2,132,48,5.0,5.0,-1.5707963267948966,0.565685424949238,0,117.68931831409654
ta,65,2,132,49,5.0,0.0,,0.482842712474619,0,117.68931831409654
ta,65,2,132,50,5.0,5.0,1.5707963267948966,0.5685569981889047,0,117.68931831409654
ta,65,2,132,51,5.0,3.5,-3.141592653589793,0.482842712474619,0,117.68931831409654
ta,65,2,132,52,5.0,33.5,-3.141592653589793,0.44956066981809384,0,117.68931831409654
ta,65,2,132,53,5.0,30.0,-3.141592653589793,0.44956066981809384,0,117.68931831409654
ta,65,2,132,54,5.0,30.4138126514911,-2.976443976175166,0.5685569981889047,0,117.68931831409654
ta,65,2,132,55,5.0,30.4138126514911,-3.30674133100442,0.482842712474619,0,117.68931831409654
ta,65,2,132,56,5.0,27.613402542968153,-3.0509327663890478,0.482842712474619,0,117.68931831409654
ta,65,2,132,57,5.0,27.613402542968153,-3.2322525407905385,0.565685424949238,0,117.68931831409654
ta,65,2,132,58,5.0,26.405491853021786,-2.8138541468092377,0.565685424949238,0,117.68931831409654
ta,65,2,132,60,5.0,25.0,-3.141592653589793,0.565685424949238,0,117.68931831409654
ta,65,2,132,61,5.0,25.495097567963924,-3.338988213439674,0.565685424949238,0,117.68931831409654
ta,65,2,132,62,5.0,26.405491853021786,-3.4693311603703485,0.5685569981889047,0,117.68931831409654
ta,65,2,132,63,5.0,22.638462845343543,-3.0309354324158972,0.44956066981809384,0,117.68931831409654
ta,65,2,132,64,5.0,22.638462845343543,-3.252249874763689,0.565685424949238,0,117.68931831409654
ta,65,2,132,65,5.0,20.615528128088304,-2.896613990462929,0.565685424949238,0,117.68931831409654
ta,65,2,132,67,5.0,20.615528128088304,-3.3865713167166573,0.565685424949238,0,117.68931831409654
ta,65,2,132,68,5.0,16.5,-3.141592653589793,0.482842712474619,0,117.68931831409654
ta,65,2,133,1,5.0,26.405491853021786,-0.45765965661689284,0.44956066981809384,0,118.30419377599787
ta,65,2,133,2,5.0,25.495097567963924,-0.5880026035475675,0.44956066981809384,0,118.30419377599787
ta,65,2,133,3,5.0,20.615528128088304,-0.5404195002705842,0.5685569981889047,0,118.30419377599787
ta,65,2,133,4,5.0,30.4138126514911,-0.6202494859828215,0.482842712474619,0,118.30419377599787
ta,65,2,133,5,5.0,22.638462845343543,-0.6747409422235526,0.482842712474619,0,118.30419377599787
ta,65,2,133,6,5.0,27.613402542968153,-0.6947382761967031,0.565685424949238,0,118.30419377599787
ta,65,2,133,7,5.0,16.5,-0.7853981633974483,0.565685424949238,1,118.30419377599787
ta,65,2,133,8,5.0,20.0,-0.7853981633974483,0.44956066981809384,0,118.30419377599787
ta,65,2,133,9,5.0,25.0,-0.7853981633974483,0.5685569981889047,0,118.30419377599787
ta,65,2,133,10,5.0,30.0,-0.7853981633974483,0.565685424949238,0,118.30419377599787
ta,65,2,133,11,5.0,33.5,-0.7853981633974483,0.5685569981889047,0,118.30419377599787
ta,65,2,133,12,5.0,22.638462845343543,-0.8960553845713439,0.44956066981809384,0,118.30419377599787
ta,65,2,133,13,5.0,27.613402542968153,-0.8760580505981934,0.565685424949238,0,118.30419377599787
ta,65,2,133,14,5.0,20.615528128088304,-1.0303768265243125,0.565685424949238,0,118.30419377599787
ta,65,2,133,15,5.0,25.495097567963924,-0.982793723247329,0.482842712474619,0,118.30419377599787
ta,65,2,133,16,5.0,30.4138126514911,-0.9505468408120751,0.5685569981889047,0,118.30419377599787
ta,65,2,133,17,5.0,26.405491853021786,-1.1131366701780037,0.482842712474619,0,118.30419377599787
ta,65,2,133,18,5.0,45.90479277809671,-1.780275890573992,0.44956066981809384,0,118.30419377599787
ta,65,2,133,19,5.0,43.01162633521314,-1.7359450042095235,0.44956066981809384,0,118.30419377599787
ta,65,2,133,20,5.0,40.311288741492746,-1.837048375945822,0.5685569981889047,0,118.30419377599787
ta,65,2,133,21,5.0,46.09772228646444,-1.6475682180646747,0.482842712474619,0,118.30419377599787
ta,65,2,133,22,5.0,39.528470752104745,-1.750649826587375,0.482842712474619,0,118.30419377599787
ta,65,2,133,23,5.0,42.573465914816005,-1.6539375586833378,0.565685424949238,0,118.30419377599787
ta,65,2,133,24,5.0,34.23813663153998,-1.8533512792644842,0.565685424949238,0,118.30419377599787
ta,65,2,133,25,5.0,36.05551275463989,-1.7681918866447774,0.44956066981809384,0,118.30419377599787
ta,65,2,133,26,5.0,39.05124837953327,-1.6614562139956417,0.5685569981889047,0,118.30419377599787
ta,65,2,133,27,5.0,42.42640687119285,-1.5707963267948966,0.565685424949238,0,118.30419377599787
ta,65,2,133,28,5.0,44.9694340635948,-1.5157339314212264,0.5685569981889047,0,118.30419377599787
ta,65,2,133,29,5.0,35.531676008879735,-1.6704649792860586,0.44956066981809384,0,118.30419377599787
ta,65,2,133,30,5.0,38.890872965260115,-1.5707963267948966,0.565685424949238,0,118.30419377599787
ta,65,2,133,31,5.0,32.01562118716424,-1.6814535479687922,0.565685424949238,0,118.30419377599787
ta,65,2,133,32,5.0,35.35533905932738,-1.5707963267948966,0.482842712474619,0,118.30419377599787
ta,65,2,133,33,5.0,39.05124837953327,-1.4801364395941514,0.5685569981889047,0,118.30419377599787
ta,65,2,133,34,5.0,32.973474187595095,-1.4956691708841345,0.482842712474619,0,118.30419377599787
ta,65,2,133,35,5.0,9.86154146165801,1.317122230656254,0.44956066981809384,0,118.30419377599787
ta,65,2,133,36,5.0,7.0710678118654755,1.5707963267948966,0.44956066981809384,0,118.30419377599787
ta,65,2,133,37,5.0,5.0,0.7853981633974483,0.5685569981889047,0,118.30419377599787
ta,65,2,133,38,5.0,11.180339887498949,1.8925468811915387,0.482842712474619,0,118.30419377599787
ta,65,2,133,39,5.0,3.5355339059327378,1.5707963267948966,0.482842712474619,0,118.30419377599787
ta,65,2,133,40,5.0,7.905694150420948,2.0344439357957027,0.565685424949238,0,118.30419377599787
ta,65,2,133,41,5.0,3.5,-0.7853981633974483,0.565685424949238,0,118.30419377599787
ta,65,2,133,42,5.0,0.0,,0.44956066981809384,0,118.30419377599787
ta,65,2,133,43,5.0,5.0,2.356194490192345,0.5685569981889047,0,118.30419377599787
ta,65,2,133,44,5.0,10.0,2.356194490192345,0.565685424949238,0,118.30419377599787
ta,65,2,133,45,5.0,13.5,2.356194490192345,0.5685569981889047,0,118.30419377599787
ta,65,2,133,46,5.0,3.5355339059327378,-3.141592653589793,0.44956066981809384,0,118.30419377599787
ta,65,2,133,47,5.0,7.905694150420948,-3.6052402625905993,0.565685424949238,0,118.30419377599787
ta,65,2,133,48,5.0,5.0,-2.356194490192345,0.565685424949238,0,118.30419377599787
ta,65,2,133,50,5.0,11.180339887498949,-3.4633432079864352,0.565685424949238,0,118.30419377599787
ta,65,2,133,51,5.0,9.86154146165801,-2.8879185574511506,0.482842712474619,0,118.30419377599787
ta,65,2,133,52,5.0,38.82331773560833,-2.485341780320365,0.3276927682076162,0,118.30419377599787
ta,65,2,133,53,5.0,35.35533905932738,-2.498091544796509,0.44956066981809384,0,118.30419377599787
ta,65,2,133,54,5.0,35.0,-2.356194490192345,0.5685569981889047,0,118.30419377599787
ta,65,2,133,55,5.0,36.40054944640259,-2.6344941491974563,0.482842712474619,0,118.30419377599787
ta,65,2,133,56,5.0,32.59601202601324,-2.4329663814621227,0.482842712474619,0,118.30419377599787
ta,65,2,133,57,5.0,33.354160160315836,-2.5829933382462307,0.565685424949238,0,118.30419377599787
ta,65,2,133,58,5.0,30.20347662107791,-2.2400528633123544,0.565685424949238,0,118.30419377599787
ta,65,2,133,60,5.0,30.4138126514911,-2.5213431676069717,0.565685424949238,0,118.30419377599787
ta,65,2,133,61,5.0,31.622776601683793,-2.677945044588987,0.565685424949238,0,118.30419377599787
ta,65,2,133,62,5.0,32.89756829919196,-2.7790484163252858,0.5685569981889047,0,118.30419377599787
ta,65,2,133,63,5.0,27.613402542968153,-2.44685437739309,0.44956066981809384,0,118.30419377599787
ta,65,2,133,64,5.0,28.50438562747845,-2.6224465393432705,0.565685424949238,0,118.30419377599787
ta,65,2,133,65,5.0,25.0,-2.356194490192345,0.565685424949238,0,118.30419377599787
ta,65,2,133,66,5.0,25.495097567963924,-2.5535900500422257,0.482842712474619,0,118.30419377599787
ta,65,2,133,67,5.0,26.92582403567252,-2.7367008673047097,0.5685569981889047,0,118.30419377599787
ta,65,2,133,68,5.0,22.073740054644116,-2.584691129484207,0.482842712474619,0,118.30419377599787
ta,65,2,134,1,5.0,12.020815280171307,0.7853981633974483,0.44956066981809384,0,119.73897638469354
ta,65,2,134,2,5.0,9.86154146165801,0.5317240672588056,0.44956066981809384,0,119.73897638469354
ta,65,2,134,3,5.0,6.103277807866851,0.960070362405688,0.5685569981889047,0,119.73897638469354
ta,65,2,134,4,5.0,14.396180048887969,0.35470565201094034,0.482842712474619,0,119.73897638469354
ta,65,2,134,5,5.0,6.5,0.3947911196997615,0.482842712474619,0,119.73897638469354
ta,65,2,134,6,5.0,11.280514172678478,0.22347660114063303,0.565685424949238,0,119.73897638469354
ta,65,2,134,7,5.0,0.0,,0.565685424949238,0,119.73897638469354
ta,65,2,134,8,5.0,3.5,0.0,0.44956066981809384,1,119.73897638469354
ta,65,2,134,9,5.0,8.5,0.0,0.5685569981889047,0,119.73897638469354
ta,65,2,134,10,5.0,13.5,0.0,0.565685424949238,0,119.73897638469354
ta,65,2,134,11,5.0,17.0,0.0,0.5685569981889047,0,119.73897638469354
ta,65,2,134,12,5.0,6.5,-0.3947911196997615,0.44956066981809384,0,119.73897638469354
ta,65,2,134,13,5.0,11.280514172678478,-0.22347660114063303,0.565685424949238,0,119.73897638469354
ta,65,2,134,14,5.0,6.103277807866851,-0.960070362405688,0.565685424949238,0,119.73897638469354
ta,65,2,134,15,5.0,9.86154146165801,-0.5317240672588056,0.482842712474619,0,119.73897638469354
ta,65,2,134,16,5.0,14.396180048887969,-0.35470565201094034,0.5685569981889047,0,119.73897638469354
ta,65,2,134,17,5.0,12.020815280171307,-0.7853981633974483,0.482842712474619,0,119.73897638469354
ta,65,2,134,18,5.0,39.42714800743264,-1.3535028958718756,0.44956066981809384,0,119.73897638469354
ta,65,2,134,19,5.0,36.01735692690401,-1.3325515686161515,0.44956066981809384,0,119.73897638469354
ta,65,2,134,20,5.0,35.174564673923115,-1.4711276743037347,0.5685569981889047,0,119.73897638469354
ta,65,2,134,21,5.0,37.51333096380539,-1.202665555469733,0.482842712474619,0,119.73897638469354
ta,65,2,134,22,5.0,33.04920573932148,-1.3882364736639898,0.482842712474619,0,119.73897638469354
ta,65,2,134,23,5.0,34.311076928595526,-1.244437510088134,0.565685424949238,0,119.73897638469354
ta,65,2,134,24,5.0,30.0,-1.5707963267948966,0.565685424949238,0,119.73897638469354
ta,65,2,134,25,5.0,30.20347662107791,-1.4546546999149064,0.44956066981809384,0,119.73897638469354
ta,65,2,134,26,5.0,31.18092365533773,-1.2946993073994602,0.5685569981889047,0,119.73897638469354
ta,65,2,134,27,5.0,32.89756829919196,-1.1479424006619559,0.565685424949238,0,119.73897638469354
ta,65,2,134,28,5.0,34.48187929913333,-1.0552473193359175,0.5685569981889047,0,119.73897638469354
ta,65,2,134,29,5.0,28.146935890075138,-1.355980926393238,0.44956066981809384,0,119.73897638469354
ta,65,2,134,30,5.0,29.618406439239774,-1.1902899496825317,0.565685424949238,0,119.73897638469354
ta,65,2,134,31,5.0,25.243811122728676,-1.4317003853128254,0.565685424949238,0,119.73897638469354
ta,65,2,134,32,5.0,26.405491853021786,-1.2430578200143412,0.482842712474619,0,119.73897638469354
ta,65,2,134,33,5.0,28.412145290350743,-1.0756630633264925,0.5685569981889047,0,119.73897638469354
ta,65,2,134,34,5.0,23.119256043393783,-1.1943059923483736,0.482842712474619,0,119.73897638469354
ta,65,2,134,35,5.0,23.119256043393783,2.76510231914327,0.44956066981809384,0,119.73897638469354
ta,65,2,134,36,5.0,22.073740054644116,2.9130960142979307,0.44956066981809384,0,119.73897638469354
ta,65,2,134,37,5.0,17.240939649566666,2.8473580884786056,0.5685569981889047,0,119.73897638469354
ta,65,2,134,38,5.0,26.9675731203236,2.9551057519225763,0.482842712474619,0,119.73897638469354
ta,65,2,134,39,5.0,19.1637678967368,3.0107652575157364,0.482842712474619,0,119.73897638469354
ta,65,2,134,40,5.0,24.12985702402731,3.0378003131327502,0.565685424949238,0,119.73897638469354
ta,65,2,134,41,5.0,13.0,3.141592653589793,0.565685424949238,0,119.73897638469354
ta,65,2,134,43,5.0,21.5,3.141592653589793,0.565685424949238,0,119.73897638469354
ta,65,2,134,44,5.0,26.5,3.141592653589793,0.565685424949238,0,119.73897638469354
ta,65,2,134,45,5.0,30.0,3.141592653589793,0.5685569981889047,0,119.73897638469354
ta,65,2,134,46,5.0,19.1637678967368,-3.0107652575157364,0.44956066981809384,0,119.73897638469354
ta,65,2,134,47,5.0,24.12985702402731,-3.0378003131327502,0.565685424949238,0,119.73897638469354
ta,65,2,134,48,5.0,17.240939649566666,-2.8473580884786056,0.565685424949238,0,119.73897638469354
ta,65,2,134,49,5.0,22.073740054644116,-2.9130960142979307,0.482842712474619,0,119.73897638469354
ta,65,2,134,50,5.0,26.9675731203236,-2.9551057519225763,0.5685569981889047,0,119.73897638469354
ta,65,2,134,51,5.0,23.119256043393783,-2.76510231914327,0.482842712474619,0,119.73897638469354
ta,65,2,134,52,5.0,44.09648512069868,-2.0800974707969084,0.44956066981809384,0,119.73897638469354
ta,65,2,134,53,5.0,41.07614879708174,-2.121653861326613,0.44956066981809384,0,119.73897638469354
ta,65,2,134,54,5.0,38.69431482789171,-2.0113266674114096,0.5685569981889047,0,119.73897638469354
ta,65,2,134,55,5.0,43.900455578501685,-2.218853212725411,0.482842712474619,0,119.73897638469354
ta,65,2,134,56,5.0,37.646380968162134,-2.0998267978745453,0.482842712474619,0,119.73897638469354
ta,65,2,134,57,5.0,40.40111384603152,-2.2068718294986476,0.565685424949238,0,119.73897638469354
ta,65,2,134,58,5.0,32.69556544854363,-1.979704155745822,0.565685424949238,0,119.73897638469354
ta,65,2,134,60,5.0,36.908671067921155,-2.1926206146254863,0.565685424949238,0,119.73897638469354
ta,65,2,134,61,5.0,40.02811511925087,-2.294326644327965,0.565685424949238,0,119.73897638469354
ta,65,2,134,62,5.0,42.42640687119285,-2.356194490192345,0.5685569981889047,0,119.73897638469354
ta,65,2,134,63,5.0,33.425289826716536,-2.1753949168883735,0.44956066981809384,0,119.73897638469354
ta,65,2,134,64,5.0,36.5,-2.288337667336041,0.565685424949238,0,119.73897638469354
ta,65,2,134,65,5.0,29.95413160150032,-2.1541693337887526,0.565685424949238,0,119.73897638469354
ta,65,2,134,66,5.0,32.973474187595095,-2.281067334281583,0.482842712474619,0,119.73897638469354
ta,65,2,134,67,5.0,36.43144246389374,-2.385312471699384,0.5685569981889047,0,119.73897638469354
ta,65,2,134,68,5.0,30.405591591021544,-2.356194490192345,0.482842712474619,0,119.73897638469354
ta,65,2,135,1,5.0,9.86154146165801,1.039072259536091,0.44956066981809384,0,120.0433242107805
ta,65,2,135,2,5.0,7.0710678118654755,0.7853981633974483,0.44956066981809384,0,120.0433242107805
ta,65,2,135,3,5.0,5.0,1.5707963267948966,0.5685569981889047,0,120.0433242107805
ta,65,2,135,4,5.0,11.180339887498949,0.4636476090008061,0.482842712474619,0,120.0433242107805
ta,65,2,135,5,5.0,3.5355339059327378,0.7853981633974483,0.482842712474619,0,120.0433242107805
ta,65,2,135,6,5.0,7.905694150420948,0.3217505543966422,0.565685424949238,0,120.0433242107805
ta,65,2,135,8,5.0,0.0,,0.3276927682076162,0,120.0433242107805
ta,65,2,135,9,5.0,5.0,0.0,0.565685424949238,0,120.0433242107805
ta,65,2,135,10,5.0,10.0,0.0,0.565685424949238,0,120.0433242107805
ta,65,2,135,11,5.0,13.5,0.0,0.5685569981889047,0,120.0433242107805
ta,65,2,135,12,5.0,3.5355339059327378,-0.7853981633974483,0.44956066981809384,0,120.0433242107805
ta,65,2,135,13,5.0,7.905694150420948,-0.3217505543966422,0.565685424949238,0,120.0433242107805
ta,65,2,135,14,5.0,5.0,-1.5707963267948966,0.565685424949238,0,120.0433242107805
ta,65,2,135,15,5.0,7.0710678118654755,-0.7853981633974483,0.482842712474619,1,120.0433242107805
ta,65,2,135,16,5.0,11.180339887498949,-0.4636476090008061,0.5685569981889047,0,120.0433242107805
ta,65,2,135,17,5.0,9.86154146165801,-1.039072259536091,0.482842712474619,0,120.0433242107805
ta,65,2,135,18,5.0,38.82331773560833,-1.4416490366668766,0.44956066981809384,0,120.0433242107805
ta,65,2,135,19,5.0,35.35533905932738,-1.4288992721907328,0.44956066981809384,0,120.0433242107805
ta,65,2,135,20,5.0,35.0,-1.5707963267948966,0.5685569981889047,0,120.0433242107805
ta,65,2,135,21,5.0,36.40054944640259,-1.2924966677897853,0.482842712474619,0,120.0433242107805
ta,65,2,135,22,5.0,32.59601202601324,-1.4940244355251187,0.482842712474619,0,120.0433242107805
ta,65,2,135,23,5.0,33.354160160315836,-1.3439974787410107,0.565685424949238,0,120.0433242107805
ta,65,2,135,24,5.0,30.20347662107791,-1.6869379536748867,0.565685424949238,0,120.0433242107805
ta,65,2,135,25,5.0,30.0,-1.5707963267948966,0.44956066981809384,0,120.0433242107805
ta,65,2,135,26,5.0,30.4138126514911,-1.4056476493802699,0.5685569981889047,0,120.0433242107805
ta,65,2,135,27,5.0,31.622776601683793,-1.2490457723982544,0.565685424949238,0,120.0433242107805
ta,65,2,135,28,5.0,32.89756829919196,-1.1479424006619559,0.5685569981889047,0,120.0433242107805
ta,65,2,135,29,5.0,27.613402542968153,-1.4801364395941514,0.44956066981809384,0,120.0433242107805
ta,65,2,135,30,5.0,28.50438562747845,-1.3045442776439713,0.565685424949238,0,120.0433242107805
ta,65,2,135,31,5.0,25.0,-1.5707963267948966,0.565685424949238,0,120.0433242107805
ta,65,2,135,32,5.0,25.495097567963924,-1.373400766945016,0.482842712474619,0,120.0433242107805
ta,65,2,135,33,5.0,26.92582403567252,-1.1902899496825317,0.5685569981889047,0,120.0433242107805
ta,65,2,135,34,5.0,22.073740054644116,-1.3422996875030344,0.482842712474619,0,120.0433242107805
ta,65,2,135,35,5.0,26.405491853021786,2.8138541468092377,0.44956066981809384,0,120.0433242107805
ta,65,2,135,36,5.0,25.495097567963924,2.9441970937399127,0.44956066981809384,0,120.0433242107805
ta,65,2,135,37,5.0,20.615528128088304,2.896613990462929,0.5685569981889047,0,120.0433242107805
ta,65,2,135,38,5.0,30.4138126514911,2.976443976175166,0.482842712474619,0,120.0433242107805
ta,65,2,135,39,5.0,22.638462845343543,3.0309354324158977,0.482842712474619,0,120.0433242107805
ta,65,2,135,40,5.0,27.613402542968153,3.050932766389048,0.565685424949238,0,120.0433242107805
ta,65,2,135,41,5.0,16.5,3.141592653589793,0.565685424949238,0,120.0433242107805
ta,65,2,135,42,5.0,20.0,3.141592653589793,0.44956066981809384,0,120.0433242107805
ta,65,2,135,43,5.0,25.0,3.141592653589793,0.5685569981889047,0,120.0433242107805
ta,65,2,135,44,5.0,30.0,3.141592653589793,0.565685424949238,0,120.0433242107805
ta,65,2,135,45,5.0,33.5,3.141592653589793,0.5685569981889047,0,120.0433242107805
ta,65,2,135,46,5.0,22.638462845343543,-3.0309354324158977,0.44956066981809384,0,120.0433242107805
ta,65,2,135,47,5.0,27.613402542968153,-3.050932766389048,0.565685424949238,0,120.0433242107805
ta,65,2,135,48,5.0,20.615528128088304,-2.896613990462929,0.565685424949238,0,120.0433242107805
ta,65,2,135,49,5.0,25.495097567963924,-2.9441970937399127,0.482842712474619,0,120.0433242107805
ta,65,2,135,50,5.0,30.4138126514911,-2.976443976175166,0.5685569981889047,0,120.0433242107805
ta,65,2,135,51,5.0,26.405491853021786,-2.8138541468092377,0.482842712474619,0,120.0433242107805
ta,65,2,135,52,5.0,45.90479277809671,-2.1467149264132495,0.44956066981809384,0,120.0433242107805
ta,65,2,135,53,5.0,43.01162633521314,-2.191045812777718,0.44956066981809384,0,120.0433242107805
ta,65,2,135,54,5.0,40.311288741492746,-2.0899424410414196,0.5685569981889047,0,120.0433242107805
ta,65,2,135,55,5.0,46.09772228646444,-2.279422598922567,0.482842712474619,0,120.0433242107805
ta,65,2,135,56,5.0,39.528470752104745,-2.1763409903998667,0.482842712474619,0,120.0433242107805
ta,65,2,135,57,5.0,42.573465914816005,-2.2730532583039036,0.565685424949238,0,120.0433242107805
ta,65,2,135,58,5.0,34.23813663153998,-2.0736395377227574,0.565685424949238,0,120.0433242107805
ta,65,2,135,59,5.0,36.05551275463989,-2.158798930342464,0.44956066981809384,0,120.0433242107805
ta,65,2,135,60,5.0,39.05124837953327,-2.2655346029916,0.5685569981889047,0,120.0433242107805
ta,65,2,135,61,5.0,42.42640687119285,-2.356194490192345,0.565685424949238,0,120.0433242107805
ta,65,2,135,62,5.0,44.9694340635948,-2.411256885566015,0.5685569981889047,0,120.0433242107805
ta,65,2,135,63,5.0,35.531676008879735,-2.256525837701183,0.44956066981809384,0,120.0433242107805
ta,65,2,135,64,5.0,38.890872965260115,-2.356194490192345,0.565685424949238,0,120.0433242107805
ta,65,2,135,65,5.0,32.01562118716424,-2.2455372690184494,0.565685424949238,0,120.0433242107805
ta,65,2,135,66,5.0,35.35533905932738,-2.356194490192345,0.482842712474619,0,120.0433242107805
ta,65,2,135,67,5.0,39.05124837953327,-2.44685437739309,0.5685569981889047,0,120.0433242107805
ta,65,2,135,68,5.0,32.973474187595095,-2.431321646103107,0.482842712474619,0,120.0433242107805
ta,65,2,136,1,5.0,13.5,2.356194490192345,0.44956066981809384,0,120.65819967268185
ta,65,2,136,2,5.0,10.0,2.356194490192345,0.44956066981809384,0,120.65819967268185
ta,65,2,136,3,5.0,11.180339887498949,2.819842099193151,0.5685569981889047,0,120.65819967268185
ta,65,2,136,4,5.0,11.180339887498949,1.8925468811915387,0.482842712474619,0,120.65819967268185
ta,65,2,136,5,5.0,7.905694150420948,2.677945044588987,0.482842712474619,0,120.65819967268185
ta,65,2,136,6,5.0,7.905694150420948,2.0344439357957027,0.565685424949238,0,120.65819967268185
ta,65,2,136,9,5.0,5.0,2.356194490192345,0.482842712474619,0,120.65819967268185
ta,65,2,136,10,5.0,7.0710678118654755,1.5707963267948966,0.565685424949238,0,120.65819967268185
ta,65,2,136,11,5.0,9.86154146165801,1.317122230656254,0.5685569981889047,0,120.65819967268185
ta,65,2,136,12,5.0,3.5355339059327378,3.141592653589793,0.44956066981809384,0,120.65819967268185
ta,65,2,136,13,5.0,3.5355339059327378,1.5707963267948966,0.565685424949238,0,120.65819967268185
ta,65,2,136,14,5.0,5.0,3.9269908169872414,0.565685424949238,0,120.65819967268185
ta,65,2,136,15,5.0,0.0,,0.482842712474619,0,120.65819967268185
ta,65,2,136,16,5.0,5.0,0.7853981633974483,0.5685569981889047,0,120.65819967268185
ta,65,2,136,17,5.0,3.5,-0.7853981633974483,0.482842712474619,1,120.65819967268185
ta,65,2,136,18,5.0,33.5,-0.7853981633974483,0.44956066981809384,0,120.65819967268185
ta,65,2,136,19,5.0,30.0,-0.7853981633974483,0.44956066981809384,0,120.65819967268185
ta,65,2,136,20,5.0,30.4138126514911,-0.9505468408120752,0.5685569981889047,0,120.65819967268185
ta,65,2,136,21,5.0,30.4138126514911,-0.6202494859828216,0.482842712474619,0,120.65819967268185
ta,65,2,136,22,5.0,27.613402542968153,-0.8760580505981934,0.482842712474619,0,120.65819967268185
ta,65,2,136,23,5.0,27.613402542968153,-0.6947382761967031,0.565685424949238,0,120.65819967268185
ta,65,2,136,24,5.0,26.405491853021786,-1.1131366701780039,0.565685424949238,0,120.65819967268185
ta,65,2,136,25,5.0,25.495097567963924,-0.9827937232473292,0.44956066981809384,0,120.65819967268185
ta,65,2,136,26,5.0,25.0,-0.7853981633974483,0.5685569981889047,0,120.65819967268185
ta,65,2,136,27,5.0,25.495097567963924,-0.5880026035475676,0.565685424949238,0,120.65819967268185
ta,65,2,136,28,5.0,26.405491853021786,-0.4576596566168929,0.5685569981889047,0,120.65819967268185
ta,65,2,136,29,5.0,22.638462845343543,-0.8960553845713439,0.44956066981809384,0,120.65819967268185
ta,65,2,136,30,5.0,22.638462845343543,-0.6747409422235526,0.565685424949238,0,120.65819967268185
ta,65,2,136,31,5.0,20.615528128088304,-1.0303768265243125,0.565685424949238,0,120.65819967268185
ta,65,2,136,32,5.0,20.0,-0.7853981633974483,0.482842712474619,0,120.65819967268185
ta,65,2,136,33,5.0,20.615528128088304,-0.5404195002705843,0.5685569981889047,0,120.65819967268185
ta,65,2,136,34,5.0,16.5,-0.7853981633974483,0.482842712474619,0,120.65819967268185
ta,65,2,136,35,5.0,32.89756829919196,3.504136890854301,0.44956066981809384,0,120.65819967268185
ta,65,2,136,36,5.0,31.622776601683793,3.6052402625905993,0.44956066981809384,0,120.65819967268185
ta,65,2,136,37,5.0,26.92582403567252,3.5464844398748765,0.5685569981889047,0,120.65819967268185
ta,65,2,136,38,5.0,36.40054944640259,3.64869115798213,0.482842712474619,0,120.65819967268185
ta,65,2,136,39,5.0,28.50438562747845,3.660738767836316,0.482842712474619,0,120.65819967268185
ta,65,2,136,40,5.0,33.354160160315836,3.7001919689333556,0.565685424949238,0,120.65819967268185
ta,65,2,136,41,5.0,22.073740054644116,3.698494177695379,0.565685424949238,0,120.65819967268185
ta,65,2,136,42,5.0,25.495097567963924,3.729595257137361,0.44956066981809384,0,120.65819967268185
ta,65,2,136,43,5.0,30.4138126514911,3.7618421395726145,0.5685569981889047,0,120.65819967268185
ta,65,2,136,44,5.0,35.35533905932738,3.7850937623830774,0.565685424949238,0,120.65819967268185
ta,65,2,136,45,5.0,38.82331773560833,3.7978435268592214,0.5685569981889047,0,120.65819967268185
ta,65,2,136,46,5.0,27.613402542968153,3.8363309297864965,0.44956066981809384,0,120.65819967268185
ta,65,2,136,47,5.0,32.59601202601324,3.8502189257174635,0.565685424949238,0,120.65819967268185
ta,65,2,136,48,5.0,25.0,3.9269908169872414,0.565685424949238,0,120.65819967268185
ta,65,2,136,49,5.0,30.0,3.9269908169872414,0.482842712474619,0,120.65819967268185
ta,65,2,136,50,5.0,35.0,3.9269908169872414,0.5685569981889047,0,120.65819967268185
ta,65,2,136,51,5.0,30.20347662107791,-2.240052863312355,0.482842712474619,0,120.65819967268185
ta,65,2,136,52,5.0,44.9694340635948,-1.5157339314212264,0.44956066981809384,0,120.65819967268185
ta,65,2,136,53,5.0,42.42640687119285,-1.5707963267948966,0.44956066981809384,0,120.65819967268185
ta,65,2,136,54,5.0,39.05124837953327,-1.4801364395941516,0.5685569981889047,0,120.65819967268185
ta,65,2,136,55,5.0,46.09772228646444,-1.647568218064675,0.482842712474619,0,120.65819967268185
ta,65,2,136,56,5.0,38.890872965260115,-1.5707963267948966,0.482842712474619,0,120.65819967268185
ta,65,2,136,57,5.0,42.573465914816005,-1.6539375586833378,0.565685424949238,0,120.65819967268185
ta,65,2,136,58,5.0,32.973474187595095,-1.4956691708841348,0.565685424949238,0,120.65819967268185
ta,65,2,136,59,5.0,35.35533905932738,-1.5707963267948966,0.44956066981809384,0,120.65819967268185
ta,65,2,136,60,5.0,39.05124837953327,-1.661456213995642,0.5685569981889047,0,120.65819967268185
ta,65,2,136,61,5.0,43.01162633521314,-1.7359450042095235,0.565685424949238,0,120.65819967268185
ta,65,2,136,62,5.0,45.90479277809671,-1.780275890573992,0.5685569981889047,0,120.65819967268185
ta,65,2,136,63,5.0,35.531676008879735,-1.6704649792860589,0.44956066981809384,0,120.65819967268185
ta,65,2,136,64,5.0,39.528470752104745,-1.7506498265873751,0.565685424949238,0,120.65819967268185
ta,65,2,136,65,5.0,32.01562118716424,-1.6814535479687924,0.565685424949238,0,120.65819967268185
ta,65,2,136,66,5.0,36.05551275463989,-1.7681918866447774,0.482842712474619,0,120.65819967268185
ta,65,2,136,67,5.0,40.311288741492746,-1.8370483759458218,0.5685569981889047,0,120.65819967268185
ta,65,2,136,68,5.0,34.23813663153998,-1.853351279264484,0.482842712474619,0,120.65819967268185
ta,65,2,137,1,5.0,17.0,3.141592653589793,0.44956066981809384,0,120.9625474987688
ta,65,2,137,2,5.0,13.5,3.141592653589793,0.44956066981809384,0,120.9625474987688
ta,65,2,137,3,5.0,14.396180048887969,3.4962983056007335,0.5685569981889047,0,120.9625474987688
ta,65,2,137,4,5.0,14.396180048887969,2.7868870015788527,0.482842712474619,0,120.9625474987688
ta,65,2,137,5,5.0,11.280514172678478,3.365069254730426,0.482842712474619,0,120.9625474987688
ta,65,2,137,6,5.0,11.280514172678478,2.91811605244916,0.565685424949238,0,120.9625474987688
ta,65,2,137,7,5.0,12.020815280171307,3.9269908169872414,0.565685424949238,0,120.9625474987688
ta,65,2,137,9,5.0,8.5,3.141592653589793,0.565685424949238,0,120.9625474987688
ta,65,2,137,10,5.0,9.86154146165801,2.609868586330988,0.565685424949238,0,120.9625474987688
ta,65,2,137,11,5.0,12.020815280171307,2.356194490192345,0.5685569981889047,0,120.9625474987688
ta,65,2,137,12,5.0,6.5,3.536383773289555,0.44956066981809384,0,120.9625474987688
ta,65,2,137,13,5.0,6.5,2.7468015338900313,0.565685424949238,0,120.9625474987688
ta,65,2,137,14,5.0,6.103277807866851,4.101663015995481,0.565685424949238,0,120.9625474987688
ta,65,2,137,16,5.0,6.103277807866851,2.181522291184105,0.565685424949238,0,120.9625474987688
ta,65,2,137,17,5.0,0.0,,0.482842712474619,0,120.9625474987688
ta,65,2,137,18,5.0,30.0,0.0,0.3276927682076162,0,120.9625474987688
ta,65,2,137,19,5.0,26.5,0.0,0.44956066981809384,0,120.9625474987688
ta,65,2,137,20,5.0,26.9675731203236,-0.18648690166721682,0.5685569981889047,0,120.9625474987688
ta,65,2,137,21,5.0,26.9675731203236,0.18648690166721682,0.482842712474619,0,120.9625474987688
ta,65,2,137,22,5.0,24.12985702402731,-0.10379234045704289,0.482842712474619,0,120.9625474987688
ta,65,2,137,23,5.0,24.12985702402731,0.10379234045704266,0.565685424949238,0,120.9625474987688
ta,65,2,137,24,5.0,23.119256043393783,-0.3764903344465229,0.565685424949238,0,120.9625474987688
ta,65,2,137,25,5.0,22.073740054644116,-0.22849663929186237,0.44956066981809384,0,120.9625474987688
ta,65,2,137,26,5.0,21.5,0.0,0.5685569981889047,0,120.9625474987688
ta,65,2,137,27,5.0,22.073740054644116,0.22849663929186215,0.565685424949238,0,120.9625474987688
ta,65,2,137,28,5.0,23.119256043393783,0.3764903344465229,0.5685569981889047,0,120.9625474987688
ta,65,2,137,29,5.0,19.1637678967368,-0.1308273960740569,0.44956066981809384,0,120.9625474987688
ta,65,2,137,30,5.0,19.1637678967368,0.1308273960740569,0.565685424949238,0,120.9625474987688
ta,65,2,137,31,5.0,17.240939649566666,-0.29423456511118773,0.565685424949238,0,120.9625474987688
ta,65,2,137,32,5.0,16.5,0.0,0.482842712474619,1,120.9625474987688
ta,65,2,137,33,5.0,17.240939649566666,0.29423456511118773,0.5685569981889047,0,120.9625474987688
ta,65,2,137,34,5.0,13.0,0.0,0.482842712474619,0,120.9625474987688
ta,65,2,137,35,5.0,34.48187929913333,4.19683997292571,0.44956066981809384,0,120.9625474987688
ta,65,2,137,36,5.0,32.89756829919196,4.289535054251749,0.44956066981809384,0,120.9625474987688
ta,65,2,137,37,5.0,28.412145290350743,4.217255716916286,0.5685569981889047,0,120.9625474987688
ta,65,2,137,38,5.0,37.51333096380539,4.344258209059526,0.482842712474619,0,120.9625474987688
ta,65,2,137,39,5.0,29.618406439239774,4.331882603272325,0.482842712474619,0,120.9625474987688
ta,65,2,137,40,5.0,34.311076928595526,4.386030163677927,0.565685424949238,0,120.9625474987688
ta,65,2,137,41,5.0,23.119256043393783,4.335898645938167,0.565685424949238,0,120.9625474987688
ta,65,2,137,42,5.0,26.405491853021786,4.384650473604134,0.44956066981809384,0,120.9625474987688
ta,65,2,137,43,5.0,31.18092365533773,4.436291960989253,0.5685569981889047,0,120.9625474987688
ta,65,2,137,44,5.0,36.01735692690401,4.474144222205945,0.565685424949238,0,120.9625474987688
ta,65,2,137,45,5.0,39.42714800743264,4.495095549461668,0.5685569981889047,0,120.9625474987688
ta,65,2,137,46,5.0,28.146935890075138,4.497573579983031,0.44956066981809384,0,120.9625474987688
ta,65,2,137,47,5.0,33.04920573932148,4.529829127253783,0.565685424949238,0,120.9625474987688
ta,65,2,137,48,5.0,25.243811122728676,4.5732930389026185,0.565685424949238,0,120.9625474987688
ta,65,2,137,49,5.0,30.20347662107791,4.596247353504699,0.482842712474619,0,120.9625474987688
ta,65,2,137,50,5.0,35.174564673923115,4.612720327893528,0.5685569981889047,0,120.9625474987688
ta,65,2,137,51,5.0,30.0,4.71238898038469,0.482842712474619,0,120.9625474987688
ta,65,2,137,52,5.0,42.42640687119285,-0.7853981633974483,0.44956066981809384,0,120.9625474987688
ta,65,2,137,53,5.0,40.02811511925087,-0.8472660092618285,0.44956066981809384,0,120.9625474987688
ta,65,2,137,54,5.0,36.43144246389374,-0.7562801818904097,0.5685569981889047,0,120.9625474987688
ta,65,2,137,55,5.0,43.900455578501685,-0.9227394408643823,0.482842712474619,0,120.9625474987688
ta,65,2,137,56,5.0,36.5,-0.8532549862537522,0.482842712474619,0,120.9625474987688
ta,65,2,137,57,5.0,40.40111384603152,-0.9347208240911455,0.565685424949238,0,120.9625474987688
ta,65,2,137,58,5.0,30.405591591021544,-0.7853981633974483,0.565685424949238,0,120.9625474987688
ta,65,2,137,59,5.0,32.973474187595095,-0.8605253193082105,0.44956066981809384,0,120.9625474987688
ta,65,2,137,60,5.0,36.908671067921155,-0.9489720389643068,0.5685569981889047,0,120.9625474987688
ta,65,2,137,61,5.0,41.07614879708174,-1.0199387922631802,0.565685424949238,0,120.9625474987688
ta,65,2,137,62,5.0,44.09648512069868,-1.0614951827928847,0.5685569981889047,0,120.9625474987688
ta,65,2,137,63,5.0,33.425289826716536,-0.9661977367014196,0.44956066981809384,0,120.9625474987688
ta,65,2,137,64,5.0,37.646380968162134,-1.0417658557152483,0.565685424949238,0,120.9625474987688
ta,65,2,137,65,5.0,29.95413160150032,-0.9874233198010409,0.565685424949238,0,120.9625474987688
ta,65,2,137,66,5.0,34.23813663153998,-1.0679531158670357,0.482842712474619,0,120.9625474987688
ta,65,2,137,67,5.0,38.69431482789171,-1.1302659861783835,0.5685569981889047,0,120.9625474987688
ta,65,2,137,68,5.0,32.69556544854363,-1.1618884978439712,0.482842712474619,0,120.9625474987688
ta,65,2,138,1,5.0,33.5,3.141592653589793,0.44956066981809384,0,122.39733010746446
ta,65,2,138,2,5.0,30.0,3.141592653589793,0.44956066981809384,0,122.39733010746446
ta,65,2,138,3,5.0,30.4138126514911,3.30674133100442,0.5685569981889047,0,122.39733010746446
ta,65,2,138,4,5.0,30.4138126514911,2.976443976175166,0.482842712474619,0,122.39733010746446
ta,65,2,138,5,5.0,27.613402542968153,3.2322525407905385,0.482842712474619,0,122.39733010746446
ta,65,2,138,6,5.0,27.613402542968153,3.0509327663890478,0.565685424949238,0,122.39733010746446
ta,65,2,138,7,5.0,26.405491853021786,3.4693311603703485,0.565685424949238,0,122.39733010746446
ta,65,2,138,9,5.0,25.0,3.141592653589793,0.565685424949238,0,122.39733010746446
ta,65,2,138,10,5.0,25.495097567963924,2.9441970937399127,0.565685424949238,0,122.39733010746446
ta,65,2,138,11,5.0,26.405491853021786,2.8138541468092377,0.5685569981889047,0,122.39733010746446
ta,65,2,138,12,5.0,22.638462845343543,3.252249874763689,0.44956066981809384,0,122.39733010746446
ta,65,2,138,13,5.0,22.638462845343543,3.0309354324158972,0.565685424949238,0,122.39733010746446
ta,65,2,138,14,5.0,20.615528128088304,3.3865713167166573,0.565685424949238,0,122.39733010746446
ta,65,2,138,15,5.0,20.0,3.141592653589793,0.482842712474619,0,122.39733010746446
ta,65,2,138,16,5.0,20.615528128088304,2.896613990462929,0.565685424949238,0,122.39733010746446
ta,65,2,138,18,5.0,13.5,0.0,0.3276927682076162,0,122.39733010746446
ta,65,2,138,19,5.0,10.0,0.0,0.44956066981809384,0,122.39733010746446
ta,65,2,138,20,5.0,11.180339887498949,-0.46364760900080615,0.5685569981889047,0,122.39733010746446
ta,65,2,138,21,5.0,11.180339887498949,0.46364760900080615,0.482842712474619,0,122.39733010746446
ta,65,2,138,22,5.0,7.905694150420948,-0.32175055439664235,0.482842712474619,0,122.39733010746446
ta,65,2,138,23,5.0,7.905694150420948,0.32175055439664213,0.565685424949238,0,122.39733010746446
ta,65,2,138,24,5.0,9.86154146165801,-1.0390722595360913,0.565685424949238,0,122.39733010746446
ta,65,2,138,25,5.0,7.0710678118654755,-0.7853981633974483,0.44956066981809384,1,122.39733010746446
ta,65,2,138,26,5.0,5.0,0.0,0.5685569981889047,0,122.39733010746446
ta,65,2,138,27,5.0,7.0710678118654755,0.7853981633974483,0.565685424949238,0,122.39733010746446
ta,65,2,138,28,5.0,9.86154146165801,1.0390722595360908,0.5685569981889047,0,122.39733010746446
ta,65,2,138,29,5.0,3.5355339059327378,-0.7853981633974483,0.44956066981809384,0,122.39733010746446
ta,65,2,138,30,5.0,3.5355339059327378,0.7853981633974483,0.565685424949238,0,122.39733010746446
ta,65,2,138,31,5.0,5.0,4.71238898038469,0.565685424949238,0,122.39733010746446
ta,65,2,138,32,5.0,0.0,,0.482842712474619,0,122.39733010746446
ta,65,2,138,33,5.0,5.0,1.5707963267948966,0.5685569981889047,0,122.39733010746446
ta,65,2,138,34,5.0,3.5,3.141592653589793,0.482842712474619,0,122.39733010746446
ta,65,2,138,35,5.0,44.9694340635948,3.871928421613571,0.44956066981809384,0,122.39733010746446
ta,65,2,138,36,5.0,42.42640687119285,3.9269908169872414,0.44956066981809384,0,122.39733010746446
ta,65,2,138,37,5.0,39.05124837953327,3.8363309297864965,0.5685569981889047,0,122.39733010746446
ta,65,2,138,38,5.0,46.09772228646444,4.003762708257019,0.482842712474619,0,122.39733010746446
ta,65,2,138,39,5.0,38.890872965260115,3.9269908169872414,0.482842712474619,0,122.39733010746446
ta,65,2,138,40,5.0,42.573465914816005,4.010132048875683,0.565685424949238,0,122.39733010746446
ta,65,2,138,41,5.0,32.973474187595095,3.8518636610764796,0.565685424949238,0,122.39733010746446
ta,65,2,138,42,5.0,35.35533905932738,3.9269908169872414,0.44956066981809384,0,122.39733010746446
ta,65,2,138,43,5.0,39.05124837953327,4.017650704187987,0.5685569981889047,0,122.39733010746446
ta,65,2,138,44,5.0,43.01162633521314,4.092139494401868,0.565685424949238,0,122.39733010746446
ta,65,2,138,45,5.0,45.90479277809671,4.136470380766337,0.5685569981889047,0,122.39733010746446
ta,65,2,138,46,5.0,35.531676008879735,4.026659469478403,0.44956066981809384,0,122.39733010746446
ta,65,2,138,47,5.0,39.528470752104745,4.1068443167797195,0.565685424949238,0,122.39733010746446
ta,65,2,138,48,5.0,32.01562118716424,4.037648038161137,0.565685424949238,0,122.39733010746446
ta,65,2,138,49,5.0,36.05551275463989,4.124386376837123,0.482842712474619,0,122.39733010746446
ta,65,2,138,50,5.0,40.311288741492746,4.193242866138167,0.5685569981889047,0,122.39733010746446
ta,65,2,138,51,5.0,34.23813663153998,4.209545769456829,0.482842712474619,0,122.39733010746446
ta,65,2,138,52,5.0,32.89756829919196,-1.147942400661956,0.44956066981809384,0,122.39733010746446
ta,65,2,138,53,5.0,31.622776601683793,-1.2490457723982544,0.44956066981809384,0,122.39733010746446
ta,65,2,138,54,5.0,26.92582403567252,-1.1902899496825317,0.5685569981889047,0,122.39733010746446
ta,65,2,138,55,5.0,36.40054944640259,-1.2924966677897851,0.482842712474619,0,122.39733010746446
ta,65,2,138,56,5.0,28.50438562747845,-1.3045442776439713,0.482842712474619,0,122.39733010746446
ta,65,2,138,57,5.0,33.354160160315836,-1.3439974787410107,0.565685424949238,0,122.39733010746446
ta,65,2,138,58,5.0,22.073740054644116,-1.3422996875030342,0.565685424949238,0,122.39733010746446
ta,65,2,138,59,5.0,25.495097567963924,-1.3734007669450161,0.44956066981809384,0,122.39733010746446
ta,65,2,138,60,5.0,30.4138126514911,-1.4056476493802696,0.5685569981889047,0,122.39733010746446
ta,65,2,138,61,5.0,35.35533905932738,-1.4288992721907325,0.565685424949238,0,122.39733010746446
ta,65,2,138,62,5.0,38.82331773560833,-1.4416490366668766,0.5685569981889047,0,122.39733010746446
ta,65,2,138,63,5.0,27.613402542968153,-1.4801364395941516,0.44956066981809384,0,122.39733010746446
ta,65,2,138,64,5.0,32.59601202601324,-1.4940244355251187,0.565685424949238,0,122.39733010746446
ta,65,2,138,65,5.0,25.0,4.71238898038469,0.565685424949238,0,122.39733010746446
ta,65,2,138,66,5.0,30.0,4.71238898038469,0.482842712474619,0,122.39733010746446
ta,65,2,138,67,5.0,35.0,4.71238898038469,0.5685569981889047,0,122.39733010746446
ta,65,2,138,68,5.0,30.20347662107791,4.596247353504699,0.482842712474619,0,122.39733010746446
ta,65,2,139,1,5.0,38.82331773560833,3.7978435268592214,0.44956066981809384,0,123.0122055693658
ta,65,2,139,2,5.0,35.35533905932738,3.7850937623830774,0.44956066981809384,0,123.0122055693658
ta,65,2,139,3,5.0,35.0,3.9269908169872414,0.5685569981889047,0,123.0122055693658
ta,65,2,139,4,5.0,36.40054944640259,3.64869115798213,0.482842712474619,0,123.0122055693658
ta,65,2,139,5,5.0,32.59601202601324,3.8502189257174635,0.482842712474619,0,123.0122055693658
ta,65,2,139,6,5.0,33.354160160315836,3.7001919689333556,0.565685424949238,0,123.0122055693658
ta,65,2,139,7,5.0,30.20347662107791,4.043132443867232,0.565685424949238,0,123.0122055693658
ta,65,2,139,9,5.0,30.4138126514911,3.7618421395726145,0.565685424949238,0,123.0122055693658
ta,65,2,139,10,5.0,31.622776601683793,3.6052402625905993,0.565685424949238,0,123.0122055693658
ta,65,2,139,11,5.0,32.89756829919196,3.5041368908543005,0.5685569981889047,0,123.0122055693658
ta,65,2,139,12,5.0,27.613402542968153,3.836330929786496,0.44956066981809384,0,123.0122055693658
ta,65,2,139,13,5.0,28.50438562747845,3.660738767836316,0.565685424949238,0,123.0122055693658
ta,65,2,139,14,5.0,25.0,3.9269908169872414,0.565685424949238,0,123.0122055693658
ta,65,2,139,15,5.0,25.495097567963924,3.729595257137361,0.482842712474619,0,123.0122055693658
ta,65,2,139,16,5.0,26.92582403567252,3.5464844398748765,0.5685569981889047,0,123.0122055693658
ta,65,2,139,17,5.0,22.073740054644116,3.6984941776953795,0.482842712474619,0,123.0122055693658
ta,65,2,139,18,5.0,9.86154146165801,1.3171222306562538,0.44956066981809384,0,123.0122055693658
ta,65,2,139,19,5.0,7.0710678118654755,1.5707963267948966,0.44956066981809384,0,123.0122055693658
ta,65,2,139,20,5.0,5.0,0.7853981633974483,0.5685569981889047,0,123.0122055693658
ta,65,2,139,21,5.0,11.180339887498949,1.8925468811915387,0.482842712474619,0,123.0122055693658
ta,65,2,139,22,5.0,3.5355339059327378,1.5707963267948966,0.482842712474619,0,123.0122055693658
ta,65,2,139,23,5.0,7.905694150420948,2.0344439357957027,0.565685424949238,0,123.0122055693658
ta,65,2,139,24,5.0,3.5,5.497787143782138,0.565685424949238,1,123.0122055693658
ta,65,2,139,25,5.0,0.0,,0.44956066981809384,0,123.0122055693658
ta,65,2,139,26,5.0,5.0,2.356194490192345,0.5685569981889047,0,123.0122055693658
ta,65,2,139,27,5.0,10.0,2.356194490192345,0.565685424949238,0,123.0122055693658
ta,65,2,139,28,5.0,13.5,2.356194490192345,0.5685569981889047,0,123.0122055693658
ta,65,2,139,29,5.0,3.5355339059327378,3.141592653589793,0.44956066981809384,0,123.0122055693658
ta,65,2,139,30,5.0,7.905694150420948,2.677945044588987,0.565685424949238,0,123.0122055693658
ta,65,2,139,31,5.0,5.0,3.9269908169872414,0.565685424949238,0,123.0122055693658
ta,65,2,139,33,5.0,11.180339887498949,2.819842099193151,0.565685424949238,0,123.0122055693658
ta,65,2,139,34,5.0,9.86154146165801,3.395266749728436,0.482842712474619,0,123.0122055693658
ta,65,2,139,35,5.0,45.90479277809671,4.502909416605594,0.3276927682076162,0,123.0122055693658
ta,65,2,139,36,5.0,43.01162633521314,4.547240302970063,0.44956066981809384,0,123.0122055693658
ta,65,2,139,37,5.0,40.311288741492746,4.446136931233765,0.5685569981889047,0,123.0122055693658
ta,65,2,139,38,5.0,46.09772228646444,4.635617089114912,0.482842712474619,0,123.0122055693658
ta,65,2,139,39,5.0,39.528470752104745,4.532535480592212,0.482842712474619,0,123.0122055693658
ta,65,2,139,40,5.0,42.573465914816005,4.629247748496248,0.565685424949238,0,123.0122055693658
ta,65,2,139,41,5.0,34.23813663153998,4.429834027915103,0.565685424949238,0,123.0122055693658
ta,65,2,139,42,5.0,36.05551275463989,4.514993420534809,0.44956066981809384,0,123.0122055693658
ta,65,2,139,43,5.0,39.05124837953327,4.621729093183944,0.5685569981889047,0,123.0122055693658
ta,65,2,139,44,5.0,42.42640687119285,4.71238898038469,0.565685424949238,0,123.0122055693658
ta,65,2,139,45,5.0,44.9694340635948,4.76745137575836,0.5685569981889047,0,123.0122055693658
ta,65,2,139,46,5.0,35.531676008879735,4.612720327893528,0.44956066981809384,0,123.0122055693658
ta,65,2,139,47,5.0,38.890872965260115,4.71238898038469,0.565685424949238,0,123.0122055693658
ta,65,2,139,48,5.0,32.01562118716424,4.601731759210795,0.565685424949238,0,123.0122055693658
ta,65,2,139,49,5.0,35.35533905932738,4.71238898038469,0.482842712474619,0,123.0122055693658
ta,65,2,139,50,5.0,39.05124837953327,4.803048867585435,0.5685569981889047,0,123.0122055693658
ta,65,2,139,51,5.0,32.973474187595095,4.7875161362954515,0.482842712474619,0,123.0122055693658
ta,65,2,139,52,5.0,26.405491853021786,-0.4576596566168929,0.44956066981809384,0,123.0122055693658
ta,65,2,139,53,5.0,25.495097567963924,-0.5880026035475678,0.44956066981809384,0,123.0122055693658
ta,65,2,139,54,5.0,20.615528128088304,-0.540419500270584,0.5685569981889047,0,123.0122055693658
ta,65,2,139,55,5.0,30.4138126514911,-0.6202494859828214,0.482842712474619,0,123.0122055693658
ta,65,2,139,56,5.0,22.638462845343543,-0.6747409422235529,0.482842712474619,0,123.0122055693658
ta,65,2,139,57,5.0,27.613402542968153,-0.6947382761967034,0.565685424949238,0,123.0122055693658
ta,65,2,139,58,5.0,16.5,5.497787143782138,0.565685424949238,0,123.0122055693658
ta,65,2,139,59,5.0,20.0,5.497787143782138,0.44956066981809384,0,123.0122055693658
ta,65,2,139,60,5.0,25.0,5.497787143782138,0.5685569981889047,0,123.0122055693658
ta,65,2,139,61,5.0,30.0,5.497787143782138,0.565685424949238,0,123.0122055693658
ta,65,2,139,62,5.0,33.5,5.497787143782138,0.5685569981889047,0,123.0122055693658
ta,65,2,139,63,5.0,22.638462845343543,5.387129922608242,0.44956066981809384,0,123.0122055693658
ta,65,2,139,64,5.0,27.613402542968153,5.4071272565813935,0.565685424949238,0,123.0122055693658
ta,65,2,139,65,5.0,20.615528128088304,5.252808480655274,0.565685424949238,0,123.0122055693658
ta,65,2,139,66,5.0,25.495097567963924,5.3003915839322575,0.482842712474619,0,123.0122055693658
ta,65,2,139,67,5.0,30.4138126514911,5.332638466367511,0.5685569981889047,0,123.0122055693658
ta,65,2,139,68,5.0,26.405491853021786,5.170048637001583,0.482842712474619,0,123.0122055693658
ta,65,2,140,1,5.0,39.42714800743264,-1.7880897577179176,0.44956066981809384,0,123.31655339545276
ta,65,2,140,2,5.0,36.01735692690401,-1.8090410849736416,0.44956066981809384,0,123.31655339545276
ta,65,2,140,3,5.0,35.174564673923115,-1.6704649792860584,0.5685569981889047,0,123.31655339545276
ta,65,2,140,4,5.0,37.51333096380539,-1.9389270981200601,0.482842712474619,0,123.31655339545276
ta,65,2,140,5,5.0,33.04920573932148,-1.7533561799258033,0.482842712474619,0,123.31655339545276
ta,65,2,140,6,5.0,34.311076928595526,-1.8971551435016591,0.565685424949238,0,123.31655339545276
ta,65,2,140,7,5.0,30.0,-1.5707963267948966,0.565685424949238,0,123.31655339545276
ta,65,2,140,9,5.0,31.18092365533773,-1.846893346190333,0.565685424949238,0,123.31655339545276
ta,65,2,140,10,5.0,32.89756829919196,-1.9936502529278373,0.565685424949238,0,123.31655339545276
ta,65,2,140,11,5.0,34.48187929913333,-2.086345334253876,0.5685569981889047,0,123.31655339545276
ta,65,2,140,12,5.0,28.146935890075138,-1.785611727196555,0.44956066981809384,0,123.31655339545276
ta,65,2,140,13,5.0,29.618406439239774,-1.9513027039072615,0.565685424949238,0,123.31655339545276
ta,65,2,140,14,5.0,25.243811122728676,-1.7098922682769677,0.565685424949238,0,123.31655339545276
ta,65,2,140,15,5.0,26.405491853021786,-1.898534833575452,0.482842712474619,0,123.31655339545276
ta,65,2,140,16,5.0,28.412145290350743,-2.0659295902633006,0.5685569981889047,0,123.31655339545276
ta,65,2,140,17,5.0,23.119256043393783,-1.9472866612414195,0.482842712474619,0,123.31655339545276
ta,65,2,140,18,5.0,12.020815280171307,-3.9269908169872414,0.44956066981809384,0,123.31655339545276
ta,65,2,140,19,5.0,9.86154146165801,-3.673316720848599,0.44956066981809384,0,123.31655339545276
ta,65,2,140,20,5.0,6.103277807866851,-4.101663015995481,0.5685569981889047,0,123.31655339545276
ta,65,2,140,21,5.0,14.396180048887969,-3.4962983056007335,0.482842712474619,0,123.31655339545276
ta,65,2,140,22,5.0,6.5,-3.5363837732895544,0.482842712474619,0,123.31655339545276
ta,65,2,140,23,5.0,11.280514172678478,-3.365069254730426,0.565685424949238,0,123.31655339545276
ta,65,2,140,24,5.0,0.0,,0.565685424949238,0,123.31655339545276
ta,65,2,140,26,5.0,8.5,-3.141592653589793,0.565685424949238,0,123.31655339545276
ta,65,2,140,27,5.0,13.5,-3.141592653589793,0.565685424949238,0,123.31655339545276
ta,65,2,140,28,5.0,17.0,-3.141592653589793,0.5685569981889047,0,123.31655339545276
ta,65,2,140,29,5.0,6.5,-2.746801533890032,0.44956066981809384,0,123.31655339545276
ta,65,2,140,30,5.0,11.280514172678478,-2.91811605244916,0.565685424949238,0,123.31655339545276
ta,65,2,140,31,5.0,6.103277807866851,-2.181522291184105,0.565685424949238,0,123.31655339545276
ta,65,2,140,32,5.0,9.86154146165801,-2.6098685863309874,0.482842712474619,0,123.31655339545276
ta,65,2,140,33,5.0,14.396180048887969,-2.7868870015788527,0.5685569981889047,0,123.31655339545276
ta,65,2,140,34,5.0,12.020815280171307,-2.356194490192345,0.482842712474619,0,123.31655339545276
ta,65,2,140,35,5.0,44.09648512069868,-1.0614951827928847,0.44956066981809384,0,123.31655339545276
ta,65,2,140,36,5.0,41.07614879708174,-1.0199387922631802,0.44956066981809384,0,123.31655339545276
ta,65,2,140,37,5.0,38.69431482789171,-1.1302659861783835,0.5685569981889047,0,123.31655339545276
ta,65,2,140,38,5.0,43.900455578501685,-0.9227394408643823,0.482842712474619,0,123.31655339545276
ta,65,2,140,39,5.0,37.646380968162134,-1.0417658557152478,0.482842712474619,0,123.31655339545276
ta,65,2,140,40,5.0,40.40111384603152,-0.9347208240911455,0.565685424949238,0,123.31655339545276
ta,65,2,140,41,5.0,32.69556544854363,-1.1618884978439712,0.565685424949238,0,123.31655339545276
ta,65,2,140,42,5.0,34.23813663153998,-1.0679531158670357,0.44956066981809384,0,123.31655339545276
ta,65,2,140,43,5.0,36.908671067921155,-0.9489720389643068,0.5685569981889047,0,123.31655339545276
ta,65,2,140,44,5.0,40.02811511925087,-0.847266009261828,0.565685424949238,0,123.31655339545276
ta,65,2,140,45,5.0,42.42640687119285,-0.7853981633974483,0.5685569981889047,0,123.31655339545276
ta,65,2,140,46,5.0,33.425289826716536,-0.9661977367014196,0.44956066981809384,0,123.31655339545276
ta,65,2,140,47,5.0,36.5,-0.8532549862537522,0.565685424949238,0,123.31655339545276
ta,65,2,140,48,5.0,29.95413160150032,-0.9874233198010405,0.565685424949238,0,123.31655339545276
ta,65,2,140,49,5.0,32.973474187595095,-0.8605253193082101,0.482842712474619,0,123.31655339545276
ta,65,2,140,50,5.0,36.43144246389374,-0.7562801818904092,0.5685569981889047,0,123.31655339545276
ta,65,2,140,51,5.0,30.405591591021544,-0.7853981633974483,0.482842712474619,0,123.31655339545276
ta,65,2,140,52,5.0,23.119256043393783,-5.906694972733064,0.44956066981809384,0,123.31655339545276
ta,65,2,140,53,5.0,22.073740054644116,-6.054688667887724,0.44956066981809384,0,123.31655339545276
ta,65,2,140,54,5.0,17.240939649566666,-5.988950742068399,0.5685569981889047,0,123.31655339545276
ta,65,2,140,55,5.0,26.9675731203236,-6.096698405512369,0.482842712474619,0,123.31655339545276
ta,65,2,140,56,5.0,19.1637678967368,-6.152357911105529,0.482842712474619,0,123.31655339545276
ta,65,2,140,57,5.0,24.12985702402731,-6.179392966722544,0.565685424949238,0,123.31655339545276
ta,65,2,140,58,5.0,13.0,0.0,0.565685424949238,0,123.31655339545276
ta,65,2,140,59,5.0,16.5,0.0,0.44956066981809384,1,123.31655339545276
ta,65,2,140,60,5.0,21.5,0.0,0.5685569981889047,0,123.31655339545276
ta,65,2,140,61,5.0,26.5,0.0,0.565685424949238,0,123.31655339545276
ta,65,2,140,62,5.0,30.0,0.0,0.5685569981889047,0,123.31655339545276
ta,65,2,140,63,5.0,19.1637678967368,-0.1308273960740567,0.44956066981809384,0,123.31655339545276
ta,65,2,140,64,5.0,24.12985702402731,-0.10379234045704289,0.565685424949238,0,123.31655339545276
ta,65,2,140,65,5.0,17.240939649566666,-0.2942345651111875,0.565685424949238,0,123.31655339545276
ta,65,2,140,66,5.0,22.073740054644116,-0.22849663929186237,0.482842712474619,0,123.31655339545276
ta,65,2,140,67,5.0,26.9675731203236,-0.18648690166721682,0.5685569981889047,0,123.31655339545276
ta,65,2,140,68,5.0,23.119256043393783,-0.3764903344465229,0.482842712474619,0,123.31655339545276
ta,65,2,141,1,5.0,45.90479277809671,-2.1467149264132495,0.44956066981809384,0,124.7513360041484
ta,65,2,141,2,5.0,43.01162633521314,-2.191045812777718,0.44956066981809384,0,124.7513360041484
ta,65,2,141,3,5.0,40.311288741492746,-2.089942441041419,0.5685569981889047,0,124.7513360041484
ta,65,2,141,4,5.0,46.09772228646444,-2.279422598922567,0.482842712474619,0,124.7513360041484
ta,65,2,141,5,5.0,39.528470752104745,-2.1763409903998667,0.482842712474619,0,124.7513360041484
ta,65,2,141,6,5.0,42.573465914816005,-2.2730532583039036,0.565685424949238,0,124.7513360041484
ta,65,2,141,7,5.0,34.23813663153998,-2.073639537722757,0.565685424949238,0,124.7513360041484
ta,65,2,141,8,5.0,36.05551275463989,-2.158798930342464,0.44956066981809384,0,124.7513360041484
ta,65,2,141,9,5.0,39.05124837953327,-2.2655346029915995,0.5685569981889047,0,124.7513360041484
ta,65,2,141,10,5.0,42.42640687119285,-2.356194490192345,0.565685424949238,0,124.7513360041484
ta,65,2,141,11,5.0,44.9694340635948,-2.411256885566015,0.5685569981889047,0,124.7513360041484
ta,65,2,141,12,5.0,35.531676008879735,-2.256525837701183,0.44956066981809384,0,124.7513360041484
ta,65,2,141,13,5.0,38.890872965260115,-2.356194490192345,0.565685424949238,0,124.7513360041484
ta,65,2,141,14,5.0,32.01562118716424,-2.245537269018449,0.565685424949238,0,124.7513360041484
ta,65,2,141,15,5.0,35.35533905932738,-2.356194490192345,0.482842712474619,0,124.7513360041484
ta,65,2,141,16,5.0,39.05124837953327,-2.44685437739309,0.5685569981889047,0,124.7513360041484
ta,65,2,141,17,5.0,32.973474187595095,-2.4313216461031066,0.482842712474619,0,124.7513360041484
ta,65,2,141,18,5.0,26.405491853021786,-3.4693311603703485,0.44956066981809384,0,124.7513360041484
ta,65,2,141,19,5.0,25.495097567963924,-3.338988213439674,0.44956066981809384,0,124.7513360041484
ta,65,2,141,20,5.0,20.615528128088304,-3.3865713167166573,0.5685569981889047,0,124.7513360041484
ta,65,2,141,21,5.0,30.4138126514911,-3.30674133100442,0.482842712474619,0,124.7513360041484
ta,65,2,141,22,5.0,22.638462845343543,-3.252249874763689,0.482842712474619,0,124.7513360041484
ta,65,2,141,23,5.0,27.613402542968153,-3.232252540790538,0.565685424949238,0,124.7513360041484
ta,65,2,141,25,5.0,20.0,-3.141592653589793,0.3276927682076162,0,124.7513360041484
ta,65,2,141,26,5.0,25.0,-3.141592653589793,0.565685424949238,0,124.7513360041484
ta,65,2,141,27,5.0,30.0,-3.141592653589793,0.565685424949238,0,124.7513360041484
ta,65,2,141,28,5.0,33.5,-3.141592653589793,0.5685569981889047,0,124.7513360041484
ta,65,2,141,29,5.0,22.638462845343543,-3.0309354324158972,0.44956066981809384,0,124.7513360041484
ta,65,2,141,30,5.0,27.613402542968153,-3.050932766389048,0.565685424949238,0,124.7513360041484
ta,65,2,141,31,5.0,20.615528128088304,-2.896613990462929,0.565685424949238,0,124.7513360041484
ta,65,2,141,32,5.0,25.495097567963924,-2.9441970937399122,0.482842712474619,0,124.7513360041484
ta,65,2,141,33,5.0,30.4138126514911,-2.976443976175166,0.5685569981889047,0,124.7513360041484
ta,65,2,141,34,5.0,26.405491853021786,-2.8138541468092377,0.482842712474619,0,124.7513360041484
ta,65,2,141,35,5.0,38.82331773560833,-1.4416490366668764,0.44956066981809384,0,124.7513360041484
ta,65,2,141,36,5.0,35.35533905932738,-1.4288992721907325,0.44956066981809384,0,124.7513360041484
ta,65,2,141,37,5.0,35.0,-1.5707963267948966,0.5685569981889047,0,124.7513360041484
ta,65,2,141,38,5.0,36.40054944640259,-1.2924966677897851,0.482842712474619,0,124.7513360041484
ta,65,2,141,39,5.0,32.59601202601324,-1.4940244355251184,0.482842712474619,0,124.7513360041484
ta,65,2,141,40,5.0,33.354160160315836,-1.3439974787410107,0.565685424949238,0,124.7513360041484
ta,65,2,141,41,5.0,30.20347662107791,-1.6869379536748867,0.565685424949238,0,124.7513360041484
ta,65,2,141,42,5.0,30.0,-1.5707963267948966,0.44956066981809384,0,124.7513360041484
ta,65,2,141,43,5.0,30.4138126514911,-1.4056476493802696,0.5685569981889047,0,124.7513360041484
ta,65,2,141,44,5.0,31.622776601683793,-1.2490457723982542,0.565685424949238,0,124.7513360041484
ta,65,2,141,45,5.0,32.89756829919196,-1.1479424006619559,0.5685569981889047,0,124.7513360041484
ta,65,2,141,46,5.0,27.613402542968153,-1.4801364395941514,0.44956066981809384,0,124.7513360041484
ta,65,2,141,47,5.0,28.50438562747845,-1.304544277643971,0.565685424949238,0,124.7513360041484
ta,65,2,141,48,5.0,25.0,-1.5707963267948966,0.565685424949238,0,124.7513360041484
ta,65,2,141,49,5.0,25.495097567963924,-1.3734007669450157,0.482842712474619,0,124.7513360041484
ta,65,2,141,50,5.0,26.92582403567252,-1.1902899496825317,0.5685569981889047,0,124.7513360041484
ta,65,2,141,51,5.0,22.073740054644116,-1.3422996875030342,0.482842712474619,0,124.7513360041484
ta,65,2,141,52,5.0,9.86154146165801,-5.244113047643495,0.44956066981809384,0,124.7513360041484
ta,65,2,141,53,5.0,7.0710678118654755,-5.497787143782138,0.44956066981809384,0,124.7513360041484
ta,65,2,141,54,5.0,5.0,-4.71238898038469,0.5685569981889047,0,124.7513360041484
ta,65,2,141,55,5.0,11.180339887498949,-5.81953769817878,0.482842712474619,0,124.7513360041484
ta,65,2,141,56,5.0,3.5355339059327378,-5.497787143782138,0.482842712474619,0,124.7513360041484
ta,65,2,141,57,5.0,7.905694150420948,-5.961434752782944,0.565685424949238,0,124.7513360041484
ta,65,2,141,58,5.0,3.5,-3.141592653589793,0.565685424949238,0,124.7513360041484
ta,65,2,141,59,5.0,0.0,,0.44956066981809384,0,124.7513360041484
ta,65,2,141,60,5.0,5.0,0.0,0.5685569981889047,0,124.7513360041484
ta,65,2,141,61,5.0,10.0,0.0,0.565685424949238,0,124.7513360041484
ta,65,2,141,62,5.0,13.5,0.0,0.5685569981889047,0,124.7513360041484
ta,65,2,141,63,5.0,3.5355339059327378,-0.7853981633974483,0.44956066981809384,0,124.7513360041484
ta,65,2,141,64,5.0,7.905694150420948,-0.32175055439664213,0.565685424949238,0,124.7513360041484
ta,65,2,141,65,5.0,5.0,-1.5707963267948966,0.565685424949238,0,124.7513360041484
ta,65,2,141,66,5.0,7.0710678118654755,-0.7853981633974483,0.482842712474619,1,124.7513360041484
ta,65,2,141,67,5.0,11.180339887498949,-0.46364760900080615,0.5685569981889047,0,124.7513360041484
ta,65,2,141,68,5.0,9.86154146165801,-1.0390722595360908,0.482842712474619,0,124.7513360041484
ta,65,2,142,1,5.0,44.9694340635948,-1.5157339314212264,0.44956066981809384,0,125.36621146604976
ta,65,2,142,2,5.0,42.42640687119285,-1.5707963267948966,0.44956066981809384,0,125.36621146604976
ta,65,2,142,3,5.0,39.05124837953327,-1.4801364395941514,0.5685569981889047,0,125.36621146604976
ta,65,2,142,4,5.0,46.09772228646444,-1.6475682180646745,0.482842712474619,0,125.36621146604976
ta,65,2,142,5,5.0,38.890872965260115,-1.5707963267948966,0.482842712474619,0,125.36621146604976
ta,65,2,142,6,5.0,42.573465914816005,-1.6539375586833378,0.565685424949238,0,125.36621146604976
ta,65,2,142,7,5.0,32.973474187595095,-1.4956691708841343,0.565685424949238,0,125.36621146604976
ta,65,2,142,8,5.0,35.35533905932738,-1.5707963267948966,0.44956066981809384,0,125.36621146604976
ta,65,2,142,9,5.0,39.05124837953327,-1.6614562139956417,0.5685569981889047,0,125.36621146604976
ta,65,2,142,10,5.0,43.01162633521314,-1.7359450042095235,0.565685424949238,0,125.36621146604976
ta,65,2,142,11,5.0,45.90479277809671,-1.780275890573992,0.5685569981889047,0,125.36621146604976
ta,65,2,142,12,5.0,35.531676008879735,-1.6704649792860584,0.44956066981809384,0,125.36621146604976
ta,65,2,142,13,5.0,39.528470752104745,-1.7506498265873747,0.565685424949238,0,125.36621146604976
ta,65,2,142,14,5.0,32.01562118716424,-1.6814535479687922,0.565685424949238,0,125.36621146604976
ta,65,2,142,15,5.0,36.05551275463989,-1.7681918866447774,0.482842712474619,0,125.36621146604976
ta,65,2,142,16,5.0,40.311288741492746,-1.8370483759458218,0.5685569981889047,0,125.36621146604976
ta,65,2,142,17,5.0,34.23813663153998,-1.853351279264484,0.482842712474619,0,125.36621146604976
ta,65,2,142,18,5.0,32.89756829919196,-2.7790484163252858,0.44956066981809384,0,125.36621146604976
ta,65,2,142,19,5.0,31.622776601683793,-2.677945044588987,0.44956066981809384,0,125.36621146604976
ta,65,2,142,20,5.0,26.92582403567252,-2.7367008673047097,0.5685569981889047,0,125.36621146604976
ta,65,2,142,21,5.0,36.40054944640259,-2.6344941491974563,0.482842712474619,0,125.36621146604976
ta,65,2,142,22,5.0,28.50438562747845,-2.62244653934327,0.482842712474619,0,125.36621146604976
ta,65,2,142,23,5.0,33.354160160315836,-2.5829933382462307,0.565685424949238,0,125.36621146604976
ta,65,2,142,25,5.0,25.495097567963924,-2.5535900500422257,0.3276927682076162,0,125.36621146604976
ta,65,2,142,26,5.0,30.4138126514911,-2.5213431676069717,0.565685424949238,0,125.36621146604976
ta,65,2,142,27,5.0,35.35533905932738,-2.498091544796509,0.565685424949238,0,125.36621146604976
ta,65,2,142,28,5.0,38.82331773560833,-2.485341780320365,0.5685569981889047,0,125.36621146604976
ta,65,2,142,29,5.0,27.613402542968153,-2.4468543773930898,0.44956066981809384,0,125.36621146604976
ta,65,2,142,30,5.0,32.59601202601324,-2.4329663814621227,0.565685424949238,0,125.36621146604976
ta,65,2,142,31,5.0,25.0,-2.356194490192345,0.565685424949238,0,125.36621146604976
ta,65,2,142,32,5.0,30.0,-2.356194490192345,0.482842712474619,0,125.36621146604976
ta,65,2,142,33,5.0,35.0,-2.356194490192345,0.5685569981889047,0,125.36621146604976
ta,65,2,142,34,5.0,30.20347662107791,-2.2400528633123544,0.482842712474619,0,125.36621146604976
ta,65,2,142,35,5.0,33.5,-0.7853981633974483,0.44956066981809384,0,125.36621146604976
ta,65,2,142,36,5.0,30.0,-0.7853981633974483,0.44956066981809384,0,125.36621146604976
ta,65,2,142,37,5.0,30.4138126514911,-0.950546840812075,0.5685569981889047,0,125.36621146604976
ta,65,2,142,38,5.0,30.4138126514911,-0.6202494859828214,0.482842712474619,0,125.36621146604976
ta,65,2,142,39,5.0,27.613402542968153,-0.8760580505981934,0.482842712474619,0,125.36621146604976
ta,65,2,142,40,5.0,27.613402542968153,-0.6947382761967031,0.565685424949238,0,125.36621146604976
ta,65,2,142,41,5.0,26.405491853021786,-1.1131366701780037,0.565685424949238,0,125.36621146604976
ta,65,2,142,42,5.0,25.495097567963924,-0.9827937232473289,0.44956066981809384,0,125.36621146604976
ta,65,2,142,43,5.0,25.0,-0.7853981633974483,0.5685569981889047,0,125.36621146604976
ta,65,2,142,44,5.0,25.495097567963924,-0.5880026035475674,0.565685424949238,0,125.36621146604976
ta,65,2,142,45,5.0,26.405491853021786,-0.4576596566168927,0.5685569981889047,0,125.36621146604976
ta,65,2,142,46,5.0,22.638462845343543,-0.8960553845713439,0.44956066981809384,0,125.36621146604976
ta,65,2,142,47,5.0,22.638462845343543,-0.6747409422235526,0.565685424949238,0,125.36621146604976
ta,65,2,142,48,5.0,20.615528128088304,-1.0303768265243123,0.565685424949238,0,125.36621146604976
ta,65,2,142,49,5.0,20.0,-0.7853981633974483,0.482842712474619,0,125.36621146604976
ta,65,2,142,50,5.0,20.615528128088304,-0.540419500270584,0.5685569981889047,0,125.36621146604976
ta,65,2,142,51,5.0,16.5,-0.7853981633974483,0.482842712474619,0,125.36621146604976
ta,65,2,142,52,5.0,13.5,-3.9269908169872414,0.44956066981809384,0,125.36621146604976
ta,65,2,142,53,5.0,10.0,-3.9269908169872414,0.44956066981809384,0,125.36621146604976
ta,65,2,142,54,5.0,11.180339887498949,-3.4633432079864352,0.5685569981889047,0,125.36621146604976
ta,65,2,142,55,5.0,11.180339887498949,-4.3906384259880475,0.482842712474619,0,125.36621146604976
ta,65,2,142,56,5.0,7.905694150420948,-3.6052402625905993,0.482842712474619,0,125.36621146604976
ta,65,2,142,57,5.0,7.905694150420948,-4.2487413713838835,0.565685424949238,0,125.36621146604976
ta,65,2,142,58,5.0,9.86154146165801,-2.8879185574511506,0.565685424949238,0,125.36621146604976
ta,65,2,142,60,5.0,5.0,-3.9269908169872414,0.565685424949238,0,125.36621146604976
ta,65,2,142,61,5.0,7.0710678118654755,-4.71238898038469,0.565685424949238,0,125.36621146604976
ta,65,2,142,62,5.0,9.86154146165801,-4.966063076523333,0.5685569981889047,0,125.36621146604976
ta,65,2,142,63,5.0,3.5355339059327378,-3.141592653589793,0.44956066981809384,0,125.36621146604976
ta,65,2,142,64,5.0,3.5355339059327378,-4.71238898038469,0.565685424949238,0,125.36621146604976
ta,65,2,142,65,5.0,5.0,-2.356194490192345,0.565685424949238,0,125.36621146604976
ta,65,2,142,66,5.0,0.0,,0.482842712474619,0,125.36621146604976
ta,65,2,142,67,5.0,5.0,0.7853981633974483,0.5685569981889047,0,125.36621146604976
ta,65,2,142,68,5.0,3.5,-0.7853981633974483,0.482842712474619,1,125.36621146604976
ta,65,2,143,1,5.0,42.42640687119285,-0.7853981633974483,0.3276927682076162,0,125.67055929213672
ta,65,2,143,2,5.0,40.02811511925087,-0.8472660092618283,0.44956066981809384,0,125.67055929213672
ta,65,2,143,3,5.0,36.43144246389374,-0.7562801818904094,0.5685569981889047,0,125.67055929213672
ta,65,2,143,4,5.0,43.900455578501685,-0.9227394408643822,0.482842712474619,0,125.67055929213672
ta,65,2,143,5,5.0,36.5,-0.8532549862537521,0.482842712474619,0,125.67055929213672
ta,65,2,143,6,5.0,40.40111384603152,-0.9347208240911457,0.565685424949238,0,125.67055929213672
ta,65,2,143,7,5.0,30.405591591021544,-0.7853981633974483,0.565685424949238,0,125.67055929213672
ta,65,2,143,8,5.0,32.973474187595095,-0.8605253193082103,0.44956066981809384,0,125.67055929213672
ta,65,2,143,9,5.0,36.908671067921155,-0.9489720389643067,0.5685569981889047,0,125.67055929213672
ta,65,2,143,10,5.0,41.07614879708174,-1.0199387922631802,0.565685424949238,0,125.67055929213672
ta,65,2,143,11,5.0,44.09648512069868,-1.0614951827928847,0.5685569981889047,0,125.67055929213672
ta,65,2,143,12,5.0,33.425289826716536,-0.9661977367014197,0.44956066981809384,0,125.67055929213672
ta,65,2,143,13,5.0,37.646380968162134,-1.0417658557152478,0.565685424949238,0,125.67055929213672
ta,65,2,143,14,5.0,29.95413160150032,-0.9874233198010406,0.565685424949238,0,125.67055929213672
ta,65,2,143,15,5.0,34.23813663153998,-1.0679531158670357,0.482842712474619,0,125.67055929213672
ta,65,2,143,16,5.0,38.69431482789171,-1.1302659861783835,0.5685569981889047,0,125.67055929213672
ta,65,2,143,17,5.0,32.69556544854363,-1.1618884978439712,0.482842712474619,0,125.67055929213672
ta,65,2,143,18,5.0,34.48187929913333,-2.086345334253876,0.44956066981809384,0,125.67055929213672
ta,65,2,143,19,5.0,32.89756829919196,-1.9936502529278373,0.44956066981809384,0,125.67055929213672
ta,65,2,143,20,5.0,28.412145290350743,-2.0659295902633006,0.5685569981889047,0,125.67055929213672
ta,65,2,143,21,5.0,37.51333096380539,-1.9389270981200601,0.482842712474619,0,125.67055929213672
ta,65,2,143,22,5.0,29.618406439239774,-1.9513027039072615,0.482842712474619,0,125.67055929213672
ta,65,2,143,23,5.0,34.311076928595526,-1.8971551435016591,0.565685424949238,0,125.67055929213672
ta,65,2,143,24,5.0,23.119256043393783,-1.9472866612414195,0.565685424949238,0,125.67055929213672
ta,65,2,143,25,5.0,26.405491853021786,-1.898534833575452,0.44956066981809384,0,125.67055929213672
ta,65,2,143,26,5.0,31.18092365533773,-1.846893346190333,0.5685569981889047,0,125.67055929213672
ta,65,2,143,27,5.0,36.01735692690401,-1.8090410849736416,0.565685424949238,0,125.67055929213672
ta,65,2,143,28,5.0,39.42714800743264,-1.7880897577179176,0.5685569981889047,0,125.67055929213672
ta,65,2,143,29,5.0,28.146935890075138,-1.7856117271965553,0.44956066981809384,0,125.67055929213672
ta,65,2,143,30,5.0,33.04920573932148,-1.7533561799258033,0.565685424949238,0,125.67055929213672
ta,65,2,143,31,5.0,25.243811122728676,-1.709892268276968,0.565685424949238,0,125.67055929213672
ta,65,2,143,32,5.0,30.20347662107791,-1.6869379536748867,0.482842712474619,0,125.67055929213672
ta,65,2,143,33,5.0,35.174564673923115,-1.6704649792860586,0.5685569981889047,0,125.67055929213672
ta,65,2,143,34,5.0,30.0,-1.5707963267948966,0.482842712474619,0,125.67055929213672
ta,65,2,143,35,5.0,30.0,0.0,0.44956066981809384,0,125.67055929213672
ta,65,2,143,36,5.0,26.5,0.0,0.44956066981809384,0,125.67055929213672
ta,65,2,143,37,5.0,26.9675731203236,-0.18648690166721682,0.5685569981889047,0,125.67055929213672
ta,65,2,143,38,5.0,26.9675731203236,0.18648690166721682,0.482842712474619,0,125.67055929213672
ta,65,2,143,39,5.0,24.12985702402731,-0.10379234045704266,0.482842712474619,0,125.67055929213672
ta,65,2,143,40,5.0,24.12985702402731,0.10379234045704289,0.565685424949238,0,125.67055929213672
ta,65,2,143,41,5.0,23.119256043393783,-0.3764903344465229,0.565685424949238,0,125.67055929213672
ta,65,2,143,42,5.0,22.073740054644116,-0.22849663929186215,0.44956066981809384,0,125.67055929213672
ta,65,2,143,43,5.0,21.5,0.0,0.5685569981889047,0,125.67055929213672
ta,65,2,143,44,5.0,22.073740054644116,0.22849663929186237,0.565685424949238,0,125.67055929213672
ta,65,2,143,45,5.0,23.119256043393783,0.3764903344465229,0.5685569981889047,0,125.67055929213672
ta,65,2,143,46,5.0,19.1637678967368,-0.1308273960740569,0.44956066981809384,0,125.67055929213672
ta,65,2,143,47,5.0,19.1637678967368,0.1308273960740569,0.565685424949238,0,125.67055929213672
ta,65,2,143,48,5.0,17.240939649566666,-0.29423456511118773,0.565685424949238,0,125.67055929213672
ta,65,2,143,49,5.0,16.5,0.0,0.482842712474619,1,125.67055929213672
ta,65,2,143,50,5.0,17.240939649566666,0.29423456511118773,0.5685569981889047,0,125.67055929213672
ta,65,2,143,51,5.0,13.0,0.0,0.482842712474619,0,125.67055929213672
ta,65,2,143,52,5.0,17.0,-3.141592653589793,0.44956066981809384,0,125.67055929213672
ta,65,2,143,53,5.0,13.5,-3.141592653589793,0.44956066981809384,0,125.67055929213672
ta,65,2,143,54,5.0,14.396180048887969,-2.7868870015788527,0.5685569981889047,0,125.67055929213672
ta,65,2,143,55,5.0,14.396180048887969,-3.4962983056007335,0.482842712474619,0,125.67055929213672
ta,65,2,143,56,5.0,11.280514172678478,-2.91811605244916,0.482842712474619,0,125.67055929213672
ta,65,2,143,57,5.0,11.280514172678478,-3.365069254730426,0.565685424949238,0,125.67055929213672
ta,65,2,143,58,5.0,12.020815280171307,-2.356194490192345,0.565685424949238,0,125.67055929213672
ta,65,2,143,60,5.0,8.5,-3.141592653589793,0.565685424949238,0,125.67055929213672
ta,65,2,143,61,5.0,9.86154146165801,-3.673316720848599,0.565685424949238,0,125.67055929213672
ta,65,2,143,62,5.0,12.020815280171307,-3.9269908169872414,0.5685569981889047,0,125.67055929213672
ta,65,2,143,63,5.0,6.5,-2.7468015338900313,0.44956066981809384,0,125.67055929213672
ta,65,2,143,64,5.0,6.5,-3.536383773289555,0.565685424949238,0,125.67055929213672
ta,65,2,143,65,5.0,6.103277807866851,-2.181522291184105,0.565685424949238,0,125.67055929213672
ta,65,2,143,67,5.0,6.103277807866851,-4.101663015995481,0.565685424949238,0,125.67055929213672
ta,65,2,143,68,5.0,0.0,,0.482842712474619,0,125.67055929213672
ta,65,2,144,1,5.0,32.89756829919196,-1.1479424006619559,0.3276927682076162,0,127.10534190083236
ta,65,2,144,2,5.0,31.622776601683793,-1.2490457723982544,0.44956066981809384,0,127.10534190083236
ta,65,2,144,3,5.0,26.92582403567252,-1.1902899496825317,0.5685569981889047,0,127.10534190083236
ta,65,2,144,4,5.0,36.40054944640259,-1.2924966677897851,0.482842712474619,0,127.10534190083236
ta,65,2,144,5,5.0,28.50438562747845,-1.3045442776439713,0.482842712474619,0,127.10534190083236
ta,65,2,144,6,5.0,33.354160160315836,-1.3439974787410107,0.565685424949238,0,127.10534190083236
ta,65,2,144,7,5.0,22.073740054644116,-1.3422996875030342,0.565685424949238,0,127.10534190083236
ta,65,2,144,8,5.0,25.495097567963924,-1.373400766945016,0.44956066981809384,0,127.10534190083236
ta,65,2,144,9,5.0,30.4138126514911,-1.4056476493802696,0.5685569981889047,0,127.10534190083236
ta,65,2,144,10,5.0,35.35533905932738,-1.4288992721907325,0.565685424949238,0,127.10534190083236
ta,65,2,144,11,5.0,38.82331773560833,-1.4416490366668766,0.5685569981889047,0,127.10534190083236
ta,65,2,144,12,5.0,27.613402542968153,-1.4801364395941514,0.44956066981809384,0,127.10534190083236
ta,65,2,144,13,5.0,32.59601202601324,-1.4940244355251184,0.565685424949238,0,127.10534190083236
ta,65,2,144,14,5.0,25.0,-1.5707963267948966,0.565685424949238,0,127.10534190083236
ta,65,2,144,15,5.0,30.0,-1.5707963267948966,0.482842712474619,0,127.10534190083236
ta,65,2,144,16,5.0,35.0,-1.5707963267948966,0.5685569981889047,0,127.10534190083236
ta,65,2,144,17,5.0,30.20347662107791,-1.6869379536748867,0.482842712474619,0,127.10534190083236
ta,65,2,144,18,5.0,44.9694340635948,-2.411256885566015,0.44956066981809384,0,127.10534190083236
ta,65,2,144,19,5.0,42.42640687119285,-2.356194490192345,0.44956066981809384,0,127.10534190083236
ta,65,2,144,20,5.0,39.05124837953327,-2.44685437739309,0.5685569981889047,0,127.10534190083236
ta,65,2,144,21,5.0,46.09772228646444,-2.279422598922567,0.482842712474619,0,127.10534190083236
ta,65,2,144,22,5.0,38.890872965260115,-2.356194490192345,0.482842712474619,0,127.10534190083236
ta,65,2,144,23,5.0,42.573465914816005,-2.2730532583039036,0.565685424949238,0,127.10534190083236
ta,65,2,144,24,5.0,32.973474187595095,-2.431321646103107,0.565685424949238,0,127.10534190083236
ta,65,2,144,25,5.0,35.35533905932738,-2.356194490192345,0.44956066981809384,0,127.10534190083236
ta,65,2,144,26,5.0,39.05124837953327,-2.2655346029915995,0.5685569981889047,0,127.10534190083236
ta,65,2,144,27,5.0,43.01162633521314,-2.191045812777718,0.565685424949238,0,127.10534190083236
ta,65,2,144,28,5.0,45.90479277809671,-2.1467149264132495,0.5685569981889047,0,127.10534190083236
ta,65,2,144,29,5.0,35.531676008879735,-2.256525837701183,0.44956066981809384,0,127.10534190083236
ta,65,2,144,30,5.0,39.528470752104745,-2.1763409903998667,0.565685424949238,0,127.10534190083236
ta,65,2,144,31,5.0,32.01562118716424,-2.245537269018449,0.565685424949238,0,127.10534190083236
ta,65,2,144,32,5.0,36.05551275463989,-2.158798930342464,0.482842712474619,0,127.10534190083236
ta,65,2,144,33,5.0,40.311288741492746,-2.0899424410414196,0.5685569981889047,0,127.10534190083236
ta,65,2,144,34,5.0,34.23813663153998,-2.0736395377227574,0.482842712474619,0,127.10534190083236
ta,65,2,144,35,5.0,13.5,0.0,0.44956066981809384,0,127.10534190083236
ta,65,2,144,36,5.0,10.0,0.0,0.44956066981809384,0,127.10534190083236
ta,65,2,144,37,5.0,11.180339887498949,-0.46364760900080615,0.5685569981889047,0,127.10534190083236
ta,65,2,144,38,5.0,11.180339887498949,0.46364760900080615,0.482842712474619,0,127.10534190083236
ta,65,2,144,39,5.0,7.905694150420948,-0.32175055439664213,0.482842712474619,0,127.10534190083236
ta,65,2,144,40,5.0,7.905694150420948,0.32175055439664235,0.565685424949238,0,127.10534190083236
ta,65,2,144,41,5.0,9.86154146165801,-1.0390722595360908,0.565685424949238,0,127.10534190083236
ta,65,2,144,42,5.0,7.0710678118654755,-0.7853981633974483,0.44956066981809384,1,127.10534190083236
ta,65,2,144,43,5.0,5.0,0.0,0.5685569981889047,0,127.10534190083236
ta,65,2,144,44,5.0,7.0710678118654755,0.7853981633974483,0.565685424949238,0,127.10534190083236
ta,65,2,144,45,5.0,9.86154146165801,1.0390722595360913,0.5685569981889047,0,127.10534190083236
ta,65,2,144,46,5.0,3.5355339059327378,-0.7853981633974483,0.44956066981809384,0,127.10534190083236
ta,65,2,144,47,5.0,3.5355339059327378,0.7853981633974483,0.565685424949238,0,127.10534190083236
ta,65,2,144,48,5.0,5.0,-1.5707963267948966,0.565685424949238,0,127.10534190083236
ta,65,2,144,49,5.0,0.0,,0.482842712474619,0,127.10534190083236
ta,65,2,144,50,5.0,5.0,1.5707963267948966,0.5685569981889047,0,127.10534190083236
ta,65,2,144,51,5.0,3.5,-3.141592653589793,0.482842712474619,0,127.10534190083236
ta,65,2,144,52,5.0,33.5,-3.141592653589793,0.44956066981809384,0,127.10534190083236
ta,65,2,144,53,5.0,30.0,-3.141592653589793,0.44956066981809384,0,127.10534190083236
ta,65,2,144,54,5.0,30.4138126514911,-2.976443976175166,0.5685569981889047,0,127.10534190083236
ta,65,2,144,55,5.0,30.4138126514911,-3.30674133100442,0.482842712474619,0,127.10534190083236
ta,65,2,144,56,5.0,27.613402542968153,-3.0509327663890478,0.482842712474619,0,127.10534190083236
ta,65,2,144,57,5.0,27.613402542968153,-3.2322525407905385,0.565685424949238,0,127.10534190083236
ta,65,2,144,58,5.0,26.405491853021786,-2.8138541468092377,0.565685424949238,0,127.10534190083236
ta,65,2,144,60,5.0,25.0,-3.141592653589793,0.565685424949238,0,127.10534190083236
ta,65,2,144,61,5.0,25.495097567963924,-3.338988213439674,0.565685424949238,0,127.10534190083236
ta,65,2,144,62,5.0,26.405491853021786,-3.4693311603703485,0.5685569981889047,0,127.10534190083236
ta,65,2,144,63,5.0,22.638462845343543,-3.0309354324158972,0.44956066981809384,0,127.10534190083236
ta,65,2,144,64,5.0,22.638462845343543,-3.252249874763689,0.565685424949238,0,127.10534190083236
ta,65,2,144,65,5.0,20.615528128088304,-2.896613990462929,0.565685424949238,0,127.10534190083236
ta,65,2,144,66,5.0,20.0,-3.141592653589793,0.482842712474619,0,127.10534190083236
ta,65,2,144,67,5.0,20.615528128088304,-3.3865713167166573,0.565685424949238,0,127.10534190083236
ta,65,2,145,1,5.0,26.405491853021786,-0.45765965661689284,0.44956066981809384,0,127.72021736273372
ta,65,2,145,2,5.0,25.495097567963924,-0.5880026035475675,0.44956066981809384,0,127.72021736273372
ta,65,2,145,3,5.0,20.615528128088304,-0.5404195002705842,0.5685569981889047,0,127.72021736273372
ta,65,2,145,4,5.0,30.4138126514911,-0.6202494859828215,0.482842712474619,0,127.72021736273372
ta,65,2,145,5,5.0,22.638462845343543,-0.6747409422235526,0.482842712474619,0,127.72021736273372
ta,65,2,145,6,5.0,27.613402542968153,-0.6947382761967031,0.565685424949238,0,127.72021736273372
ta,65,2,145,7,5.0,16.5,-0.7853981633974483,0.565685424949238,0,127.72021736273372
ta,65,2,145,8,5.0,20.0,-0.7853981633974483,0.44956066981809384,0,127.72021736273372
ta,65,2,145,9,5.0,25.0,-0.7853981633974483,0.5685569981889047,0,127.72021736273372
ta,65,2,145,10,5.0,30.0,-0.7853981633974483,0.565685424949238,0,127.72021736273372
ta,65,2,145,11,5.0,33.5,-0.7853981633974483,0.5685569981889047,0,127.72021736273372
ta,65,2,145,12,5.0,22.638462845343543,-0.8960553845713439,0.44956066981809384,0,127.72021736273372
ta,65,2,145,13,5.0,27.613402542968153,-0.8760580505981934,0.565685424949238,0,127.72021736273372
ta,65,2,145,14,5.0,20.615528128088304,-1.0303768265243125,0.565685424949238,0,127.72021736273372
ta,65,2,145,15,5.0,25.495097567963924,-0.982793723247329,0.482842712474619,0,127.72021736273372
ta,65,2,145,16,5.0,30.4138126514911,-0.9505468408120751,0.5685569981889047,0,127.72021736273372
ta,65,2,145,17,5.0,26.405491853021786,-1.1131366701780037,0.482842712474619,0,127.72021736273372
ta,65,2,145,18,5.0,45.90479277809671,-1.780275890573992,0.44956066981809384,0,127.72021736273372
ta,65,2,145,19,5.0,43.01162633521314,-1.7359450042095235,0.44956066981809384,0,127.72021736273372
ta,65,2,145,20,5.0,40.311288741492746,-1.837048375945822,0.5685569981889047,0,127.72021736273372
ta,65,2,145,21,5.0,46.09772228646444,-1.6475682180646747,0.482842712474619,0,127.72021736273372
ta,65,2,145,22,5.0,39.528470752104745,-1.750649826587375,0.482842712474619,0,127.72021736273372
ta,65,2,145,23,5.0,42.573465914816005,-1.6539375586833378,0.565685424949238,0,127.72021736273372
ta,65,2,145,24,5.0,34.23813663153998,-1.8533512792644842,0.565685424949238,0,127.72021736273372
ta,65,2,145,25,5.0,36.05551275463989,-1.7681918866447774,0.44956066981809384,0,127.72021736273372
ta,65,2,145,26,5.0,39.05124837953327,-1.6614562139956417,0.5685569981889047,0,127.72021736273372
ta,65,2,145,27,5.0,42.42640687119285,-1.5707963267948966,0.565685424949238,0,127.72021736273372
ta,65,2,145,28,5.0,44.9694340635948,-1.5157339314212264,0.5685569981889047,0,127.72021736273372
ta,65,2,145,29,5.0,35.531676008879735,-1.6704649792860586,0.44956066981809384,0,127.72021736273372
ta,65,2,145,30,5.0,38.890872965260115,-1.5707963267948966,0.565685424949238,0,127.72021736273372
ta,65,2,145,31,5.0,32.01562118716424,-1.6814535479687922,0.565685424949238,0,127.72021736273372
ta,65,2,145,32,5.0,35.35533905932738,-1.5707963267948966,0.482842712474619,0,127.72021736273372
ta,65,2,145,33,5.0,39.05124837953327,-1.4801364395941514,0.5685569981889047,0,127.72021736273372
ta,65,2,145,34,5.0,32.973474187595095,-1.4956691708841345,0.482842712474619,0,127.72021736273372
ta,65,2,145,35,5.0,9.86154146165801,1.317122230656254,0.44956066981809384,0,127.72021736273372
ta,65,2,145,36,5.0,7.0710678118654755,1.5707963267948966,0.44956066981809384,0,127.72021736273372
ta,65,2,145,37,5.0,5.0,0.7853981633974483,0.5685569981889047,0,127.72021736273372
ta,65,2,145,38,5.0,11.180339887498949,1.8925468811915387,0.482842712474619,0,127.72021736273372
ta,65,2,145,39,5.0,3.5355339059327378,1.5707963267948966,0.482842712474619,0,127.72021736273372
ta,65,2,145,40,5.0,7.905694150420948,2.0344439357957027,0.565685424949238,0,127.72021736273372
ta,65,2,145,41,5.0,3.5,-0.7853981633974483,0.565685424949238,1,127.72021736273372
ta,65,2,145,42,5.0,0.0,,0.44956066981809384,0,127.72021736273372
ta,65,2,145,43,5.0,5.0,2.356194490192345,0.5685569981889047,0,127.72021736273372
ta,65,2,145,44,5.0,10.0,2.356194490192345,0.565685424949238,0,127.72021736273372
ta,65,2,145,45,5.0,13.5,2.356194490192345,0.5685569981889047,0,127.72021736273372
ta,65,2,145,46,5.0,3.5355339059327378,-3.141592653589793,0.44956066981809384,0,127.72021736273372
ta,65,2,145,47,5.0,7.905694150420948,-3.6052402625905993,0.565685424949238,0,127.72021736273372
ta,65,2,145,48,5.0,5.0,-2.356194490192345,0.565685424949238,0,127.72021736273372
ta,65,2,145,50,5.0,11.180339887498949,-3.4633432079864352,0.565685424949238,0,127.72021736273372
ta,65,2,145,51,5.0,9.86154146165801,-2.8879185574511506,0.482842712474619,0,127.72021736273372
ta,65,2,145,52,5.0,38.82331773560833,-2.485341780320365,0.3276927682076162,0,127.72021736273372
ta,65,2,145,53,5.0,35.35533905932738,-2.498091544796509,0.44956066981809384,0,127.72021736273372
ta,65,2,145,54,5.0,35.0,-2.356194490192345,0.5685569981889047,0,127.72021736273372
ta,65,2,145,55,5.0,36.40054944640259,-2.6344941491974563,0.482842712474619,0,127.72021736273372
ta,65,2,145,56,5.0,32.59601202601324,-2.4329663814621227,0.482842712474619,0,127.72021736273372
ta,65,2,145,57,5.0,33.354160160315836,-2.5829933382462307,0.565685424949238,0,127.72021736273372
ta,65,2,145,58,5.0,30.20347662107791,-2.2400528633123544,0.565685424949238,0,127.72021736273372
ta,65,2,145,60,5.0,30.4138126514911,-2.5213431676069717,0.565685424949238,0,127.72021736273372
ta,65,2,145,61,5.0,31.622776601683793,-2.677945044588987,0.565685424949238,0,127.72021736273372
ta,65,2,145,62,5.0,32.89756829919196,-2.7790484163252858,0.5685569981889047,0,127.72021736273372
ta,65,2,145,63,5.0,27.613402542968153,-2.44685437739309,0.44956066981809384,0,127.72021736273372
ta,65,2,145,64,5.0,28.50438562747845,-2.6224465393432705,0.565685424949238,0,127.72021736273372
ta,65,2,145,65,5.0,25.0,-2.356194490192345,0.565685424949238,0,127.72021736273372
ta,65,2,145,66,5.0,25.495097567963924,-2.5535900500422257,0.482842712474619,0,127.72021736273372
ta,65,2,145,67,5.0,26.92582403567252,-2.7367008673047097,0.5685569981889047,0,127.72021736273372
ta,65,2,145,68,5.0,22.073740054644116,-2.584691129484207,0.482842712474619,0,127.72021736273372
ta,65,2,146,1,5.0,23.119256043393783,0.3764903344465229,0.44956066981809384,0,128.02456518882067
ta,65,2,146,2,5.0,22.073740054644116,0.2284966392918623,0.44956066981809384,0,128.02456518882067
ta,65,2,146,3,5.0,17.240939649566666,0.2942345651111878,0.5685569981889047,0,128.02456518882067
ta,65,2,146,4,5.0,26.9675731203236,0.18648690166721676,0.482842712474619,0,128.02456518882067
ta,65,2,146,5,5.0,19.1637678967368,0.13082739607405697,0.482842712474619,0,128.02456518882067
ta,65,2,146,6,5.0,24.12985702402731,0.10379234045704283,0.565685424949238,0,128.02456518882067
ta,65,2,146,7,5.0,13.0,0.0,0.565685424949238,0,128.02456518882067
ta,65,2,146,8,5.0,16.5,0.0,0.44956066981809384,0,128.02456518882067
ta,65,2,146,9,5.0,21.5,0.0,0.5685569981889047,0,128.02456518882067
ta,65,2,146,10,5.0,26.5,0.0,0.565685424949238,0,128.02456518882067
ta,65,2,146,11,5.0,30.0,0.0,0.5685569981889047,0,128.02456518882067
ta,65,2,146,12,5.0,19.1637678967368,-0.13082739607405697,0.44956066981809384,0,128.02456518882067
ta,65,2,146,13,5.0,24.12985702402731,-0.10379234045704283,0.565685424949238,0,128.02456518882067
ta,65,2,146,14,5.0,17.240939649566666,-0.2942345651111878,0.565685424949238,0,128.02456518882067
ta,65,2,146,15,5.0,22.073740054644116,-0.2284966392918623,0.482842712474619,1,128.02456518882067
ta,65,2,146,16,5.0,26.9675731203236,-0.18648690166721676,0.5685569981889047,0,128.02456518882067
ta,65,2,146,17,5.0,23.119256043393783,-0.3764903344465229,0.482842712474619,0,128.02456518882067
ta,65,2,146,18,5.0,44.09648512069868,-1.0614951827928847,0.44956066981809384,0,128.02456518882067
ta,65,2,146,19,5.0,41.07614879708174,-1.0199387922631804,0.44956066981809384,0,128.02456518882067
ta,65,2,146,20,5.0,38.69431482789171,-1.1302659861783835,0.5685569981889047,0,128.02456518882067
ta,65,2,146,21,5.0,43.900455578501685,-0.9227394408643822,0.482842712474619,0,128.02456518882067
ta,65,2,146,22,5.0,37.646380968162134,-1.041765855715248,0.482842712474619,0,128.02456518882067
ta,65,2,146,23,5.0,40.40111384603152,-0.9347208240911457,0.565685424949238,0,128.02456518882067
ta,65,2,146,24,5.0,32.69556544854363,-1.1618884978439712,0.565685424949238,0,128.02456518882067
ta,65,2,146,25,5.0,34.23813663153998,-1.067953115867036,0.44956066981809384,0,128.02456518882067
ta,65,2,146,26,5.0,36.908671067921155,-0.9489720389643068,0.5685569981889047,0,128.02456518882067
ta,65,2,146,27,5.0,40.02811511925087,-0.8472660092618284,0.565685424949238,0,128.02456518882067
ta,65,2,146,28,5.0,42.42640687119285,-0.7853981633974483,0.5685569981889047,0,128.02456518882067
ta,65,2,146,29,5.0,33.425289826716536,-0.9661977367014197,0.44956066981809384,0,128.02456518882067
ta,65,2,146,30,5.0,36.5,-0.8532549862537522,0.565685424949238,0,128.02456518882067
ta,65,2,146,31,5.0,29.95413160150032,-0.9874233198010407,0.565685424949238,0,128.02456518882067
ta,65,2,146,32,5.0,32.973474187595095,-0.8605253193082104,0.482842712474619,0,128.02456518882067
ta,65,2,146,33,5.0,36.43144246389374,-0.7562801818904095,0.5685569981889047,0,128.02456518882067
ta,65,2,146,34,5.0,30.405591591021544,-0.7853981633974483,0.482842712474619,0,128.02456518882067
ta,65,2,146,35,5.0,12.020815280171307,2.356194490192345,0.44956066981809384,0,128.02456518882067
ta,65,2,146,36,5.0,9.86154146165801,2.609868586330988,0.44956066981809384,0,128.02456518882067
ta,65,2,146,37,5.0,6.103277807866851,2.1815222911841055,0.5685569981889047,0,128.02456518882067
ta,65,2,146,38,5.0,14.396180048887969,2.7868870015788527,0.482842712474619,0,128.02456518882067
ta,65,2,146,39,5.0,6.5,2.746801533890032,0.482842712474619,0,128.02456518882067
ta,65,2,146,40,5.0,11.280514172678478,2.91811605244916,0.565685424949238,0,128.02456518882067
ta,65,2,146,41,5.0,0.0,,0.565685424949238,0,128.02456518882067
ta,65,2,146,43,5.0,8.5,3.141592653589793,0.565685424949238,0,128.02456518882067
ta,65,2,146,44,5.0,13.5,3.141592653589793,0.565685424949238,0,128.02456518882067
ta,65,2,146,45,5.0,17.0,3.141592653589793,0.5685569981889047,0,128.02456518882067
ta,65,2,146,46,5.0,6.5,-2.746801533890032,0.44956066981809384,0,128.02456518882067
ta,65,2,146,47,5.0,11.280514172678478,-2.91811605244916,0.565685424949238,0,128.02456518882067
ta,65,2,146,48,5.0,6.103277807866851,-2.1815222911841055,0.565685424949238,0,128.02456518882067
ta,65,2,146,49,5.0,9.86154146165801,-2.609868586330988,0.482842712474619,0,128.02456518882067
ta,65,2,146,50,5.0,14.396180048887969,-2.7868870015788527,0.5685569981889047,0,128.02456518882067
ta,65,2,146,51,5.0,12.020815280171307,-2.356194490192345,0.482842712474619,0,128.02456518882067
ta,65,2,146,52,5.0,39.42714800743264,-1.7880897577179178,0.44956066981809384,0,128.02456518882067
ta,65,2,146,53,5.0,36.01735692690401,-1.8090410849736416,0.44956066981809384,0,128.02456518882067
ta,65,2,146,54,5.0,35.174564673923115,-1.6704649792860586,0.5685569981889047,0,128.02456518882067
ta,65,2,146,55,5.0,37.51333096380539,-1.9389270981200601,0.482842712474619,0,128.02456518882067
ta,65,2,146,56,5.0,33.04920573932148,-1.7533561799258035,0.482842712474619,0,128.02456518882067
ta,65,2,146,57,5.0,34.311076928595526,-1.8971551435016594,0.565685424949238,0,128.02456518882067
ta,65,2,146,58,5.0,30.0,-1.5707963267948966,0.565685424949238,0,128.02456518882067
ta,65,2,146,59,5.0,30.20347662107791,-1.6869379536748867,0.44956066981809384,0,128.02456518882067
ta,65,2,146,60,5.0,31.18092365533773,-1.8468933461903332,0.5685569981889047,0,128.02456518882067
ta,65,2,146,61,5.0,32.89756829919196,-1.9936502529278373,0.565685424949238,0,128.02456518882067
ta,65,2,146,62,5.0,34.48187929913333,-2.086345334253876,0.5685569981889047,0,128.02456518882067
ta,65,2,146,63,5.0,28.146935890075138,-1.7856117271965553,0.44956066981809384,0,128.02456518882067
ta,65,2,146,64,5.0,29.618406439239774,-1.9513027039072615,0.565685424949238,0,128.02456518882067
ta,65,2,146,65,5.0,25.243811122728676,-1.709892268276968,0.565685424949238,0,128.02456518882067
ta,65,2,146,66,5.0,26.405491853021786,-1.8985348335754522,0.482842712474619,0,128.02456518882067
ta,65,2,146,67,5.0,28.412145290350743,-2.0659295902633006,0.5685569981889047,0,128.02456518882067
ta,65,2,146,68,5.0,23.119256043393783,-1.9472866612414195,0.482842712474619,0,128.02456518882067
ta,65,2,147,1,5.0,13.5,1.799292966086759,0.44956066981809384,0,129.94402084574625
ta,65,2,147,2,5.0,10.0,1.799292966086759,0.44956066981809384,0,129.94402084574625
ta,65,2,147,3,5.0,11.180339887498949,2.262940575087565,0.5685569981889047,0,129.94402084574625
ta,65,2,147,4,5.0,11.180339887498949,1.3356453570859528,0.482842712474619,0,129.94402084574625
ta,65,2,147,5,5.0,7.905694150420948,2.121043520483401,0.482842712474619,0,129.94402084574625
ta,65,2,147,6,5.0,7.905694150420948,1.4775424116901168,0.565685424949238,0,129.94402084574625
ta,65,2,147,7,5.0,9.86154146165801,2.83836522562285,0.565685424949238,0,129.94402084574625
ta,65,2,147,8,5.0,7.0710678118654755,2.584691129484207,0.44956066981809384,0,129.94402084574625
ta,65,2,147,9,5.0,5.0,1.799292966086759,0.5685569981889047,0,129.94402084574625
ta,65,2,147,10,5.0,7.0710678118654755,1.0138948026893106,0.565685424949238,0,129.94402084574625
ta,65,2,147,11,5.0,9.86154146165801,0.7602207065506679,0.5685569981889047,0,129.94402084574625
ta,65,2,147,12,5.0,3.5355339059327378,2.584691129484207,0.44956066981809384,0,129.94402084574625
ta,65,2,147,13,5.0,3.5355339059327378,1.0138948026893106,0.565685424949238,0,129.94402084574625
ta,65,2,147,14,5.0,5.0,3.3700892928816555,0.565685424949238,0,129.94402084574625
ta,65,2,147,15,5.0,0.0,,0.482842712474619,0,129.94402084574625
ta,65,2,147,16,5.0,5.0,0.2284966392918623,0.5685569981889047,1,129.94402084574625
ta,65,2,147,17,5.0,3.5,-1.3422996875030342,0.482842712474619,0,129.94402084574625
ta,65,2,147,18,5.0,33.5,-1.3422996875030342,0.44956066981809384,0,129.94402084574625
ta,65,2,147,19,5.0,30.0,-1.3422996875030342,0.44956066981809384,0,129.94402084574625
ta,65,2,147,20,5.0,30.4138126514911,-1.507448364917661,0.5685569981889047,0,129.94402084574625
ta,65,2,147,21,5.0,30.4138126514911,-1.1771510100884075,0.482842712474619,0,129.94402084574625
ta,65,2,147,22,5.0,27.613402542968153,-1.4329595747037793,0.482842712474619,0,129.94402084574625
ta,65,2,147,23,5.0,27.613402542968153,-1.251639800302289,0.565685424949238,0,129.94402084574625
ta,65,2,147,24,5.0,26.405491853021786,-1.6700381942835898,0.565685424949238,0,129.94402084574625
ta,65,2,147,25,5.0,25.495097567963924,-1.539695247352915,0.44956066981809384,0,129.94402084574625
ta,65,2,147,26,5.0,25.0,-1.3422996875030342,0.5685569981889047,0,129.94402084574625
ta,65,2,147,27,5.0,25.495097567963924,-1.1449041276531535,0.565685424949238,0,129.94402084574625
ta,65,2,147,28,5.0,26.405491853021786,-1.0145611807224788,0.5685569981889047,0,129.94402084574625
ta,65,2,147,29,5.0,22.638462845343543,-1.4529569086769298,0.44956066981809384,0,129.94402084574625
ta,65,2,147,30,5.0,22.638462845343543,-1.2316424663291385,0.565685424949238,0,129.94402084574625
ta,65,2,147,31,5.0,20.615528128088304,-1.5872783506298984,0.565685424949238,0,129.94402084574625
ta,65,2,147,32,5.0,20.0,-1.3422996875030342,0.482842712474619,0,129.94402084574625
ta,65,2,147,33,5.0,20.615528128088304,-1.0973210243761702,0.5685569981889047,0,129.94402084574625
ta,65,2,147,34,5.0,16.5,-1.3422996875030342,0.482842712474619,0,129.94402084574625
ta,65,2,147,35,5.0,32.89756829919196,2.947235366748715,0.44956066981809384,0,129.94402084574625
ta,65,2,147,36,5.0,31.622776601683793,3.0483387384850134,0.44956066981809384,0,129.94402084574625
ta,65,2,147,37,5.0,26.92582403567252,2.9895829157692906,0.5685569981889047,0,129.94402084574625
ta,65,2,147,38,5.0,36.40054944640259,3.091789633876544,0.482842712474619,0,129.94402084574625
ta,65,2,147,39,5.0,28.50438562747845,3.1038372437307302,0.482842712474619,0,129.94402084574625
ta,65,2,147,40,5.0,33.354160160315836,3.1432904448277696,0.565685424949238,0,129.94402084574625
ta,65,2,147,43,5.0,30.4138126514911,3.2049406154670286,0.482842712474619,0,129.94402084574625
ta,65,2,147,44,5.0,35.35533905932738,3.2281922382774915,0.565685424949238,0,129.94402084574625
ta,65,2,147,45,5.0,38.82331773560833,3.2409420027536355,0.5685569981889047,0,129.94402084574625
ta,65,2,147,46,5.0,27.613402542968153,3.2794294056809106,0.44956066981809384,0,129.94402084574625
ta,65,2,147,47,5.0,32.59601202601324,3.2933174016118776,0.565685424949238,0,129.94402084574625
ta,65,2,147,48,5.0,25.0,3.3700892928816555,0.565685424949238,0,129.94402084574625
ta,65,2,147,49,5.0,30.0,3.3700892928816555,0.482842712474619,0,129.94402084574625
ta,65,2,147,50,5.0,35.0,3.3700892928816555,0.5685569981889047,0,129.94402084574625
ta,65,2,147,51,5.0,30.20347662107791,-2.796954387417941,0.482842712474619,0,129.94402084574625
ta,65,2,147,52,5.0,44.9694340635948,-2.0726354555268123,0.44956066981809384,0,129.94402084574625
ta,65,2,147,53,5.0,42.42640687119285,-2.1276978509004825,0.44956066981809384,0,129.94402084574625
ta,65,2,147,54,5.0,39.05124837953327,-2.0370379636997376,0.5685569981889047,0,129.94402084574625
ta,65,2,147,55,5.0,46.09772228646444,-2.204469742170261,0.482842712474619,0,129.94402084574625
ta,65,2,147,56,5.0,38.890872965260115,-2.1276978509004825,0.482842712474619,0,129.94402084574625
ta,65,2,147,57,5.0,42.573465914816005,-2.2108390827889237,0.565685424949238,0,129.94402084574625
ta,65,2,147,58,5.0,32.973474187595095,-2.0525706949897207,0.565685424949238,0,129.94402084574625
ta,65,2,147,59,5.0,35.35533905932738,-2.1276978509004825,0.44956066981809384,0,129.94402084574625
ta,65,2,147,60,5.0,39.05124837953327,-2.218357738101228,0.5685569981889047,0,129.94402084574625
ta,65,2,147,61,5.0,43.01162633521314,-2.2928465283151094,0.565685424949238,0,129.94402084574625
ta,65,2,147,62,5.0,45.90479277809671,-2.337177414679578,0.5685569981889047,0,129.94402084574625
ta,65,2,147,63,5.0,35.531676008879735,-2.2273665033916448,0.44956066981809384,0,129.94402084574625
ta,65,2,147,64,5.0,39.528470752104745,-2.307551350692961,0.565685424949238,0,129.94402084574625
ta,65,2,147,65,5.0,32.01562118716424,-2.2383550720743783,0.565685424949238,0,129.94402084574625
ta,65,2,147,66,5.0,36.05551275463989,-2.3250934107503634,0.482842712474619,0,129.94402084574625
ta,65,2,147,67,5.0,40.311288741492746,-2.3939499000514077,0.5685569981889047,0,129.94402084574625
ta,65,2,147,68,5.0,34.23813663153998,-2.41025280337007,0.482842712474619,0,129.94402084574625
ta,65,2,148,1,4.0,14.396180048887969,1.925501978805837,0.44956066981809384,0,130.3788034544419
ta,65,2,148,2,4.0,11.180339887498949,2.0344439357957027,0.44956066981809384,0,130.3788034544419
ta,65,2,148,3,4.0,14.142135623730951,2.356194490192345,0.5685569981889047,0,130.3788034544419
ta,65,2,148,4,4.0,10.0,1.5707963267948966,0.482842712474619,0,130.3788034544419
ta,65,2,148,5,4.0,10.606601717798213,2.356194490192345,0.482842712474619,0,130.3788034544419
ta,65,2,148,6,4.0,7.905694150420948,1.892546881191539,0.565685424949238,0,130.3788034544419
ta,65,2,148,7,4.0,14.396180048887969,2.7868870015788527,0.565685424949238,0,130.3788034544419
ta,65,2,148,8,4.0,11.180339887498949,2.677945044588987,0.44956066981809384,0,130.3788034544419
ta,65,2,148,9,4.0,7.0710678118654755,2.356194490192345,0.5685569981889047,0,130.3788034544419
ta,65,2,148,10,4.0,5.0,1.5707963267948966,0.565685424949238,0,130.3788034544419
ta,65,2,148,11,4.0,6.103277807866851,0.960070362405688,0.5685569981889047,0,130.3788034544419
ta,65,2,148,12,4.0,7.905694150420948,2.819842099193151,0.44956066981809384,0,130.3788034544419
ta,65,2,148,13,4.0,3.5355339059327378,2.356194490192345,0.565685424949238,0,130.3788034544419
ta,65,2,148,14,4.0,10.0,3.141592653589793,0.565685424949238,0,130.3788034544419
ta,65,2,148,16,4.0,0.0,,0.565685424949238,0,130.3788034544419
ta,65,2,148,17,4.0,6.103277807866851,-2.5308666892005847,0.482842712474619,0,130.3788034544419
ta,65,2,148,18,4.0,33.8710791088799,-1.718956347526728,0.3276927682076162,0,130.3788034544419
ta,65,2,148,19,4.0,30.4138126514911,-1.7359450042095235,0.44956066981809384,0,130.3788034544419
ta,65,2,148,20,4.0,31.622776601683793,-1.892546881191539,0.5685569981889047,0,130.3788034544419
ta,65,2,148,21,4.0,30.0,-1.5707963267948966,0.482842712474619,0,130.3788034544419
ta,65,2,148,22,4.0,28.50438562747845,-1.837048375945822,0.482842712474619,0,130.3788034544419
ta,65,2,148,23,4.0,27.613402542968153,-1.6614562139956417,0.565685424949238,0,130.3788034544419
ta,65,2,148,24,4.0,28.412145290350743,-2.0659295902633006,0.565685424949238,0,130.3788034544419
ta,65,2,148,25,4.0,26.92582403567252,-1.9513027039072615,0.44956066981809384,0,130.3788034544419
ta,65,2,148,26,4.0,25.495097567963924,-1.7681918866447774,0.5685569981889047,0,130.3788034544419
ta,65,2,148,27,4.0,25.0,-1.5707963267948966,0.565685424949238,0,130.3788034544419
ta,65,2,148,28,4.0,25.243811122728676,-1.4317003853128254,0.5685569981889047,0,130.3788034544419
ta,65,2,148,29,4.0,23.717082451262844,-1.892546881191539,0.44956066981809384,0,130.3788034544419
ta,65,2,148,30,4.0,22.638462845343543,-1.6814535479687922,0.565685424949238,0,130.3788034544419
ta,65,2,148,31,4.0,22.360679774997898,-2.0344439357957027,0.565685424949238,0,130.3788034544419
ta,65,2,148,32,4.0,20.615528128088304,-1.8157749899217608,0.482842712474619,0,130.3788034544419
ta,65,2,148,33,4.0,20.0,-1.5707963267948966,0.5685569981889047,1,130.3788034544419
ta,65,2,148,34,4.0,17.240939649566666,-1.8650308919060843,0.482842712474619,0,130.3788034544419
ta,65,2,148,35,4.0,37.51333096380539,2.7734618822646295,0.44956066981809384,0,130.3788034544419
ta,65,2,148,36,4.0,36.40054944640259,2.8632929945846817,0.44956066981809384,0,130.3788034544419
ta,65,2,148,37,4.0,31.622776601683793,2.819842099193151,0.5685569981889047,0,130.3788034544419
ta,65,2,148,38,4.0,41.23105625617661,2.896613990462929,0.482842712474619,0,130.3788034544419
ta,65,2,148,39,4.0,33.354160160315836,2.9147938055359073,0.482842712474619,0,130.3788034544419
ta,65,2,148,40,4.0,38.242646351945886,2.9441970937399127,0.565685424949238,0,130.3788034544419
ta,65,2,148,42,4.0,30.4138126514911,2.976443976175166,0.3276927682076162,0,130.3788034544419
ta,65,2,148,43,4.0,35.35533905932738,2.999695598985629,0.565685424949238,0,130.3788034544419
ta,65,2,148,44,4.0,40.311288741492746,3.017237659043032,0.565685424949238,0,130.3788034544419
ta,65,2,148,45,4.0,43.78641341786285,3.0271523483197296,0.5685569981889047,0,130.3788034544419
ta,65,2,148,46,4.0,32.59601202601324,3.064820762320015,0.44956066981809384,0,130.3788034544419
ta,65,2,148,47,4.0,37.58324094593227,3.0750244898139694,0.565685424949238,0,130.3788034544419
ta,65,2,148,48,4.0,30.0,3.141592653589793,0.565685424949238,0,130.3788034544419
ta,65,2,148,49,4.0,35.0,3.141592653589793,0.482842712474619,0,130.3788034544419
ta,65,2,148,50,4.0,40.0,3.141592653589793,0.5685569981889047,0,130.3788034544419
ta,65,2,148,51,4.0,35.174564673923115,-3.0419240010986313,0.482842712474619,0,130.3788034544419
ta,65,2,148,52,4.0,48.44842618702903,-2.378088801315123,0.44956066981809384,0,130.3788034544419
ta,65,2,148,53,4.0,46.09772228646444,-2.432966381462123,0.44956066981809384,0,130.3788034544419
ta,65,2,148,54,4.0,42.42640687119285,-2.356194490192345,0.5685569981889047,0,130.3788034544419
ta,65,2,148,55,4.0,50.0,-2.498091544796509,0.482842712474619,0,130.3788034544419
ta,65,2,148,56,4.0,42.573465914816005,-2.439335722080786,0.482842712474619,0,130.3788034544419
ta,65,2,148,57,4.0,46.502688094345686,-2.5088438185876103,0.565685424949238,0,130.3788034544419
ta,65,2,148,58,4.0,36.43144246389374,-2.385312471699384,0.565685424949238,0,130.3788034544419
ta,65,2,148,59,4.0,39.05124837953327,-2.44685437739309,0.44956066981809384,0,130.3788034544419
ta,65,2,148,60,4.0,43.01162633521314,-2.5213431676069717,0.5685569981889047,0,130.3788034544419
ta,65,2,148,61,4.0,47.16990566028302,-2.5829933382462307,0.565685424949238,0,130.3788034544419
ta,65,2,148,62,4.0,50.172203459684724,-2.619974356493407,0.5685569981889047,0,130.3788034544419
ta,65,2,148,63,4.0,39.528470752104745,-2.5360479899848234,0.44956066981809384,0,130.3788034544419
ta,65,2,148,64,4.0,43.73213921133976,-2.601173153319209,0.565685424949238,0,130.3788034544419
ta,65,2,148,65,4.0,36.05551275463989,-2.5535900500422257,0.565685424949238,0,130.3788034544419
ta,65,2,148,66,4.0,40.311288741492746,-2.62244653934327,0.482842712474619,0,130.3788034544419
ta,65,2,148,67,4.0,44.721359549995796,-2.677945044588987,0.5685569981889047,0,130.3788034544419
ta,65,2,148,68,4.0,38.69431482789171,-2.70106231297328,0.482842712474619,0,130.3788034544419
ta,65,2,149,1,4.0,33.8710791088799,3.2897526743216243,0.44956066981809384,0,132.1179338892245
ta,65,2,149,2,4.0,30.4138126514911,3.30674133100442,0.44956066981809384,0,132.1179338892245
ta,65,2,149,3,4.0,31.622776601683793,3.4633432079864352,0.5685569981889047,0,132.1179338892245
ta,65,2,149,4,4.0,30.0,3.141592653589793,0.482842712474619,0,132.1179338892245
ta,65,2,149,5,4.0,28.50438562747845,3.407844702740719,0.482842712474619,0,132.1179338892245
ta,65,2,149,6,4.0,27.613402542968153,3.2322525407905385,0.565685424949238,0,132.1179338892245
ta,65,2,149,7,4.0,28.412145290350743,3.636725917058197,0.565685424949238,0,132.1179338892245
ta,65,2,149,8,4.0,26.92582403567252,3.522099030702158,0.44956066981809384,0,132.1179338892245
ta,65,2,149,9,4.0,25.495097567963924,3.338988213439674,0.5685569981889047,0,132.1179338892245
ta,65,2,149,10,4.0,25.0,3.141592653589793,0.565685424949238,0,132.1179338892245
ta,65,2,149,11,4.0,25.243811122728676,3.002496712107722,0.5685569981889047,0,132.1179338892245
ta,65,2,149,12,4.0,23.717082451262844,3.4633432079864352,0.44956066981809384,0,132.1179338892245
ta,65,2,149,13,4.0,22.638462845343543,3.252249874763689,0.565685424949238,0,132.1179338892245
ta,65,2,149,14,4.0,22.360679774997898,3.6052402625905993,0.565685424949238,0,132.1179338892245
ta,65,2,149,15,4.0,20.615528128088304,3.3865713167166573,0.482842712474619,0,132.1179338892245
ta,65,2,149,17,4.0,17.240939649566666,3.4358272187009806,0.4,0,132.1179338892245
ta,65,2,149,18,4.0,14.396180048887969,-0.3547056520109404,0.44956066981809384,0,132.1179338892245
ta,65,2,149,19,4.0,11.180339887498949,-0.46364760900080615,0.44956066981809384,0,132.1179338892245
ta,65,2,149,20,4.0,14.142135623730951,-0.7853981633974483,0.5685569981889047,0,132.1179338892245
ta,65,2,149,21,4.0,10.0,0.0,0.482842712474619,0,132.1179338892245
ta,65,2,149,22,4.0,10.606601717798213,-0.7853981633974483,0.482842712474619,0,132.1179338892245
ta,65,2,149,23,4.0,7.905694150420948,-0.32175055439664235,0.565685424949238,0,132.1179338892245
ta,65,2,149,24,4.0,14.396180048887969,-1.2160906747839562,0.565685424949238,0,132.1179338892245
ta,65,2,149,25,4.0,11.180339887498949,-1.1071487177940904,0.44956066981809384,1,132.1179338892245
ta,65,2,149,26,4.0,7.0710678118654755,-0.7853981633974483,0.5685569981889047,0,132.1179338892245
ta,65,2,149,27,4.0,5.0,0.0,0.565685424949238,0,132.1179338892245
ta,65,2,149,28,4.0,6.103277807866851,0.6107259643892086,0.5685569981889047,0,132.1179338892245
ta,65,2,149,29,4.0,7.905694150420948,-1.2490457723982544,0.44956066981809384,0,132.1179338892245
ta,65,2,149,30,4.0,3.5355339059327378,-0.7853981633974483,0.565685424949238,0,132.1179338892245
ta,65,2,149,31,4.0,10.0,4.71238898038469,0.565685424949238,0,132.1179338892245
ta,65,2,149,32,4.0,5.0,4.71238898038469,0.482842712474619,0,132.1179338892245
ta,65,2,149,33,4.0,0.0,,0.5685569981889047,0,132.1179338892245
ta,65,2,149,34,4.0,6.103277807866851,4.101663015995481,0.482842712474619,0,132.1179338892245
ta,65,2,149,35,4.0,48.44842618702903,3.9488851281100197,0.44956066981809384,0,132.1179338892245
ta,65,2,149,36,4.0,46.09772228646444,4.003762708257019,0.44956066981809384,0,132.1179338892245
ta,65,2,149,37,4.0,42.42640687119285,3.9269908169872414,0.5685569981889047,0,132.1179338892245
ta,65,2,149,38,4.0,50.0,4.068887871591405,0.482842712474619,0,132.1179338892245
ta,65,2,149,39,4.0,42.573465914816005,4.010132048875683,0.482842712474619,0,132.1179338892245
ta,65,2,149,40,4.0,46.502688094345686,4.079640145382507,0.565685424949238,0,132.1179338892245
ta,65,2,149,41,4.0,36.43144246389374,3.9561087984942804,0.565685424949238,0,132.1179338892245
ta,65,2,149,42,4.0,39.05124837953327,4.017650704187987,0.44956066981809384,0,132.1179338892245
ta,65,2,149,43,4.0,43.01162633521314,4.092139494401868,0.5685569981889047,0,132.1179338892245
ta,65,2,149,44,4.0,47.16990566028302,4.153789665041128,0.565685424949238,0,132.1179338892245
ta,65,2,149,45,4.0,50.172203459684724,4.190770683288303,0.5685569981889047,0,132.1179338892245
ta,65,2,149,46,4.0,39.528470752104745,4.1068443167797195,0.44956066981809384,0,132.1179338892245
ta,65,2,149,47,4.0,43.73213921133976,4.171969480114106,0.565685424949238,0,132.1179338892245
ta,65,2,149,48,4.0,36.05551275463989,4.124386376837123,0.565685424949238,0,132.1179338892245
ta,65,2,149,49,4.0,40.311288741492746,4.193242866138167,0.482842712474619,0,132.1179338892245
ta,65,2,149,50,4.0,44.721359549995796,4.2487413713838835,0.5685569981889047,0,132.1179338892245
ta,65,2,149,51,4.0,38.69431482789171,4.271858639768176,0.482842712474619,0,132.1179338892245
ta,65,2,149,52,4.0,37.51333096380539,-1.202665555469733,0.44956066981809384,0,132.1179338892245
ta,65,2,149,53,4.0,36.40054944640259,-1.2924966677897851,0.44956066981809384,0,132.1179338892245
ta,65,2,149,54,4.0,31.622776601683793,-1.2490457723982544,0.5685569981889047,0,132.1179338892245
ta,65,2,149,55,4.0,41.23105625617661,-1.3258176636680323,0.482842712474619,0,132.1179338892245
ta,65,2,149,56,4.0,33.354160160315836,-1.3439974787410107,0.482842712474619,0,132.1179338892245
ta,65,2,149,57,4.0,38.242646351945886,-1.3734007669450161,0.565685424949238,0,132.1179338892245
ta,65,2,149,58,4.0,26.9675731203236,-1.3843094251276797,0.565685424949238,0,132.1179338892245
ta,65,2,149,59,4.0,30.4138126514911,-1.4056476493802696,0.44956066981809384,0,132.1179338892245
ta,65,2,149,60,4.0,35.35533905932738,-1.4288992721907325,0.5685569981889047,0,132.1179338892245
ta,65,2,149,61,4.0,40.311288741492746,-1.4464413322481353,0.565685424949238,0,132.1179338892245
ta,65,2,149,62,4.0,43.78641341786285,-1.456356021524833,0.5685569981889047,0,132.1179338892245
ta,65,2,149,63,4.0,32.59601202601324,-1.4940244355251187,0.44956066981809384,0,132.1179338892245
ta,65,2,149,64,4.0,37.58324094593227,-1.5042281630190728,0.565685424949238,0,132.1179338892245
ta,65,2,149,65,4.0,30.0,4.71238898038469,0.565685424949238,0,132.1179338892245
ta,65,2,149,66,4.0,35.0,4.71238898038469,0.482842712474619,0,132.1179338892245
ta,65,2,149,67,4.0,40.0,4.71238898038469,0.5685569981889047,0,132.1179338892245
ta,65,2,149,68,4.0,35.174564673923115,4.612720327893528,0.482842712474619,0,132.1179338892245
ta,65,2,150,1,5.0,38.82331773560833,4.119594081255864,0.44956066981809384,0,133.09013735770267
ta,65,2,150,2,5.0,35.35533905932738,4.1068443167797195,0.44956066981809384,0,133.09013735770267
ta,65,2,150,3,5.0,35.0,4.2487413713838835,0.5685569981889047,0,133.09013735770267
ta,65,2,150,4,5.0,36.40054944640259,3.970441712378772,0.482842712474619,0,133.09013735770267
ta,65,2,150,5,5.0,32.59601202601324,4.171969480114106,0.482842712474619,0,133.09013735770267
ta,65,2,150,6,5.0,33.354160160315836,4.021942523329997,0.565685424949238,0,133.09013735770267
ta,65,2,150,7,5.0,30.20347662107791,4.364882998263874,0.565685424949238,0,133.09013735770267
ta,65,2,150,8,5.0,30.0,4.2487413713838835,0.44956066981809384,0,133.09013735770267
ta,65,2,150,9,5.0,30.4138126514911,4.083592693969257,0.5685569981889047,0,133.09013735770267
ta,65,2,150,10,5.0,31.622776601683793,3.9269908169872414,0.565685424949238,0,133.09013735770267
ta,65,2,150,11,5.0,32.89756829919196,3.8258874452509426,0.5685569981889047,0,133.09013735770267
ta,65,2,150,12,5.0,27.613402542968153,4.158081484183138,0.44956066981809384,0,133.09013735770267
ta,65,2,150,13,5.0,28.50438562747845,3.9824893222329583,0.565685424949238,0,133.09013735770267
ta,65,2,150,14,5.0,25.0,4.2487413713838835,0.565685424949238,0,133.09013735770267
ta,65,2,150,15,5.0,25.495097567963924,4.051345811534003,0.482842712474619,0,133.09013735770267
ta,65,2,150,17,5.0,22.073740054644116,4.020244732092022,0.4,0,133.09013735770267
ta,65,2,150,18,5.0,9.86154146165801,1.638872785052896,0.44956066981809384,0,133.09013735770267
ta,65,2,150,19,5.0,7.0710678118654755,1.8925468811915387,0.44956066981809384,0,133.09013735770267
ta,65,2,150,20,5.0,5.0,1.1071487177940904,0.5685569981889047,0,133.09013735770267
ta,65,2,150,21,5.0,11.180339887498949,2.214297435588181,0.482842712474619,0,133.09013735770267
ta,65,2,150,22,5.0,3.5355339059327378,1.8925468811915387,0.482842712474619,0,133.09013735770267
ta,65,2,150,23,5.0,7.905694150420948,2.356194490192345,0.565685424949238,0,133.09013735770267
ta,65,2,150,24,5.0,3.5,5.81953769817878,0.565685424949238,0,133.09013735770267
ta,65,2,150,25,5.0,0.0,,0.44956066981809384,0,133.09013735770267
ta,65,2,150,26,5.0,5.0,2.677945044588987,0.5685569981889047,0,133.09013735770267
ta,65,2,150,27,5.0,10.0,2.677945044588987,0.565685424949238,0,133.09013735770267
ta,65,2,150,28,5.0,13.5,2.677945044588987,0.5685569981889047,0,133.09013735770267
ta,65,2,150,29,5.0,3.5355339059327378,3.4633432079864352,0.44956066981809384,0,133.09013735770267
ta,65,2,150,30,5.0,7.905694150420948,2.999695598985629,0.565685424949238,0,133.09013735770267
ta,65,2,150,31,5.0,5.0,4.2487413713838835,0.565685424949238,0,133.09013735770267
ta,65,2,150,32,5.0,7.0710678118654755,3.4633432079864352,0.482842712474619,0,133.09013735770267
ta,65,2,150,34,5.0,9.86154146165801,3.7170173041250782,0.4,0,133.09013735770267
ta,65,2,150,35,5.0,45.90479277809671,4.824659971002236,0.44956066981809384,0,133.09013735770267
ta,65,2,150,36,5.0,43.01162633521314,4.868990857366705,0.44956066981809384,0,133.09013735770267
ta,65,2,150,37,5.0,40.311288741492746,4.767887485630407,0.5685569981889047,0,133.09013735770267
ta,65,2,150,38,5.0,46.09772228646444,4.957367643511554,0.482842712474619,0,133.09013735770267
ta,65,2,150,39,5.0,39.528470752104745,4.854286034988854,0.482842712474619,0,133.09013735770267
ta,65,2,150,40,5.0,42.573465914816005,4.950998302892891,0.565685424949238,0,133.09013735770267
ta,65,2,150,41,5.0,34.23813663153998,4.751584582311745,0.565685424949238,0,133.09013735770267
ta,65,2,150,42,5.0,36.05551275463989,4.836743974931451,0.44956066981809384,0,133.09013735770267
ta,65,2,150,43,5.0,39.05124837953327,4.9434796475805864,0.5685569981889047,0,133.09013735770267
ta,65,2,150,44,5.0,42.42640687119285,5.034139534781332,0.565685424949238,0,133.09013735770267
ta,65,2,150,45,5.0,44.9694340635948,5.089201930155002,0.5685569981889047,0,133.09013735770267
ta,65,2,150,46,5.0,35.531676008879735,4.93447088229017,0.44956066981809384,0,133.09013735770267
ta,65,2,150,47,5.0,38.890872965260115,5.034139534781332,0.565685424949238,0,133.09013735770267
ta,65,2,150,48,5.0,32.01562118716424,4.923482313607437,0.565685424949238,0,133.09013735770267
ta,65,2,150,49,5.0,35.35533905932738,5.034139534781332,0.482842712474619,0,133.09013735770267
ta,65,2,150,50,5.0,39.05124837953327,5.124799421982077,0.5685569981889047,0,133.09013735770267
ta,65,2,150,51,5.0,32.973474187595095,5.109266690692094,0.482842712474619,0,133.09013735770267
ta,65,2,150,52,5.0,26.405491853021786,-0.13590910222025077,0.44956066981809384,0,133.09013735770267
ta,65,2,150,53,5.0,25.495097567963924,-0.2662520491509257,0.44956066981809384,0,133.09013735770267
ta,65,2,150,54,5.0,20.615528128088304,-0.21866894587394192,0.5685569981889047,0,133.09013735770267
ta,65,2,150,55,5.0,30.4138126514911,-0.29849893158617924,0.482842712474619,0,133.09013735770267
ta,65,2,150,56,5.0,22.638462845343543,-0.3529903878269107,0.482842712474619,0,133.09013735770267
ta,65,2,150,57,5.0,27.613402542968153,-0.37298772180006123,0.565685424949238,0,133.09013735770267
ta,65,2,150,58,5.0,16.5,5.81953769817878,0.565685424949238,0,133.09013735770267
ta,65,2,150,59,5.0,20.0,5.81953769817878,0.44956066981809384,1,133.09013735770267
ta,65,2,150,60,5.0,25.0,5.81953769817878,0.5685569981889047,0,133.09013735770267
ta,65,2,150,61,5.0,30.0,5.81953769817878,0.565685424949238,0,133.09013735770267
ta,65,2,150,62,5.0,33.5,5.81953769817878,0.5685569981889047,0,133.09013735770267
ta,65,2,150,63,5.0,22.638462845343543,5.708880477004884,0.44956066981809384,0,133.09013735770267
ta,65,2,150,64,5.0,27.613402542968153,5.728877810978036,0.565685424949238,0,133.09013735770267
ta,65,2,150,65,5.0,20.615528128088304,5.574559035051916,0.565685424949238,0,133.09013735770267
ta,65,2,150,66,5.0,25.495097567963924,5.6221421383289,0.482842712474619,0,133.09013735770267
ta,65,2,150,67,5.0,30.4138126514911,5.654389020764153,0.5685569981889047,0,133.09013735770267
ta,65,2,150,68,5.0,26.405491853021786,5.491799191398225,0.482842712474619,0,133.09013735770267
ta,65,2,151,1,5.0,45.90479277809671,-2.1467149264132495,0.44956066981809384,0,134.82926779248527
ta,65,2,151,2,5.0,43.01162633521314,-2.191045812777718,0.44956066981809384,0,134.82926779248527
ta,65,2,151,3,5.0,40.311288741492746,-2.089942441041419,0.5685569981889047,0,134.82926779248527
ta,65,2,151,4,5.0,46.09772228646444,-2.279422598922567,0.482842712474619,0,134.82926779248527
ta,65,2,151,5,5.0,39.528470752104745,-2.1763409903998667,0.482842712474619,0,134.82926779248527
ta,65,2,151,6,5.0,42.573465914816005,-2.2730532583039036,0.565685424949238,0,134.82926779248527
ta,65,2,151,7,5.0,34.23813663153998,-2.073639537722757,0.565685424949238,0,134.82926779248527
ta,65,2,151,8,5.0,36.05551275463989,-2.158798930342464,0.44956066981809384,0,134.82926779248527
ta,65,2,151,9,5.0,39.05124837953327,-2.2655346029915995,0.5685569981889047,0,134.82926779248527
ta,65,2,151,10,5.0,42.42640687119285,-2.356194490192345,0.565685424949238,0,134.82926779248527
ta,65,2,151,11,5.0,44.9694340635948,-2.411256885566015,0.5685569981889047,0,134.82926779248527
ta,65,2,151,12,5.0,35.531676008879735,-2.256525837701183,0.44956066981809384,0,134.82926779248527
ta,65,2,151,13,5.0,38.890872965260115,-2.356194490192345,0.565685424949238,0,134.82926779248527
ta,65,2,151,14,5.0,32.01562118716424,-2.245537269018449,0.565685424949238,0,134.82926779248527
ta,65,2,151,15,5.0,35.35533905932738,-2.356194490192345,0.482842712474619,0,134.82926779248527
ta,65,2,151,16,5.0,39.05124837953327,-2.44685437739309,0.5685569981889047,0,134.82926779248527
ta,65,2,151,17,5.0,32.973474187595095,-2.4313216461031066,0.482842712474619,0,134.82926779248527
ta,65,2,151,18,5.0,26.405491853021786,-3.4693311603703485,0.44956066981809384,0,134.82926779248527
ta,65,2,151,19,5.0,25.495097567963924,-3.338988213439674,0.44956066981809384,0,134.82926779248527
ta,65,2,151,20,5.0,20.615528128088304,-3.3865713167166573,0.5685569981889047,0,134.82926779248527
ta,65,2,151,21,5.0,30.4138126514911,-3.30674133100442,0.482842712474619,0,134.82926779248527
ta,65,2,151,22,5.0,22.638462845343543,-3.252249874763689,0.482842712474619,0,134.82926779248527
ta,65,2,151,23,5.0,27.613402542968153,-3.232252540790538,0.565685424949238,0,134.82926779248527
ta,65,2,151,24,5.0,16.5,-3.141592653589793,0.565685424949238,0,134.82926779248527
ta,65,2,151,26,5.0,25.0,-3.141592653589793,0.565685424949238,0,134.82926779248527
ta,65,2,151,27,5.0,30.0,-3.141592653589793,0.565685424949238,0,134.82926779248527
ta,65,2,151,28,5.0,33.5,-3.141592653589793,0.5685569981889047,0,134.82926779248527
ta,65,2,151,29,5.0,22.638462845343543,-3.0309354324158972,0.44956066981809384,0,134.82926779248527
ta,65,2,151,30,5.0,27.613402542968153,-3.050932766389048,0.565685424949238,0,134.82926779248527
ta,65,2,151,31,5.0,20.615528128088304,-2.896613990462929,0.565685424949238,0,134.82926779248527
ta,65,2,151,32,5.0,25.495097567963924,-2.9441970937399122,0.482842712474619,0,134.82926779248527
ta,65,2,151,34,5.0,26.405491853021786,-2.8138541468092377,0.4,0,134.82926779248527
ta,65,2,151,35,5.0,38.82331773560833,-1.4416490366668764,0.44956066981809384,0,134.82926779248527
ta,65,2,151,36,5.0,35.35533905932738,-1.4288992721907325,0.44956066981809384,0,134.82926779248527
ta,65,2,151,37,5.0,35.0,-1.5707963267948966,0.5685569981889047,0,134.82926779248527
ta,65,2,151,38,5.0,36.40054944640259,-1.2924966677897851,0.482842712474619,0,134.82926779248527
ta,65,2,151,39,5.0,32.59601202601324,-1.4940244355251184,0.482842712474619,0,134.82926779248527
ta,65,2,151,40,5.0,33.354160160315836,-1.3439974787410107,0.565685424949238,0,134.82926779248527
ta,65,2,151,41,5.0,30.20347662107791,-1.6869379536748867,0.565685424949238,0,134.82926779248527
ta,65,2,151,42,5.0,30.0,-1.5707963267948966,0.44956066981809384,0,134.82926779248527
ta,65,2,151,43,5.0,30.4138126514911,-1.4056476493802696,0.5685569981889047,0,134.82926779248527
ta,65,2,151,44,5.0,31.622776601683793,-1.2490457723982542,0.565685424949238,0,134.82926779248527
ta,65,2,151,45,5.0,32.89756829919196,-1.1479424006619559,0.5685569981889047,0,134.82926779248527
ta,65,2,151,46,5.0,27.613402542968153,-1.4801364395941514,0.44956066981809384,0,134.82926779248527
ta,65,2,151,47,5.0,28.50438562747845,-1.304544277643971,0.565685424949238,0,134.82926779248527
ta,65,2,151,48,5.0,25.0,-1.5707963267948966,0.565685424949238,0,134.82926779248527
ta,65,2,151,49,5.0,25.495097567963924,-1.3734007669450157,0.482842712474619,0,134.82926779248527
ta,65,2,151,50,5.0,26.92582403567252,-1.1902899496825317,0.5685569981889047,0,134.82926779248527
ta,65,2,151,51,5.0,22.073740054644116,-1.3422996875030342,0.482842712474619,0,134.82926779248527
ta,65,2,151,52,5.0,9.86154146165801,-5.244113047643495,0.44956066981809384,0,134.82926779248527
ta,65,2,151,53,5.0,7.0710678118654755,-5.497787143782138,0.44956066981809384,0,134.82926779248527
ta,65,2,151,54,5.0,5.0,-4.71238898038469,0.5685569981889047,0,134.82926779248527
ta,65,2,151,55,5.0,11.180339887498949,-5.81953769817878,0.482842712474619,0,134.82926779248527
ta,65,2,151,56,5.0,3.5355339059327378,-5.497787143782138,0.482842712474619,0,134.82926779248527
ta,65,2,151,57,5.0,7.905694150420948,-5.961434752782944,0.565685424949238,0,134.82926779248527
ta,65,2,151,58,5.0,3.5,-3.141592653589793,0.565685424949238,0,134.82926779248527
ta,65,2,151,59,5.0,0.0,,0.44956066981809384,0,134.82926779248527
ta,65,2,151,60,5.0,5.0,0.0,0.5685569981889047,0,134.82926779248527
ta,65,2,151,61,5.0,10.0,0.0,0.565685424949238,0,134.82926779248527
ta,65,2,151,62,5.0,13.5,0.0,0.5685569981889047,0,134.82926779248527
ta,65,2,151,63,5.0,3.5355339059327378,-0.7853981633974483,0.44956066981809384,0,134.82926779248527
ta,65,2,151,64,5.0,7.905694150420948,-0.32175055439664213,0.565685424949238,0,134.82926779248527
ta,65,2,151,65,5.0,5.0,-1.5707963267948966,0.565685424949238,0,134.82926779248527
ta,65,2,151,66,5.0,7.0710678118654755,-0.7853981633974483,0.482842712474619,1,134.82926779248527
ta,65,2,151,67,5.0,11.180339887498949,-0.46364760900080615,0.5685569981889047,0,134.82926779248527
ta,65,2,151,68,5.0,9.86154146165801,-1.0390722595360908,0.482842712474619,0,134.82926779248527
ta,65,2,152,1,5.0,44.9694340635948,-1.5157339314212264,0.44956066981809384,0,135.4441432543866
ta,65,2,152,2,5.0,42.42640687119285,-1.5707963267948966,0.44956066981809384,0,135.4441432543866
ta,65,2,152,3,5.0,39.05124837953327,-1.4801364395941514,0.5685569981889047,0,135.4441432543866
ta,65,2,152,4,5.0,46.09772228646444,-1.6475682180646745,0.482842712474619,0,135.4441432543866
ta,65,2,152,5,5.0,38.890872965260115,-1.5707963267948966,0.482842712474619,0,135.4441432543866
ta,65,2,152,6,5.0,42.573465914816005,-1.6539375586833378,0.565685424949238,0,135.4441432543866
ta,65,2,152,7,5.0,32.973474187595095,-1.4956691708841343,0.565685424949238,0,135.4441432543866
ta,65,2,152,8,5.0,35.35533905932738,-1.5707963267948966,0.44956066981809384,0,135.4441432543866
ta,65,2,152,9,5.0,39.05124837953327,-1.6614562139956417,0.5685569981889047,0,135.4441432543866
ta,65,2,152,10,5.0,43.01162633521314,-1.7359450042095235,0.565685424949238,0,135.4441432543866
ta,65,2,152,11,5.0,45.90479277809671,-1.780275890573992,0.5685569981889047,0,135.4441432543866
ta,65,2,152,12,5.0,35.531676008879735,-1.6704649792860584,0.44956066981809384,0,135.4441432543866
ta,65,2,152,13,5.0,39.528470752104745,-1.7506498265873747,0.565685424949238,0,135.4441432543866
ta,65,2,152,14,5.0,32.01562118716424,-1.6814535479687922,0.565685424949238,0,135.4441432543866
ta,65,2,152,15,5.0,36.05551275463989,-1.7681918866447774,0.482842712474619,0,135.4441432543866
ta,65,2,152,16,5.0,40.311288741492746,-1.8370483759458218,0.5685569981889047,0,135.4441432543866
ta,65,2,152,17,5.0,34.23813663153998,-1.853351279264484,0.482842712474619,0,135.4441432543866
ta,65,2,152,18,5.0,32.89756829919196,-2.7790484163252858,0.44956066981809384,0,135.4441432543866
ta,65,2,152,19,5.0,31.622776601683793,-2.677945044588987,0.44956066981809384,0,135.4441432543866
ta,65,2,152,20,5.0,26.92582403567252,-2.7367008673047097,0.5685569981889047,0,135.4441432543866
ta,65,2,152,21,5.0,36.40054944640259,-2.6344941491974563,0.482842712474619,0,135.4441432543866
ta,65,2,152,22,5.0,28.50438562747845,-2.62244653934327,0.482842712474619,0,135.4441432543866
ta,65,2,152,23,5.0,33.354160160315836,-2.5829933382462307,0.565685424949238,0,135.4441432543866
ta,65,2,152,24,5.0,22.073740054644116,-2.584691129484207,0.565685424949238,0,135.4441432543866
ta,65,2,152,25,5.0,25.495097567963924,-2.5535900500422257,0.44956066981809384,0,135.4441432543866
ta,65,2,152,26,5.0,30.4138126514911,-2.5213431676069717,0.5685569981889047,0,135.4441432543866
ta,65,2,152,27,5.0,35.35533905932738,-2.498091544796509,0.565685424949238,0,135.4441432543866
ta,65,2,152,28,5.0,38.82331773560833,-2.485341780320365,0.5685569981889047,0,135.4441432543866
ta,65,2,152,29,5.0,27.613402542968153,-2.4468543773930898,0.44956066981809384,0,135.4441432543866
ta,65,2,152,30,5.0,32.59601202601324,-2.4329663814621227,0.565685424949238,0,135.4441432543866
ta,65,2,152,31,5.0,25.0,-2.356194490192345,0.565685424949238,0,135.4441432543866
ta,65,2,152,32,5.0,30.0,-2.356194490192345,0.482842712474619,0,135.4441432543866
ta,65,2,152,34,5.0,30.20347662107791,-2.2400528633123544,0.4,0,135.4441432543866
ta,65,2,152,35,5.0,33.5,-0.7853981633974483,0.44956066981809384,0,135.4441432543866
ta,65,2,152,36,5.0,30.0,-0.7853981633974483,0.44956066981809384,0,135.4441432543866
ta,65,2,152,37,5.0,30.4138126514911,-0.950546840812075,0.5685569981889047,0,135.4441432543866
ta,65,2,152,38,5.0,30.4138126514911,-0.6202494859828214,0.482842712474619,0,135.4441432543866
ta,65,2,152,39,5.0,27.613402542968153,-0.8760580505981934,0.482842712474619,0,135.4441432543866
ta,65,2,152,40,5.0,27.613402542968153,-0.6947382761967031,0.565685424949238,0,135.4441432543866
ta,65,2,152,41,5.0,26.405491853021786,-1.1131366701780037,0.565685424949238,0,135.4441432543866
ta,65,2,152,42,5.0,25.495097567963924,-0.9827937232473289,0.44956066981809384,0,135.4441432543866
ta,65,2,152,43,5.0,25.0,-0.7853981633974483,0.5685569981889047,0,135.4441432543866
ta,65,2,152,44,5.0,25.495097567963924,-0.5880026035475674,0.565685424949238,0,135.4441432543866
ta,65,2,152,45,5.0,26.405491853021786,-0.4576596566168927,0.5685569981889047,0,135.4441432543866
ta,65,2,152,46,5.0,22.638462845343543,-0.8960553845713439,0.44956066981809384,0,135.4441432543866
ta,65,2,152,47,5.0,22.638462845343543,-0.6747409422235526,0.565685424949238,0,135.4441432543866
ta,65,2,152,48,5.0,20.615528128088304,-1.0303768265243123,0.565685424949238,0,135.4441432543866
ta,65,2,152,49,5.0,20.0,-0.7853981633974483,0.482842712474619,0,135.4441432543866
ta,65,2,152,50,5.0,20.615528128088304,-0.540419500270584,0.5685569981889047,0,135.4441432543866
ta,65,2,152,51,5.0,16.5,-0.7853981633974483,0.482842712474619,0,135.4441432543866
ta,65,2,152,52,5.0,13.5,-3.9269908169872414,0.44956066981809384,0,135.4441432543866
ta,65,2,152,53,5.0,10.0,-3.9269908169872414,0.44956066981809384,0,135.4441432543866
ta,65,2,152,54,5.0,11.180339887498949,-3.4633432079864352,0.5685569981889047,0,135.4441432543866
ta,65,2,152,55,5.0,11.180339887498949,-4.3906384259880475,0.482842712474619,0,135.4441432543866
ta,65,2,152,56,5.0,7.905694150420948,-3.6052402625905993,0.482842712474619,0,135.4441432543866
ta,65,2,152,57,5.0,7.905694150420948,-4.2487413713838835,0.565685424949238,0,135.4441432543866
ta,65,2,152,58,5.0,9.86154146165801,-2.8879185574511506,0.565685424949238,0,135.4441432543866
ta,65,2,152,60,5.0,5.0,-3.9269908169872414,0.565685424949238,0,135.4441432543866
ta,65,2,152,61,5.0,7.0710678118654755,-4.71238898038469,0.565685424949238,0,135.4441432543866
ta,65,2,152,62,5.0,9.86154146165801,-4.966063076523333,0.5685569981889047,0,135.4441432543866
ta,65,2,152,63,5.0,3.5355339059327378,-3.141592653589793,0.44956066981809384,0,135.4441432543866
ta,65,2,152,64,5.0,3.5355339059327378,-4.71238898038469,0.565685424949238,0,135.4441432543866
ta,65,2,152,65,5.0,5.0,-2.356194490192345,0.565685424949238,0,135.4441432543866
ta,65,2,152,66,5.0,0.0,,0.482842712474619,0,135.4441432543866
ta,65,2,152,67,5.0,5.0,0.7853981633974483,0.5685569981889047,0,135.4441432543866
ta,65,2,152,68,5.0,3.5,-0.7853981633974483,0.482842712474619,1,135.4441432543866
ta,65,2,153,1,5.0,42.42640687119285,-0.7853981633974483,0.3276927682076162,0,135.74849108047357
ta,65,2,153,2,5.0,40.02811511925087,-0.8472660092618283,0.44956066981809384,0,135.74849108047357
ta,65,2,153,3,5.0,36.43144246389374,-0.7562801818904094,0.5685569981889047,0,135.74849108047357
ta,65,2,153,4,5.0,43.900455578501685,-0.9227394408643822,0.482842712474619,0,135.74849108047357
ta,65,2,153,5,5.0,36.5,-0.8532549862537521,0.482842712474619,0,135.74849108047357
ta,65,2,153,6,5.0,40.40111384603152,-0.9347208240911457,0.565685424949238,0,135.74849108047357
ta,65,2,153,7,5.0,30.405591591021544,-0.7853981633974483,0.565685424949238,0,135.74849108047357
ta,65,2,153,8,5.0,32.973474187595095,-0.8605253193082103,0.44956066981809384,0,135.74849108047357
ta,65,2,153,9,5.0,36.908671067921155,-0.9489720389643067,0.5685569981889047,0,135.74849108047357
ta,65,2,153,10,5.0,41.07614879708174,-1.0199387922631802,0.565685424949238,0,135.74849108047357
ta,65,2,153,11,5.0,44.09648512069868,-1.0614951827928847,0.5685569981889047,0,135.74849108047357
ta,65,2,153,12,5.0,33.425289826716536,-0.9661977367014197,0.44956066981809384,0,135.74849108047357
ta,65,2,153,13,5.0,37.646380968162134,-1.0417658557152478,0.565685424949238,0,135.74849108047357
ta,65,2,153,14,5.0,29.95413160150032,-0.9874233198010406,0.565685424949238,0,135.74849108047357
ta,65,2,153,15,5.0,34.23813663153998,-1.0679531158670357,0.482842712474619,0,135.74849108047357
ta,65,2,153,16,5.0,38.69431482789171,-1.1302659861783835,0.5685569981889047,0,135.74849108047357
ta,65,2,153,17,5.0,32.69556544854363,-1.1618884978439712,0.482842712474619,0,135.74849108047357
ta,65,2,153,18,5.0,34.48187929913333,-2.086345334253876,0.44956066981809384,0,135.74849108047357
ta,65,2,153,19,5.0,32.89756829919196,-1.9936502529278373,0.44956066981809384,0,135.74849108047357
ta,65,2,153,20,5.0,28.412145290350743,-2.0659295902633006,0.5685569981889047,0,135.74849108047357
ta,65,2,153,21,5.0,37.51333096380539,-1.9389270981200601,0.482842712474619,0,135.74849108047357
ta,65,2,153,22,5.0,29.618406439239774,-1.9513027039072615,0.482842712474619,0,135.74849108047357
ta,65,2,153,23,5.0,34.311076928595526,-1.8971551435016591,0.565685424949238,0,135.74849108047357
ta,65,2,153,24,5.0,23.119256043393783,-1.9472866612414195,0.565685424949238,0,135.74849108047357
ta,65,2,153,25,5.0,26.405491853021786,-1.898534833575452,0.44956066981809384,0,135.74849108047357
ta,65,2,153,26,5.0,31.18092365533773,-1.846893346190333,0.5685569981889047,0,135.74849108047357
ta,65,2,153,27,5.0,36.01735692690401,-1.8090410849736416,0.565685424949238,0,135.74849108047357
ta,65,2,153,28,5.0,39.42714800743264,-1.7880897577179176,0.5685569981889047,0,135.74849108047357
ta,65,2,153,29,5.0,28.146935890075138,-1.7856117271965553,0.44956066981809384,0,135.74849108047357
ta,65,2,153,30,5.0,33.04920573932148,-1.7533561799258033,0.565685424949238,0,135.74849108047357
ta,65,2,153,31,5.0,25.243811122728676,-1.709892268276968,0.565685424949238,0,135.74849108047357
ta,65,2,153,32,5.0,30.20347662107791,-1.6869379536748867,0.482842712474619,0,135.74849108047357
ta,65,2,153,33,5.0,35.174564673923115,-1.6704649792860586,0.5685569981889047,0,135.74849108047357
ta,65,2,153,34,5.0,30.0,-1.5707963267948966,0.482842712474619,0,135.74849108047357
ta,65,2,153,35,5.0,30.0,0.0,0.44956066981809384,0,135.74849108047357
ta,65,2,153,36,5.0,26.5,0.0,0.44956066981809384,0,135.74849108047357
ta,65,2,153,37,5.0,26.9675731203236,-0.18648690166721682,0.5685569981889047,0,135.74849108047357
ta,65,2,153,38,5.0,26.9675731203236,0.18648690166721682,0.482842712474619,0,135.74849108047357
ta,65,2,153,39,5.0,24.12985702402731,-0.10379234045704266,0.482842712474619,0,135.74849108047357
ta,65,2,153,40,5.0,24.12985702402731,0.10379234045704289,0.565685424949238,0,135.74849108047357
ta,65,2,153,41,5.0,23.119256043393783,-0.3764903344465229,0.565685424949238,1,135.74849108047357
ta,65,2,153,42,5.0,22.073740054644116,-0.22849663929186215,0.44956066981809384,0,135.74849108047357
ta,65,2,153,43,5.0,21.5,0.0,0.5685569981889047,0,135.74849108047357
ta,65,2,153,44,5.0,22.073740054644116,0.22849663929186237,0.565685424949238,0,135.74849108047357
ta,65,2,153,45,5.0,23.119256043393783,0.3764903344465229,0.5685569981889047,0,135.74849108047357
ta,65,2,153,46,5.0,19.1637678967368,-0.1308273960740569,0.44956066981809384,0,135.74849108047357
ta,65,2,153,47,5.0,19.1637678967368,0.1308273960740569,0.565685424949238,0,135.74849108047357
ta,65,2,153,48,5.0,17.240939649566666,-0.29423456511118773,0.565685424949238,0,135.74849108047357
ta,65,2,153,49,5.0,16.5,0.0,0.482842712474619,0,135.74849108047357
ta,65,2,153,50,5.0,17.240939649566666,0.29423456511118773,0.5685569981889047,0,135.74849108047357
ta,65,2,153,51,5.0,13.0,0.0,0.482842712474619,0,135.74849108047357
ta,65,2,153,52,5.0,17.0,-3.141592653589793,0.44956066981809384,0,135.74849108047357
ta,65,2,153,53,5.0,13.5,-3.141592653589793,0.44956066981809384,0,135.74849108047357
ta,65,2,153,54,5.0,14.396180048887969,-2.7868870015788527,0.5685569981889047,0,135.74849108047357
ta,65,2,153,55,5.0,14.396180048887969,-3.4962983056007335,0.482842712474619,0,135.74849108047357
ta,65,2,153,56,5.0,11.280514172678478,-2.91811605244916,0.482842712474619,0,135.74849108047357
ta,65,2,153,57,5.0,11.280514172678478,-3.365069254730426,0.565685424949238,0,135.74849108047357
ta,65,2,153,58,5.0,12.020815280171307,-2.356194490192345,0.565685424949238,0,135.74849108047357
ta,65,2,153,59,5.0,9.86154146165801,-2.609868586330988,0.44956066981809384,0,135.74849108047357
ta,65,2,153,60,5.0,8.5,-3.141592653589793,0.5685569981889047,0,135.74849108047357
ta,65,2,153,61,5.0,9.86154146165801,-3.673316720848599,0.565685424949238,0,135.74849108047357
ta,65,2,153,62,5.0,12.020815280171307,-3.9269908169872414,0.5685569981889047,0,135.74849108047357
ta,65,2,153,63,5.0,6.5,-2.7468015338900313,0.44956066981809384,0,135.74849108047357
ta,65,2,153,64,5.0,6.5,-3.536383773289555,0.565685424949238,0,135.74849108047357
ta,65,2,153,65,5.0,6.103277807866851,-2.181522291184105,0.565685424949238,0,135.74849108047357
ta,65,2,153,67,5.0,6.103277807866851,-4.101663015995481,0.565685424949238,0,135.74849108047357
ta,65,2,153,68,5.0,0.0,,0.482842712474619,0,135.74849108047357
ta,65,2,154,1,5.0,23.119256043393783,-0.8178156579018507,0.317692537949962,0,137.75886117120348
ta,65,2,154,2,5.0,22.073740054644116,-0.9658093530565113,0.44956066981809384,0,137.75886117120348
ta,65,2,154,3,5.0,17.240939649566666,-0.9000714272371859,0.5685569981889047,0,137.75886117120348
ta,65,2,154,4,5.0,26.9675731203236,-1.0078190906811568,0.482842712474619,0,137.75886117120348
ta,65,2,154,5,5.0,19.1637678967368,-1.0634785962743167,0.482842712474619,0,137.75886117120348
ta,65,2,154,6,5.0,24.12985702402731,-1.0905136518913308,0.565685424949238,0,137.75886117120348
ta,65,2,154,7,5.0,13.0,-1.1943059923483736,0.565685424949238,0,137.75886117120348
ta,65,2,154,8,5.0,16.5,-1.1943059923483736,0.44956066981809384,1,137.75886117120348
ta,65,2,154,9,5.0,21.5,-1.1943059923483736,0.5685569981889047,0,137.75886117120348
ta,65,2,154,10,5.0,26.5,-1.1943059923483736,0.565685424949238,0,137.75886117120348
ta,65,2,154,11,5.0,30.0,-1.1943059923483736,0.5685569981889047,0,137.75886117120348
ta,65,2,154,12,5.0,19.1637678967368,-1.3251333884224306,0.44956066981809384,0,137.75886117120348
ta,65,2,154,13,5.0,24.12985702402731,-1.2980983328054165,0.565685424949238,0,137.75886117120348
ta,65,2,154,14,5.0,17.240939649566666,-1.4885405574595614,0.565685424949238,0,137.75886117120348
ta,65,2,154,15,5.0,22.073740054644116,-1.422802631640236,0.482842712474619,0,137.75886117120348
ta,65,2,154,16,5.0,26.9675731203236,-1.3807928940155905,0.5685569981889047,0,137.75886117120348
ta,65,2,154,17,5.0,23.119256043393783,-1.5707963267948966,0.482842712474619,0,137.75886117120348
ta,65,2,154,18,5.0,44.09648512069868,-2.2558011751412583,0.44956066981809384,0,137.75886117120348
ta,65,2,154,19,5.0,41.07614879708174,-2.2142447846115543,0.44956066981809384,0,137.75886117120348
ta,65,2,154,20,5.0,38.69431482789171,-2.324571978526757,0.5685569981889047,0,137.75886117120348
ta,65,2,154,21,5.0,43.900455578501685,-2.117045433212756,0.482842712474619,0,137.75886117120348
ta,65,2,154,22,5.0,37.646380968162134,-2.236071848063622,0.482842712474619,0,137.75886117120348
ta,65,2,154,23,5.0,40.40111384603152,-2.129026816439519,0.565685424949238,0,137.75886117120348
ta,65,2,154,24,5.0,32.69556544854363,-2.356194490192345,0.565685424949238,0,137.75886117120348
ta,65,2,154,25,5.0,34.23813663153998,-2.2622591082154093,0.44956066981809384,0,137.75886117120348
ta,65,2,154,26,5.0,36.908671067921155,-2.1432780313126805,0.5685569981889047,0,137.75886117120348
ta,65,2,154,27,5.0,40.02811511925087,-2.041572001610202,0.565685424949238,0,137.75886117120348
ta,65,2,154,28,5.0,42.42640687119285,-1.979704155745822,0.5685569981889047,0,137.75886117120348
ta,65,2,154,29,5.0,33.425289826716536,-2.1605037290497933,0.44956066981809384,0,137.75886117120348
ta,65,2,154,30,5.0,36.5,-2.047560978602126,0.565685424949238,0,137.75886117120348
ta,65,2,154,31,5.0,29.95413160150032,-2.1817293121494146,0.565685424949238,0,137.75886117120348
ta,65,2,154,32,5.0,32.973474187595095,-2.054831311656584,0.482842712474619,0,137.75886117120348
ta,65,2,154,33,5.0,36.43144246389374,-1.950586174238783,0.5685569981889047,0,137.75886117120348
ta,65,2,154,34,5.0,30.405591591021544,-1.979704155745822,0.482842712474619,0,137.75886117120348
ta,65,2,154,35,5.0,12.020815280171307,1.1618884978439712,0.44956066981809384,0,137.75886117120348
ta,65,2,154,36,5.0,9.86154146165801,1.4155625939826142,0.44956066981809384,0,137.75886117120348
ta,65,2,154,37,5.0,6.103277807866851,0.9872162988357318,0.5685569981889047,0,137.75886117120348
ta,65,2,154,38,5.0,14.396180048887969,1.592581009230479,0.482842712474619,0,137.75886117120348
ta,65,2,154,39,5.0,6.5,1.5524955415416581,0.482842712474619,0,137.75886117120348
ta,65,2,154,40,5.0,11.280514172678478,1.7238100601007864,0.565685424949238,0,137.75886117120348
ta,65,2,154,41,5.0,0.0,,0.565685424949238,0,137.75886117120348
ta,65,2,154,42,5.0,3.5,1.9472866612414195,0.44956066981809384,0,137.75886117120348
ta,65,2,154,43,5.0,8.5,1.9472866612414195,0.5685569981889047,0,137.75886117120348
ta,65,2,154,44,5.0,13.5,1.9472866612414195,0.565685424949238,0,137.75886117120348
ta,65,2,154,45,5.0,17.0,1.9472866612414195,0.5685569981889047,0,137.75886117120348
ta,65,2,154,46,5.0,6.5,-3.9411075262384054,0.44956066981809384,0,137.75886117120348
ta,65,2,154,47,5.0,11.280514172678478,-4.112422044797533,0.565685424949238,0,137.75886117120348
ta,65,2,154,48,5.0,6.103277807866851,-3.375828283532479,0.565685424949238,0,137.75886117120348
ta,65,2,154,49,5.0,9.86154146165801,-3.8041745786793615,0.482842712474619,0,137.75886117120348
ta,65,2,154,50,5.0,14.396180048887969,-3.9811929939272264,0.5685569981889047,0,137.75886117120348
ta,65,2,154,51,5.0,12.020815280171307,-3.5505004825407185,0.482842712474619,0,137.75886117120348
ta,65,2,154,52,5.0,39.42714800743264,-2.982395750066291,0.44956066981809384,0,137.75886117120348
ta,65,2,154,53,5.0,36.01735692690401,-3.0033470773220152,0.44956066981809384,0,137.75886117120348
ta,65,2,154,54,5.0,35.174564673923115,-2.8647709716344325,0.5685569981889047,0,137.75886117120348
ta,65,2,154,55,5.0,37.51333096380539,-3.133233090468434,0.482842712474619,0,137.75886117120348
ta,65,2,154,56,5.0,33.04920573932148,-2.9476621722741774,0.482842712474619,0,137.75886117120348
ta,65,2,154,57,5.0,34.311076928595526,-3.0914611358500332,0.565685424949238,0,137.75886117120348
ta,65,2,154,58,5.0,30.0,-2.76510231914327,0.565685424949238,0,137.75886117120348
ta,65,2,154,59,5.0,30.20347662107791,-2.88124394602326,0.44956066981809384,0,137.75886117120348
ta,65,2,154,60,5.0,31.18092365533773,-3.041199338538707,0.5685569981889047,0,137.75886117120348
ta,65,2,154,61,5.0,32.89756829919196,-3.1879562452762107,0.565685424949238,0,137.75886117120348
ta,65,2,154,62,5.0,34.48187929913333,-3.2806513266022495,0.5685569981889047,0,137.75886117120348
ta,65,2,154,63,5.0,28.146935890075138,-2.979917719544929,0.44956066981809384,0,137.75886117120348
ta,65,2,154,64,5.0,29.618406439239774,-3.145608696255635,0.565685424949238,0,137.75886117120348
ta,65,2,154,65,5.0,25.243811122728676,-2.904198260625342,0.565685424949238,0,137.75886117120348
ta,65,2,154,67,5.0,28.412145290350743,-3.2602355826116742,0.482842712474619,0,137.75886117120348
ta,65,2,155,1,5.0,9.86154146165801,1.039072259536091,0.3276927682076162,0,139.19364377989913
ta,65,2,155,2,5.0,7.0710678118654755,0.7853981633974483,0.44956066981809384,0,139.19364377989913
ta,65,2,155,3,5.0,5.0,1.5707963267948966,0.5685569981889047,0,139.19364377989913
ta,65,2,155,4,5.0,11.180339887498949,0.4636476090008061,0.482842712474619,0,139.19364377989913
ta,65,2,155,5,5.0,3.5355339059327378,0.7853981633974483,0.482842712474619,0,139.19364377989913
ta,65,2,155,6,5.0,7.905694150420948,0.3217505543966422,0.565685424949238,0,139.19364377989913
ta,65,2,155,7,5.0,3.5,3.141592653589793,0.565685424949238,0,139.19364377989913
ta,65,2,155,8,5.0,0.0,,0.44956066981809384,0,139.19364377989913
ta,65,2,155,9,5.0,5.0,0.0,0.5685569981889047,0,139.19364377989913
ta,65,2,155,10,5.0,10.0,0.0,0.565685424949238,0,139.19364377989913
ta,65,2,155,11,5.0,13.5,0.0,0.5685569981889047,0,139.19364377989913
ta,65,2,155,12,5.0,3.5355339059327378,-0.7853981633974483,0.44956066981809384,0,139.19364377989913
ta,65,2,155,13,5.0,7.905694150420948,-0.3217505543966422,0.565685424949238,0,139.19364377989913
ta,65,2,155,14,5.0,5.0,-1.5707963267948966,0.565685424949238,0,139.19364377989913
ta,65,2,155,15,5.0,7.0710678118654755,-0.7853981633974483,0.482842712474619,1,139.19364377989913
ta,65,2,155,16,5.0,11.180339887498949,-0.4636476090008061,0.5685569981889047,0,139.19364377989913
ta,65,2,155,17,5.0,9.86154146165801,-1.039072259536091,0.482842712474619,0,139.19364377989913
ta,65,2,155,18,5.0,38.82331773560833,-1.4416490366668766,0.44956066981809384,0,139.19364377989913
ta,65,2,155,19,5.0,35.35533905932738,-1.4288992721907328,0.44956066981809384,0,139.19364377989913
ta,65,2,155,20,5.0,35.0,-1.5707963267948966,0.5685569981889047,0,139.19364377989913
ta,65,2,155,21,5.0,36.40054944640259,-1.2924966677897853,0.482842712474619,0,139.19364377989913
ta,65,2,155,22,5.0,32.59601202601324,-1.4940244355251187,0.482842712474619,0,139.19364377989913
ta,65,2,155,23,5.0,33.354160160315836,-1.3439974787410107,0.565685424949238,0,139.19364377989913
ta,65,2,155,24,5.0,30.20347662107791,-1.6869379536748867,0.565685424949238,0,139.19364377989913
ta,65,2,155,25,5.0,30.0,-1.5707963267948966,0.44956066981809384,0,139.19364377989913
ta,65,2,155,26,5.0,30.4138126514911,-1.4056476493802699,0.5685569981889047,0,139.19364377989913
ta,65,2,155,27,5.0,31.622776601683793,-1.2490457723982544,0.565685424949238,0,139.19364377989913
ta,65,2,155,28,5.0,32.89756829919196,-1.1479424006619559,0.5685569981889047,0,139.19364377989913
ta,65,2,155,29,5.0,27.613402542968153,-1.4801364395941514,0.44956066981809384,0,139.19364377989913
ta,65,2,155,30,5.0,28.50438562747845,-1.3045442776439713,0.565685424949238,0,139.19364377989913
ta,65,2,155,31,5.0,25.0,-1.5707963267948966,0.565685424949238,0,139.19364377989913
ta,65,2,155,32,5.0,25.495097567963924,-1.373400766945016,0.482842712474619,0,139.19364377989913
ta,65,2,155,33,5.0,26.92582403567252,-1.1902899496825317,0.5685569981889047,0,139.19364377989913
ta,65,2,155,34,5.0,22.073740054644116,-1.3422996875030344,0.482842712474619,0,139.19364377989913
ta,65,2,155,35,5.0,26.405491853021786,2.8138541468092377,0.44956066981809384,0,139.19364377989913
ta,65,2,155,36,5.0,25.495097567963924,2.9441970937399127,0.44956066981809384,0,139.19364377989913
ta,65,2,155,37,5.0,20.615528128088304,2.896613990462929,0.5685569981889047,0,139.19364377989913
ta,65,2,155,38,5.0,30.4138126514911,2.976443976175166,0.482842712474619,0,139.19364377989913
ta,65,2,155,39,5.0,22.638462845343543,3.0309354324158977,0.482842712474619,0,139.19364377989913
ta,65,2,155,40,5.0,27.613402542968153,3.050932766389048,0.565685424949238,0,139.19364377989913
ta,65,2,155,42,5.0,20.0,3.141592653589793,0.3276927682076162,0,139.19364377989913
ta,65,2,155,43,5.0,25.0,3.141592653589793,0.565685424949238,0,139.19364377989913
ta,65,2,155,44,5.0,30.0,3.141592653589793,0.565685424949238,0,139.19364377989913
ta,65,2,155,45,5.0,33.5,3.141592653589793,0.5685569981889047,0,139.19364377989913
ta,65,2,155,46,5.0,22.638462845343543,-3.0309354324158977,0.44956066981809384,0,139.19364377989913
ta,65,2,155,47,5.0,27.613402542968153,-3.050932766389048,0.565685424949238,0,139.19364377989913
ta,65,2,155,48,5.0,20.615528128088304,-2.896613990462929,0.565685424949238,0,139.19364377989913
ta,65,2,155,49,5.0,25.495097567963924,-2.9441970937399127,0.482842712474619,0,139.19364377989913
ta,65,2,155,50,5.0,30.4138126514911,-2.976443976175166,0.5685569981889047,0,139.19364377989913
ta,65,2,155,51,5.0,26.405491853021786,-2.8138541468092377,0.482842712474619,0,139.19364377989913
ta,65,2,155,52,5.0,45.90479277809671,-2.1467149264132495,0.44956066981809384,0,139.19364377989913
ta,65,2,155,53,5.0,43.01162633521314,-2.191045812777718,0.44956066981809384,0,139.19364377989913
ta,65,2,155,54,5.0,40.311288741492746,-2.0899424410414196,0.5685569981889047,0,139.19364377989913
ta,65,2,155,55,5.0,46.09772228646444,-2.279422598922567,0.482842712474619,0,139.19364377989913
ta,65,2,155,56,5.0,39.528470752104745,-2.1763409903998667,0.482842712474619,0,139.19364377989913
ta,65,2,155,57,5.0,42.573465914816005,-2.2730532583039036,0.565685424949238,0,139.19364377989913
ta,65,2,155,58,5.0,34.23813663153998,-2.0736395377227574,0.565685424949238,0,139.19364377989913
ta,65,2,155,59,5.0,36.05551275463989,-2.158798930342464,0.44956066981809384,0,139.19364377989913
ta,65,2,155,60,5.0,39.05124837953327,-2.2655346029916,0.5685569981889047,0,139.19364377989913
ta,65,2,155,61,5.0,42.42640687119285,-2.356194490192345,0.565685424949238,0,139.19364377989913
ta,65,2,155,62,5.0,44.9694340635948,-2.411256885566015,0.5685569981889047,0,139.19364377989913
ta,65,2,155,63,5.0,35.531676008879735,-2.256525837701183,0.44956066981809384,0,139.19364377989913
ta,65,2,155,64,5.0,38.890872965260115,-2.356194490192345,0.565685424949238,0,139.19364377989913
ta,65,2,155,65,5.0,32.01562118716424,-2.2455372690184494,0.565685424949238,0,139.19364377989913
ta,65,2,155,66,5.0,35.35533905932738,-2.356194490192345,0.482842712474619,0,139.19364377989913
ta,65,2,155,67,5.0,39.05124837953327,-2.44685437739309,0.565685424949238,0,139.19364377989913
ta,65,2,156,1,5.0,13.5,2.356194490192345,0.44956066981809384,0,139.80851924180047
ta,65,2,156,2,5.0,10.0,2.356194490192345,0.44956066981809384,0,139.80851924180047
ta,65,2,156,3,5.0,11.180339887498949,2.819842099193151,0.5685569981889047,0,139.80851924180047
ta,65,2,156,4,5.0,11.180339887498949,1.8925468811915387,0.482842712474619,0,139.80851924180047
ta,65,2,156,5,5.0,7.905694150420948,2.677945044588987,0.482842712474619,0,139.80851924180047
ta,65,2,156,6,5.0,7.905694150420948,2.0344439357957027,0.565685424949238,0,139.80851924180047
ta,65,2,156,7,5.0,9.86154146165801,3.395266749728436,0.565685424949238,0,139.80851924180047
ta,65,2,156,9,5.0,5.0,2.356194490192345,0.565685424949238,0,139.80851924180047
ta,65,2,156,10,5.0,7.0710678118654755,1.5707963267948966,0.565685424949238,0,139.80851924180047
ta,65,2,156,11,5.0,9.86154146165801,1.317122230656254,0.5685569981889047,0,139.80851924180047
ta,65,2,156,12,5.0,3.5355339059327378,3.141592653589793,0.44956066981809384,0,139.80851924180047
ta,65,2,156,13,5.0,3.5355339059327378,1.5707963267948966,0.565685424949238,0,139.80851924180047
ta,65,2,156,14,5.0,5.0,3.9269908169872414,0.565685424949238,0,139.80851924180047
ta,65,2,156,15,5.0,0.0,,0.482842712474619,0,139.80851924180047
ta,65,2,156,16,5.0,5.0,0.7853981633974483,0.5685569981889047,0,139.80851924180047
ta,65,2,156,17,5.0,3.5,-0.7853981633974483,0.482842712474619,0,139.80851924180047
ta,65,2,156,18,5.0,33.5,-0.7853981633974483,0.44956066981809384,0,139.80851924180047
ta,65,2,156,19,5.0,30.0,-0.7853981633974483,0.44956066981809384,0,139.80851924180047
ta,65,2,156,20,5.0,30.4138126514911,-0.9505468408120752,0.5685569981889047,0,139.80851924180047
ta,65,2,156,21,5.0,30.4138126514911,-0.6202494859828216,0.482842712474619,0,139.80851924180047
ta,65,2,156,22,5.0,27.613402542968153,-0.8760580505981934,0.482842712474619,0,139.80851924180047
ta,65,2,156,23,5.0,27.613402542968153,-0.6947382761967031,0.565685424949238,0,139.80851924180047
ta,65,2,156,24,5.0,26.405491853021786,-1.1131366701780039,0.565685424949238,0,139.80851924180047
ta,65,2,156,25,5.0,25.495097567963924,-0.9827937232473292,0.44956066981809384,0,139.80851924180047
ta,65,2,156,26,5.0,25.0,-0.7853981633974483,0.5685569981889047,0,139.80851924180047
ta,65,2,156,27,5.0,25.495097567963924,-0.5880026035475676,0.565685424949238,0,139.80851924180047
ta,65,2,156,28,5.0,26.405491853021786,-0.4576596566168929,0.5685569981889047,0,139.80851924180047
ta,65,2,156,29,5.0,22.638462845343543,-0.8960553845713439,0.44956066981809384,0,139.80851924180047
ta,65,2,156,30,5.0,22.638462845343543,-0.6747409422235526,0.565685424949238,0,139.80851924180047
ta,65,2,156,31,5.0,20.615528128088304,-1.0303768265243125,0.565685424949238,0,139.80851924180047
ta,65,2,156,32,5.0,20.0,-0.7853981633974483,0.482842712474619,1,139.80851924180047
ta,65,2,156,33,5.0,20.615528128088304,-0.5404195002705843,0.5685569981889047,0,139.80851924180047
ta,65,2,156,34,5.0,16.5,-0.7853981633974483,0.482842712474619,0,139.80851924180047
ta,65,2,156,35,5.0,32.89756829919196,3.504136890854301,0.44956066981809384,0,139.80851924180047
ta,65,2,156,36,5.0,31.622776601683793,3.6052402625905993,0.44956066981809384,0,139.80851924180047
ta,65,2,156,37,5.0,26.92582403567252,3.5464844398748765,0.5685569981889047,0,139.80851924180047
ta,65,2,156,38,5.0,36.40054944640259,3.64869115798213,0.482842712474619,0,139.80851924180047
ta,65,2,156,39,5.0,28.50438562747845,3.660738767836316,0.482842712474619,0,139.80851924180047
ta,65,2,156,40,5.0,33.354160160315836,3.7001919689333556,0.565685424949238,0,139.80851924180047
ta,65,2,156,41,5.0,22.073740054644116,3.698494177695379,0.565685424949238,0,139.80851924180047
ta,65,2,156,42,5.0,25.495097567963924,3.729595257137361,0.44956066981809384,0,139.80851924180047
ta,65,2,156,43,5.0,30.4138126514911,3.7618421395726145,0.5685569981889047,0,139.80851924180047
ta,65,2,156,44,5.0,35.35533905932738,3.7850937623830774,0.565685424949238,0,139.80851924180047
ta,65,2,156,45,5.0,38.82331773560833,3.7978435268592214,0.5685569981889047,0,139.80851924180047
ta,65,2,156,46,5.0,27.613402542968153,3.8363309297864965,0.44956066981809384,0,139.80851924180047
ta,65,2,156,47,5.0,32.59601202601324,3.8502189257174635,0.565685424949238,0,139.80851924180047
ta,65,2,156,48,5.0,25.0,3.9269908169872414,0.565685424949238,0,139.80851924180047
ta,65,2,156,49,5.0,30.0,3.9269908169872414,0.482842712474619,0,139.80851924180047
ta,65,2,156,50,5.0,35.0,3.9269908169872414,0.5685569981889047,0,139.80851924180047
ta,65,2,156,51,5.0,30.20347662107791,-2.240052863312355,0.482842712474619,0,139.80851924180047
ta,65,2,156,52,5.0,44.9694340635948,-1.5157339314212264,0.44956066981809384,0,139.80851924180047
ta,65,2,156,53,5.0,42.42640687119285,-1.5707963267948966,0.44956066981809384,0,139.80851924180047
ta,65,2,156,54,5.0,39.05124837953327,-1.4801364395941516,0.5685569981889047,0,139.80851924180047
ta,65,2,156,55,5.0,46.09772228646444,-1.647568218064675,0.482842712474619,0,139.80851924180047
ta,65,2,156,56,5.0,38.890872965260115,-1.5707963267948966,0.482842712474619,0,139.80851924180047
ta,65,2,156,57,5.0,42.573465914816005,-1.6539375586833378,0.565685424949238,0,139.80851924180047
ta,65,2,156,58,5.0,32.973474187595095,-1.4956691708841348,0.565685424949238,0,139.80851924180047
ta,65,2,156,59,5.0,35.35533905932738,-1.5707963267948966,0.44956066981809384,0,139.80851924180047
ta,65,2,156,60,5.0,39.05124837953327,-1.661456213995642,0.5685569981889047,0,139.80851924180047
ta,65,2,156,61,5.0,43.01162633521314,-1.7359450042095235,0.565685424949238,0,139.80851924180047
ta,65,2,156,62,5.0,45.90479277809671,-1.780275890573992,0.5685569981889047,0,139.80851924180047
ta,65,2,156,63,5.0,35.531676008879735,-1.6704649792860589,0.44956066981809384,0,139.80851924180047
ta,65,2,156,64,5.0,39.528470752104745,-1.7506498265873751,0.565685424949238,0,139.80851924180047
ta,65,2,156,65,5.0,32.01562118716424,-1.6814535479687924,0.565685424949238,0,139.80851924180047
ta,65,2,156,66,5.0,36.05551275463989,-1.7681918866447774,0.482842712474619,0,139.80851924180047
ta,65,2,156,67,5.0,40.311288741492746,-1.8370483759458218,0.5685569981889047,0,139.80851924180047
ta,65,2,156,68,5.0,34.23813663153998,-1.853351279264484,0.482842712474619,0,139.80851924180047
ta,65,2,157,1,5.0,33.5,3.141592653589793,0.44956066981809384,0,141.54764967658306
ta,65,2,157,2,5.0,30.0,3.141592653589793,0.44956066981809384,0,141.54764967658306
ta,65,2,157,3,5.0,30.4138126514911,3.30674133100442,0.5685569981889047,0,141.54764967658306
ta,65,2,157,4,5.0,30.4138126514911,2.976443976175166,0.482842712474619,0,141.54764967658306
ta,65,2,157,5,5.0,27.613402542968153,3.2322525407905385,0.482842712474619,0,141.54764967658306
ta,65,2,157,6,5.0,27.613402542968153,3.0509327663890478,0.565685424949238,0,141.54764967658306
ta,65,2,157,7,5.0,26.405491853021786,3.4693311603703485,0.565685424949238,0,141.54764967658306
ta,65,2,157,9,5.0,25.0,3.141592653589793,0.565685424949238,0,141.54764967658306
ta,65,2,157,10,5.0,25.495097567963924,2.9441970937399127,0.565685424949238,0,141.54764967658306
ta,65,2,157,11,5.0,26.405491853021786,2.8138541468092377,0.5685569981889047,0,141.54764967658306
ta,65,2,157,12,5.0,22.638462845343543,3.252249874763689,0.44956066981809384,0,141.54764967658306
ta,65,2,157,13,5.0,22.638462845343543,3.0309354324158972,0.565685424949238,0,141.54764967658306
ta,65,2,157,14,5.0,20.615528128088304,3.3865713167166573,0.565685424949238,0,141.54764967658306
ta,65,2,157,16,5.0,20.615528128088304,2.896613990462929,0.565685424949238,0,141.54764967658306
ta,65,2,157,17,5.0,16.5,3.141592653589793,0.482842712474619,0,141.54764967658306
ta,65,2,157,18,5.0,13.5,0.0,0.3276927682076162,0,141.54764967658306
ta,65,2,157,19,5.0,10.0,0.0,0.44956066981809384,0,141.54764967658306
ta,65,2,157,20,5.0,11.180339887498949,-0.46364760900080615,0.5685569981889047,0,141.54764967658306
ta,65,2,157,21,5.0,11.180339887498949,0.46364760900080615,0.482842712474619,0,141.54764967658306
ta,65,2,157,22,5.0,7.905694150420948,-0.32175055439664235,0.482842712474619,0,141.54764967658306
ta,65,2,157,23,5.0,7.905694150420948,0.32175055439664213,0.565685424949238,0,141.54764967658306
ta,65,2,157,24,5.0,9.86154146165801,-1.0390722595360913,0.565685424949238,0,141.54764967658306
ta,65,2,157,25,5.0,7.0710678118654755,-0.7853981633974483,0.44956066981809384,1,141.54764967658306
ta,65,2,157,26,5.0,5.0,0.0,0.5685569981889047,0,141.54764967658306
ta,65,2,157,27,5.0,7.0710678118654755,0.7853981633974483,0.565685424949238,0,141.54764967658306
ta,65,2,157,28,5.0,9.86154146165801,1.0390722595360908,0.5685569981889047,0,141.54764967658306
ta,65,2,157,29,5.0,3.5355339059327378,-0.7853981633974483,0.44956066981809384,0,141.54764967658306
ta,65,2,157,30,5.0,3.5355339059327378,0.7853981633974483,0.565685424949238,0,141.54764967658306
ta,65,2,157,31,5.0,5.0,4.71238898038469,0.565685424949238,0,141.54764967658306
ta,65,2,157,32,5.0,0.0,,0.482842712474619,0,141.54764967658306
ta,65,2,157,33,5.0,5.0,1.5707963267948966,0.5685569981889047,0,141.54764967658306
ta,65,2,157,34,5.0,3.5,3.141592653589793,0.482842712474619,0,141.54764967658306
ta,65,2,157,35,5.0,44.9694340635948,3.871928421613571,0.44956066981809384,0,141.54764967658306
ta,65,2,157,36,5.0,42.42640687119285,3.9269908169872414,0.44956066981809384,0,141.54764967658306
ta,65,2,157,37,5.0,39.05124837953327,3.8363309297864965,0.5685569981889047,0,141.54764967658306
ta,65,2,157,38,5.0,46.09772228646444,4.003762708257019,0.482842712474619,0,141.54764967658306
ta,65,2,157,39,5.0,38.890872965260115,3.9269908169872414,0.482842712474619,0,141.54764967658306
ta,65,2,157,40,5.0,42.573465914816005,4.010132048875683,0.565685424949238,0,141.54764967658306
ta,65,2,157,41,5.0,32.973474187595095,3.8518636610764796,0.565685424949238,0,141.54764967658306
ta,65,2,157,42,5.0,35.35533905932738,3.9269908169872414,0.44956066981809384,0,141.54764967658306
ta,65,2,157,43,5.0,39.05124837953327,4.017650704187987,0.5685569981889047,0,141.54764967658306
ta,65,2,157,44,5.0,43.01162633521314,4.092139494401868,0.565685424949238,0,141.54764967658306
ta,65,2,157,45,5.0,45.90479277809671,4.136470380766337,0.5685569981889047,0,141.54764967658306
ta,65,2,157,46,5.0,35.531676008879735,4.026659469478403,0.44956066981809384,0,141.54764967658306
ta,65,2,157,47,5.0,39.528470752104745,4.1068443167797195,0.565685424949238,0,141.54764967658306
ta,65,2,157,48,5.0,32.01562118716424,4.037648038161137,0.565685424949238,0,141.54764967658306
ta,65,2,157,49,5.0,36.05551275463989,4.124386376837123,0.482842712474619,0,141.54764967658306
ta,65,2,157,50,5.0,40.311288741492746,4.193242866138167,0.5685569981889047,0,141.54764967658306
ta,65,2,157,51,5.0,34.23813663153998,4.209545769456829,0.482842712474619,0,141.54764967658306
ta,65,2,157,52,5.0,32.89756829919196,-1.147942400661956,0.44956066981809384,0,141.54764967658306
ta,65,2,157,53,5.0,31.622776601683793,-1.2490457723982544,0.44956066981809384,0,141.54764967658306
ta,65,2,157,54,5.0,26.92582403567252,-1.1902899496825317,0.5685569981889047,0,141.54764967658306
ta,65,2,157,55,5.0,36.40054944640259,-1.2924966677897851,0.482842712474619,0,141.54764967658306
ta,65,2,157,56,5.0,28.50438562747845,-1.3045442776439713,0.482842712474619,0,141.54764967658306
ta,65,2,157,57,5.0,33.354160160315836,-1.3439974787410107,0.565685424949238,0,141.54764967658306
ta,65,2,157,58,5.0,22.073740054644116,-1.3422996875030342,0.565685424949238,0,141.54764967658306
ta,65,2,157,59,5.0,25.495097567963924,-1.3734007669450161,0.44956066981809384,0,141.54764967658306
ta,65,2,157,60,5.0,30.4138126514911,-1.4056476493802696,0.5685569981889047,0,141.54764967658306
ta,65,2,157,61,5.0,35.35533905932738,-1.4288992721907325,0.565685424949238,0,141.54764967658306
ta,65,2,157,62,5.0,38.82331773560833,-1.4416490366668766,0.5685569981889047,0,141.54764967658306
ta,65,2,157,63,5.0,27.613402542968153,-1.4801364395941516,0.44956066981809384,0,141.54764967658306
ta,65,2,157,64,5.0,32.59601202601324,-1.4940244355251187,0.565685424949238,0,141.54764967658306
ta,65,2,157,65,5.0,25.0,4.71238898038469,0.565685424949238,0,141.54764967658306
ta,65,2,157,66,5.0,30.0,4.71238898038469,0.482842712474619,0,141.54764967658306
ta,65,2,157,67,5.0,35.0,4.71238898038469,0.5685569981889047,0,141.54764967658306
ta,65,2,157,68,5.0,30.20347662107791,4.596247353504699,0.482842712474619,0,141.54764967658306
ta,65,2,158,1,5.0,38.82331773560833,3.7978435268592214,0.44956066981809384,0,142.1625251384844
ta,65,2,158,2,5.0,35.35533905932738,3.7850937623830774,0.44956066981809384,0,142.1625251384844
ta,65,2,158,3,5.0,35.0,3.9269908169872414,0.5685569981889047,0,142.1625251384844
ta,65,2,158,4,5.0,36.40054944640259,3.64869115798213,0.482842712474619,0,142.1625251384844
ta,65,2,158,5,5.0,32.59601202601324,3.8502189257174635,0.482842712474619,0,142.1625251384844
ta,65,2,158,6,5.0,33.354160160315836,3.7001919689333556,0.565685424949238,0,142.1625251384844
ta,65,2,158,7,5.0,30.20347662107791,4.043132443867232,0.565685424949238,0,142.1625251384844
ta,65,2,158,8,5.0,30.0,3.9269908169872414,0.44956066981809384,0,142.1625251384844
ta,65,2,158,9,5.0,30.4138126514911,3.7618421395726145,0.5685569981889047,0,142.1625251384844
ta,65,2,158,10,5.0,31.622776601683793,3.6052402625905993,0.565685424949238,0,142.1625251384844
ta,65,2,158,11,5.0,32.89756829919196,3.5041368908543005,0.5685569981889047,0,142.1625251384844
ta,65,2,158,12,5.0,27.613402542968153,3.836330929786496,0.44956066981809384,0,142.1625251384844
ta,65,2,158,13,5.0,28.50438562747845,3.660738767836316,0.565685424949238,0,142.1625251384844
ta,65,2,158,14,5.0,25.0,3.9269908169872414,0.565685424949238,0,142.1625251384844
ta,65,2,158,16,5.0,26.92582403567252,3.5464844398748765,0.565685424949238,0,142.1625251384844
ta,65,2,158,17,5.0,22.073740054644116,3.6984941776953795,0.482842712474619,0,142.1625251384844
ta,65,2,158,18,5.0,9.86154146165801,1.3171222306562538,0.3276927682076162,0,142.1625251384844
ta,65,2,158,19,5.0,7.0710678118654755,1.5707963267948966,0.44956066981809384,0,142.1625251384844
ta,65,2,158,20,5.0,5.0,0.7853981633974483,0.5685569981889047,0,142.1625251384844
ta,65,2,158,21,5.0,11.180339887498949,1.8925468811915387,0.482842712474619,0,142.1625251384844
ta,65,2,158,22,5.0,3.5355339059327378,1.5707963267948966,0.482842712474619,0,142.1625251384844
ta,65,2,158,23,5.0,7.905694150420948,2.0344439357957027,0.565685424949238,0,142.1625251384844
ta,65,2,158,24,5.0,3.5,5.497787143782138,0.565685424949238,1,142.1625251384844
ta,65,2,158,25,5.0,0.0,,0.44956066981809384,0,142.1625251384844
ta,65,2,158,26,5.0,5.0,2.356194490192345,0.5685569981889047,0,142.1625251384844
ta,65,2,158,27,5.0,10.0,2.356194490192345,0.565685424949238,0,142.1625251384844
ta,65,2,158,28,5.0,13.5,2.356194490192345,0.5685569981889047,0,142.1625251384844
ta,65,2,158,29,5.0,3.5355339059327378,3.141592653589793,0.44956066981809384,0,142.1625251384844
ta,65,2,158,30,5.0,7.905694150420948,2.677945044588987,0.565685424949238,0,142.1625251384844
ta,65,2,158,31,5.0,5.0,3.9269908169872414,0.565685424949238,0,142.1625251384844
ta,65,2,158,33,5.0,11.180339887498949,2.819842099193151,0.565685424949238,0,142.1625251384844
ta,65,2,158,34,5.0,9.86154146165801,3.395266749728436,0.482842712474619,0,142.1625251384844
ta,65,2,158,35,5.0,45.90479277809671,4.502909416605594,0.3276927682076162,0,142.1625251384844
ta,65,2,158,36,5.0,43.01162633521314,4.547240302970063,0.44956066981809384,0,142.1625251384844
ta,65,2,158,37,5.0,40.311288741492746,4.446136931233765,0.5685569981889047,0,142.1625251384844
ta,65,2,158,38,5.0,46.09772228646444,4.635617089114912,0.482842712474619,0,142.1625251384844
ta,65,2,158,39,5.0,39.528470752104745,4.532535480592212,0.482842712474619,0,142.1625251384844
ta,65,2,158,40,5.0,42.573465914816005,4.629247748496248,0.565685424949238,0,142.1625251384844
ta,65,2,158,41,5.0,34.23813663153998,4.429834027915103,0.565685424949238,0,142.1625251384844
ta,65,2,158,42,5.0,36.05551275463989,4.514993420534809,0.44956066981809384,0,142.1625251384844
ta,65,2,158,43,5.0,39.05124837953327,4.621729093183944,0.5685569981889047,0,142.1625251384844
ta,65,2,158,44,5.0,42.42640687119285,4.71238898038469,0.565685424949238,0,142.1625251384844
ta,65,2,158,45,5.0,44.9694340635948,4.76745137575836,0.5685569981889047,0,142.1625251384844
ta,65,2,158,46,5.0,35.531676008879735,4.612720327893528,0.44956066981809384,0,142.1625251384844
ta,65,2,158,47,5.0,38.890872965260115,4.71238898038469,0.565685424949238,0,142.1625251384844
ta,65,2,158,48,5.0,32.01562118716424,4.601731759210795,0.565685424949238,0,142.1625251384844
ta,65,2,158,49,5.0,35.35533905932738,4.71238898038469,0.482842712474619,0,142.1625251384844
ta,65,2,158,50,5.0,39.05124837953327,4.803048867585435,0.5685569981889047,0,142.1625251384844
ta,65,2,158,51,5.0,32.973474187595095,4.7875161362954515,0.482842712474619,0,142.1625251384844
ta,65,2,158,52,5.0,26.405491853021786,-0.4576596566168929,0.44956066981809384,0,142.1625251384844
ta,65,2,158,53,5.0,25.495097567963924,-0.5880026035475678,0.44956066981809384,0,142.1625251384844
ta,65,2,158,54,5.0,20.615528128088304,-0.540419500270584,0.5685569981889047,0,142.1625251384844
ta,65,2,158,55,5.0,30.4138126514911,-0.6202494859828214,0.482842712474619,0,142.1625251384844
ta,65,2,158,56,5.0,22.638462845343543,-0.6747409422235529,0.482842712474619,0,142.1625251384844
ta,65,2,158,57,5.0,27.613402542968153,-0.6947382761967034,0.565685424949238,0,142.1625251384844
ta,65,2,158,58,5.0,16.5,5.497787143782138,0.565685424949238,0,142.1625251384844
ta,65,2,158,59,5.0,20.0,5.497787143782138,0.44956066981809384,0,142.1625251384844
ta,65,2,158,60,5.0,25.0,5.497787143782138,0.5685569981889047,0,142.1625251384844
ta,65,2,158,61,5.0,30.0,5.497787143782138,0.565685424949238,0,142.1625251384844
ta,65,2,158,62,5.0,33.5,5.497787143782138,0.5685569981889047,0,142.1625251384844
ta,65,2,158,63,5.0,22.638462845343543,5.387129922608242,0.44956066981809384,0,142.1625251384844
ta,65,2,158,64,5.0,27.613402542968153,5.4071272565813935,0.565685424949238,0,142.1625251384844
ta,65,2,158,65,5.0,20.615528128088304,5.252808480655274,0.565685424949238,0,142.1625251384844
ta,65,2,158,66,5.0,25.495097567963924,5.3003915839322575,0.482842712474619,0,142.1625251384844
ta,65,2,158,67,5.0,30.4138126514911,5.332638466367511,0.5685569981889047,0,142.1625251384844
ta,65,2,158,68,5.0,26.405491853021786,5.170048637001583,0.482842712474619,0,142.1625251384844
ta,65,2,159,1,5.0,39.42714800743264,-1.7880897577179176,0.44956066981809384,0,142.46687296457137
ta,65,2,159,2,5.0,36.01735692690401,-1.8090410849736416,0.44956066981809384,0,142.46687296457137
ta,65,2,159,3,5.0,35.174564673923115,-1.6704649792860584,0.5685569981889047,0,142.46687296457137
ta,65,2,159,4,5.0,37.51333096380539,-1.9389270981200601,0.482842712474619,0,142.46687296457137
ta,65,2,159,5,5.0,33.04920573932148,-1.7533561799258033,0.482842712474619,0,142.46687296457137
ta,65,2,159,6,5.0,34.311076928595526,-1.8971551435016591,0.565685424949238,0,142.46687296457137
ta,65,2,159,7,5.0,30.0,-1.5707963267948966,0.565685424949238,0,142.46687296457137
ta,65,2,159,8,5.0,30.20347662107791,-1.6869379536748867,0.44956066981809384,0,142.46687296457137
ta,65,2,159,9,5.0,31.18092365533773,-1.846893346190333,0.5685569981889047,0,142.46687296457137
ta,65,2,159,10,5.0,32.89756829919196,-1.9936502529278373,0.565685424949238,0,142.46687296457137
ta,65,2,159,11,5.0,34.48187929913333,-2.086345334253876,0.5685569981889047,0,142.46687296457137
ta,65,2,159,12,5.0,28.146935890075138,-1.785611727196555,0.44956066981809384,0,142.46687296457137
ta,65,2,159,13,5.0,29.618406439239774,-1.9513027039072615,0.565685424949238,0,142.46687296457137
ta,65,2,159,14,5.0,25.243811122728676,-1.7098922682769677,0.565685424949238,0,142.46687296457137
ta,65,2,159,16,5.0,28.412145290350743,-2.0659295902633006,0.565685424949238,0,142.46687296457137
ta,65,2,159,17,5.0,23.119256043393783,-1.9472866612414195,0.482842712474619,0,142.46687296457137
ta,65,2,159,18,5.0,12.020815280171307,-3.9269908169872414,0.3276927682076162,0,142.46687296457137
ta,65,2,159,19,5.0,9.86154146165801,-3.673316720848599,0.44956066981809384,0,142.46687296457137
ta,65,2,159,20,5.0,6.103277807866851,-4.101663015995481,0.5685569981889047,0,142.46687296457137
ta,65,2,159,21,5.0,14.396180048887969,-3.4962983056007335,0.482842712474619,0,142.46687296457137
ta,65,2,159,22,5.0,6.5,-3.5363837732895544,0.482842712474619,0,142.46687296457137
ta,65,2,159,23,5.0,11.280514172678478,-3.365069254730426,0.565685424949238,0,142.46687296457137
ta,65,2,159,24,5.0,0.0,,0.565685424949238,0,142.46687296457137
ta,65,2,159,26,5.0,8.5,-3.141592653589793,0.565685424949238,0,142.46687296457137
ta,65,2,159,27,5.0,13.5,-3.141592653589793,0.565685424949238,0,142.46687296457137
ta,65,2,159,28,5.0,17.0,-3.141592653589793,0.5685569981889047,0,142.46687296457137
ta,65,2,159,29,5.0,6.5,-2.746801533890032,0.44956066981809384,0,142.46687296457137
ta,65,2,159,30,5.0,11.280514172678478,-2.91811605244916,0.565685424949238,0,142.46687296457137
ta,65,2,159,31,5.0,6.103277807866851,-2.181522291184105,0.565685424949238,0,142.46687296457137
ta,65,2,159,32,5.0,9.86154146165801,-2.6098685863309874,0.482842712474619,0,142.46687296457137
ta,65,2,159,33,5.0,14.396180048887969,-2.7868870015788527,0.5685569981889047,0,142.46687296457137
ta,65,2,159,34,5.0,12.020815280171307,-2.356194490192345,0.482842712474619,0,142.46687296457137
ta,65,2,159,35,5.0,44.09648512069868,-1.0614951827928847,0.44956066981809384,0,142.46687296457137
ta,65,2,159,36,5.0,41.07614879708174,-1.0199387922631802,0.44956066981809384,0,142.46687296457137
ta,65,2,159,37,5.0,38.69431482789171,-1.1302659861783835,0.5685569981889047,0,142.46687296457137
ta,65,2,159,38,5.0,43.900455578501685,-0.9227394408643823,0.482842712474619,0,142.46687296457137
ta,65,2,159,39,5.0,37.646380968162134,-1.0417658557152478,0.482842712474619,0,142.46687296457137
ta,65,2,159,40,5.0,40.40111384603152,-0.9347208240911455,0.565685424949238,0,142.46687296457137
ta,65,2,159,41,5.0,32.69556544854363,-1.1618884978439712,0.565685424949238,0,142.46687296457137
ta,65,2,159,42,5.0,34.23813663153998,-1.0679531158670357,0.44956066981809384,0,142.46687296457137
ta,65,2,159,43,5.0,36.908671067921155,-0.9489720389643068,0.5685569981889047,0,142.46687296457137
ta,65,2,159,44,5.0,40.02811511925087,-0.847266009261828,0.565685424949238,0,142.46687296457137
ta,65,2,159,45,5.0,42.42640687119285,-0.7853981633974483,0.5685569981889047,0,142.46687296457137
ta,65,2,159,46,5.0,33.425289826716536,-0.9661977367014196,0.44956066981809384,0,142.46687296457137
ta,65,2,159,47,5.0,36.5,-0.8532549862537522,0.565685424949238,0,142.46687296457137
ta,65,2,159,48,5.0,29.95413160150032,-0.9874233198010405,0.565685424949238,0,142.46687296457137
ta,65,2,159,49,5.0,32.973474187595095,-0.8605253193082101,0.482842712474619,0,142.46687296457137
ta,65,2,159,50,5.0,36.43144246389374,-0.7562801818904092,0.5685569981889047,0,142.46687296457137
ta,65,2,159,51,5.0,30.405591591021544,-0.7853981633974483,0.482842712474619,0,142.46687296457137
ta,65,2,159,52,5.0,23.119256043393783,-5.906694972733064,0.44956066981809384,0,142.46687296457137
ta,65,2,159,53,5.0,22.073740054644116,-6.054688667887724,0.44956066981809384,0,142.46687296457137
ta,65,2,159,54,5.0,17.240939649566666,-5.988950742068399,0.5685569981889047,0,142.46687296457137
ta,65,2,159,55,5.0,26.9675731203236,-6.096698405512369,0.482842712474619,0,142.46687296457137
ta,65,2,159,56,5.0,19.1637678967368,-6.152357911105529,0.482842712474619,0,142.46687296457137
ta,65,2,159,57,5.0,24.12985702402731,-6.179392966722544,0.565685424949238,0,142.46687296457137
ta,65,2,159,58,5.0,13.0,0.0,0.565685424949238,1,142.46687296457137
ta,65,2,159,59,5.0,16.5,0.0,0.44956066981809384,0,142.46687296457137
ta,65,2,159,60,5.0,21.5,0.0,0.5685569981889047,0,142.46687296457137
ta,65,2,159,61,5.0,26.5,0.0,0.565685424949238,0,142.46687296457137
ta,65,2,159,62,5.0,30.0,0.0,0.5685569981889047,0,142.46687296457137
ta,65,2,159,63,5.0,19.1637678967368,-0.1308273960740567,0.44956066981809384,0,142.46687296457137
ta,65,2,159,64,5.0,24.12985702402731,-0.10379234045704289,0.565685424949238,0,142.46687296457137
ta,65,2,159,65,5.0,17.240939649566666,-0.2942345651111875,0.565685424949238,0,142.46687296457137
ta,65,2,159,66,5.0,22.073740054644116,-0.22849663929186237,0.482842712474619,0,142.46687296457137
ta,65,2,159,67,5.0,26.9675731203236,-0.18648690166721682,0.5685569981889047,0,142.46687296457137
ta,65,2,159,68,5.0,23.119256043393783,-0.3764903344465229,0.482842712474619,0,142.46687296457137
ta,65,2,160,1,5.0,44.09648512069868,-2.0800974707969084,0.44956066981809384,0,143.59730774718005
ta,65,2,160,2,5.0,41.07614879708174,-2.121653861326613,0.44956066981809384,0,143.59730774718005
ta,65,2,160,3,5.0,38.69431482789171,-2.0113266674114096,0.5685569981889047,0,143.59730774718005
ta,65,2,160,4,5.0,43.900455578501685,-2.218853212725411,0.482842712474619,0,143.59730774718005
ta,65,2,160,5,5.0,37.646380968162134,-2.0998267978745453,0.482842712474619,0,143.59730774718005
ta,65,2,160,6,5.0,40.40111384603152,-2.2068718294986476,0.565685424949238,0,143.59730774718005
ta,65,2,160,7,5.0,32.69556544854363,-1.979704155745822,0.565685424949238,0,143.59730774718005
ta,65,2,160,8,5.0,34.23813663153998,-2.073639537722757,0.44956066981809384,0,143.59730774718005
ta,65,2,160,9,5.0,36.908671067921155,-2.1926206146254863,0.5685569981889047,0,143.59730774718005
ta,65,2,160,10,5.0,40.02811511925087,-2.2943266443279646,0.565685424949238,0,143.59730774718005
ta,65,2,160,11,5.0,42.42640687119285,-2.356194490192345,0.5685569981889047,0,143.59730774718005
ta,65,2,160,12,5.0,33.425289826716536,-2.1753949168883735,0.44956066981809384,0,143.59730774718005
ta,65,2,160,13,5.0,36.5,-2.288337667336041,0.565685424949238,0,143.59730774718005
ta,65,2,160,14,5.0,29.95413160150032,-2.1541693337887526,0.565685424949238,0,143.59730774718005
ta,65,2,160,16,5.0,36.43144246389374,-2.3853124716993834,0.565685424949238,0,143.59730774718005
ta,65,2,160,17,5.0,30.405591591021544,-2.356194490192345,0.482842712474619,0,143.59730774718005
ta,65,2,160,18,5.0,23.119256043393783,-3.518082988036316,0.3276927682076162,0,143.59730774718005
ta,65,2,160,19,5.0,22.073740054644116,-3.3700892928816555,0.44956066981809384,0,143.59730774718005
ta,65,2,160,20,5.0,17.240939649566666,-3.435827218700981,0.5685569981889047,0,143.59730774718005
ta,65,2,160,21,5.0,26.9675731203236,-3.32807955525701,0.482842712474619,0,143.59730774718005
ta,65,2,160,22,5.0,19.1637678967368,-3.2724200496638502,0.482842712474619,0,143.59730774718005
ta,65,2,160,23,5.0,24.12985702402731,-3.245384994046836,0.565685424949238,0,143.59730774718005
ta,65,2,160,25,5.0,16.5,-3.141592653589793,0.3276927682076162,0,143.59730774718005
ta,65,2,160,26,5.0,21.5,-3.141592653589793,0.565685424949238,0,143.59730774718005
ta,65,2,160,27,5.0,26.5,-3.141592653589793,0.565685424949238,0,143.59730774718005
ta,65,2,160,28,5.0,30.0,-3.141592653589793,0.5685569981889047,0,143.59730774718005
ta,65,2,160,29,5.0,19.1637678967368,-3.010765257515736,0.44956066981809384,0,143.59730774718005
ta,65,2,160,30,5.0,24.12985702402731,-3.0378003131327502,0.565685424949238,0,143.59730774718005
ta,65,2,160,31,5.0,17.240939649566666,-2.847358088478605,0.565685424949238,0,143.59730774718005
ta,65,2,160,32,5.0,22.073740054644116,-2.9130960142979307,0.482842712474619,0,143.59730774718005
ta,65,2,160,33,5.0,26.9675731203236,-2.9551057519225763,0.5685569981889047,0,143.59730774718005
ta,65,2,160,34,5.0,23.119256043393783,-2.76510231914327,0.482842712474619,0,143.59730774718005
ta,65,2,160,35,5.0,39.42714800743264,-1.3535028958718753,0.44956066981809384,0,143.59730774718005
ta,65,2,160,36,5.0,36.01735692690401,-1.3325515686161515,0.44956066981809384,0,143.59730774718005
ta,65,2,160,37,5.0,35.174564673923115,-1.4711276743037345,0.5685569981889047,0,143.59730774718005
ta,65,2,160,38,5.0,37.51333096380539,-1.202665555469733,0.482842712474619,0,143.59730774718005
ta,65,2,160,39,5.0,33.04920573932148,-1.3882364736639896,0.482842712474619,0,143.59730774718005
ta,65,2,160,40,5.0,34.311076928595526,-1.2444375100881337,0.565685424949238,0,143.59730774718005
ta,65,2,160,41,5.0,30.0,-1.5707963267948966,0.565685424949238,0,143.59730774718005
ta,65,2,160,42,5.0,30.20347662107791,-1.4546546999149064,0.44956066981809384,0,143.59730774718005
ta,65,2,160,43,5.0,31.18092365533773,-1.29469930739946,0.5685569981889047,0,143.59730774718005
ta,65,2,160,44,5.0,32.89756829919196,-1.1479424006619559,0.565685424949238,0,143.59730774718005
ta,65,2,160,45,5.0,34.48187929913333,-1.0552473193359173,0.5685569981889047,0,143.59730774718005
ta,65,2,160,46,5.0,28.146935890075138,-1.3559809263932379,0.44956066981809384,0,143.59730774718005
ta,65,2,160,47,5.0,29.618406439239774,-1.1902899496825317,0.565685424949238,0,143.59730774718005
ta,65,2,160,48,5.0,25.243811122728676,-1.4317003853128252,0.565685424949238,0,143.59730774718005
ta,65,2,160,49,5.0,26.405491853021786,-1.243057820014341,0.482842712474619,0,143.59730774718005
ta,65,2,160,50,5.0,28.412145290350743,-1.0756630633264925,0.5685569981889047,0,143.59730774718005
ta,65,2,160,51,5.0,23.119256043393783,-1.1943059923483736,0.482842712474619,0,143.59730774718005
ta,65,2,160,52,5.0,12.020815280171307,-5.497787143782138,0.44956066981809384,0,143.59730774718005
ta,65,2,160,53,5.0,9.86154146165801,-5.751461239920781,0.44956066981809384,0,143.59730774718005
ta,65,2,160,54,5.0,6.103277807866851,-5.323114944773899,0.5685569981889047,0,143.59730774718005
ta,65,2,160,55,5.0,14.396180048887969,-5.928479655168646,0.482842712474619,0,143.59730774718005
ta,65,2,160,56,5.0,6.5,-5.888394187479825,0.482842712474619,0,143.59730774718005
ta,65,2,160,57,5.0,11.280514172678478,-6.059708706038953,0.565685424949238,0,143.59730774718005
ta,65,2,160,58,5.0,0.0,,0.565685424949238,0,143.59730774718005
ta,65,2,160,59,5.0,3.5,0.0,0.44956066981809384,1,143.59730774718005
ta,65,2,160,60,5.0,8.5,0.0,0.5685569981889047,0,143.59730774718005
ta,65,2,160,61,5.0,13.5,0.0,0.565685424949238,0,143.59730774718005
ta,65,2,160,62,5.0,17.0,0.0,0.5685569981889047,0,143.59730774718005
ta,65,2,160,63,5.0,6.5,-0.39479111969976133,0.44956066981809384,0,143.59730774718005
ta,65,2,160,64,5.0,11.280514172678478,-0.22347660114063306,0.565685424949238,0,143.59730774718005
ta,65,2,160,65,5.0,6.103277807866851,-0.9600703624056877,0.565685424949238,0,143.59730774718005
ta,65,2,160,66,5.0,9.86154146165801,-0.5317240672588053,0.482842712474619,0,143.59730774718005
ta,65,2,160,67,5.0,14.396180048887969,-0.3547056520109404,0.5685569981889047,0,143.59730774718005
ta,65,2,160,68,5.0,12.020815280171307,-0.7853981633974483,0.482842712474619,0,143.59730774718005
ta,65,2,161,1,5.0,45.90479277809671,-2.1467149264132495,0.44956066981809384,0,143.90165557326702
ta,65,2,161,2,5.0,43.01162633521314,-2.191045812777718,0.44956066981809384,0,143.90165557326702
ta,65,2,161,3,5.0,40.311288741492746,-2.089942441041419,0.5685569981889047,0,143.90165557326702
ta,65,2,161,4,5.0,46.09772228646444,-2.279422598922567,0.482842712474619,0,143.90165557326702
ta,65,2,161,5,5.0,39.528470752104745,-2.1763409903998667,0.482842712474619,0,143.90165557326702
ta,65,2,161,6,5.0,42.573465914816005,-2.2730532583039036,0.565685424949238,0,143.90165557326702
ta,65,2,161,7,5.0,34.23813663153998,-2.073639537722757,0.565685424949238,0,143.90165557326702
ta,65,2,161,8,5.0,36.05551275463989,-2.158798930342464,0.44956066981809384,0,143.90165557326702
ta,65,2,161,9,5.0,39.05124837953327,-2.2655346029915995,0.5685569981889047,0,143.90165557326702
ta,65,2,161,10,5.0,42.42640687119285,-2.356194490192345,0.565685424949238,0,143.90165557326702
ta,65,2,161,11,5.0,44.9694340635948,-2.411256885566015,0.5685569981889047,0,143.90165557326702
ta,65,2,161,12,5.0,35.531676008879735,-2.256525837701183,0.44956066981809384,0,143.90165557326702
ta,65,2,161,13,5.0,38.890872965260115,-2.356194490192345,0.565685424949238,0,143.90165557326702
ta,65,2,161,14,5.0,32.01562118716424,-2.245537269018449,0.565685424949238,0,143.90165557326702
ta,65,2,161,16,5.0,39.05124837953327,-2.44685437739309,0.565685424949238,0,143.90165557326702
ta,65,2,161,17,5.0,32.973474187595095,-2.4313216461031066,0.482842712474619,0,143.90165557326702
ta,65,2,161,18,5.0,26.405491853021786,-3.4693311603703485,0.3276927682076162,0,143.90165557326702
ta,65,2,161,19,5.0,25.495097567963924,-3.338988213439674,0.44956066981809384,0,143.90165557326702
ta,65,2,161,20,5.0,20.615528128088304,-3.3865713167166573,0.5685569981889047,0,143.90165557326702
ta,65,2,161,21,5.0,30.4138126514911,-3.30674133100442,0.482842712474619,0,143.90165557326702
ta,65,2,161,22,5.0,22.638462845343543,-3.252249874763689,0.482842712474619,0,143.90165557326702
ta,65,2,161,23,5.0,27.613402542968153,-3.232252540790538,0.565685424949238,0,143.90165557326702
ta,65,2,161,24,5.0,16.5,-3.141592653589793,0.565685424949238,0,143.90165557326702
ta,65,2,161,25,5.0,20.0,-3.141592653589793,0.44956066981809384,0,143.90165557326702
ta,65,2,161,26,5.0,25.0,-3.141592653589793,0.5685569981889047,0,143.90165557326702
ta,65,2,161,27,5.0,30.0,-3.141592653589793,0.565685424949238,0,143.90165557326702
ta,65,2,161,28,5.0,33.5,-3.141592653589793,0.5685569981889047,0,143.90165557326702
ta,65,2,161,29,5.0,22.638462845343543,-3.0309354324158972,0.44956066981809384,0,143.90165557326702
ta,65,2,161,30,5.0,27.613402542968153,-3.050932766389048,0.565685424949238,0,143.90165557326702
ta,65,2,161,31,5.0,20.615528128088304,-2.896613990462929,0.565685424949238,0,143.90165557326702
ta,65,2,161,32,5.0,25.495097567963924,-2.9441970937399122,0.482842712474619,0,143.90165557326702
ta,65,2,161,33,5.0,30.4138126514911,-2.976443976175166,0.5685569981889047,0,143.90165557326702
ta,65,2,161,34,5.0,26.405491853021786,-2.8138541468092377,0.482842712474619,0,143.90165557326702
ta,65,2,161,35,5.0,38.82331773560833,-1.4416490366668764,0.44956066981809384,0,143.90165557326702
ta,65,2,161,36,5.0,35.35533905932738,-1.4288992721907325,0.44956066981809384,0,143.90165557326702
ta,65,2,161,37,5.0,35.0,-1.5707963267948966,0.5685569981889047,0,143.90165557326702
ta,65,2,161,38,5.0,36.40054944640259,-1.2924966677897851,0.482842712474619,0,143.90165557326702
ta,65,2,161,39,5.0,32.59601202601324,-1.4940244355251184,0.482842712474619,0,143.90165557326702
ta,65,2,161,40,5.0,33.354160160315836,-1.3439974787410107,0.565685424949238,0,143.90165557326702
ta,65,2,161,41,5.0,30.20347662107791,-1.6869379536748867,0.565685424949238,0,143.90165557326702
ta,65,2,161,42,5.0,30.0,-1.5707963267948966,0.44956066981809384,0,143.90165557326702
ta,65,2,161,43,5.0,30.4138126514911,-1.4056476493802696,0.5685569981889047,0,143.90165557326702
ta,65,2,161,44,5.0,31.622776601683793,-1.2490457723982542,0.565685424949238,0,143.90165557326702
ta,65,2,161,45,5.0,32.89756829919196,-1.1479424006619559,0.5685569981889047,0,143.90165557326702
ta,65,2,161,46,5.0,27.613402542968153,-1.4801364395941514,0.44956066981809384,0,143.90165557326702
ta,65,2,161,47,5.0,28.50438562747845,-1.304544277643971,0.565685424949238,0,143.90165557326702
ta,65,2,161,48,5.0,25.0,-1.5707963267948966,0.565685424949238,0,143.90165557326702
ta,65,2,161,49,5.0,25.495097567963924,-1.3734007669450157,0.482842712474619,0,143.90165557326702
ta,65,2,161,50,5.0,26.92582403567252,-1.1902899496825317,0.5685569981889047,0,143.90165557326702
ta,65,2,161,51,5.0,22.073740054644116,-1.3422996875030342,0.482842712474619,0,143.90165557326702
ta,65,2,161,52,5.0,9.86154146165801,-5.244113047643495,0.44956066981809384,0,143.90165557326702
ta,65,2,161,53,5.0,7.0710678118654755,-5.497787143782138,0.44956066981809384,0,143.90165557326702
ta,65,2,161,54,5.0,5.0,-4.71238898038469,0.5685569981889047,0,143.90165557326702
ta,65,2,161,55,5.0,11.180339887498949,-5.81953769817878,0.482842712474619,0,143.90165557326702
ta,65,2,161,56,5.0,3.5355339059327378,-5.497787143782138,0.482842712474619,0,143.90165557326702
ta,65,2,161,57,5.0,7.905694150420948,-5.961434752782944,0.565685424949238,0,143.90165557326702
ta,65,2,161,59,5.0,0.0,,0.3276927682076162,0,143.90165557326702
ta,65,2,161,60,5.0,5.0,0.0,0.565685424949238,0,143.90165557326702
ta,65,2,161,61,5.0,10.0,0.0,0.565685424949238,0,143.90165557326702
ta,65,2,161,62,5.0,13.5,0.0,0.5685569981889047,0,143.90165557326702
ta,65,2,161,63,5.0,3.5355339059327378,-0.7853981633974483,0.44956066981809384,0,143.90165557326702
ta,65,2,161,64,5.0,7.905694150420948,-0.32175055439664213,0.565685424949238,0,143.90165557326702
ta,65,2,161,65,5.0,5.0,-1.5707963267948966,0.565685424949238,0,143.90165557326702
ta,65,2,161,66,5.0,7.0710678118654755,-0.7853981633974483,0.482842712474619,1,143.90165557326702
ta,65,2,161,67,5.0,11.180339887498949,-0.46364760900080615,0.5685569981889047,0,143.90165557326702
ta,65,2,161,68,5.0,9.86154146165801,-1.0390722595360908,0.482842712474619,0,143.90165557326702
ta,65,2,162,1,5.0,44.9694340635948,-1.5157339314212264,0.44956066981809384,0,144.51653103516836
ta,65,2,162,2,5.0,42.42640687119285,-1.5707963267948966,0.44956066981809384,0,144.51653103516836
ta,65,2,162,3,5.0,39.05124837953327,-1.4801364395941514,0.5685569981889047,0,144.51653103516836
ta,65,2,162,4,5.0,46.09772228646444,-1.6475682180646745,0.482842712474619,0,144.51653103516836
ta,65,2,162,5,5.0,38.890872965260115,-1.5707963267948966,0.482842712474619,0,144.51653103516836
ta,65,2,162,6,5.0,42.573465914816005,-1.6539375586833378,0.565685424949238,0,144.51653103516836
ta,65,2,162,7,5.0,32.973474187595095,-1.4956691708841343,0.565685424949238,0,144.51653103516836
ta,65,2,162,8,5.0,35.35533905932738,-1.5707963267948966,0.44956066981809384,0,144.51653103516836
ta,65,2,162,9,5.0,39.05124837953327,-1.6614562139956417,0.5685569981889047,0,144.51653103516836
ta,65,2,162,10,5.0,43.01162633521314,-1.7359450042095235,0.565685424949238,0,144.51653103516836
ta,65,2,162,11,5.0,45.90479277809671,-1.780275890573992,0.5685569981889047,0,144.51653103516836
ta,65,2,162,12,5.0,35.531676008879735,-1.6704649792860584,0.44956066981809384,0,144.51653103516836
ta,65,2,162,13,5.0,39.528470752104745,-1.7506498265873747,0.565685424949238,0,144.51653103516836
ta,65,2,162,14,5.0,32.01562118716424,-1.6814535479687922,0.565685424949238,0,144.51653103516836
ta,65,2,162,15,5.0,36.05551275463989,-1.7681918866447774,0.482842712474619,0,144.51653103516836
ta,65,2,162,16,5.0,40.311288741492746,-1.8370483759458218,0.5685569981889047,0,144.51653103516836
ta,65,2,162,17,5.0,34.23813663153998,-1.853351279264484,0.482842712474619,0,144.51653103516836
ta,65,2,162,18,5.0,32.89756829919196,-2.7790484163252858,0.44956066981809384,0,144.51653103516836
ta,65,2,162,19,5.0,31.622776601683793,-2.677945044588987,0.44956066981809384,0,144.51653103516836
ta,65,2,162,20,5.0,26.92582403567252,-2.7367008673047097,0.5685569981889047,0,144.51653103516836
ta,65,2,162,21,5.0,36.40054944640259,-2.6344941491974563,0.482842712474619,0,144.51653103516836
ta,65,2,162,22,5.0,28.50438562747845,-2.62244653934327,0.482842712474619,0,144.51653103516836
ta,65,2,162,23,5.0,33.354160160315836,-2.5829933382462307,0.565685424949238,0,144.51653103516836
ta,65,2,162,24,5.0,22.073740054644116,-2.584691129484207,0.565685424949238,0,144.51653103516836
ta,65,2,162,25,5.0,25.495097567963924,-2.5535900500422257,0.44956066981809384,0,144.51653103516836
ta,65,2,162,26,5.0,30.4138126514911,-2.5213431676069717,0.5685569981889047,0,144.51653103516836
ta,65,2,162,27,5.0,35.35533905932738,-2.498091544796509,0.565685424949238,0,144.51653103516836
ta,65,2,162,28,5.0,38.82331773560833,-2.485341780320365,0.5685569981889047,0,144.51653103516836
ta,65,2,162,29,5.0,27.613402542968153,-2.4468543773930898,0.44956066981809384,0,144.51653103516836
ta,65,2,162,30,5.0,32.59601202601324,-2.4329663814621227,0.565685424949238,0,144.51653103516836
ta,65,2,162,31,5.0,25.0,-2.356194490192345,0.565685424949238,0,144.51653103516836
ta,65,2,162,32,5.0,30.0,-2.356194490192345,0.482842712474619,0,144.51653103516836
ta,65,2,162,33,5.0,35.0,-2.356194490192345,0.5685569981889047,0,144.51653103516836
ta,65,2,162,34,5.0,30.20347662107791,-2.2400528633123544,0.482842712474619,0,144.51653103516836
ta,65,2,162,35,5.0,33.5,-0.7853981633974483,0.44956066981809384,0,144.51653103516836
ta,65,2,162,36,5.0,30.0,-0.7853981633974483,0.44956066981809384,0,144.51653103516836
ta,65,2,162,37,5.0,30.4138126514911,-0.950546840812075,0.5685569981889047,0,144.51653103516836
ta,65,2,162,38,5.0,30.4138126514911,-0.6202494859828214,0.482842712474619,0,144.51653103516836
ta,65,2,162,39,5.0,27.613402542968153,-0.8760580505981934,0.482842712474619,0,144.51653103516836
ta,65,2,162,40,5.0,27.613402542968153,-0.6947382761967031,0.565685424949238,0,144.51653103516836
ta,65,2,162,41,5.0,26.405491853021786,-1.1131366701780037,0.565685424949238,0,144.51653103516836
ta,65,2,162,42,5.0,25.495097567963924,-0.9827937232473289,0.44956066981809384,0,144.51653103516836
ta,65,2,162,43,5.0,25.0,-0.7853981633974483,0.5685569981889047,0,144.51653103516836
ta,65,2,162,44,5.0,25.495097567963924,-0.5880026035475674,0.565685424949238,0,144.51653103516836
ta,65,2,162,45,5.0,26.405491853021786,-0.4576596566168927,0.5685569981889047,0,144.51653103516836
ta,65,2,162,46,5.0,22.638462845343543,-0.8960553845713439,0.44956066981809384,0,144.51653103516836
ta,65,2,162,47,5.0,22.638462845343543,-0.6747409422235526,0.565685424949238,0,144.51653103516836
ta,65,2,162,48,5.0,20.615528128088304,-1.0303768265243123,0.565685424949238,0,144.51653103516836
ta,65,2,162,49,5.0,20.0,-0.7853981633974483,0.482842712474619,0,144.51653103516836
ta,65,2,162,50,5.0,20.615528128088304,-0.540419500270584,0.5685569981889047,0,144.51653103516836
ta,65,2,162,51,5.0,16.5,-0.7853981633974483,0.482842712474619,0,144.51653103516836
ta,65,2,162,52,5.0,13.5,-3.9269908169872414,0.44956066981809384,0,144.51653103516836
ta,65,2,162,53,5.0,10.0,-3.9269908169872414,0.44956066981809384,0,144.51653103516836
ta,65,2,162,54,5.0,11.180339887498949,-3.4633432079864352,0.5685569981889047,0,144.51653103516836
ta,65,2,162,55,5.0,11.180339887498949,-4.3906384259880475,0.482842712474619,0,144.51653103516836
ta,65,2,162,56,5.0,7.905694150420948,-3.6052402625905993,0.482842712474619,0,144.51653103516836
ta,65,2,162,57,5.0,7.905694150420948,-4.2487413713838835,0.565685424949238,0,144.51653103516836
ta,65,2,162,58,5.0,9.86154146165801,-2.8879185574511506,0.565685424949238,0,144.51653103516836
ta,65,2,162,60,5.0,5.0,-3.9269908169872414,0.565685424949238,0,144.51653103516836
ta,65,2,162,61,5.0,7.0710678118654755,-4.71238898038469,0.565685424949238,0,144.51653103516836
ta,65,2,162,62,5.0,9.86154146165801,-4.966063076523333,0.5685569981889047,0,144.51653103516836
ta,65,2,162,63,5.0,3.5355339059327378,-3.141592653589793,0.44956066981809384,0,144.51653103516836
ta,65,2,162,64,5.0,3.5355339059327378,-4.71238898038469,0.565685424949238,0,144.51653103516836
ta,65,2,162,65,5.0,5.0,-2.356194490192345,0.565685424949238,0,144.51653103516836
ta,65,2,162,66,5.0,0.0,,0.482842712474619,0,144.51653103516836
ta,65,2,162,67,5.0,5.0,0.7853981633974483,0.5685569981889047,0,144.51653103516836
ta,65,2,162,68,5.0,3.5,-0.7853981633974483,0.482842712474619,1,144.51653103516836
ta,65,2,163,1,5.0,42.42640687119285,-0.7853981633974483,0.3276927682076162,0,144.82087886125532
ta,65,2,163,2,5.0,40.02811511925087,-0.8472660092618283,0.44956066981809384,0,144.82087886125532
ta,65,2,163,3,5.0,36.43144246389374,-0.7562801818904094,0.5685569981889047,0,144.82087886125532
ta,65,2,163,4,5.0,43.900455578501685,-0.9227394408643822,0.482842712474619,0,144.82087886125532
ta,65,2,163,5,5.0,36.5,-0.8532549862537521,0.482842712474619,0,144.82087886125532
ta,65,2,163,6,5.0,40.40111384603152,-0.9347208240911457,0.565685424949238,0,144.82087886125532
ta,65,2,163,7,5.0,30.405591591021544,-0.7853981633974483,0.565685424949238,0,144.82087886125532
ta,65,2,163,8,5.0,32.973474187595095,-0.8605253193082103,0.44956066981809384,0,144.82087886125532
ta,65,2,163,9,5.0,36.908671067921155,-0.9489720389643067,0.5685569981889047,0,144.82087886125532
ta,65,2,163,10,5.0,41.07614879708174,-1.0199387922631802,0.565685424949238,0,144.82087886125532
ta,65,2,163,11,5.0,44.09648512069868,-1.0614951827928847,0.5685569981889047,0,144.82087886125532
ta,65,2,163,12,5.0,33.425289826716536,-0.9661977367014197,0.44956066981809384,0,144.82087886125532
ta,65,2,163,13,5.0,37.646380968162134,-1.0417658557152478,0.565685424949238,0,144.82087886125532
ta,65,2,163,14,5.0,29.95413160150032,-0.9874233198010406,0.565685424949238,0,144.82087886125532
ta,65,2,163,15,5.0,34.23813663153998,-1.0679531158670357,0.482842712474619,0,144.82087886125532
ta,65,2,163,16,5.0,38.69431482789171,-1.1302659861783835,0.5685569981889047,0,144.82087886125532
ta,65,2,163,17,5.0,32.69556544854363,-1.1618884978439712,0.482842712474619,0,144.82087886125532
ta,65,2,163,18,5.0,34.48187929913333,-2.086345334253876,0.44956066981809384,0,144.82087886125532
ta,65,2,163,19,5.0,32.89756829919196,-1.9936502529278373,0.44956066981809384,0,144.82087886125532
ta,65,2,163,20,5.0,28.412145290350743,-2.0659295902633006,0.5685569981889047,0,144.82087886125532
ta,65,2,163,21,5.0,37.51333096380539,-1.9389270981200601,0.482842712474619,0,144.82087886125532
ta,65,2,163,22,5.0,29.618406439239774,-1.9513027039072615,0.482842712474619,0,144.82087886125532
ta,65,2,163,23,5.0,34.311076928595526,-1.8971551435016591,0.565685424949238,0,144.82087886125532
ta,65,2,163,24,5.0,23.119256043393783,-1.9472866612414195,0.565685424949238,0,144.82087886125532
ta,65,2,163,25,5.0,26.405491853021786,-1.898534833575452,0.44956066981809384,0,144.82087886125532
ta,65,2,163,26,5.0,31.18092365533773,-1.846893346190333,0.5685569981889047,0,144.82087886125532
ta,65,2,163,27,5.0,36.01735692690401,-1.8090410849736416,0.565685424949238,0,144.82087886125532
ta,65,2,163,28,5.0,39.42714800743264,-1.7880897577179176,0.5685569981889047,0,144.82087886125532
ta,65,2,163,29,5.0,28.146935890075138,-1.7856117271965553,0.44956066981809384,0,144.82087886125532
ta,65,2,163,30,5.0,33.04920573932148,-1.7533561799258033,0.565685424949238,0,144.82087886125532
ta,65,2,163,31,5.0,25.243811122728676,-1.709892268276968,0.565685424949238,0,144.82087886125532
ta,65,2,163,32,5.0,30.20347662107791,-1.6869379536748867,0.482842712474619,0,144.82087886125532
ta,65,2,163,33,5.0,35.174564673923115,-1.6704649792860586,0.5685569981889047,0,144.82087886125532
ta,65,2,163,34,5.0,30.0,-1.5707963267948966,0.482842712474619,0,144.82087886125532
ta,65,2,163,35,5.0,30.0,0.0,0.44956066981809384,0,144.82087886125532
ta,65,2,163,36,5.0,26.5,0.0,0.44956066981809384,0,144.82087886125532
ta,65,2,163,37,5.0,26.9675731203236,-0.18648690166721682,0.5685569981889047,0,144.82087886125532
ta,65,2,163,38,5.0,26.9675731203236,0.18648690166721682,0.482842712474619,0,144.82087886125532
ta,65,2,163,39,5.0,24.12985702402731,-0.10379234045704266,0.482842712474619,0,144.82087886125532
ta,65,2,163,40,5.0,24.12985702402731,0.10379234045704289,0.565685424949238,0,144.82087886125532
ta,65,2,163,41,5.0,23.119256043393783,-0.3764903344465229,0.565685424949238,0,144.82087886125532
ta,65,2,163,42,5.0,22.073740054644116,-0.22849663929186215,0.44956066981809384,0,144.82087886125532
ta,65,2,163,43,5.0,21.5,0.0,0.5685569981889047,0,144.82087886125532
ta,65,2,163,44,5.0,22.073740054644116,0.22849663929186237,0.565685424949238,0,144.82087886125532
ta,65,2,163,45,5.0,23.119256043393783,0.3764903344465229,0.5685569981889047,0,144.82087886125532
ta,65,2,163,46,5.0,19.1637678967368,-0.1308273960740569,0.44956066981809384,0,144.82087886125532
ta,65,2,163,47,5.0,19.1637678967368,0.1308273960740569,0.565685424949238,0,144.82087886125532
ta,65,2,163,48,5.0,17.240939649566666,-0.29423456511118773,0.565685424949238,0,144.82087886125532
ta,65,2,163,49,5.0,16.5,0.0,0.482842712474619,0,144.82087886125532
ta,65,2,163,50,5.0,17.240939649566666,0.29423456511118773,0.5685569981889047,0,144.82087886125532
ta,65,2,163,51,5.0,13.0,0.0,0.482842712474619,1,144.82087886125532
ta,65,2,163,52,5.0,17.0,-3.141592653589793,0.44956066981809384,0,144.82087886125532
ta,65,2,163,53,5.0,13.5,-3.141592653589793,0.44956066981809384,0,144.82087886125532
ta,65,2,163,54,5.0,14.396180048887969,-2.7868870015788527,0.5685569981889047,0,144.82087886125532
ta,65,2,163,55,5.0,14.396180048887969,-3.4962983056007335,0.482842712474619,0,144.82087886125532
ta,65,2,163,56,5.0,11.280514172678478,-2.91811605244916,0.482842712474619,0,144.82087886125532
ta,65,2,163,57,5.0,11.280514172678478,-3.365069254730426,0.565685424949238,0,144.82087886125532
ta,65,2,163,58,5.0,12.020815280171307,-2.356194490192345,0.565685424949238,0,144.82087886125532
ta,65,2,163,60,5.0,8.5,-3.141592653589793,0.565685424949238,0,144.82087886125532
ta,65,2,163,61,5.0,9.86154146165801,-3.673316720848599,0.565685424949238,0,144.82087886125532
ta,65,2,163,62,5.0,12.020815280171307,-3.9269908169872414,0.5685569981889047,0,144.82087886125532
ta,65,2,163,63,5.0,6.5,-2.7468015338900313,0.44956066981809384,0,144.82087886125532
ta,65,2,163,64,5.0,6.5,-3.536383773289555,0.565685424949238,0,144.82087886125532
ta,65,2,163,65,5.0,6.103277807866851,-2.181522291184105,0.565685424949238,0,144.82087886125532
ta,65,2,163,67,5.0,6.103277807866851,-4.101663015995481,0.565685424949238,0,144.82087886125532
ta,65,2,163,68,5.0,0.0,,0.482842712474619,0,144.82087886125532
ta,65,2,164,1,5.0,34.48187929913333,-1.0552473193359175,0.317692537949962,0,145.951313643864
ta,65,2,164,2,5.0,32.89756829919196,-1.1479424006619559,0.44956066981809384,0,145.951313643864
ta,65,2,164,3,5.0,28.412145290350743,-1.0756630633264925,0.5685569981889047,0,145.951313643864
ta,65,2,164,4,5.0,37.51333096380539,-1.202665555469733,0.482842712474619,0,145.951313643864
ta,65,2,164,5,5.0,29.618406439239774,-1.1902899496825317,0.482842712474619,0,145.951313643864
ta,65,2,164,6,5.0,34.311076928595526,-1.244437510088134,0.565685424949238,0,145.951313643864
ta,65,2,164,7,5.0,23.119256043393783,-1.1943059923483736,0.565685424949238,0,145.951313643864
ta,65,2,164,8,5.0,26.405491853021786,-1.2430578200143412,0.44956066981809384,0,145.951313643864
ta,65,2,164,9,5.0,31.18092365533773,-1.2946993073994602,0.5685569981889047,0,145.951313643864
ta,65,2,164,10,5.0,36.01735692690401,-1.3325515686161515,0.565685424949238,0,145.951313643864
ta,65,2,164,11,5.0,39.42714800743264,-1.3535028958718756,0.5685569981889047,0,145.951313643864
ta,65,2,164,12,5.0,28.146935890075138,-1.3559809263932379,0.44956066981809384,0,145.951313643864
ta,65,2,164,13,5.0,33.04920573932148,-1.3882364736639898,0.565685424949238,0,145.951313643864
ta,65,2,164,14,5.0,25.243811122728676,-1.4317003853128252,0.565685424949238,0,145.951313643864
ta,65,2,164,15,5.0,30.20347662107791,-1.4546546999149064,0.482842712474619,0,145.951313643864
ta,65,2,164,16,5.0,35.174564673923115,-1.4711276743037345,0.5685569981889047,0,145.951313643864
ta,65,2,164,17,5.0,30.0,-1.5707963267948966,0.482842712474619,0,145.951313643864
ta,65,2,164,18,5.0,42.42640687119285,-2.356194490192345,0.44956066981809384,0,145.951313643864
ta,65,2,164,19,5.0,40.02811511925087,-2.294326644327965,0.44956066981809384,0,145.951313643864
ta,65,2,164,20,5.0,36.43144246389374,-2.385312471699384,0.5685569981889047,0,145.951313643864
ta,65,2,164,21,5.0,43.900455578501685,-2.218853212725411,0.482842712474619,0,145.951313643864
ta,65,2,164,22,5.0,36.5,-2.288337667336041,0.482842712474619,0,145.951313643864
ta,65,2,164,23,5.0,40.40111384603152,-2.2068718294986476,0.565685424949238,0,145.951313643864
ta,65,2,164,24,5.0,30.405591591021544,-2.356194490192345,0.565685424949238,0,145.951313643864
ta,65,2,164,25,5.0,32.973474187595095,-2.281067334281583,0.44956066981809384,0,145.951313643864
ta,65,2,164,26,5.0,36.908671067921155,-2.1926206146254863,0.5685569981889047,0,145.951313643864
ta,65,2,164,27,5.0,41.07614879708174,-2.121653861326613,0.565685424949238,0,145.951313643864
ta,65,2,164,28,5.0,44.09648512069868,-2.0800974707969084,0.5685569981889047,0,145.951313643864
ta,65,2,164,29,5.0,33.425289826716536,-2.1753949168883735,0.44956066981809384,0,145.951313643864
ta,65,2,164,30,5.0,37.646380968162134,-2.0998267978745453,0.565685424949238,0,145.951313643864
ta,65,2,164,31,5.0,29.95413160150032,-2.1541693337887526,0.565685424949238,0,145.951313643864
ta,65,2,164,32,5.0,34.23813663153998,-2.0736395377227574,0.482842712474619,0,145.951313643864
ta,65,2,164,33,5.0,38.69431482789171,-2.0113266674114096,0.5685569981889047,0,145.951313643864
ta,65,2,164,34,5.0,32.69556544854363,-1.979704155745822,0.482842712474619,0,145.951313643864
ta,65,2,164,35,5.0,17.0,0.0,0.44956066981809384,0,145.951313643864
ta,65,2,164,36,5.0,13.5,0.0,0.44956066981809384,0,145.951313643864
ta,65,2,164,37,5.0,14.396180048887969,-0.3547056520109402,0.5685569981889047,0,145.951313643864
ta,65,2,164,38,5.0,14.396180048887969,0.3547056520109404,0.482842712474619,0,145.951313643864
ta,65,2,164,39,5.0,11.280514172678478,-0.22347660114063306,0.482842712474619,0,145.951313643864
ta,65,2,164,40,5.0,11.280514172678478,0.22347660114063306,0.565685424949238,0,145.951313643864
ta,65,2,164,41,5.0,12.020815280171307,-0.7853981633974483,0.565685424949238,0,145.951313643864
ta,65,2,164,42,5.0,9.86154146165801,-0.5317240672588055,0.44956066981809384,0,145.951313643864
ta,65,2,164,43,5.0,8.5,0.0,0.5685569981889047,0,145.951313643864
ta,65,2,164,44,5.0,9.86154146165801,0.5317240672588057,0.565685424949238,0,145.951313643864
ta,65,2,164,45,5.0,12.020815280171307,0.7853981633974483,0.5685569981889047,0,145.951313643864
ta,65,2,164,46,5.0,6.5,-0.39479111969976155,0.44956066981809384,0,145.951313643864
ta,65,2,164,47,5.0,6.5,0.39479111969976155,0.565685424949238,0,145.951313643864
ta,65,2,164,48,5.0,6.103277807866851,-0.960070362405688,0.565685424949238,0,145.951313643864
ta,65,2,164,49,5.0,3.5,0.0,0.482842712474619,1,145.951313643864
ta,65,2,164,50,5.0,6.103277807866851,0.9600703624056881,0.5685569981889047,0,145.951313643864
ta,65,2,164,51,5.0,0.0,,0.482842712474619,0,145.951313643864
ta,65,2,164,52,5.0,30.0,-3.141592653589793,0.44956066981809384,0,145.951313643864
ta,65,2,164,53,5.0,26.5,-3.141592653589793,0.44956066981809384,0,145.951313643864
ta,65,2,164,54,5.0,26.9675731203236,-2.9551057519225763,0.5685569981889047,0,145.951313643864
ta,65,2,164,55,5.0,26.9675731203236,-3.32807955525701,0.482842712474619,0,145.951313643864
ta,65,2,164,56,5.0,24.12985702402731,-3.0378003131327507,0.482842712474619,0,145.951313643864
ta,65,2,164,57,5.0,24.12985702402731,-3.245384994046836,0.565685424949238,0,145.951313643864
ta,65,2,164,58,5.0,23.119256043393783,-2.76510231914327,0.565685424949238,0,145.951313643864
ta,65,2,164,59,5.0,22.073740054644116,-2.913096014297931,0.44956066981809384,0,145.951313643864
ta,65,2,164,60,5.0,21.5,-3.141592653589793,0.5685569981889047,0,145.951313643864
ta,65,2,164,61,5.0,22.073740054644116,-3.3700892928816555,0.565685424949238,0,145.951313643864
ta,65,2,164,62,5.0,23.119256043393783,-3.518082988036316,0.5685569981889047,0,145.951313643864
ta,65,2,164,63,5.0,19.1637678967368,-3.010765257515736,0.44956066981809384,0,145.951313643864
ta,65,2,164,64,5.0,19.1637678967368,-3.2724200496638502,0.565685424949238,0,145.951313643864
ta,65,2,164,65,5.0,17.240939649566666,-2.8473580884786056,0.565685424949238,0,145.951313643864
ta,65,2,164,67,5.0,17.240939649566666,-3.4358272187009806,0.482842712474619,0,145.951313643864
ta,65,2,165,1,5.0,32.89756829919196,-1.1479424006619559,0.3276927682076162,0,146.25566146995098
ta,65,2,165,2,5.0,31.622776601683793,-1.2490457723982544,0.44956066981809384,0,146.25566146995098
ta,65,2,165,3,5.0,26.92582403567252,-1.1902899496825317,0.5685569981889047,0,146.25566146995098
ta,65,2,165,4,5.0,36.40054944640259,-1.2924966677897851,0.482842712474619,0,146.25566146995098
ta,65,2,165,5,5.0,28.50438562747845,-1.3045442776439713,0.482842712474619,0,146.25566146995098
ta,65,2,165,6,5.0,33.354160160315836,-1.3439974787410107,0.565685424949238,0,146.25566146995098
ta,65,2,165,7,5.0,22.073740054644116,-1.3422996875030342,0.565685424949238,0,146.25566146995098
ta,65,2,165,8,5.0,25.495097567963924,-1.373400766945016,0.44956066981809384,0,146.25566146995098
ta,65,2,165,9,5.0,30.4138126514911,-1.4056476493802696,0.5685569981889047,0,146.25566146995098
ta,65,2,165,10,5.0,35.35533905932738,-1.4288992721907325,0.565685424949238,0,146.25566146995098
ta,65,2,165,11,5.0,38.82331773560833,-1.4416490366668766,0.5685569981889047,0,146.25566146995098
ta,65,2,165,12,5.0,27.613402542968153,-1.4801364395941514,0.44956066981809384,0,146.25566146995098
ta,65,2,165,13,5.0,32.59601202601324,-1.4940244355251184,0.565685424949238,0,146.25566146995098
ta,65,2,165,14,5.0,25.0,-1.5707963267948966,0.565685424949238,0,146.25566146995098
ta,65,2,165,15,5.0,30.0,-1.5707963267948966,0.482842712474619,0,146.25566146995098
ta,65,2,165,16,5.0,35.0,-1.5707963267948966,0.5685569981889047,0,146.25566146995098
ta,65,2,165,17,5.0,30.20347662107791,-1.6869379536748867,0.482842712474619,0,146.25566146995098
ta,65,2,165,18,5.0,44.9694340635948,-2.411256885566015,0.44956066981809384,0,146.25566146995098
ta,65,2,165,19,5.0,42.42640687119285,-2.356194490192345,0.44956066981809384,0,146.25566146995098
ta,65,2,165,20,5.0,39.05124837953327,-2.44685437739309,0.5685569981889047,0,146.25566146995098
ta,65,2,165,21,5.0,46.09772228646444,-2.279422598922567,0.482842712474619,0,146.25566146995098
ta,65,2,165,22,5.0,38.890872965260115,-2.356194490192345,0.482842712474619,0,146.25566146995098
ta,65,2,165,23,5.0,42.573465914816005,-2.2730532583039036,0.565685424949238,0,146.25566146995098
ta,65,2,165,24,5.0,32.973474187595095,-2.431321646103107,0.565685424949238,0,146.25566146995098
ta,65,2,165,25,5.0,35.35533905932738,-2.356194490192345,0.44956066981809384,0,146.25566146995098
ta,65,2,165,26,5.0,39.05124837953327,-2.2655346029915995,0.5685569981889047,0,146.25566146995098
ta,65,2,165,27,5.0,43.01162633521314,-2.191045812777718,0.565685424949238,0,146.25566146995098
ta,65,2,165,28,5.0,45.90479277809671,-2.1467149264132495,0.5685569981889047,0,146.25566146995098
ta,65,2,165,29,5.0,35.531676008879735,-2.256525837701183,0.44956066981809384,0,146.25566146995098
ta,65,2,165,30,5.0,39.528470752104745,-2.1763409903998667,0.565685424949238,0,146.25566146995098
ta,65,2,165,31,5.0,32.01562118716424,-2.245537269018449,0.565685424949238,0,146.25566146995098
ta,65,2,165,32,5.0,36.05551275463989,-2.158798930342464,0.482842712474619,0,146.25566146995098
ta,65,2,165,33,5.0,40.311288741492746,-2.0899424410414196,0.5685569981889047,0,146.25566146995098
ta,65,2,165,34,5.0,34.23813663153998,-2.0736395377227574,0.482842712474619,0,146.25566146995098
ta,65,2,165,35,5.0,13.5,0.0,0.44956066981809384,0,146.25566146995098
ta,65,2,165,36,5.0,10.0,0.0,0.44956066981809384,0,146.25566146995098
ta,65,2,165,37,5.0,11.180339887498949,-0.46364760900080615,0.5685569981889047,0,146.25566146995098
ta,65,2,165,38,5.0,11.180339887498949,0.46364760900080615,0.482842712474619,0,146.25566146995098
ta,65,2,165,39,5.0,7.905694150420948,-0.32175055439664213,0.482842712474619,0,146.25566146995098
ta,65,2,165,40,5.0,7.905694150420948,0.32175055439664235,0.565685424949238,0,146.25566146995098
ta,65,2,165,41,5.0,9.86154146165801,-1.0390722595360908,0.565685424949238,0,146.25566146995098
ta,65,2,165,42,5.0,7.0710678118654755,-0.7853981633974483,0.44956066981809384,1,146.25566146995098
ta,65,2,165,43,5.0,5.0,0.0,0.5685569981889047,0,146.25566146995098
ta,65,2,165,44,5.0,7.0710678118654755,0.7853981633974483,0.565685424949238,0,146.25566146995098
ta,65,2,165,45,5.0,9.86154146165801,1.0390722595360913,0.5685569981889047,0,146.25566146995098
ta,65,2,165,46,5.0,3.5355339059327378,-0.7853981633974483,0.44956066981809384,0,146.25566146995098
ta,65,2,165,47,5.0,3.5355339059327378,0.7853981633974483,0.565685424949238,0,146.25566146995098
ta,65,2,165,48,5.0,5.0,-1.5707963267948966,0.565685424949238,0,146.25566146995098
ta,65,2,165,49,5.0,0.0,,0.482842712474619,0,146.25566146995098
ta,65,2,165,50,5.0,5.0,1.5707963267948966,0.565685424949238,0,146.25566146995098
ta,65,2,165,52,5.0,33.5,-3.141592653589793,0.3276927682076162,0,146.25566146995098
ta,65,2,165,53,5.0,30.0,-3.141592653589793,0.44956066981809384,0,146.25566146995098
ta,65,2,165,54,5.0,30.4138126514911,-2.976443976175166,0.5685569981889047,0,146.25566146995098
ta,65,2,165,55,5.0,30.4138126514911,-3.30674133100442,0.482842712474619,0,146.25566146995098
ta,65,2,165,56,5.0,27.613402542968153,-3.0509327663890478,0.482842712474619,0,146.25566146995098
ta,65,2,165,57,5.0,27.613402542968153,-3.2322525407905385,0.565685424949238,0,146.25566146995098
ta,65,2,165,58,5.0,26.405491853021786,-2.8138541468092377,0.565685424949238,0,146.25566146995098
ta,65,2,165,59,5.0,25.495097567963924,-2.9441970937399127,0.44956066981809384,0,146.25566146995098
ta,65,2,165,60,5.0,25.0,-3.141592653589793,0.5685569981889047,0,146.25566146995098
ta,65,2,165,61,5.0,25.495097567963924,-3.338988213439674,0.565685424949238,0,146.25566146995098
ta,65,2,165,62,5.0,26.405491853021786,-3.4693311603703485,0.5685569981889047,0,146.25566146995098
ta,65,2,165,63,5.0,22.638462845343543,-3.0309354324158972,0.44956066981809384,0,146.25566146995098
ta,65,2,165,64,5.0,22.638462845343543,-3.252249874763689,0.565685424949238,0,146.25566146995098
ta,65,2,165,65,5.0,20.615528128088304,-2.896613990462929,0.565685424949238,0,146.25566146995098
ta,65,2,165,67,5.0,20.615528128088304,-3.3865713167166573,0.565685424949238,0,146.25566146995098
ta,65,2,165,68,5.0,16.5,-3.141592653589793,0.482842712474619,0,146.25566146995098
ta,65,2,166,1,5.0,26.405491853021786,-0.45765965661689284,0.3276927682076162,0,146.8705369318523
ta,65,2,166,2,5.0,25.495097567963924,-0.5880026035475675,0.44956066981809384,0,146.8705369318523
ta,65,2,166,3,5.0,20.615528128088304,-0.5404195002705842,0.5685569981889047,0,146.8705369318523
ta,65,2,166,4,5.0,30.4138126514911,-0.6202494859828215,0.482842712474619,0,146.8705369318523
ta,65,2,166,5,5.0,22.638462845343543,-0.6747409422235526,0.482842712474619,0,146.8705369318523
ta,65,2,166,6,5.0,27.613402542968153,-0.6947382761967031,0.565685424949238,0,146.8705369318523
ta,65,2,166,7,5.0,16.5,-0.7853981633974483,0.565685424949238,0,146.8705369318523
ta,65,2,166,8,5.0,20.0,-0.7853981633974483,0.44956066981809384,0,146.8705369318523
ta,65,2,166,9,5.0,25.0,-0.7853981633974483,0.5685569981889047,0,146.8705369318523
ta,65,2,166,10,5.0,30.0,-0.7853981633974483,0.565685424949238,0,146.8705369318523
ta,65,2,166,11,5.0,33.5,-0.7853981633974483,0.5685569981889047,0,146.8705369318523
ta,65,2,166,12,5.0,22.638462845343543,-0.8960553845713439,0.44956066981809384,0,146.8705369318523
ta,65,2,166,13,5.0,27.613402542968153,-0.8760580505981934,0.565685424949238,0,146.8705369318523
ta,65,2,166,14,5.0,20.615528128088304,-1.0303768265243125,0.565685424949238,0,146.8705369318523
ta,65,2,166,15,5.0,25.495097567963924,-0.982793723247329,0.482842712474619,0,146.8705369318523
ta,65,2,166,16,5.0,30.4138126514911,-0.9505468408120751,0.5685569981889047,0,146.8705369318523
ta,65,2,166,17,5.0,26.405491853021786,-1.1131366701780037,0.482842712474619,0,146.8705369318523
ta,65,2,166,18,5.0,45.90479277809671,-1.780275890573992,0.44956066981809384,0,146.8705369318523
ta,65,2,166,19,5.0,43.01162633521314,-1.7359450042095235,0.44956066981809384,0,146.8705369318523
ta,65,2,166,20,5.0,40.311288741492746,-1.837048375945822,0.5685569981889047,0,146.8705369318523
ta,65,2,166,21,5.0,46.09772228646444,-1.6475682180646747,0.482842712474619,0,146.8705369318523
ta,65,2,166,22,5.0,39.528470752104745,-1.750649826587375,0.482842712474619,0,146.8705369318523
ta,65,2,166,23,5.0,42.573465914816005,-1.6539375586833378,0.565685424949238,0,146.8705369318523
ta,65,2,166,24,5.0,34.23813663153998,-1.8533512792644842,0.565685424949238,0,146.8705369318523
ta,65,2,166,25,5.0,36.05551275463989,-1.7681918866447774,0.44956066981809384,0,146.8705369318523
ta,65,2,166,26,5.0,39.05124837953327,-1.6614562139956417,0.5685569981889047,0,146.8705369318523
ta,65,2,166,27,5.0,42.42640687119285,-1.5707963267948966,0.565685424949238,0,146.8705369318523
ta,65,2,166,28,5.0,44.9694340635948,-1.5157339314212264,0.5685569981889047,0,146.8705369318523
ta,65,2,166,29,5.0,35.531676008879735,-1.6704649792860586,0.44956066981809384,0,146.8705369318523
ta,65,2,166,30,5.0,38.890872965260115,-1.5707963267948966,0.565685424949238,0,146.8705369318523
ta,65,2,166,31,5.0,32.01562118716424,-1.6814535479687922,0.565685424949238,0,146.8705369318523
ta,65,2,166,32,5.0,35.35533905932738,-1.5707963267948966,0.482842712474619,0,146.8705369318523
ta,65,2,166,33,5.0,39.05124837953327,-1.4801364395941514,0.5685569981889047,0,146.8705369318523
ta,65,2,166,34,5.0,32.973474187595095,-1.4956691708841345,0.482842712474619,0,146.8705369318523
ta,65,2,166,35,5.0,9.86154146165801,1.317122230656254,0.44956066981809384,0,146.8705369318523
ta,65,2,166,36,5.0,7.0710678118654755,1.5707963267948966,0.44956066981809384,0,146.8705369318523
ta,65,2,166,37,5.0,5.0,0.7853981633974483,0.5685569981889047,0,146.8705369318523
ta,65,2,166,38,5.0,11.180339887498949,1.8925468811915387,0.482842712474619,0,146.8705369318523
ta,65,2,166,39,5.0,3.5355339059327378,1.5707963267948966,0.482842712474619,0,146.8705369318523
ta,65,2,166,40,5.0,7.905694150420948,2.0344439357957027,0.565685424949238,0,146.8705369318523
ta,65,2,166,41,5.0,3.5,-0.7853981633974483,0.565685424949238,1,146.8705369318523
ta,65,2,166,42,5.0,0.0,,0.44956066981809384,0,146.8705369318523
ta,65,2,166,43,5.0,5.0,2.356194490192345,0.5685569981889047,0,146.8705369318523
ta,65,2,166,44,5.0,10.0,2.356194490192345,0.565685424949238,0,146.8705369318523
ta,65,2,166,45,5.0,13.5,2.356194490192345,0.5685569981889047,0,146.8705369318523
ta,65,2,166,46,5.0,3.5355339059327378,-3.141592653589793,0.44956066981809384,0,146.8705369318523
ta,65,2,166,47,5.0,7.905694150420948,-3.6052402625905993,0.565685424949238,0,146.8705369318523
ta,65,2,166,48,5.0,5.0,-2.356194490192345,0.565685424949238,0,146.8705369318523
ta,65,2,166,50,5.0,11.180339887498949,-3.4633432079864352,0.565685424949238,0,146.8705369318523
ta,65,2,166,51,5.0,9.86154146165801,-2.8879185574511506,0.482842712474619,0,146.8705369318523
ta,65,2,166,52,5.0,38.82331773560833,-2.485341780320365,0.3276927682076162,0,146.8705369318523
ta,65,2,166,53,5.0,35.35533905932738,-2.498091544796509,0.44956066981809384,0,146.8705369318523
ta,65,2,166,54,5.0,35.0,-2.356194490192345,0.5685569981889047,0,146.8705369318523
ta,65,2,166,55,5.0,36.40054944640259,-2.6344941491974563,0.482842712474619,0,146.8705369318523
ta,65,2,166,56,5.0,32.59601202601324,-2.4329663814621227,0.482842712474619,0,146.8705369318523
ta,65,2,166,57,5.0,33.354160160315836,-2.5829933382462307,0.565685424949238,0,146.8705369318523
ta,65,2,166,58,5.0,30.20347662107791,-2.2400528633123544,0.565685424949238,0,146.8705369318523
ta,65,2,166,59,5.0,30.0,-2.356194490192345,0.44956066981809384,0,146.8705369318523
ta,65,2,166,60,5.0,30.4138126514911,-2.5213431676069717,0.5685569981889047,0,146.8705369318523
ta,65,2,166,61,5.0,31.622776601683793,-2.677945044588987,0.565685424949238,0,146.8705369318523
ta,65,2,166,62,5.0,32.89756829919196,-2.7790484163252858,0.5685569981889047,0,146.8705369318523
ta,65,2,166,63,5.0,27.613402542968153,-2.44685437739309,0.44956066981809384,0,146.8705369318523
ta,65,2,166,64,5.0,28.50438562747845,-2.6224465393432705,0.565685424949238,0,146.8705369318523
ta,65,2,166,65,5.0,25.0,-2.356194490192345,0.565685424949238,0,146.8705369318523
ta,65,2,166,67,5.0,26.92582403567252,-2.7367008673047097,0.565685424949238,0,146.8705369318523
ta,65,2,166,68,5.0,22.073740054644116,-2.584691129484207,0.482842712474619,0,146.8705369318523
ta,65,2,167,1,5.0,23.119256043393783,0.3764903344465229,0.3276927682076162,0,147.17488475793928
ta,65,2,167,2,5.0,22.073740054644116,0.2284966392918623,0.44956066981809384,0,147.17488475793928
ta,65,2,167,3,5.0,17.240939649566666,0.2942345651111878,0.5685569981889047,0,147.17488475793928
ta,65,2,167,4,5.0,26.9675731203236,0.18648690166721676,0.482842712474619,0,147.17488475793928
ta,65,2,167,5,5.0,19.1637678967368,0.13082739607405697,0.482842712474619,0,147.17488475793928
ta,65,2,167,6,5.0,24.12985702402731,0.10379234045704283,0.565685424949238,0,147.17488475793928
ta,65,2,167,7,5.0,13.0,0.0,0.565685424949238,0,147.17488475793928
ta,65,2,167,8,5.0,16.5,0.0,0.44956066981809384,1,147.17488475793928
ta,65,2,167,9,5.0,21.5,0.0,0.5685569981889047,0,147.17488475793928
ta,65,2,167,10,5.0,26.5,0.0,0.565685424949238,0,147.17488475793928
ta,65,2,167,11,5.0,30.0,0.0,0.5685569981889047,0,147.17488475793928
ta,65,2,167,12,5.0,19.1637678967368,-0.13082739607405697,0.44956066981809384,0,147.17488475793928
ta,65,2,167,13,5.0,24.12985702402731,-0.10379234045704283,0.565685424949238,0,147.17488475793928
ta,65,2,167,14,5.0,17.240939649566666,-0.2942345651111878,0.565685424949238,0,147.17488475793928
ta,65,2,167,15,5.0,22.073740054644116,-0.2284966392918623,0.482842712474619,0,147.17488475793928
ta,65,2,167,16,5.0,26.9675731203236,-0.18648690166721676,0.5685569981889047,0,147.17488475793928
ta,65,2,167,17,5.0,23.119256043393783,-0.3764903344465229,0.482842712474619,0,147.17488475793928
ta,65,2,167,18,5.0,44.09648512069868,-1.0614951827928847,0.44956066981809384,0,147.17488475793928
ta,65,2,167,19,5.0,41.07614879708174,-1.0199387922631804,0.44956066981809384,0,147.17488475793928
ta,65,2,167,20,5.0,38.69431482789171,-1.1302659861783835,0.5685569981889047,0,147.17488475793928
ta,65,2,167,21,5.0,43.900455578501685,-0.9227394408643822,0.482842712474619,0,147.17488475793928
ta,65,2,167,22,5.0,37.646380968162134,-1.041765855715248,0.482842712474619,0,147.17488475793928
ta,65,2,167,23,5.0,40.40111384603152,-0.9347208240911457,0.565685424949238,0,147.17488475793928
ta,65,2,167,24,5.0,32.69556544854363,-1.1618884978439712,0.565685424949238,0,147.17488475793928
ta,65,2,167,25,5.0,34.23813663153998,-1.067953115867036,0.44956066981809384,0,147.17488475793928
ta,65,2,167,26,5.0,36.908671067921155,-0.9489720389643068,0.5685569981889047,0,147.17488475793928
ta,65,2,167,27,5.0,40.02811511925087,-0.8472660092618284,0.565685424949238,0,147.17488475793928
ta,65,2,167,28,5.0,42.42640687119285,-0.7853981633974483,0.5685569981889047,0,147.17488475793928
ta,65,2,167,29,5.0,33.425289826716536,-0.9661977367014197,0.44956066981809384,0,147.17488475793928
ta,65,2,167,30,5.0,36.5,-0.8532549862537522,0.565685424949238,0,147.17488475793928
ta,65,2,167,31,5.0,29.95413160150032,-0.9874233198010407,0.565685424949238,0,147.17488475793928
ta,65,2,167,32,5.0,32.973474187595095,-0.8605253193082104,0.482842712474619,0,147.17488475793928
ta,65,2,167,33,5.0,36.43144246389374,-0.7562801818904095,0.5685569981889047,0,147.17488475793928
ta,65,2,167,34,5.0,30.405591591021544,-0.7853981633974483,0.482842712474619,0,147.17488475793928
ta,65,2,167,35,5.0,12.020815280171307,2.356194490192345,0.44956066981809384,0,147.17488475793928
ta,65,2,167,36,5.0,9.86154146165801,2.609868586330988,0.44956066981809384,0,147.17488475793928
ta,65,2,167,37,5.0,6.103277807866851,2.1815222911841055,0.5685569981889047,0,147.17488475793928
ta,65,2,167,38,5.0,14.396180048887969,2.7868870015788527,0.482842712474619,0,147.17488475793928
ta,65,2,167,39,5.0,6.5,2.746801533890032,0.482842712474619,0,147.17488475793928
ta,65,2,167,40,5.0,11.280514172678478,2.91811605244916,0.565685424949238,0,147.17488475793928
ta,65,2,167,41,5.0,0.0,,0.565685424949238,0,147.17488475793928
ta,65,2,167,43,5.0,8.5,3.141592653589793,0.565685424949238,0,147.17488475793928
ta,65,2,167,44,5.0,13.5,3.141592653589793,0.565685424949238,0,147.17488475793928
ta,65,2,167,45,5.0,17.0,3.141592653589793,0.5685569981889047,0,147.17488475793928
ta,65,2,167,46,5.0,6.5,-2.746801533890032,0.44956066981809384,0,147.17488475793928
ta,65,2,167,47,5.0,11.280514172678478,-2.91811605244916,0.565685424949238,0,147.17488475793928
ta,65,2,167,48,5.0,6.103277807866851,-2.1815222911841055,0.565685424949238,0,147.17488475793928
ta,65,2,167,49,5.0,9.86154146165801,-2.609868586330988,0.482842712474619,0,147.17488475793928
ta,65,2,167,50,5.0,14.396180048887969,-2.7868870015788527,0.5685569981889047,0,147.17488475793928
ta,65,2,167,51,5.0,12.020815280171307,-2.356194490192345,0.482842712474619,0,147.17488475793928
ta,65,2,167,52,5.0,39.42714800743264,-1.7880897577179178,0.44956066981809384,0,147.17488475793928
ta,65,2,167,53,5.0,36.01735692690401,-1.8090410849736416,0.44956066981809384,0,147.17488475793928
ta,65,2,167,54,5.0,35.174564673923115,-1.6704649792860586,0.5685569981889047,0,147.17488475793928
ta,65,2,167,55,5.0,37.51333096380539,-1.9389270981200601,0.482842712474619,0,147.17488475793928
ta,65,2,167,56,5.0,33.04920573932148,-1.7533561799258035,0.482842712474619,0,147.17488475793928
ta,65,2,167,57,5.0,34.311076928595526,-1.8971551435016594,0.565685424949238,0,147.17488475793928
ta,65,2,167,58,5.0,30.0,-1.5707963267948966,0.565685424949238,0,147.17488475793928
ta,65,2,167,59,5.0,30.20347662107791,-1.6869379536748867,0.44956066981809384,0,147.17488475793928
ta,65,2,167,60,5.0,31.18092365533773,-1.8468933461903332,0.5685569981889047,0,147.17488475793928
ta,65,2,167,61,5.0,32.89756829919196,-1.9936502529278373,0.565685424949238,0,147.17488475793928
ta,65,2,167,62,5.0,34.48187929913333,-2.086345334253876,0.5685569981889047,0,147.17488475793928
ta,65,2,167,63,5.0,28.146935890075138,-1.7856117271965553,0.44956066981809384,0,147.17488475793928
ta,65,2,167,64,5.0,29.618406439239774,-1.9513027039072615,0.565685424949238,0,147.17488475793928
ta,65,2,167,65,5.0,25.243811122728676,-1.709892268276968,0.565685424949238,0,147.17488475793928
ta,65,2,167,67,5.0,28.412145290350743,-2.0659295902633006,0.565685424949238,0,147.17488475793928
ta,65,2,167,68,5.0,23.119256043393783,-1.9472866612414195,0.482842712474619,0,147.17488475793928
ta,65,2,168,1,5.0,9.86154146165801,1.039072259536091,0.3276927682076162,0,148.60966736663494
ta,65,2,168,2,5.0,7.0710678118654755,0.7853981633974483,0.44956066981809384,0,148.60966736663494
ta,65,2,168,3,5.0,5.0,1.5707963267948966,0.5685569981889047,0,148.60966736663494
ta,65,2,168,4,5.0,11.180339887498949,0.4636476090008061,0.482842712474619,0,148.60966736663494
ta,65,2,168,5,5.0,3.5355339059327378,0.7853981633974483,0.482842712474619,0,148.60966736663494
ta,65,2,168,6,5.0,7.905694150420948,0.3217505543966422,0.565685424949238,0,148.60966736663494
ta,65,2,168,7,5.0,3.5,3.141592653589793,0.565685424949238,0,148.60966736663494
ta,65,2,168,8,5.0,0.0,,0.44956066981809384,0,148.60966736663494
ta,65,2,168,9,5.0,5.0,0.0,0.5685569981889047,0,148.60966736663494
ta,65,2,168,10,5.0,10.0,0.0,0.565685424949238,0,148.60966736663494
ta,65,2,168,11,5.0,13.5,0.0,0.5685569981889047,0,148.60966736663494
ta,65,2,168,12,5.0,3.5355339059327378,-0.7853981633974483,0.44956066981809384,0,148.60966736663494
ta,65,2,168,13,5.0,7.905694150420948,-0.3217505543966422,0.565685424949238,0,148.60966736663494
ta,65,2,168,14,5.0,5.0,-1.5707963267948966,0.565685424949238,0,148.60966736663494
ta,65,2,168,15,5.0,7.0710678118654755,-0.7853981633974483,0.482842712474619,1,148.60966736663494
ta,65,2,168,16,5.0,11.180339887498949,-0.4636476090008061,0.5685569981889047,0,148.60966736663494
ta,65,2,168,17,5.0,9.86154146165801,-1.039072259536091,0.482842712474619,0,148.60966736663494
ta,65,2,168,18,5.0,38.82331773560833,-1.4416490366668766,0.44956066981809384,0,148.60966736663494
ta,65,2,168,19,5.0,35.35533905932738,-1.4288992721907328,0.44956066981809384,0,148.60966736663494
ta,65,2,168,20,5.0,35.0,-1.5707963267948966,0.5685569981889047,0,148.60966736663494
ta,65,2,168,21,5.0,36.40054944640259,-1.2924966677897853,0.482842712474619,0,148.60966736663494
ta,65,2,168,22,5.0,32.59601202601324,-1.4940244355251187,0.482842712474619,0,148.60966736663494
ta,65,2,168,23,5.0,33.354160160315836,-1.3439974787410107,0.565685424949238,0,148.60966736663494
ta,65,2,168,24,5.0,30.20347662107791,-1.6869379536748867,0.565685424949238,0,148.60966736663494
ta,65,2,168,25,5.0,30.0,-1.5707963267948966,0.44956066981809384,0,148.60966736663494
ta,65,2,168,26,5.0,30.4138126514911,-1.4056476493802699,0.5685569981889047,0,148.60966736663494
ta,65,2,168,27,5.0,31.622776601683793,-1.2490457723982544,0.565685424949238,0,148.60966736663494
ta,65,2,168,28,5.0,32.89756829919196,-1.1479424006619559,0.5685569981889047,0,148.60966736663494
ta,65,2,168,29,5.0,27.613402542968153,-1.4801364395941514,0.44956066981809384,0,148.60966736663494
ta,65,2,168,30,5.0,28.50438562747845,-1.3045442776439713,0.565685424949238,0,148.60966736663494
ta,65,2,168,31,5.0,25.0,-1.5707963267948966,0.565685424949238,0,148.60966736663494
ta,65,2,168,32,5.0,25.495097567963924,-1.373400766945016,0.482842712474619,0,148.60966736663494
ta,65,2,168,33,5.0,26.92582403567252,-1.1902899496825317,0.5685569981889047,0,148.60966736663494
ta,65,2,168,34,5.0,22.073740054644116,-1.3422996875030344,0.482842712474619,0,148.60966736663494
ta,65,2,168,35,5.0,26.405491853021786,2.8138541468092377,0.44956066981809384,0,148.60966736663494
ta,65,2,168,36,5.0,25.495097567963924,2.9441970937399127,0.44956066981809384,0,148.60966736663494
ta,65,2,168,37,5.0,20.615528128088304,2.896613990462929,0.5685569981889047,0,148.60966736663494
ta,65,2,168,38,5.0,30.4138126514911,2.976443976175166,0.482842712474619,0,148.60966736663494
ta,65,2,168,39,5.0,22.638462845343543,3.0309354324158977,0.482842712474619,0,148.60966736663494
ta,65,2,168,40,5.0,27.613402542968153,3.050932766389048,0.565685424949238,0,148.60966736663494
ta,65,2,168,42,5.0,20.0,3.141592653589793,0.3276927682076162,0,148.60966736663494
ta,65,2,168,43,5.0,25.0,3.141592653589793,0.565685424949238,0,148.60966736663494
ta,65,2,168,44,5.0,30.0,3.141592653589793,0.565685424949238,0,148.60966736663494
ta,65,2,168,45,5.0,33.5,3.141592653589793,0.5685569981889047,0,148.60966736663494
ta,65,2,168,46,5.0,22.638462845343543,-3.0309354324158977,0.44956066981809384,0,148.60966736663494
ta,65,2,168,47,5.0,27.613402542968153,-3.050932766389048,0.565685424949238,0,148.60966736663494
ta,65,2,168,48,5.0,20.615528128088304,-2.896613990462929,0.565685424949238,0,148.60966736663494
ta,65,2,168,49,5.0,25.495097567963924,-2.9441970937399127,0.482842712474619,0,148.60966736663494
ta,65,2,168,50,5.0,30.4138126514911,-2.976443976175166,0.5685569981889047,0,148.60966736663494
ta,65,2,168,51,5.0,26.405491853021786,-2.8138541468092377,0.482842712474619,0,148.60966736663494
ta,65,2,168,52,5.0,45.90479277809671,-2.1467149264132495,0.44956066981809384,0,148.60966736663494
ta,65,2,168,53,5.0,43.01162633521314,-2.191045812777718,0.44956066981809384,0,148.60966736663494
ta,65,2,168,54,5.0,40.311288741492746,-2.0899424410414196,0.5685569981889047,0,148.60966736663494
ta,65,2,168,55,5.0,46.09772228646444,-2.279422598922567,0.482842712474619,0,148.60966736663494
ta,65,2,168,56,5.0,39.528470752104745,-2.1763409903998667,0.482842712474619,0,148.60966736663494
ta,65,2,168,57,5.0,42.573465914816005,-2.2730532583039036,0.565685424949238,0,148.60966736663494
ta,65,2,168,58,5.0,34.23813663153998,-2.0736395377227574,0.565685424949238,0,148.60966736663494
ta,65,2,168,59,5.0,36.05551275463989,-2.158798930342464,0.44956066981809384,0,148.60966736663494
ta,65,2,168,60,5.0,39.05124837953327,-2.2655346029916,0.5685569981889047,0,148.60966736663494
ta,65,2,168,61,5.0,42.42640687119285,-2.356194490192345,0.565685424949238,0,148.60966736663494
ta,65,2,168,62,5.0,44.9694340635948,-2.411256885566015,0.5685569981889047,0,148.60966736663494
ta,65,2,168,63,5.0,35.531676008879735,-2.256525837701183,0.44956066981809384,0,148.60966736663494
ta,65,2,168,64,5.0,38.890872965260115,-2.356194490192345,0.565685424949238,0,148.60966736663494
ta,65,2,168,65,5.0,32.01562118716424,-2.2455372690184494,0.565685424949238,0,148.60966736663494
ta,65,2,168,67,5.0,39.05124837953327,-2.44685437739309,0.565685424949238,0,148.60966736663494
ta,65,2,168,68,5.0,32.973474187595095,-2.431321646103107,0.482842712474619,0,148.60966736663494
ta,65,2,169,1,5.0,13.5,2.356194490192345,0.44956066981809384,0,149.22454282853627
ta,65,2,169,2,5.0,10.0,2.356194490192345,0.44956066981809384,0,149.22454282853627
ta,65,2,169,3,5.0,11.180339887498949,2.819842099193151,0.5685569981889047,0,149.22454282853627
ta,65,2,169,4,5.0,11.180339887498949,1.8925468811915387,0.482842712474619,0,149.22454282853627
ta,65,2,169,5,5.0,7.905694150420948,2.677945044588987,0.482842712474619,0,149.22454282853627
ta,65,2,169,6,5.0,7.905694150420948,2.0344439357957027,0.565685424949238,0,149.22454282853627
ta,65,2,169,7,5.0,9.86154146165801,3.395266749728436,0.565685424949238,0,149.22454282853627
ta,65,2,169,9,5.0,5.0,2.356194490192345,0.565685424949238,0,149.22454282853627
ta,65,2,169,10,5.0,7.0710678118654755,1.5707963267948966,0.565685424949238,0,149.22454282853627
ta,65,2,169,11,5.0,9.86154146165801,1.317122230656254,0.5685569981889047,0,149.22454282853627
ta,65,2,169,12,5.0,3.5355339059327378,3.141592653589793,0.44956066981809384,0,149.22454282853627
ta,65,2,169,13,5.0,3.5355339059327378,1.5707963267948966,0.565685424949238,0,149.22454282853627
ta,65,2,169,14,5.0,5.0,3.9269908169872414,0.565685424949238,0,149.22454282853627
ta,65,2,169,15,5.0,0.0,,0.482842712474619,0,149.22454282853627
ta,65,2,169,16,5.0,5.0,0.7853981633974483,0.5685569981889047,0,149.22454282853627
ta,65,2,169,17,5.0,3.5,-0.7853981633974483,0.482842712474619,1,149.22454282853627
ta,65,2,169,18,5.0,33.5,-0.7853981633974483,0.44956066981809384,0,149.22454282853627
ta,65,2,169,19,5.0,30.0,-0.7853981633974483,0.44956066981809384,0,149.22454282853627
ta,65,2,169,20,5.0,30.4138126514911,-0.9505468408120752,0.5685569981889047,0,149.22454282853627
ta,65,2,169,21,5.0,30.4138126514911,-0.6202494859828216,0.482842712474619,0,149.22454282853627
ta,65,2,169,22,5.0,27.613402542968153,-0.8760580505981934,0.482842712474619,0,149.22454282853627
ta,65,2,169,23,5.0,27.613402542968153,-0.6947382761967031,0.565685424949238,0,149.22454282853627
ta,65,2,169,24,5.0,26.405491853021786,-1.1131366701780039,0.565685424949238,0,149.22454282853627
ta,65,2,169,25,5.0,25.495097567963924,-0.9827937232473292,0.44956066981809384,0,149.22454282853627
ta,65,2,169,26,5.0,25.0,-0.7853981633974483,0.5685569981889047,0,149.22454282853627
ta,65,2,169,27,5.0,25.495097567963924,-0.5880026035475676,0.565685424949238,0,149.22454282853627
ta,65,2,169,28,5.0,26.405491853021786,-0.4576596566168929,0.5685569981889047,0,149.22454282853627
ta,65,2,169,29,5.0,22.638462845343543,-0.8960553845713439,0.44956066981809384,0,149.22454282853627
ta,65,2,169,30,5.0,22.638462845343543,-0.6747409422235526,0.565685424949238,0,149.22454282853627
ta,65,2,169,31,5.0,20.615528128088304,-1.0303768265243125,0.565685424949238,0,149.22454282853627
ta,65,2,169,32,5.0,20.0,-0.7853981633974483,0.482842712474619,0,149.22454282853627
ta,65,2,169,33,5.0,20.615528128088304,-0.5404195002705843,0.5685569981889047,0,149.22454282853627
ta,65,2,169,34,5.0,16.5,-0.7853981633974483,0.482842712474619,0,149.22454282853627
ta,65,2,169,35,5.0,32.89756829919196,3.504136890854301,0.44956066981809384,0,149.22454282853627
ta,65,2,169,36,5.0,31.622776601683793,3.6052402625905993,0.44956066981809384,0,149.22454282853627
ta,65,2,169,37,5.0,26.92582403567252,3.5464844398748765,0.5685569981889047,0,149.22454282853627
ta,65,2,169,38,5.0,36.40054944640259,3.64869115798213,0.482842712474619,0,149.22454282853627
ta,65,2,169,39,5.0,28.50438562747845,3.660738767836316,0.482842712474619,0,149.22454282853627
ta,65,2,169,40,5.0,33.354160160315836,3.7001919689333556,0.565685424949238,0,149.22454282853627
ta,65,2,169,41,5.0,22.073740054644116,3.698494177695379,0.565685424949238,0,149.22454282853627
ta,65,2,169,42,5.0,25.495097567963924,3.729595257137361,0.44956066981809384,0,149.22454282853627
ta,65,2,169,43,5.0,30.4138126514911,3.7618421395726145,0.5685569981889047,0,149.22454282853627
ta,65,2,169,44,5.0,35.35533905932738,3.7850937623830774,0.565685424949238,0,149.22454282853627
ta,65,2,169,45,5.0,38.82331773560833,3.7978435268592214,0.5685569981889047,0,149.22454282853627
ta,65,2,169,46,5.0,27.613402542968153,3.8363309297864965,0.44956066981809384,0,149.22454282853627
ta,65,2,169,47,5.0,32.59601202601324,3.8502189257174635,0.565685424949238,0,149.22454282853627
ta,65,2,169,48,5.0,25.0,3.9269908169872414,0.565685424949238,0,149.22454282853627
ta,65,2,169,49,5.0,30.0,3.9269908169872414,0.482842712474619,0,149.22454282853627
ta,65,2,169,50,5.0,35.0,3.9269908169872414,0.5685569981889047,0,149.22454282853627
ta,65,2,169,51,5.0,30.20347662107791,-2.240052863312355,0.482842712474619,0,149.22454282853627
ta,65,2,169,52,5.0,44.9694340635948,-1.5157339314212264,0.44956066981809384,0,149.22454282853627
ta,65,2,169,53,5.0,42.42640687119285,-1.5707963267948966,0.44956066981809384,0,149.22454282853627
ta,65,2,169,54,5.0,39.05124837953327,-1.4801364395941516,0.5685569981889047,0,149.22454282853627
ta,65,2,169,55,5.0,46.09772228646444,-1.647568218064675,0.482842712474619,0,149.22454282853627
ta,65,2,169,56,5.0,38.890872965260115,-1.5707963267948966,0.482842712474619,0,149.22454282853627
ta,65,2,169,57,5.0,42.573465914816005,-1.6539375586833378,0.565685424949238,0,149.22454282853627
ta,65,2,169,58,5.0,32.973474187595095,-1.4956691708841348,0.565685424949238,0,149.22454282853627
ta,65,2,169,59,5.0,35.35533905932738,-1.5707963267948966,0.44956066981809384,0,149.22454282853627
ta,65,2,169,60,5.0,39.05124837953327,-1.661456213995642,0.5685569981889047,0,149.22454282853627
ta,65,2,169,61,5.0,43.01162633521314,-1.7359450042095235,0.565685424949238,0,149.22454282853627
ta,65,2,169,62,5.0,45.90479277809671,-1.780275890573992,0.5685569981889047,0,149.22454282853627
ta,65,2,169,63,5.0,35.531676008879735,-1.6704649792860589,0.44956066981809384,0,149.22454282853627
ta,65,2,169,64,5.0,39.528470752104745,-1.7506498265873751,0.565685424949238,0,149.22454282853627
ta,65,2,169,65,5.0,32.01562118716424,-1.6814535479687924,0.565685424949238,0,149.22454282853627
ta,65,2,169,66,5.0,36.05551275463989,-1.7681918866447774,0.482842712474619,0,149.22454282853627
ta,65,2,169,67,5.0,40.311288741492746,-1.8370483759458218,0.5685569981889047,0,149.22454282853627
ta,65,2,169,68,5.0,34.23813663153998,-1.853351279264484,0.482842712474619,0,149.22454282853627
ta,65,2,170,1,5.0,17.0,3.141592653589793,0.44956066981809384,0,149.52889065462324
ta,65,2,170,2,5.0,13.5,3.141592653589793,0.44956066981809384,0,149.52889065462324
ta,65,2,170,3,5.0,14.396180048887969,3.4962983056007335,0.5685569981889047,0,149.52889065462324
ta,65,2,170,4,5.0,14.396180048887969,2.7868870015788527,0.482842712474619,0,149.52889065462324
ta,65,2,170,5,5.0,11.280514172678478,3.365069254730426,0.482842712474619,0,149.52889065462324
ta,65,2,170,6,5.0,11.280514172678478,2.91811605244916,0.565685424949238,0,149.52889065462324
ta,65,2,170,7,5.0,12.020815280171307,3.9269908169872414,0.565685424949238,0,149.52889065462324
ta,65,2,170,9,5.0,8.5,3.141592653589793,0.565685424949238,0,149.52889065462324
ta,65,2,170,10,5.0,9.86154146165801,2.609868586330988,0.565685424949238,0,149.52889065462324
ta,65,2,170,11,5.0,12.020815280171307,2.356194490192345,0.5685569981889047,0,149.52889065462324
ta,65,2,170,12,5.0,6.5,3.536383773289555,0.44956066981809384,0,149.52889065462324
ta,65,2,170,13,5.0,6.5,2.7468015338900313,0.565685424949238,0,149.52889065462324
ta,65,2,170,14,5.0,6.103277807866851,4.101663015995481,0.565685424949238,0,149.52889065462324
ta,65,2,170,16,5.0,6.103277807866851,2.181522291184105,0.565685424949238,0,149.52889065462324
ta,65,2,170,17,5.0,0.0,,0.482842712474619,0,149.52889065462324
ta,65,2,170,18,5.0,30.0,0.0,0.3276927682076162,0,149.52889065462324
ta,65,2,170,19,5.0,26.5,0.0,0.44956066981809384,0,149.52889065462324
ta,65,2,170,20,5.0,26.9675731203236,-0.18648690166721682,0.5685569981889047,0,149.52889065462324
ta,65,2,170,21,5.0,26.9675731203236,0.18648690166721682,0.482842712474619,0,149.52889065462324
ta,65,2,170,22,5.0,24.12985702402731,-0.10379234045704289,0.482842712474619,0,149.52889065462324
ta,65,2,170,23,5.0,24.12985702402731,0.10379234045704266,0.565685424949238,0,149.52889065462324
ta,65,2,170,24,5.0,23.119256043393783,-0.3764903344465229,0.565685424949238,0,149.52889065462324
ta,65,2,170,25,5.0,22.073740054644116,-0.22849663929186237,0.44956066981809384,0,149.52889065462324
ta,65,2,170,26,5.0,21.5,0.0,0.5685569981889047,0,149.52889065462324
ta,65,2,170,27,5.0,22.073740054644116,0.22849663929186215,0.565685424949238,0,149.52889065462324
ta,65,2,170,28,5.0,23.119256043393783,0.3764903344465229,0.5685569981889047,0,149.52889065462324
ta,65,2,170,29,5.0,19.1637678967368,-0.1308273960740569,0.44956066981809384,0,149.52889065462324
ta,65,2,170,30,5.0,19.1637678967368,0.1308273960740569,0.565685424949238,0,149.52889065462324
ta,65,2,170,31,5.0,17.240939649566666,-0.29423456511118773,0.565685424949238,0,149.52889065462324
ta,65,2,170,32,5.0,16.5,0.0,0.482842712474619,1,149.52889065462324
ta,65,2,170,33,5.0,17.240939649566666,0.29423456511118773,0.5685569981889047,0,149.52889065462324
ta,65,2,170,34,5.0,13.0,0.0,0.482842712474619,0,149.52889065462324
ta,65,2,170,35,5.0,34.48187929913333,4.19683997292571,0.44956066981809384,0,149.52889065462324
ta,65,2,170,36,5.0,32.89756829919196,4.289535054251749,0.44956066981809384,0,149.52889065462324
ta,65,2,170,37,5.0,28.412145290350743,4.217255716916286,0.5685569981889047,0,149.52889065462324
ta,65,2,170,38,5.0,37.51333096380539,4.344258209059526,0.482842712474619,0,149.52889065462324
ta,65,2,170,39,5.0,29.618406439239774,4.331882603272325,0.482842712474619,0,149.52889065462324
ta,65,2,170,40,5.0,34.311076928595526,4.386030163677927,0.565685424949238,0,149.52889065462324
ta,65,2,170,41,5.0,23.119256043393783,4.335898645938167,0.565685424949238,0,149.52889065462324
ta,65,2,170,42,5.0,26.405491853021786,4.384650473604134,0.44956066981809384,0,149.52889065462324
ta,65,2,170,43,5.0,31.18092365533773,4.436291960989253,0.5685569981889047,0,149.52889065462324
ta,65,2,170,44,5.0,36.01735692690401,4.474144222205945,0.565685424949238,0,149.52889065462324
ta,65,2,170,45,5.0,39.42714800743264,4.495095549461668,0.5685569981889047,0,149.52889065462324
ta,65,2,170,46,5.0,28.146935890075138,4.497573579983031,0.44956066981809384,0,149.52889065462324
ta,65,2,170,47,5.0,33.04920573932148,4.529829127253783,0.565685424949238,0,149.52889065462324
ta,65,2,170,48,5.0,25.243811122728676,4.5732930389026185,0.565685424949238,0,149.52889065462324
ta,65,2,170,49,5.0,30.20347662107791,4.596247353504699,0.482842712474619,0,149.52889065462324
ta,65,2,170,50,5.0,35.174564673923115,4.612720327893528,0.5685569981889047,0,149.52889065462324
ta,65,2,170,51,5.0,30.0,4.71238898038469,0.482842712474619,0,149.52889065462324
ta,65,2,170,52,5.0,42.42640687119285,-0.7853981633974483,0.44956066981809384,0,149.52889065462324
ta,65,2,170,53,5.0,40.02811511925087,-0.8472660092618285,0.44956066981809384,0,149.52889065462324
ta,65,2,170,54,5.0,36.43144246389374,-0.7562801818904097,0.5685569981889047,0,149.52889065462324
ta,65,2,170,55,5.0,43.900455578501685,-0.9227394408643823,0.482842712474619,0,149.52889065462324
ta,65,2,170,56,5.0,36.5,-0.8532549862537522,0.482842712474619,0,149.52889065462324
ta,65,2,170,57,5.0,40.40111384603152,-0.9347208240911455,0.565685424949238,0,149.52889065462324
ta,65,2,170,58,5.0,30.405591591021544,-0.7853981633974483,0.565685424949238,0,149.52889065462324
ta,65,2,170,59,5.0,32.973474187595095,-0.8605253193082105,0.44956066981809384,0,149.52889065462324
ta,65,2,170,60,5.0,36.908671067921155,-0.9489720389643068,0.5685569981889047,0,149.52889065462324
ta,65,2,170,61,5.0,41.07614879708174,-1.0199387922631802,0.565685424949238,0,149.52889065462324
ta,65,2,170,62,5.0,44.09648512069868,-1.0614951827928847,0.5685569981889047,0,149.52889065462324
ta,65,2,170,63,5.0,33.425289826716536,-0.9661977367014196,0.44956066981809384,0,149.52889065462324
ta,65,2,170,64,5.0,37.646380968162134,-1.0417658557152483,0.565685424949238,0,149.52889065462324
ta,65,2,170,65,5.0,29.95413160150032,-0.9874233198010409,0.565685424949238,0,149.52889065462324
ta,65,2,170,66,5.0,34.23813663153998,-1.0679531158670357,0.482842712474619,0,149.52889065462324
ta,65,2,170,67,5.0,38.69431482789171,-1.1302659861783835,0.5685569981889047,0,149.52889065462324
ta,65,2,170,68,5.0,32.69556544854363,-1.1618884978439712,0.482842712474619,0,149.52889065462324
ta,65,2,171,1,5.0,33.5,3.141592653589793,0.44956066981809384,0,150.9636732633189
ta,65,2,171,2,5.0,30.0,3.141592653589793,0.44956066981809384,0,150.9636732633189
ta,65,2,171,3,5.0,30.4138126514911,3.30674133100442,0.5685569981889047,0,150.9636732633189
ta,65,2,171,4,5.0,30.4138126514911,2.976443976175166,0.482842712474619,0,150.9636732633189
ta,65,2,171,5,5.0,27.613402542968153,3.2322525407905385,0.482842712474619,0,150.9636732633189
ta,65,2,171,6,5.0,27.613402542968153,3.0509327663890478,0.565685424949238,0,150.9636732633189
ta,65,2,171,7,5.0,26.405491853021786,3.4693311603703485,0.565685424949238,0,150.9636732633189
ta,65,2,171,8,5.0,25.495097567963924,3.338988213439674,0.44956066981809384,0,150.9636732633189
ta,65,2,171,9,5.0,25.0,3.141592653589793,0.5685569981889047,0,150.9636732633189
ta,65,2,171,10,5.0,25.495097567963924,2.9441970937399127,0.565685424949238,0,150.9636732633189
ta,65,2,171,11,5.0,26.405491853021786,2.8138541468092377,0.5685569981889047,0,150.9636732633189
ta,65,2,171,12,5.0,22.638462845343543,3.252249874763689,0.44956066981809384,0,150.9636732633189
ta,65,2,171,13,5.0,22.638462845343543,3.0309354324158972,0.565685424949238,0,150.9636732633189
ta,65,2,171,14,5.0,20.615528128088304,3.3865713167166573,0.565685424949238,0,150.9636732633189
ta,65,2,171,16,5.0,20.615528128088304,2.896613990462929,0.482842712474619,0,150.9636732633189
ta,65,2,171,18,5.0,13.5,0.0,0.317692537949962,0,150.9636732633189
ta,65,2,171,19,5.0,10.0,0.0,0.44956066981809384,0,150.9636732633189
ta,65,2,171,20,5.0,11.180339887498949,-0.46364760900080615,0.5685569981889047,0,150.9636732633189
ta,65,2,171,21,5.0,11.180339887498949,0.46364760900080615,0.482842712474619,0,150.9636732633189
ta,65,2,171,22,5.0,7.905694150420948,-0.32175055439664235,0.482842712474619,0,150.9636732633189
ta,65,2,171,23,5.0,7.905694150420948,0.32175055439664213,0.565685424949238,0,150.9636732633189
ta,65,2,171,24,5.0,9.86154146165801,-1.0390722595360913,0.565685424949238,0,150.9636732633189
ta,65,2,171,25,5.0,7.0710678118654755,-0.7853981633974483,0.44956066981809384,1,150.9636732633189
ta,65,2,171,26,5.0,5.0,0.0,0.5685569981889047,0,150.9636732633189
ta,65,2,171,27,5.0,7.0710678118654755,0.7853981633974483,0.565685424949238,0,150.9636732633189
ta,65,2,171,28,5.0,9.86154146165801,1.0390722595360908,0.5685569981889047,0,150.9636732633189
ta,65,2,171,29,5.0,3.5355339059327378,-0.7853981633974483,0.44956066981809384,0,150.9636732633189
ta,65,2,171,30,5.0,3.5355339059327378,0.7853981633974483,0.565685424949238,0,150.9636732633189
ta,65,2,171,31,5.0,5.0,4.71238898038469,0.565685424949238,0,150.9636732633189
ta,65,2,171,32,5.0,0.0,,0.482842712474619,0,150.9636732633189
ta,65,2,171,33,5.0,5.0,1.5707963267948966,0.5685569981889047,0,150.9636732633189
ta,65,2,171,34,5.0,3.5,3.141592653589793,0.482842712474619,0,150.9636732633189
ta,65,2,171,35,5.0,44.9694340635948,3.871928421613571,0.44956066981809384,0,150.9636732633189
ta,65,2,171,36,5.0,42.42640687119285,3.9269908169872414,0.44956066981809384,0,150.9636732633189
ta,65,2,171,37,5.0,39.05124837953327,3.8363309297864965,0.5685569981889047,0,150.9636732633189
ta,65,2,171,38,5.0,46.09772228646444,4.003762708257019,0.482842712474619,0,150.9636732633189
ta,65,2,171,39,5.0,38.890872965260115,3.9269908169872414,0.482842712474619,0,150.9636732633189
ta,65,2,171,40,5.0,42.573465914816005,4.010132048875683,0.565685424949238,0,150.9636732633189
ta,65,2,171,41,5.0,32.973474187595095,3.8518636610764796,0.565685424949238,0,150.9636732633189
ta,65,2,171,42,5.0,35.35533905932738,3.9269908169872414,0.44956066981809384,0,150.9636732633189
ta,65,2,171,43,5.0,39.05124837953327,4.017650704187987,0.5685569981889047,0,150.9636732633189
ta,65,2,171,44,5.0,43.01162633521314,4.092139494401868,0.565685424949238,0,150.9636732633189
ta,65,2,171,45,5.0,45.90479277809671,4.136470380766337,0.5685569981889047,0,150.9636732633189
ta,65,2,171,46,5.0,35.531676008879735,4.026659469478403,0.44956066981809384,0,150.9636732633189
ta,65,2,171,47,5.0,39.528470752104745,4.1068443167797195,0.565685424949238,0,150.9636732633189
ta,65,2,171,48,5.0,32.01562118716424,4.037648038161137,0.565685424949238,0,150.9636732633189
ta,65,2,171,49,5.0,36.05551275463989,4.124386376837123,0.482842712474619,0,150.9636732633189
ta,65,2,171,50,5.0,40.311288741492746,4.193242866138167,0.5685569981889047,0,150.9636732633189
ta,65,2,171,51,5.0,34.23813663153998,4.209545769456829,0.482842712474619,0,150.9636732633189
ta,65,2,171,52,5.0,32.89756829919196,-1.147942400661956,0.44956066981809384,0,150.9636732633189
ta,65,2,171,53,5.0,31.622776601683793,-1.2490457723982544,0.44956066981809384,0,150.9636732633189
ta,65,2,171,54,5.0,26.92582403567252,-1.1902899496825317,0.5685569981889047,0,150.9636732633189
ta,65,2,171,55,5.0,36.40054944640259,-1.2924966677897851,0.482842712474619,0,150.9636732633189
ta,65,2,171,56,5.0,28.50438562747845,-1.3045442776439713,0.482842712474619,0,150.9636732633189
ta,65,2,171,57,5.0,33.354160160315836,-1.3439974787410107,0.565685424949238,0,150.9636732633189
ta,65,2,171,58,5.0,22.073740054644116,-1.3422996875030342,0.565685424949238,0,150.9636732633189
ta,65,2,171,59,5.0,25.495097567963924,-1.3734007669450161,0.44956066981809384,0,150.9636732633189
ta,65,2,171,60,5.0,30.4138126514911,-1.4056476493802696,0.5685569981889047,0,150.9636732633189
ta,65,2,171,61,5.0,35.35533905932738,-1.4288992721907325,0.565685424949238,0,150.9636732633189
ta,65,2,171,62,5.0,38.82331773560833,-1.4416490366668766,0.5685569981889047,0,150.9636732633189
ta,65,2,171,63,5.0,27.613402542968153,-1.4801364395941516,0.44956066981809384,0,150.9636732633189
ta,65,2,171,64,5.0,32.59601202601324,-1.4940244355251187,0.565685424949238,0,150.9636732633189
ta,65,2,171,65,5.0,25.0,4.71238898038469,0.565685424949238,0,150.9636732633189
ta,65,2,171,66,5.0,30.0,4.71238898038469,0.482842712474619,0,150.9636732633189
ta,65,2,171,67,5.0,35.0,4.71238898038469,0.5685569981889047,0,150.9636732633189
ta,65,2,171,68,5.0,30.20347662107791,4.596247353504699,0.482842712474619,0,150.9636732633189
ta,65,2,172,1,5.0,38.82331773560833,3.7978435268592214,0.44956066981809384,0,151.57854872522023
ta,65,2,172,2,5.0,35.35533905932738,3.7850937623830774,0.44956066981809384,0,151.57854872522023
ta,65,2,172,3,5.0,35.0,3.9269908169872414,0.5685569981889047,0,151.57854872522023
ta,65,2,172,4,5.0,36.40054944640259,3.64869115798213,0.482842712474619,0,151.57854872522023
ta,65,2,172,5,5.0,32.59601202601324,3.8502189257174635,0.482842712474619,0,151.57854872522023
ta,65,2,172,6,5.0,33.354160160315836,3.7001919689333556,0.565685424949238,0,151.57854872522023
ta,65,2,172,7,5.0,30.20347662107791,4.043132443867232,0.565685424949238,0,151.57854872522023
ta,65,2,172,8,5.0,30.0,3.9269908169872414,0.44956066981809384,0,151.57854872522023
ta,65,2,172,9,5.0,30.4138126514911,3.7618421395726145,0.5685569981889047,0,151.57854872522023
ta,65,2,172,10,5.0,31.622776601683793,3.6052402625905993,0.565685424949238,0,151.57854872522023
ta,65,2,172,11,5.0,32.89756829919196,3.5041368908543005,0.5685569981889047,0,151.57854872522023
ta,65,2,172,12,5.0,27.613402542968153,3.836330929786496,0.44956066981809384,0,151.57854872522023
ta,65,2,172,13,5.0,28.50438562747845,3.660738767836316,0.565685424949238,0,151.57854872522023
ta,65,2,172,14,5.0,25.0,3.9269908169872414,0.565685424949238,0,151.57854872522023
ta,65,2,172,16,5.0,26.92582403567252,3.5464844398748765,0.565685424949238,0,151.57854872522023
ta,65,2,172,17,5.0,22.073740054644116,3.6984941776953795,0.482842712474619,0,151.57854872522023
ta,65,2,172,18,5.0,9.86154146165801,1.3171222306562538,0.3276927682076162,0,151.57854872522023
ta,65,2,172,19,5.0,7.0710678118654755,1.5707963267948966,0.44956066981809384,0,151.57854872522023
ta,65,2,172,20,5.0,5.0,0.7853981633974483,0.5685569981889047,0,151.57854872522023
ta,65,2,172,21,5.0,11.180339887498949,1.8925468811915387,0.482842712474619,0,151.57854872522023
ta,65,2,172,22,5.0,3.5355339059327378,1.5707963267948966,0.482842712474619,0,151.57854872522023
ta,65,2,172,23,5.0,7.905694150420948,2.0344439357957027,0.565685424949238,0,151.57854872522023
ta,65,2,172,24,5.0,3.5,5.497787143782138,0.565685424949238,1,151.57854872522023
ta,65,2,172,25,5.0,0.0,,0.44956066981809384,0,151.57854872522023
ta,65,2,172,26,5.0,5.0,2.356194490192345,0.5685569981889047,0,151.57854872522023
ta,65,2,172,27,5.0,10.0,2.356194490192345,0.565685424949238,0,151.57854872522023
ta,65,2,172,28,5.0,13.5,2.356194490192345,0.5685569981889047,0,151.57854872522023
ta,65,2,172,29,5.0,3.5355339059327378,3.141592653589793,0.44956066981809384,0,151.57854872522023
ta,65,2,172,30,5.0,7.905694150420948,2.677945044588987,0.565685424949238,0,151.57854872522023
ta,65,2,172,31,5.0,5.0,3.9269908169872414,0.565685424949238,0,151.57854872522023
ta,65,2,172,33,5.0,11.180339887498949,2.819842099193151,0.565685424949238,0,151.57854872522023
ta,65,2,172,34,5.0,9.86154146165801,3.395266749728436,0.482842712474619,0,151.57854872522023
ta,65,2,172,35,5.0,45.90479277809671,4.502909416605594,0.3276927682076162,0,151.57854872522023
ta,65,2,172,36,5.0,43.01162633521314,4.547240302970063,0.44956066981809384,0,151.57854872522023
ta,65,2,172,37,5.0,40.311288741492746,4.446136931233765,0.5685569981889047,0,151.57854872522023
ta,65,2,172,38,5.0,46.09772228646444,4.635617089114912,0.482842712474619,0,151.57854872522023
ta,65,2,172,39,5.0,39.528470752104745,4.532535480592212,0.482842712474619,0,151.57854872522023
ta,65,2,172,40,5.0,42.573465914816005,4.629247748496248,0.565685424949238,0,151.57854872522023
ta,65,2,172,41,5.0,34.23813663153998,4.429834027915103,0.565685424949238,0,151.57854872522023
ta,65,2,172,42,5.0,36.05551275463989,4.514993420534809,0.44956066981809384,0,151.57854872522023
ta,65,2,172,43,5.0,39.05124837953327,4.621729093183944,0.5685569981889047,0,151.57854872522023
ta,65,2,172,44,5.0,42.42640687119285,4.71238898038469,0.565685424949238,0,151.57854872522023
ta,65,2,172,45,5.0,44.9694340635948,4.76745137575836,0.5685569981889047,0,151.57854872522023
ta,65,2,172,46,5.0,35.531676008879735,4.612720327893528,0.44956066981809384,0,151.57854872522023
ta,65,2,172,47,5.0,38.890872965260115,4.71238898038469,0.565685424949238,0,151.57854872522023
ta,65,2,172,48,5.0,32.01562118716424,4.601731759210795,0.565685424949238,0,151.57854872522023
ta,65,2,172,49,5.0,35.35533905932738,4.71238898038469,0.482842712474619,0,151.57854872522023
ta,65,2,172,50,5.0,39.05124837953327,4.803048867585435,0.5685569981889047,0,151.57854872522023
ta,65,2,172,51,5.0,32.973474187595095,4.7875161362954515,0.482842712474619,0,151.57854872522023
ta,65,2,172,52,5.0,26.405491853021786,-0.4576596566168929,0.44956066981809384,0,151.57854872522023
ta,65,2,172,53,5.0,25.495097567963924,-0.5880026035475678,0.44956066981809384,0,151.57854872522023
ta,65,2,172,54,5.0,20.615528128088304,-0.540419500270584,0.5685569981889047,0,151.57854872522023
ta,65,2,172,55,5.0,30.4138126514911,-0.6202494859828214,0.482842712474619,0,151.57854872522023
ta,65,2,172,56,5.0,22.638462845343543,-0.6747409422235529,0.482842712474619,0,151.57854872522023
ta,65,2,172,57,5.0,27.613402542968153,-0.6947382761967034,0.565685424949238,0,151.57854872522023
ta,65,2,172,58,5.0,16.5,5.497787143782138,0.565685424949238,0,151.57854872522023
ta,65,2,172,59,5.0,20.0,5.497787143782138,0.44956066981809384,0,151.57854872522023
ta,65,2,172,60,5.0,25.0,5.497787143782138,0.5685569981889047,0,151.57854872522023
ta,65,2,172,61,5.0,30.0,5.497787143782138,0.565685424949238,0,151.57854872522023
ta,65,2,172,62,5.0,33.5,5.497787143782138,0.5685569981889047,0,151.57854872522023
ta,65,2,172,63,5.0,22.638462845343543,5.387129922608242,0.44956066981809384,0,151.57854872522023
ta,65,2,172,64,5.0,27.613402542968153,5.4071272565813935,0.565685424949238,0,151.57854872522023
ta,65,2,172,65,5.0,20.615528128088304,5.252808480655274,0.565685424949238,0,151.57854872522023
ta,65,2,172,66,5.0,25.495097567963924,5.3003915839322575,0.482842712474619,0,151.57854872522023
ta,65,2,172,67,5.0,30.4138126514911,5.332638466367511,0.5685569981889047,0,151.57854872522023
ta,65,2,172,68,5.0,26.405491853021786,5.170048637001583,0.482842712474619,0,151.57854872522023
ta,65,2,173,1,5.0,39.42714800743264,-1.7880897577179176,0.44956066981809384,0,151.8828965513072
ta,65,2,173,2,5.0,36.01735692690401,-1.8090410849736416,0.44956066981809384,0,151.8828965513072
ta,65,2,173,3,5.0,35.174564673923115,-1.6704649792860584,0.5685569981889047,0,151.8828965513072
ta,65,2,173,4,5.0,37.51333096380539,-1.9389270981200601,0.482842712474619,0,151.8828965513072
ta,65,2,173,5,5.0,33.04920573932148,-1.7533561799258033,0.482842712474619,0,151.8828965513072
ta,65,2,173,6,5.0,34.311076928595526,-1.8971551435016591,0.565685424949238,0,151.8828965513072
ta,65,2,173,7,5.0,30.0,-1.5707963267948966,0.565685424949238,0,151.8828965513072
ta,65,2,173,8,5.0,30.20347662107791,-1.6869379536748867,0.44956066981809384,0,151.8828965513072
ta,65,2,173,9,5.0,31.18092365533773,-1.846893346190333,0.5685569981889047,0,151.8828965513072
ta,65,2,173,10,5.0,32.89756829919196,-1.9936502529278373,0.565685424949238,0,151.8828965513072
ta,65,2,173,11,5.0,34.48187929913333,-2.086345334253876,0.5685569981889047,0,151.8828965513072
ta,65,2,173,12,5.0,28.146935890075138,-1.785611727196555,0.44956066981809384,0,151.8828965513072
ta,65,2,173,13,5.0,29.618406439239774,-1.9513027039072615,0.565685424949238,0,151.8828965513072
ta,65,2,173,14,5.0,25.243811122728676,-1.7098922682769677,0.565685424949238,0,151.8828965513072
ta,65,2,173,16,5.0,28.412145290350743,-2.0659295902633006,0.565685424949238,0,151.8828965513072
ta,65,2,173,17,5.0,23.119256043393783,-1.9472866612414195,0.482842712474619,0,151.8828965513072
ta,65,2,173,18,5.0,12.020815280171307,-3.9269908169872414,0.3276927682076162,0,151.8828965513072
ta,65,2,173,19,5.0,9.86154146165801,-3.673316720848599,0.44956066981809384,0,151.8828965513072
ta,65,2,173,20,5.0,6.103277807866851,-4.101663015995481,0.5685569981889047,0,151.8828965513072
ta,65,2,173,21,5.0,14.396180048887969,-3.4962983056007335,0.482842712474619,0,151.8828965513072
ta,65,2,173,22,5.0,6.5,-3.5363837732895544,0.482842712474619,0,151.8828965513072
ta,65,2,173,23,5.0,11.280514172678478,-3.365069254730426,0.565685424949238,0,151.8828965513072
ta,65,2,173,24,5.0,0.0,,0.565685424949238,0,151.8828965513072
ta,65,2,173,26,5.0,8.5,-3.141592653589793,0.565685424949238,0,151.8828965513072
ta,65,2,173,27,5.0,13.5,-3.141592653589793,0.565685424949238,0,151.8828965513072
ta,65,2,173,28,5.0,17.0,-3.141592653589793,0.5685569981889047,0,151.8828965513072
ta,65,2,173,29,5.0,6.5,-2.746801533890032,0.44956066981809384,0,151.8828965513072
ta,65,2,173,30,5.0,11.280514172678478,-2.91811605244916,0.565685424949238,0,151.8828965513072
ta,65,2,173,31,5.0,6.103277807866851,-2.181522291184105,0.565685424949238,0,151.8828965513072
ta,65,2,173,32,5.0,9.86154146165801,-2.6098685863309874,0.482842712474619,0,151.8828965513072
ta,65,2,173,33,5.0,14.396180048887969,-2.7868870015788527,0.5685569981889047,0,151.8828965513072
ta,65,2,173,34,5.0,12.020815280171307,-2.356194490192345,0.482842712474619,0,151.8828965513072
ta,65,2,173,35,5.0,44.09648512069868,-1.0614951827928847,0.44956066981809384,0,151.8828965513072
ta,65,2,173,36,5.0,41.07614879708174,-1.0199387922631802,0.44956066981809384,0,151.8828965513072
ta,65,2,173,37,5.0,38.69431482789171,-1.1302659861783835,0.5685569981889047,0,151.8828965513072
ta,65,2,173,38,5.0,43.900455578501685,-0.9227394408643823,0.482842712474619,0,151.8828965513072
ta,65,2,173,39,5.0,37.646380968162134,-1.0417658557152478,0.482842712474619,0,151.8828965513072
ta,65,2,173,40,5.0,40.40111384603152,-0.9347208240911455,0.565685424949238,0,151.8828965513072
ta,65,2,173,41,5.0,32.69556544854363,-1.1618884978439712,0.565685424949238,0,151.8828965513072
ta,65,2,173,42,5.0,34.23813663153998,-1.0679531158670357,0.44956066981809384,0,151.8828965513072
ta,65,2,173,43,5.0,36.908671067921155,-0.9489720389643068,0.5685569981889047,0,151.8828965513072
ta,65,2,173,44,5.0,40.02811511925087,-0.847266009261828,0.565685424949238,0,151.8828965513072
ta,65,2,173,45,5.0,42.42640687119285,-0.7853981633974483,0.5685569981889047,0,151.8828965513072
ta,65,2,173,46,5.0,33.425289826716536,-0.9661977367014196,0.44956066981809384,0,151.8828965513072
ta,65,2,173,47,5.0,36.5,-0.8532549862537522,0.565685424949238,0,151.8828965513072
ta,65,2,173,48,5.0,29.95413160150032,-0.9874233198010405,0.565685424949238,0,151.8828965513072
ta,65,2,173,49,5.0,32.973474187595095,-0.8605253193082101,0.482842712474619,0,151.8828965513072
ta,65,2,173,50,5.0,36.43144246389374,-0.7562801818904092,0.5685569981889047,0,151.8828965513072
ta,65,2,173,51,5.0,30.405591591021544,-0.7853981633974483,0.482842712474619,0,151.8828965513072
ta,65,2,173,52,5.0,23.119256043393783,-5.906694972733064,0.44956066981809384,0,151.8828965513072
ta,65,2,173,53,5.0,22.073740054644116,-6.054688667887724,0.44956066981809384,0,151.8828965513072
ta,65,2,173,54,5.0,17.240939649566666,-5.988950742068399,0.5685569981889047,0,151.8828965513072
ta,65,2,173,55,5.0,26.9675731203236,-6.096698405512369,0.482842712474619,0,151.8828965513072
ta,65,2,173,56,5.0,19.1637678967368,-6.152357911105529,0.482842712474619,0,151.8828965513072
ta,65,2,173,57,5.0,24.12985702402731,-6.179392966722544,0.565685424949238,0,151.8828965513072
ta,65,2,173,58,5.0,13.0,0.0,0.565685424949238,0,151.8828965513072
ta,65,2,173,59,5.0,16.5,0.0,0.44956066981809384,1,151.8828965513072
ta,65,2,173,60,5.0,21.5,0.0,0.5685569981889047,0,151.8828965513072
ta,65,2,173,61,5.0,26.5,0.0,0.565685424949238,0,151.8828965513072
ta,65,2,173,62,5.0,30.0,0.0,0.5685569981889047,0,151.8828965513072
ta,65,2,173,63,5.0,19.1637678967368,-0.1308273960740567,0.44956066981809384,0,151.8828965513072
ta,65,2,173,64,5.0,24.12985702402731,-0.10379234045704289,0.565685424949238,0,151.8828965513072
ta,65,2,173,65,5.0,17.240939649566666,-0.2942345651111875,0.565685424949238,0,151.8828965513072
ta,65,2,173,66,5.0,22.073740054644116,-0.22849663929186237,0.482842712474619,0,151.8828965513072
ta,65,2,173,67,5.0,26.9675731203236,-0.18648690166721682,0.5685569981889047,0,151.8828965513072
ta,65,2,173,68,5.0,23.119256043393783,-0.3764903344465229,0.482842712474619,0,151.8828965513072
ta,65,2,174,1,5.0,45.90479277809671,-2.1467149264132495,0.44956066981809384,0,153.31767916000285
ta,65,2,174,2,5.0,43.01162633521314,-2.191045812777718,0.44956066981809384,0,153.31767916000285
ta,65,2,174,3,5.0,40.311288741492746,-2.089942441041419,0.5685569981889047,0,153.31767916000285
ta,65,2,174,4,5.0,46.09772228646444,-2.279422598922567,0.482842712474619,0,153.31767916000285
ta,65,2,174,5,5.0,39.528470752104745,-2.1763409903998667,0.482842712474619,0,153.31767916000285
ta,65,2,174,6,5.0,42.573465914816005,-2.2730532583039036,0.565685424949238,0,153.31767916000285
ta,65,2,174,7,5.0,34.23813663153998,-2.073639537722757,0.565685424949238,0,153.31767916000285
ta,65,2,174,8,5.0,36.05551275463989,-2.158798930342464,0.44956066981809384,0,153.31767916000285
ta,65,2,174,9,5.0,39.05124837953327,-2.2655346029915995,0.5685569981889047,0,153.31767916000285
ta,65,2,174,10,5.0,42.42640687119285,-2.356194490192345,0.565685424949238,0,153.31767916000285
ta,65,2,174,11,5.0,44.9694340635948,-2.411256885566015,0.5685569981889047,0,153.31767916000285
ta,65,2,174,12,5.0,35.531676008879735,-2.256525837701183,0.44956066981809384,0,153.31767916000285
ta,65,2,174,13,5.0,38.890872965260115,-2.356194490192345,0.565685424949238,0,153.31767916000285
ta,65,2,174,14,5.0,32.01562118716424,-2.245537269018449,0.565685424949238,0,153.31767916000285
ta,65,2,174,16,5.0,39.05124837953327,-2.44685437739309,0.565685424949238,0,153.31767916000285
ta,65,2,174,17,5.0,32.973474187595095,-2.4313216461031066,0.482842712474619,0,153.31767916000285
ta,65,2,174,18,5.0,26.405491853021786,-3.4693311603703485,0.3276927682076162,0,153.31767916000285
ta,65,2,174,19,5.0,25.495097567963924,-3.338988213439674,0.44956066981809384,0,153.31767916000285
ta,65,2,174,20,5.0,20.615528128088304,-3.3865713167166573,0.5685569981889047,0,153.31767916000285
ta,65,2,174,21,5.0,30.4138126514911,-3.30674133100442,0.482842712474619,0,153.31767916000285
ta,65,2,174,22,5.0,22.638462845343543,-3.252249874763689,0.482842712474619,0,153.31767916000285
ta,65,2,174,23,5.0,27.613402542968153,-3.232252540790538,0.565685424949238,0,153.31767916000285
ta,65,2,174,25,5.0,20.0,-3.141592653589793,0.3276927682076162,0,153.31767916000285
ta,65,2,174,26,5.0,25.0,-3.141592653589793,0.565685424949238,0,153.31767916000285
ta,65,2,174,27,5.0,30.0,-3.141592653589793,0.565685424949238,0,153.31767916000285
ta,65,2,174,28,5.0,33.5,-3.141592653589793,0.5685569981889047,0,153.31767916000285
ta,65,2,174,29,5.0,22.638462845343543,-3.0309354324158972,0.44956066981809384,0,153.31767916000285
ta,65,2,174,30,5.0,27.613402542968153,-3.050932766389048,0.565685424949238,0,153.31767916000285
ta,65,2,174,31,5.0,20.615528128088304,-2.896613990462929,0.565685424949238,0,153.31767916000285
ta,65,2,174,32,5.0,25.495097567963924,-2.9441970937399122,0.482842712474619,0,153.31767916000285
ta,65,2,174,33,5.0,30.4138126514911,-2.976443976175166,0.5685569981889047,0,153.31767916000285
ta,65,2,174,34,5.0,26.405491853021786,-2.8138541468092377,0.482842712474619,0,153.31767916000285
ta,65,2,174,35,5.0,38.82331773560833,-1.4416490366668764,0.44956066981809384,0,153.31767916000285
ta,65,2,174,36,5.0,35.35533905932738,-1.4288992721907325,0.44956066981809384,0,153.31767916000285
ta,65,2,174,37,5.0,35.0,-1.5707963267948966,0.5685569981889047,0,153.31767916000285
ta,65,2,174,38,5.0,36.40054944640259,-1.2924966677897851,0.482842712474619,0,153.31767916000285
ta,65,2,174,39,5.0,32.59601202601324,-1.4940244355251184,0.482842712474619,0,153.31767916000285
ta,65,2,174,40,5.0,33.354160160315836,-1.3439974787410107,0.565685424949238,0,153.31767916000285
ta,65,2,174,41,5.0,30.20347662107791,-1.6869379536748867,0.565685424949238,0,153.31767916000285
ta,65,2,174,42,5.0,30.0,-1.5707963267948966,0.44956066981809384,0,153.31767916000285
ta,65,2,174,43,5.0,30.4138126514911,-1.4056476493802696,0.5685569981889047,0,153.31767916000285
ta,65,2,174,44,5.0,31.622776601683793,-1.2490457723982542,0.565685424949238,0,153.31767916000285
ta,65,2,174,45,5.0,32.89756829919196,-1.1479424006619559,0.5685569981889047,0,153.31767916000285
ta,65,2,174,46,5.0,27.613402542968153,-1.4801364395941514,0.44956066981809384,0,153.31767916000285
ta,65,2,174,47,5.0,28.50438562747845,-1.304544277643971,0.565685424949238,0,153.31767916000285
ta,65,2,174,48,5.0,25.0,-1.5707963267948966,0.565685424949238,0,153.31767916000285
ta,65,2,174,49,5.0,25.495097567963924,-1.3734007669450157,0.482842712474619,0,153.31767916000285
ta,65,2,174,50,5.0,26.92582403567252,-1.1902899496825317,0.5685569981889047,0,153.31767916000285
ta,65,2,174,51,5.0,22.073740054644116,-1.3422996875030342,0.482842712474619,0,153.31767916000285
ta,65,2,174,52,5.0,9.86154146165801,-5.244113047643495,0.44956066981809384,0,153.31767916000285
ta,65,2,174,53,5.0,7.0710678118654755,-5.497787143782138,0.44956066981809384,0,153.31767916000285
ta,65,2,174,54,5.0,5.0,-4.71238898038469,0.5685569981889047,0,153.31767916000285
ta,65,2,174,55,5.0,11.180339887498949,-5.81953769817878,0.482842712474619,0,153.31767916000285
ta,65,2,174,56,5.0,3.5355339059327378,-5.497787143782138,0.482842712474619,0,153.31767916000285
ta,65,2,174,57,5.0,7.905694150420948,-5.961434752782944,0.565685424949238,0,153.31767916000285
ta,65,2,174,58,5.0,3.5,-3.141592653589793,0.565685424949238,0,153.31767916000285
ta,65,2,174,59,5.0,0.0,,0.44956066981809384,0,153.31767916000285
ta,65,2,174,60,5.0,5.0,0.0,0.5685569981889047,0,153.31767916000285
ta,65,2,174,61,5.0,10.0,0.0,0.565685424949238,0,153.31767916000285
ta,65,2,174,62,5.0,13.5,0.0,0.5685569981889047,0,153.31767916000285
ta,65,2,174,63,5.0,3.5355339059327378,-0.7853981633974483,0.44956066981809384,0,153.31767916000285
ta,65,2,174,64,5.0,7.905694150420948,-0.32175055439664213,0.565685424949238,0,153.31767916000285
ta,65,2,174,65,5.0,5.0,-1.5707963267948966,0.565685424949238,0,153.31767916000285
ta,65,2,174,66,5.0,7.0710678118654755,-0.7853981633974483,0.482842712474619,1,153.31767916000285
ta,65,2,174,67,5.0,11.180339887498949,-0.46364760900080615,0.5685569981889047,0,153.31767916000285
ta,65,2,174,68,5.0,9.86154146165801,-1.0390722595360908,0.482842712474619,0,153.31767916000285
ta,65,2,175,1,5.0,44.9694340635948,-1.5157339314212264,0.44956066981809384,0,153.9325546219042
ta,65,2,175,2,5.0,42.42640687119285,-1.5707963267948966,0.44956066981809384,0,153.9325546219042
ta,65,2,175,3,5.0,39.05124837953327,-1.4801364395941514,0.5685569981889047,0,153.9325546219042
ta,65,2,175,4,5.0,46.09772228646444,-1.6475682180646745,0.482842712474619,0,153.9325546219042
ta,65,2,175,5,5.0,38.890872965260115,-1.5707963267948966,0.482842712474619,0,153.9325546219042
ta,65,2,175,6,5.0,42.573465914816005,-1.6539375586833378,0.565685424949238,0,153.9325546219042
ta,65,2,175,7,5.0,32.973474187595095,-1.4956691708841343,0.565685424949238,0,153.9325546219042
ta,65,2,175,8,5.0,35.35533905932738,-1.5707963267948966,0.44956066981809384,0,153.9325546219042
ta,65,2,175,9,5.0,39.05124837953327,-1.6614562139956417,0.5685569981889047,0,153.9325546219042
ta,65,2,175,10,5.0,43.01162633521314,-1.7359450042095235,0.565685424949238,0,153.9325546219042
ta,65,2,175,11,5.0,45.90479277809671,-1.780275890573992,0.5685569981889047,0,153.9325546219042
ta,65,2,175,12,5.0,35.531676008879735,-1.6704649792860584,0.44956066981809384,0,153.9325546219042
ta,65,2,175,13,5.0,39.528470752104745,-1.7506498265873747,0.565685424949238,0,153.9325546219042
ta,65,2,175,14,5.0,32.01562118716424,-1.6814535479687922,0.565685424949238,0,153.9325546219042
ta,65,2,175,15,5.0,36.05551275463989,-1.7681918866447774,0.482842712474619,0,153.9325546219042
ta,65,2,175,16,5.0,40.311288741492746,-1.8370483759458218,0.5685569981889047,0,153.9325546219042
ta,65,2,175,17,5.0,34.23813663153998,-1.853351279264484,0.482842712474619,0,153.9325546219042
ta,65,2,175,18,5.0,32.89756829919196,-2.7790484163252858,0.44956066981809384,0,153.9325546219042
ta,65,2,175,19,5.0,31.622776601683793,-2.677945044588987,0.44956066981809384,0,153.9325546219042
ta,65,2,175,20,5.0,26.92582403567252,-2.7367008673047097,0.5685569981889047,0,153.9325546219042
ta,65,2,175,21,5.0,36.40054944640259,-2.6344941491974563,0.482842712474619,0,153.9325546219042
ta,65,2,175,22,5.0,28.50438562747845,-2.62244653934327,0.482842712474619,0,153.9325546219042
ta,65,2,175,23,5.0,33.354160160315836,-2.5829933382462307,0.565685424949238,0,153.9325546219042
ta,65,2,175,24,5.0,22.073740054644116,-2.584691129484207,0.565685424949238,0,153.9325546219042
ta,65,2,175,25,5.0,25.495097567963924,-2.5535900500422257,0.44956066981809384,0,153.9325546219042
ta,65,2,175,26,5.0,30.4138126514911,-2.5213431676069717,0.5685569981889047,0,153.9325546219042
ta,65,2,175,27,5.0,35.35533905932738,-2.498091544796509,0.565685424949238,0,153.9325546219042
ta,65,2,175,28,5.0,38.82331773560833,-2.485341780320365,0.5685569981889047,0,153.9325546219042
ta,65,2,175,29,5.0,27.613402542968153,-2.4468543773930898,0.44956066981809384,0,153.9325546219042
ta,65,2,175,30,5.0,32.59601202601324,-2.4329663814621227,0.565685424949238,0,153.9325546219042
ta,65,2,175,31,5.0,25.0,-2.356194490192345,0.565685424949238,0,153.9325546219042
ta,65,2,175,32,5.0,30.0,-2.356194490192345,0.482842712474619,0,153.9325546219042
ta,65,2,175,33,5.0,35.0,-2.356194490192345,0.5685569981889047,0,153.9325546219042
ta,65,2,175,34,5.0,30.20347662107791,-2.2400528633123544,0.482842712474619,0,153.9325546219042
ta,65,2,175,35,5.0,33.5,-0.7853981633974483,0.44956066981809384,0,153.9325546219042
ta,65,2,175,36,5.0,30.0,-0.7853981633974483,0.44956066981809384,0,153.9325546219042
ta,65,2,175,37,5.0,30.4138126514911,-0.950546840812075,0.5685569981889047,0,153.9325546219042
ta,65,2,175,38,5.0,30.4138126514911,-0.6202494859828214,0.482842712474619,0,153.9325546219042
ta,65,2,175,39,5.0,27.613402542968153,-0.8760580505981934,0.482842712474619,0,153.9325546219042
ta,65,2,175,40,5.0,27.613402542968153,-0.6947382761967031,0.565685424949238,0,153.9325546219042
ta,65,2,175,41,5.0,26.405491853021786,-1.1131366701780037,0.565685424949238,0,153.9325546219042
ta,65,2,175,42,5.0,25.495097567963924,-0.9827937232473289,0.44956066981809384,0,153.9325546219042
ta,65,2,175,43,5.0,25.0,-0.7853981633974483,0.5685569981889047,0,153.9325546219042
ta,65,2,175,44,5.0,25.495097567963924,-0.5880026035475674,0.565685424949238,0,153.9325546219042
ta,65,2,175,45,5.0,26.405491853021786,-0.4576596566168927,0.5685569981889047,0,153.9325546219042
ta,65,2,175,46,5.0,22.638462845343543,-0.8960553845713439,0.44956066981809384,0,153.9325546219042
ta,65,2,175,47,5.0,22.638462845343543,-0.6747409422235526,0.565685424949238,0,153.9325546219042
ta,65,2,175,48,5.0,20.615528128088304,-1.0303768265243123,0.565685424949238,0,153.9325546219042
ta,65,2,175,49,5.0,20.0,-0.7853981633974483,0.482842712474619,0,153.9325546219042
ta,65,2,175,50,5.0,20.615528128088304,-0.540419500270584,0.5685569981889047,0,153.9325546219042
ta,65,2,175,51,5.0,16.5,-0.7853981633974483,0.482842712474619,0,153.9325546219042
ta,65,2,175,52,5.0,13.5,-3.9269908169872414,0.44956066981809384,0,153.9325546219042
ta,65,2,175,53,5.0,10.0,-3.9269908169872414,0.44956066981809384,0,153.9325546219042
ta,65,2,175,54,5.0,11.180339887498949,-3.4633432079864352,0.5685569981889047,0,153.9325546219042
ta,65,2,175,55,5.0,11.180339887498949,-4.3906384259880475,0.482842712474619,0,153.9325546219042
ta,65,2,175,56,5.0,7.905694150420948,-3.6052402625905993,0.482842712474619,0,153.9325546219042
ta,65,2,175,57,5.0,7.905694150420948,-4.2487413713838835,0.565685424949238,0,153.9325546219042
ta,65,2,175,58,5.0,9.86154146165801,-2.8879185574511506,0.565685424949238,0,153.9325546219042
ta,65,2,175,60,5.0,5.0,-3.9269908169872414,0.565685424949238,0,153.9325546219042
ta,65,2,175,61,5.0,7.0710678118654755,-4.71238898038469,0.565685424949238,0,153.9325546219042
ta,65,2,175,62,5.0,9.86154146165801,-4.966063076523333,0.5685569981889047,0,153.9325546219042
ta,65,2,175,63,5.0,3.5355339059327378,-3.141592653589793,0.44956066981809384,0,153.9325546219042
ta,65,2,175,64,5.0,3.5355339059327378,-4.71238898038469,0.565685424949238,0,153.9325546219042
ta,65,2,175,65,5.0,5.0,-2.356194490192345,0.565685424949238,0,153.9325546219042
ta,65,2,175,66,5.0,0.0,,0.482842712474619,0,153.9325546219042
ta,65,2,175,67,5.0,5.0,0.7853981633974483,0.5685569981889047,0,153.9325546219042
ta,65,2,175,68,5.0,3.5,-0.7853981633974483,0.482842712474619,1,153.9325546219042
ta,65,2,176,1,5.0,42.42640687119285,-0.7853981633974483,0.3276927682076162,0,154.23690244799116
ta,65,2,176,2,5.0,40.02811511925087,-0.8472660092618283,0.44956066981809384,0,154.23690244799116
ta,65,2,176,3,5.0,36.43144246389374,-0.7562801818904094,0.5685569981889047,0,154.23690244799116
ta,65,2,176,4,5.0,43.900455578501685,-0.9227394408643822,0.482842712474619,0,154.23690244799116
ta,65,2,176,5,5.0,36.5,-0.8532549862537521,0.482842712474619,0,154.23690244799116
ta,65,2,176,6,5.0,40.40111384603152,-0.9347208240911457,0.565685424949238,0,154.23690244799116
ta,65,2,176,7,5.0,30.405591591021544,-0.7853981633974483,0.565685424949238,0,154.23690244799116
ta,65,2,176,8,5.0,32.973474187595095,-0.8605253193082103,0.44956066981809384,0,154.23690244799116
ta,65,2,176,9,5.0,36.908671067921155,-0.9489720389643067,0.5685569981889047,0,154.23690244799116
ta,65,2,176,10,5.0,41.07614879708174,-1.0199387922631802,0.565685424949238,0,154.23690244799116
ta,65,2,176,11,5.0,44.09648512069868,-1.0614951827928847,0.5685569981889047,0,154.23690244799116
ta,65,2,176,12,5.0,33.425289826716536,-0.9661977367014197,0.44956066981809384,0,154.23690244799116
ta,65,2,176,13,5.0,37.646380968162134,-1.0417658557152478,0.565685424949238,0,154.23690244799116
ta,65,2,176,14,5.0,29.95413160150032,-0.9874233198010406,0.565685424949238,0,154.23690244799116
ta,65,2,176,15,5.0,34.23813663153998,-1.0679531158670357,0.482842712474619,0,154.23690244799116
ta,65,2,176,16,5.0,38.69431482789171,-1.1302659861783835,0.5685569981889047,0,154.23690244799116
ta,65,2,176,17,5.0,32.69556544854363,-1.1618884978439712,0.482842712474619,0,154.23690244799116
ta,65,2,176,18,5.0,34.48187929913333,-2.086345334253876,0.44956066981809384,0,154.23690244799116
ta,65,2,176,19,5.0,32.89756829919196,-1.9936502529278373,0.44956066981809384,0,154.23690244799116
ta,65,2,176,20,5.0,28.412145290350743,-2.0659295902633006,0.5685569981889047,0,154.23690244799116
ta,65,2,176,21,5.0,37.51333096380539,-1.9389270981200601,0.482842712474619,0,154.23690244799116
ta,65,2,176,22,5.0,29.618406439239774,-1.9513027039072615,0.482842712474619,0,154.23690244799116
ta,65,2,176,23,5.0,34.311076928595526,-1.8971551435016591,0.565685424949238,0,154.23690244799116
ta,65,2,176,24,5.0,23.119256043393783,-1.9472866612414195,0.565685424949238,0,154.23690244799116
ta,65,2,176,25,5.0,26.405491853021786,-1.898534833575452,0.44956066981809384,0,154.23690244799116
ta,65,2,176,26,5.0,31.18092365533773,-1.846893346190333,0.5685569981889047,0,154.23690244799116
ta,65,2,176,27,5.0,36.01735692690401,-1.8090410849736416,0.565685424949238,0,154.23690244799116
ta,65,2,176,28,5.0,39.42714800743264,-1.7880897577179176,0.5685569981889047,0,154.23690244799116
ta,65,2,176,29,5.0,28.146935890075138,-1.7856117271965553,0.44956066981809384,0,154.23690244799116
ta,65,2,176,30,5.0,33.04920573932148,-1.7533561799258033,0.565685424949238,0,154.23690244799116
ta,65,2,176,31,5.0,25.243811122728676,-1.709892268276968,0.565685424949238,0,154.23690244799116
ta,65,2,176,32,5.0,30.20347662107791,-1.6869379536748867,0.482842712474619,0,154.23690244799116
ta,65,2,176,33,5.0,35.174564673923115,-1.6704649792860586,0.5685569981889047,0,154.23690244799116
ta,65,2,176,34,5.0,30.0,-1.5707963267948966,0.482842712474619,0,154.23690244799116
ta,65,2,176,35,5.0,30.0,0.0,0.44956066981809384,0,154.23690244799116
ta,65,2,176,36,5.0,26.5,0.0,0.44956066981809384,0,154.23690244799116
ta,65,2,176,37,5.0,26.9675731203236,-0.18648690166721682,0.5685569981889047,0,154.23690244799116
ta,65,2,176,38,5.0,26.9675731203236,0.18648690166721682,0.482842712474619,0,154.23690244799116
ta,65,2,176,39,5.0,24.12985702402731,-0.10379234045704266,0.482842712474619,0,154.23690244799116
ta,65,2,176,40,5.0,24.12985702402731,0.10379234045704289,0.565685424949238,0,154.23690244799116
ta,65,2,176,41,5.0,23.119256043393783,-0.3764903344465229,0.565685424949238,0,154.23690244799116
ta,65,2,176,42,5.0,22.073740054644116,-0.22849663929186215,0.44956066981809384,1,154.23690244799116
ta,65,2,176,43,5.0,21.5,0.0,0.5685569981889047,0,154.23690244799116
ta,65,2,176,44,5.0,22.073740054644116,0.22849663929186237,0.565685424949238,0,154.23690244799116
ta,65,2,176,45,5.0,23.119256043393783,0.3764903344465229,0.5685569981889047,0,154.23690244799116
ta,65,2,176,46,5.0,19.1637678967368,-0.1308273960740569,0.44956066981809384,0,154.23690244799116
ta,65,2,176,47,5.0,19.1637678967368,0.1308273960740569,0.565685424949238,0,154.23690244799116
ta,65,2,176,48,5.0,17.240939649566666,-0.29423456511118773,0.565685424949238,0,154.23690244799116
ta,65,2,176,49,5.0,16.5,0.0,0.482842712474619,0,154.23690244799116
ta,65,2,176,50,5.0,17.240939649566666,0.29423456511118773,0.5685569981889047,0,154.23690244799116
ta,65,2,176,51,5.0,13.0,0.0,0.482842712474619,0,154.23690244799116
ta,65,2,176,52,5.0,17.0,-3.141592653589793,0.44956066981809384,0,154.23690244799116
ta,65,2,176,53,5.0,13.5,-3.141592653589793,0.44956066981809384,0,154.23690244799116
ta,65,2,176,54,5.0,14.396180048887969,-2.7868870015788527,0.5685569981889047,0,154.23690244799116
ta,65,2,176,55,5.0,14.396180048887969,-3.4962983056007335,0.482842712474619,0,154.23690244799116
ta,65,2,176,56,5.0,11.280514172678478,-2.91811605244916,0.482842712474619,0,154.23690244799116
ta,65,2,176,57,5.0,11.280514172678478,-3.365069254730426,0.565685424949238,0,154.23690244799116
ta,65,2,176,58,5.0,12.020815280171307,-2.356194490192345,0.565685424949238,0,154.23690244799116
ta,65,2,176,60,5.0,8.5,-3.141592653589793,0.565685424949238,0,154.23690244799116
ta,65,2,176,61,5.0,9.86154146165801,-3.673316720848599,0.565685424949238,0,154.23690244799116
ta,65,2,176,62,5.0,12.020815280171307,-3.9269908169872414,0.5685569981889047,0,154.23690244799116
ta,65,2,176,63,5.0,6.5,-2.7468015338900313,0.44956066981809384,0,154.23690244799116
ta,65,2,176,64,5.0,6.5,-3.536383773289555,0.565685424949238,0,154.23690244799116
ta,65,2,176,65,5.0,6.103277807866851,-2.181522291184105,0.565685424949238,0,154.23690244799116
ta,65,2,176,67,5.0,6.103277807866851,-4.101663015995481,0.565685424949238,0,154.23690244799116
ta,65,2,176,68,5.0,0.0,,0.482842712474619,0,154.23690244799116
ta,65,2,177,1,5.0,26.405491853021786,-1.014561180722479,0.317692537949962,0,156.15635810491673
ta,65,2,177,2,5.0,25.495097567963924,-1.1449041276531537,0.44956066981809384,0,156.15635810491673
ta,65,2,177,3,5.0,20.615528128088304,-1.0973210243761702,0.5685569981889047,0,156.15635810491673
ta,65,2,177,4,5.0,30.4138126514911,-1.1771510100884075,0.482842712474619,0,156.15635810491673
ta,65,2,177,5,5.0,22.638462845343543,-1.2316424663291388,0.482842712474619,0,156.15635810491673
ta,65,2,177,6,5.0,27.613402542968153,-1.2516398003022893,0.565685424949238,0,156.15635810491673
ta,65,2,177,7,5.0,16.5,-1.3422996875030344,0.565685424949238,0,156.15635810491673
ta,65,2,177,8,5.0,20.0,-1.3422996875030344,0.44956066981809384,0,156.15635810491673
ta,65,2,177,9,5.0,25.0,-1.3422996875030344,0.5685569981889047,0,156.15635810491673
ta,65,2,177,10,5.0,30.0,-1.3422996875030344,0.565685424949238,0,156.15635810491673
ta,65,2,177,11,5.0,33.5,-1.3422996875030344,0.5685569981889047,0,156.15635810491673
ta,65,2,177,12,5.0,22.638462845343543,-1.45295690867693,0.44956066981809384,0,156.15635810491673
ta,65,2,177,13,5.0,27.613402542968153,-1.4329595747037795,0.565685424949238,0,156.15635810491673
ta,65,2,177,14,5.0,20.615528128088304,-1.5872783506298986,0.565685424949238,0,156.15635810491673
ta,65,2,177,15,5.0,25.495097567963924,-1.539695247352915,0.482842712474619,0,156.15635810491673
ta,65,2,177,16,5.0,30.4138126514911,-1.5074483649176613,0.5685569981889047,0,156.15635810491673
ta,65,2,177,17,5.0,26.405491853021786,-1.6700381942835898,0.482842712474619,0,156.15635810491673
ta,65,2,177,18,5.0,45.90479277809671,-2.337177414679578,0.44956066981809384,0,156.15635810491673
ta,65,2,177,19,5.0,43.01162633521314,-2.29284652831511,0.44956066981809384,0,156.15635810491673
ta,65,2,177,20,5.0,40.311288741492746,-2.393949900051408,0.5685569981889047,0,156.15635810491673
ta,65,2,177,21,5.0,46.09772228646444,-2.204469742170261,0.482842712474619,0,156.15635810491673
ta,65,2,177,22,5.0,39.528470752104745,-2.307551350692961,0.482842712474619,0,156.15635810491673
ta,65,2,177,23,5.0,42.573465914816005,-2.210839082788924,0.565685424949238,0,156.15635810491673
ta,65,2,177,24,5.0,34.23813663153998,-2.4102528033700703,0.565685424949238,0,156.15635810491673
ta,65,2,177,25,5.0,36.05551275463989,-2.3250934107503634,0.44956066981809384,0,156.15635810491673
ta,65,2,177,26,5.0,39.05124837953327,-2.218357738101228,0.5685569981889047,0,156.15635810491673
ta,65,2,177,27,5.0,42.42640687119285,-2.127697850900483,0.565685424949238,0,156.15635810491673
ta,65,2,177,28,5.0,44.9694340635948,-2.0726354555268123,0.5685569981889047,0,156.15635810491673
ta,65,2,177,29,5.0,35.531676008879735,-2.2273665033916448,0.44956066981809384,0,156.15635810491673
ta,65,2,177,30,5.0,38.890872965260115,-2.127697850900483,0.565685424949238,0,156.15635810491673
ta,65,2,177,31,5.0,32.01562118716424,-2.2383550720743783,0.565685424949238,0,156.15635810491673
ta,65,2,177,32,5.0,35.35533905932738,-2.127697850900483,0.482842712474619,0,156.15635810491673
ta,65,2,177,33,5.0,39.05124837953327,-2.0370379636997376,0.5685569981889047,0,156.15635810491673
ta,65,2,177,34,5.0,32.973474187595095,-2.0525706949897207,0.482842712474619,0,156.15635810491673
ta,65,2,177,35,5.0,9.86154146165801,0.7602207065506679,0.44956066981809384,0,156.15635810491673
ta,65,2,177,36,5.0,7.0710678118654755,1.0138948026893104,0.44956066981809384,0,156.15635810491673
ta,65,2,177,37,5.0,5.0,0.22849663929186215,0.5685569981889047,1,156.15635810491673
ta,65,2,177,38,5.0,11.180339887498949,1.3356453570859526,0.482842712474619,0,156.15635810491673
ta,65,2,177,39,5.0,3.5355339059327378,1.0138948026893104,0.482842712474619,0,156.15635810491673
ta,65,2,177,40,5.0,7.905694150420948,1.4775424116901166,0.565685424949238,0,156.15635810491673
ta,65,2,177,41,5.0,3.5,-1.3422996875030344,0.565685424949238,0,156.15635810491673
ta,65,2,177,42,5.0,0.0,,0.44956066981809384,0,156.15635810491673
ta,65,2,177,43,5.0,5.0,1.7992929660867587,0.5685569981889047,0,156.15635810491673
ta,65,2,177,44,5.0,10.0,1.7992929660867587,0.565685424949238,0,156.15635810491673
ta,65,2,177,45,5.0,13.5,1.7992929660867587,0.5685569981889047,0,156.15635810491673
ta,65,2,177,46,5.0,3.5355339059327378,-3.6984941776953795,0.44956066981809384,0,156.15635810491673
ta,65,2,177,47,5.0,7.905694150420948,-4.162141786696186,0.565685424949238,0,156.15635810491673
ta,65,2,177,48,5.0,5.0,-2.913096014297931,0.565685424949238,0,156.15635810491673
ta,65,2,177,49,5.0,7.0710678118654755,-3.6984941776953795,0.482842712474619,0,156.15635810491673
ta,65,2,177,50,5.0,11.180339887498949,-4.020244732092022,0.5685569981889047,0,156.15635810491673
ta,65,2,177,51,5.0,9.86154146165801,-3.4448200815567365,0.482842712474619,0,156.15635810491673
ta,65,2,177,52,5.0,38.82331773560833,-3.042243304425951,0.44956066981809384,0,156.15635810491673
ta,65,2,177,53,5.0,35.35533905932738,-3.054993068902095,0.44956066981809384,0,156.15635810491673
ta,65,2,177,54,5.0,35.0,-2.913096014297931,0.5685569981889047,0,156.15635810491673
ta,65,2,177,55,5.0,36.40054944640259,-3.1913956733030426,0.482842712474619,0,156.15635810491673
ta,65,2,177,56,5.0,32.59601202601324,-2.989867905567709,0.482842712474619,0,156.15635810491673
ta,65,2,177,57,5.0,33.354160160315836,-3.1398948623518166,0.565685424949238,0,156.15635810491673
ta,65,2,177,58,5.0,30.20347662107791,-2.796954387417941,0.565685424949238,0,156.15635810491673
ta,65,2,177,59,5.0,30.0,-2.913096014297931,0.44956066981809384,0,156.15635810491673
ta,65,2,177,60,5.0,30.4138126514911,-3.078244691712558,0.5685569981889047,0,156.15635810491673
ta,65,2,177,61,5.0,31.622776601683793,-3.2348465686945733,0.565685424949238,0,156.15635810491673
ta,65,2,177,62,5.0,32.89756829919196,-3.3359499404308717,0.5685569981889047,0,156.15635810491673
ta,65,2,177,63,5.0,27.613402542968153,-3.003755901498676,0.44956066981809384,0,156.15635810491673
ta,65,2,177,64,5.0,28.50438562747845,-3.1793480634488565,0.565685424949238,0,156.15635810491673
ta,65,2,177,65,5.0,25.0,-2.913096014297931,0.565685424949238,0,156.15635810491673
ta,65,2,177,67,5.0,26.92582403567252,-3.293602391410296,0.482842712474619,0,156.15635810491673
ta,65,2,178,1,4.0,25.243811122728676,-1.4317003853128252,0.3276927682076162,0,156.5911407136124
ta,65,2,178,2,4.0,25.0,-1.5707963267948966,0.44956066981809384,0,156.5911407136124
ta,65,2,178,3,4.0,20.0,-1.5707963267948966,0.5685569981889047,1,156.5911407136124
ta,65,2,178,4,4.0,30.0,-1.5707963267948966,0.482842712474619,0,156.5911407136124
ta,65,2,178,5,4.0,22.638462845343543,-1.6814535479687922,0.482842712474619,0,156.5911407136124
ta,65,2,178,6,4.0,27.613402542968153,-1.6614562139956417,0.565685424949238,0,156.5911407136124
ta,65,2,178,7,4.0,17.240939649566666,-1.8650308919060843,0.565685424949238,0,156.5911407136124
ta,65,2,178,8,4.0,20.615528128088304,-1.8157749899217608,0.44956066981809384,0,156.5911407136124
ta,65,2,178,9,4.0,25.495097567963924,-1.7681918866447772,0.5685569981889047,0,156.5911407136124
ta,65,2,178,10,4.0,30.4138126514911,-1.7359450042095235,0.565685424949238,0,156.5911407136124
ta,65,2,178,11,4.0,33.8710791088799,-1.718956347526728,0.5685569981889047,0,156.5911407136124
ta,65,2,178,12,4.0,23.717082451262844,-1.8925468811915387,0.44956066981809384,0,156.5911407136124
ta,65,2,178,13,4.0,28.50438562747845,-1.8370483759458218,0.565685424949238,0,156.5911407136124
ta,65,2,178,14,4.0,22.360679774997898,-2.0344439357957027,0.565685424949238,0,156.5911407136124
ta,65,2,178,15,4.0,26.92582403567252,-1.9513027039072615,0.482842712474619,0,156.5911407136124
ta,65,2,178,16,4.0,31.622776601683793,-1.8925468811915387,0.5685569981889047,0,156.5911407136124
ta,65,2,178,17,4.0,28.412145290350743,-2.0659295902633006,0.482842712474619,0,156.5911407136124
ta,65,2,178,18,4.0,50.172203459684724,-2.6199743564934064,0.44956066981809384,0,156.5911407136124
ta,65,2,178,19,4.0,47.16990566028302,-2.5829933382462307,0.44956066981809384,0,156.5911407136124
ta,65,2,178,20,4.0,44.721359549995796,-2.677945044588987,0.5685569981889047,0,156.5911407136124
ta,65,2,178,21,4.0,50.0,-2.498091544796509,0.482842712474619,0,156.5911407136124
ta,65,2,178,22,4.0,43.73213921133976,-2.601173153319209,0.482842712474619,0,156.5911407136124
ta,65,2,178,23,4.0,46.502688094345686,-2.50884381858761,0.565685424949238,0,156.5911407136124
ta,65,2,178,24,4.0,38.69431482789171,-2.70106231297328,0.565685424949238,0,156.5911407136124
ta,65,2,178,25,4.0,40.311288741492746,-2.6224465393432705,0.44956066981809384,0,156.5911407136124
ta,65,2,178,26,4.0,43.01162633521314,-2.5213431676069717,0.5685569981889047,0,156.5911407136124
ta,65,2,178,27,4.0,46.09772228646444,-2.4329663814621227,0.565685424949238,0,156.5911407136124
ta,65,2,178,28,4.0,48.44842618702903,-2.378088801315123,0.5685569981889047,0,156.5911407136124
ta,65,2,178,29,4.0,39.528470752104745,-2.536047989984823,0.44956066981809384,0,156.5911407136124
ta,65,2,178,30,4.0,42.573465914816005,-2.439335722080786,0.565685424949238,0,156.5911407136124
ta,65,2,178,31,4.0,36.05551275463989,-2.5535900500422257,0.565685424949238,0,156.5911407136124
ta,65,2,178,32,4.0,39.05124837953327,-2.44685437739309,0.482842712474619,0,156.5911407136124
ta,65,2,178,33,4.0,42.42640687119285,-2.356194490192345,0.5685569981889047,0,156.5911407136124
ta,65,2,178,34,4.0,36.43144246389374,-2.385312471699384,0.482842712474619,0,156.5911407136124
ta,65,2,178,35,4.0,6.103277807866851,0.9600703624056881,0.44956066981809384,0,156.5911407136124
ta,65,2,178,36,4.0,5.0,1.5707963267948966,0.44956066981809384,0,156.5911407136124
ta,65,2,178,37,4.0,0.0,,0.5685569981889047,0,156.5911407136124
ta,65,2,178,38,4.0,10.0,1.5707963267948966,0.482842712474619,0,156.5911407136124
ta,65,2,178,39,4.0,3.5355339059327378,-3.9269908169872414,0.482842712474619,0,156.5911407136124
ta,65,2,178,40,4.0,7.905694150420948,-4.3906384259880475,0.565685424949238,0,156.5911407136124
ta,65,2,178,41,4.0,6.103277807866851,-2.5308666892005847,0.565685424949238,0,156.5911407136124
ta,65,2,178,43,4.0,7.0710678118654755,-3.9269908169872414,0.565685424949238,0,156.5911407136124
ta,65,2,178,44,4.0,11.180339887498949,-4.2487413713838835,0.565685424949238,0,156.5911407136124
ta,65,2,178,45,4.0,14.396180048887969,-4.357683328373749,0.5685569981889047,0,156.5911407136124
ta,65,2,178,46,4.0,7.905694150420948,-3.4633432079864352,0.44956066981809384,0,156.5911407136124
ta,65,2,178,47,4.0,10.606601717798213,-3.9269908169872414,0.565685424949238,0,156.5911407136124
ta,65,2,178,48,4.0,10.0,-3.141592653589793,0.565685424949238,0,156.5911407136124
ta,65,2,178,49,4.0,11.180339887498949,-3.6052402625905993,0.482842712474619,0,156.5911407136124
ta,65,2,178,50,4.0,14.142135623730951,-3.9269908169872414,0.5685569981889047,0,156.5911407136124
ta,65,2,178,51,4.0,14.396180048887969,-3.4962983056007335,0.482842712474619,0,156.5911407136124
ta,65,2,178,52,4.0,43.78641341786285,-3.2560329588598567,0.44956066981809384,0,156.5911407136124
ta,65,2,178,53,4.0,40.311288741492746,-3.265947648136555,0.44956066981809384,0,156.5911407136124
ta,65,2,178,54,4.0,40.0,-3.141592653589793,0.5685569981889047,0,156.5911407136124
ta,65,2,178,55,4.0,41.23105625617661,-3.3865713167166573,0.482842712474619,0,156.5911407136124
ta,65,2,178,56,4.0,37.58324094593227,-3.2081608173656173,0.482842712474619,0,156.5911407136124
ta,65,2,178,57,4.0,38.242646351945886,-3.338988213439674,0.565685424949238,0,156.5911407136124
ta,65,2,178,58,4.0,35.174564673923115,-3.0419240010986313,0.565685424949238,0,156.5911407136124
ta,65,2,178,59,4.0,35.0,-3.141592653589793,0.44956066981809384,0,156.5911407136124
ta,65,2,178,60,4.0,35.35533905932738,-3.283489708193957,0.5685569981889047,0,156.5911407136124
ta,65,2,178,61,4.0,36.40054944640259,-3.4198923125949046,0.565685424949238,0,156.5911407136124
ta,65,2,178,62,4.0,37.51333096380539,-3.5097234249149567,0.5685569981889047,0,156.5911407136124
ta,65,2,178,63,4.0,32.59601202601324,-3.218364544859571,0.44956066981809384,0,156.5911407136124
ta,65,2,178,64,4.0,33.354160160315836,-3.368391501643679,0.565685424949238,0,156.5911407136124
ta,65,2,178,65,4.0,30.0,-3.141592653589793,0.565685424949238,0,156.5911407136124
ta,65,2,178,67,4.0,31.622776601683793,-3.4633432079864352,0.565685424949238,0,156.5911407136124
ta,65,2,178,68,4.0,26.9675731203236,-3.32807955525701,0.482842712474619,0,156.5911407136124
ta,65,2,179,1,4.0,6.103277807866851,0.6107259643892086,0.44956066981809384,0,158.33027114839498
ta,65,2,179,2,4.0,5.0,0.0,0.44956066981809384,0,158.33027114839498
ta,65,2,179,3,4.0,0.0,,0.5685569981889047,0,158.33027114839498
ta,65,2,179,4,4.0,10.0,0.0,0.482842712474619,0,158.33027114839498
ta,65,2,179,5,4.0,3.5355339059327378,-0.7853981633974483,0.482842712474619,0,158.33027114839498
ta,65,2,179,6,4.0,7.905694150420948,-0.3217505543966422,0.565685424949238,0,158.33027114839498
ta,65,2,179,7,4.0,6.103277807866851,-2.1815222911841055,0.565685424949238,0,158.33027114839498
ta,65,2,179,8,4.0,5.0,-1.5707963267948966,0.44956066981809384,0,158.33027114839498
ta,65,2,179,9,4.0,7.0710678118654755,-0.7853981633974483,0.5685569981889047,0,158.33027114839498
ta,65,2,179,10,4.0,11.180339887498949,-0.4636476090008061,0.565685424949238,0,158.33027114839498
ta,65,2,179,11,4.0,14.396180048887969,-0.35470565201094034,0.5685569981889047,0,158.33027114839498
ta,65,2,179,12,4.0,7.905694150420948,-1.2490457723982544,0.44956066981809384,0,158.33027114839498
ta,65,2,179,13,4.0,10.606601717798213,-0.7853981633974483,0.565685424949238,0,158.33027114839498
ta,65,2,179,14,4.0,10.0,-1.5707963267948966,0.565685424949238,0,158.33027114839498
ta,65,2,179,15,4.0,11.180339887498949,-1.1071487177940904,0.482842712474619,1,158.33027114839498
ta,65,2,179,16,4.0,14.142135623730951,-0.7853981633974483,0.5685569981889047,0,158.33027114839498
ta,65,2,179,17,4.0,14.396180048887969,-1.2160906747839564,0.482842712474619,0,158.33027114839498
ta,65,2,179,18,4.0,43.78641341786285,-1.4563560215248332,0.44956066981809384,0,158.33027114839498
ta,65,2,179,19,4.0,40.311288741492746,-1.446441332248135,0.44956066981809384,0,158.33027114839498
ta,65,2,179,20,4.0,40.0,-1.5707963267948966,0.5685569981889047,0,158.33027114839498
ta,65,2,179,21,4.0,41.23105625617661,-1.3258176636680326,0.482842712474619,0,158.33027114839498
ta,65,2,179,22,4.0,37.58324094593227,-1.5042281630190728,0.482842712474619,0,158.33027114839498
ta,65,2,179,23,4.0,38.242646351945886,-1.373400766945016,0.565685424949238,0,158.33027114839498
ta,65,2,179,24,4.0,35.174564673923115,-1.6704649792860586,0.565685424949238,0,158.33027114839498
ta,65,2,179,25,4.0,35.0,-1.5707963267948966,0.44956066981809384,0,158.33027114839498
ta,65,2,179,26,4.0,35.35533905932738,-1.4288992721907328,0.5685569981889047,0,158.33027114839498
ta,65,2,179,27,4.0,36.40054944640259,-1.2924966677897853,0.565685424949238,0,158.33027114839498
ta,65,2,179,28,4.0,37.51333096380539,-1.202665555469733,0.5685569981889047,0,158.33027114839498
ta,65,2,179,29,4.0,32.59601202601324,-1.4940244355251187,0.44956066981809384,0,158.33027114839498
ta,65,2,179,30,4.0,33.354160160315836,-1.3439974787410107,0.565685424949238,0,158.33027114839498
ta,65,2,179,31,4.0,30.0,-1.5707963267948966,0.565685424949238,0,158.33027114839498
ta,65,2,179,32,4.0,30.4138126514911,-1.4056476493802699,0.482842712474619,0,158.33027114839498
ta,65,2,179,33,4.0,31.622776601683793,-1.2490457723982544,0.5685569981889047,0,158.33027114839498
ta,65,2,179,34,4.0,26.9675731203236,-1.3843094251276797,0.482842712474619,0,158.33027114839498
ta,65,2,179,35,4.0,25.243811122728676,3.002496712107722,0.44956066981809384,0,158.33027114839498
ta,65,2,179,36,4.0,25.0,3.141592653589793,0.44956066981809384,0,158.33027114839498
ta,65,2,179,38,4.0,30.0,3.141592653589793,0.4,0,158.33027114839498
ta,65,2,179,39,4.0,22.638462845343543,-3.0309354324158977,0.482842712474619,0,158.33027114839498
ta,65,2,179,40,4.0,27.613402542968153,-3.050932766389048,0.565685424949238,0,158.33027114839498
ta,65,2,179,41,4.0,17.240939649566666,-2.8473580884786056,0.565685424949238,0,158.33027114839498
ta,65,2,179,42,4.0,20.615528128088304,-2.896613990462929,0.44956066981809384,0,158.33027114839498
ta,65,2,179,43,4.0,25.495097567963924,-2.9441970937399127,0.5685569981889047,0,158.33027114839498
ta,65,2,179,44,4.0,30.4138126514911,-2.976443976175166,0.565685424949238,0,158.33027114839498
ta,65,2,179,45,4.0,33.8710791088799,-2.993432632857962,0.5685569981889047,0,158.33027114839498
ta,65,2,179,46,4.0,23.717082451262844,-2.819842099193151,0.44956066981809384,0,158.33027114839498
ta,65,2,179,47,4.0,28.50438562747845,-2.875340604438868,0.565685424949238,0,158.33027114839498
ta,65,2,179,48,4.0,22.360679774997898,-2.677945044588987,0.565685424949238,0,158.33027114839498
ta,65,2,179,49,4.0,26.92582403567252,-2.761086276477428,0.482842712474619,0,158.33027114839498
ta,65,2,179,50,4.0,31.622776601683793,-2.819842099193151,0.5685569981889047,0,158.33027114839498
ta,65,2,179,51,4.0,28.412145290350743,-2.646459390121389,0.482842712474619,0,158.33027114839498
ta,65,2,179,52,4.0,50.172203459684724,-2.0924146238912833,0.44956066981809384,0,158.33027114839498
ta,65,2,179,53,4.0,47.16990566028302,-2.129395642138459,0.44956066981809384,0,158.33027114839498
ta,65,2,179,54,4.0,44.721359549995796,-2.0344439357957027,0.5685569981889047,0,158.33027114839498
ta,65,2,179,55,4.0,50.0,-2.214297435588181,0.482842712474619,0,158.33027114839498
ta,65,2,179,56,4.0,43.73213921133976,-2.1112158270654806,0.482842712474619,0,158.33027114839498
ta,65,2,179,57,4.0,46.502688094345686,-2.20354516179708,0.565685424949238,0,158.33027114839498
ta,65,2,179,58,4.0,38.69431482789171,-2.0113266674114096,0.565685424949238,0,158.33027114839498
ta,65,2,179,59,4.0,40.311288741492746,-2.0899424410414196,0.44956066981809384,0,158.33027114839498
ta,65,2,179,60,4.0,43.01162633521314,-2.191045812777718,0.5685569981889047,0,158.33027114839498
ta,65,2,179,61,4.0,46.09772228646444,-2.279422598922567,0.565685424949238,0,158.33027114839498
ta,65,2,179,62,4.0,48.44842618702903,-2.3343001790695665,0.5685569981889047,0,158.33027114839498
ta,65,2,179,63,4.0,39.528470752104745,-2.1763409903998667,0.44956066981809384,0,158.33027114839498
ta,65,2,179,64,4.0,42.573465914816005,-2.2730532583039036,0.565685424949238,0,158.33027114839498
ta,65,2,179,65,4.0,36.05551275463989,-2.158798930342464,0.565685424949238,0,158.33027114839498
ta,65,2,179,66,4.0,39.05124837953327,-2.2655346029916,0.482842712474619,0,158.33027114839498
ta,65,2,179,67,4.0,42.42640687119285,-2.356194490192345,0.5685569981889047,0,158.33027114839498
ta,65,2,179,68,4.0,36.43144246389374,-2.3270765086853062,0.482842712474619,0,158.33027114839498
ta,65,2,180,1,5.0,13.5,2.677945044588987,0.44956066981809384,0,159.30247461687316
ta,65,2,180,2,5.0,10.0,2.677945044588987,0.44956066981809384,0,159.30247461687316
ta,65,2,180,4,5.0,11.180339887498949,2.214297435588181,0.4,0,159.30247461687316
ta,65,2,180,5,5.0,7.905694150420948,2.999695598985629,0.482842712474619,0,159.30247461687316
ta,65,2,180,6,5.0,7.905694150420948,2.356194490192345,0.565685424949238,0,159.30247461687316
ta,65,2,180,7,5.0,9.86154146165801,3.7170173041250782,0.565685424949238,0,159.30247461687316
ta,65,2,180,8,5.0,7.0710678118654755,3.4633432079864352,0.44956066981809384,0,159.30247461687316
ta,65,2,180,9,5.0,5.0,2.677945044588987,0.5685569981889047,0,159.30247461687316
ta,65,2,180,10,5.0,7.0710678118654755,1.8925468811915387,0.565685424949238,0,159.30247461687316
ta,65,2,180,11,5.0,9.86154146165801,1.6388727850528961,0.5685569981889047,0,159.30247461687316
ta,65,2,180,12,5.0,3.5355339059327378,3.4633432079864352,0.44956066981809384,0,159.30247461687316
ta,65,2,180,13,5.0,3.5355339059327378,1.8925468811915387,0.565685424949238,0,159.30247461687316
ta,65,2,180,14,5.0,5.0,4.2487413713838835,0.565685424949238,0,159.30247461687316
ta,65,2,180,15,5.0,0.0,,0.482842712474619,0,159.30247461687316
ta,65,2,180,16,5.0,5.0,1.1071487177940904,0.5685569981889047,0,159.30247461687316
ta,65,2,180,17,5.0,3.5,-0.46364760900080615,0.482842712474619,0,159.30247461687316
ta,65,2,180,18,5.0,33.5,-0.46364760900080615,0.44956066981809384,0,159.30247461687316
ta,65,2,180,19,5.0,30.0,-0.46364760900080615,0.44956066981809384,0,159.30247461687316
ta,65,2,180,20,5.0,30.4138126514911,-0.6287962864154331,0.5685569981889047,0,159.30247461687316
ta,65,2,180,21,5.0,30.4138126514911,-0.29849893158617946,0.482842712474619,0,159.30247461687316
ta,65,2,180,22,5.0,27.613402542968153,-0.5543074962015513,0.482842712474619,0,159.30247461687316
ta,65,2,180,23,5.0,27.613402542968153,-0.372987721800061,0.565685424949238,0,159.30247461687316
ta,65,2,180,24,5.0,26.405491853021786,-0.7913861157813618,0.565685424949238,0,159.30247461687316
ta,65,2,180,25,5.0,25.495097567963924,-0.661043168850687,0.44956066981809384,0,159.30247461687316
ta,65,2,180,26,5.0,25.0,-0.46364760900080615,0.5685569981889047,0,159.30247461687316
ta,65,2,180,27,5.0,25.495097567963924,-0.2662520491509255,0.565685424949238,0,159.30247461687316
ta,65,2,180,28,5.0,26.405491853021786,-0.13590910222025077,0.5685569981889047,0,159.30247461687316
ta,65,2,180,29,5.0,22.638462845343543,-0.5743048301747018,0.44956066981809384,0,159.30247461687316
ta,65,2,180,30,5.0,22.638462845343543,-0.3529903878269105,0.565685424949238,0,159.30247461687316
ta,65,2,180,31,5.0,20.615528128088304,-0.7086262721276704,0.565685424949238,0,159.30247461687316
ta,65,2,180,32,5.0,20.0,-0.46364760900080615,0.482842712474619,0,159.30247461687316
ta,65,2,180,33,5.0,20.615528128088304,-0.21866894587394214,0.5685569981889047,0,159.30247461687316
ta,65,2,180,34,5.0,16.5,-0.46364760900080615,0.482842712474619,1,159.30247461687316
ta,65,2,180,35,5.0,32.89756829919196,3.825887445250943,0.44956066981809384,0,159.30247461687316
ta,65,2,180,36,5.0,31.622776601683793,3.9269908169872414,0.44956066981809384,0,159.30247461687316
ta,65,2,180,38,5.0,36.40054944640259,3.970441712378772,0.4,0,159.30247461687316
ta,65,2,180,39,5.0,28.50438562747845,3.9824893222329583,0.482842712474619,0,159.30247461687316
ta,65,2,180,40,5.0,33.354160160315836,4.021942523329997,0.565685424949238,0,159.30247461687316
ta,65,2,180,41,5.0,22.073740054644116,4.020244732092021,0.565685424949238,0,159.30247461687316
ta,65,2,180,42,5.0,25.495097567963924,4.051345811534003,0.44956066981809384,0,159.30247461687316
ta,65,2,180,43,5.0,30.4138126514911,4.083592693969257,0.5685569981889047,0,159.30247461687316
ta,65,2,180,44,5.0,35.35533905932738,4.1068443167797195,0.565685424949238,0,159.30247461687316
ta,65,2,180,45,5.0,38.82331773560833,4.119594081255864,0.5685569981889047,0,159.30247461687316
ta,65,2,180,46,5.0,27.613402542968153,4.158081484183139,0.44956066981809384,0,159.30247461687316
ta,65,2,180,47,5.0,32.59601202601324,4.171969480114106,0.565685424949238,0,159.30247461687316
ta,65,2,180,48,5.0,25.0,4.2487413713838835,0.565685424949238,0,159.30247461687316
ta,65,2,180,49,5.0,30.0,4.2487413713838835,0.482842712474619,0,159.30247461687316
ta,65,2,180,50,5.0,35.0,4.2487413713838835,0.5685569981889047,0,159.30247461687316
ta,65,2,180,51,5.0,30.20347662107791,-1.9183023089157127,0.482842712474619,0,159.30247461687316
ta,65,2,180,52,5.0,44.9694340635948,-1.1939833770245842,0.44956066981809384,0,159.30247461687316
ta,65,2,180,53,5.0,42.42640687119285,-1.2490457723982544,0.44956066981809384,0,159.30247461687316
ta,65,2,180,54,5.0,39.05124837953327,-1.1583858851975095,0.5685569981889047,0,159.30247461687316
ta,65,2,180,55,5.0,46.09772228646444,-1.3258176636680328,0.482842712474619,0,159.30247461687316
ta,65,2,180,56,5.0,38.890872965260115,-1.2490457723982544,0.482842712474619,0,159.30247461687316
ta,65,2,180,57,5.0,42.573465914816005,-1.3321870042866957,0.565685424949238,0,159.30247461687316
ta,65,2,180,58,5.0,32.973474187595095,-1.1739186164874926,0.565685424949238,0,159.30247461687316
ta,65,2,180,59,5.0,35.35533905932738,-1.2490457723982544,0.44956066981809384,0,159.30247461687316
ta,65,2,180,60,5.0,39.05124837953327,-1.3397056595989998,0.5685569981889047,0,159.30247461687316
ta,65,2,180,61,5.0,43.01162633521314,-1.4141944498128813,0.565685424949238,0,159.30247461687316
ta,65,2,180,62,5.0,45.90479277809671,-1.4585253361773498,0.5685569981889047,0,159.30247461687316
ta,65,2,180,63,5.0,35.531676008879735,-1.3487144248894167,0.44956066981809384,0,159.30247461687316
ta,65,2,180,64,5.0,39.528470752104745,-1.428899272190733,0.565685424949238,0,159.30247461687316
ta,65,2,180,65,5.0,32.01562118716424,-1.3597029935721503,0.565685424949238,0,159.30247461687316
ta,65,2,180,66,5.0,36.05551275463989,-1.4464413322481353,0.482842712474619,0,159.30247461687316
ta,65,2,180,67,5.0,40.311288741492746,-1.5152978215491797,0.5685569981889047,0,159.30247461687316
ta,65,2,180,68,5.0,34.23813663153998,-1.5316007248678418,0.482842712474619,0,159.30247461687316
ta,65,2,181,1,5.0,30.0,3.141592653589793,0.44956066981809384,0,160.7372572255688
ta,65,2,181,2,5.0,26.5,3.141592653589793,0.44956066981809384,0,160.7372572255688
ta,65,2,181,4,5.0,26.9675731203236,2.9551057519225763,0.4,0,160.7372572255688
ta,65,2,181,5,5.0,24.12985702402731,3.245384994046836,0.482842712474619,0,160.7372572255688
ta,65,2,181,6,5.0,24.12985702402731,3.0378003131327507,0.565685424949238,0,160.7372572255688
ta,65,2,181,7,5.0,23.119256043393783,3.518082988036316,0.565685424949238,0,160.7372572255688
ta,65,2,181,8,5.0,22.073740054644116,3.3700892928816555,0.44956066981809384,0,160.7372572255688
ta,65,2,181,9,5.0,21.5,3.141592653589793,0.5685569981889047,0,160.7372572255688
ta,65,2,181,10,5.0,22.073740054644116,2.913096014297931,0.565685424949238,0,160.7372572255688
ta,65,2,181,11,5.0,23.119256043393783,2.76510231914327,0.5685569981889047,0,160.7372572255688
ta,65,2,181,12,5.0,19.1637678967368,3.2724200496638502,0.44956066981809384,0,160.7372572255688
ta,65,2,181,13,5.0,19.1637678967368,3.010765257515736,0.565685424949238,0,160.7372572255688
ta,65,2,181,14,5.0,17.240939649566666,3.4358272187009806,0.565685424949238,0,160.7372572255688
ta,65,2,181,16,5.0,17.240939649566666,2.8473580884786056,0.565685424949238,0,160.7372572255688
ta,65,2,181,17,5.0,13.0,3.141592653589793,0.482842712474619,0,160.7372572255688
ta,65,2,181,18,5.0,17.0,0.0,0.3276927682076162,0,160.7372572255688
ta,65,2,181,19,5.0,13.5,0.0,0.44956066981809384,0,160.7372572255688
ta,65,2,181,20,5.0,14.396180048887969,-0.3547056520109404,0.5685569981889047,0,160.7372572255688
ta,65,2,181,21,5.0,14.396180048887969,0.3547056520109402,0.482842712474619,0,160.7372572255688
ta,65,2,181,22,5.0,11.280514172678478,-0.22347660114063306,0.482842712474619,0,160.7372572255688
ta,65,2,181,23,5.0,11.280514172678478,0.22347660114063306,0.565685424949238,0,160.7372572255688
ta,65,2,181,24,5.0,12.020815280171307,-0.7853981633974483,0.565685424949238,0,160.7372572255688
ta,65,2,181,25,5.0,9.86154146165801,-0.5317240672588057,0.44956066981809384,0,160.7372572255688
ta,65,2,181,26,5.0,8.5,0.0,0.5685569981889047,0,160.7372572255688
ta,65,2,181,27,5.0,9.86154146165801,0.5317240672588055,0.565685424949238,0,160.7372572255688
ta,65,2,181,28,5.0,12.020815280171307,0.7853981633974483,0.5685569981889047,0,160.7372572255688
ta,65,2,181,29,5.0,6.5,-0.39479111969976155,0.44956066981809384,0,160.7372572255688
ta,65,2,181,30,5.0,6.5,0.39479111969976155,0.565685424949238,0,160.7372572255688
ta,65,2,181,31,5.0,6.103277807866851,-0.9600703624056881,0.565685424949238,0,160.7372572255688
ta,65,2,181,32,5.0,3.5,0.0,0.482842712474619,1,160.7372572255688
ta,65,2,181,33,5.0,6.103277807866851,0.960070362405688,0.5685569981889047,0,160.7372572255688
ta,65,2,181,34,5.0,0.0,,0.482842712474619,0,160.7372572255688
ta,65,2,181,35,5.0,42.42640687119285,3.9269908169872414,0.44956066981809384,0,160.7372572255688
ta,65,2,181,36,5.0,40.02811511925087,3.9888586628516216,0.44956066981809384,0,160.7372572255688
ta,65,2,181,37,5.0,36.43144246389374,3.897872835480203,0.5685569981889047,0,160.7372572255688
ta,65,2,181,38,5.0,43.900455578501685,4.064332094454175,0.482842712474619,0,160.7372572255688
ta,65,2,181,39,5.0,36.5,3.9948476398435453,0.482842712474619,0,160.7372572255688
ta,65,2,181,40,5.0,40.40111384603152,4.076313477680939,0.565685424949238,0,160.7372572255688
ta,65,2,181,41,5.0,30.405591591021544,3.9269908169872414,0.565685424949238,0,160.7372572255688
ta,65,2,181,42,5.0,32.973474187595095,4.002117972898004,0.44956066981809384,0,160.7372572255688
ta,65,2,181,43,5.0,36.908671067921155,4.0905646925541,0.5685569981889047,0,160.7372572255688
ta,65,2,181,44,5.0,41.07614879708174,4.161531445852973,0.565685424949238,0,160.7372572255688
ta,65,2,181,45,5.0,44.09648512069868,4.203087836382678,0.5685569981889047,0,160.7372572255688
ta,65,2,181,46,5.0,33.425289826716536,4.107790390291212,0.44956066981809384,0,160.7372572255688
ta,65,2,181,47,5.0,37.646380968162134,4.183358509305041,0.565685424949238,0,160.7372572255688
ta,65,2,181,48,5.0,29.95413160150032,4.129015973390834,0.565685424949238,0,160.7372572255688
ta,65,2,181,49,5.0,34.23813663153998,4.209545769456829,0.482842712474619,0,160.7372572255688
ta,65,2,181,50,5.0,38.69431482789171,4.271858639768176,0.5685569981889047,0,160.7372572255688
ta,65,2,181,51,5.0,32.69556544854363,4.303481151433765,0.482842712474619,0,160.7372572255688
ta,65,2,181,52,5.0,34.48187929913333,-1.0552473193359178,0.44956066981809384,0,160.7372572255688
ta,65,2,181,53,5.0,32.89756829919196,-1.147942400661956,0.44956066981809384,0,160.7372572255688
ta,65,2,181,54,5.0,28.412145290350743,-1.0756630633264925,0.5685569981889047,0,160.7372572255688
ta,65,2,181,55,5.0,37.51333096380539,-1.202665555469733,0.482842712474619,0,160.7372572255688
ta,65,2,181,56,5.0,29.618406439239774,-1.1902899496825317,0.482842712474619,0,160.7372572255688
ta,65,2,181,57,5.0,34.311076928595526,-1.244437510088134,0.565685424949238,0,160.7372572255688
ta,65,2,181,58,5.0,23.119256043393783,-1.1943059923483736,0.565685424949238,0,160.7372572255688
ta,65,2,181,59,5.0,26.405491853021786,-1.2430578200143412,0.44956066981809384,0,160.7372572255688
ta,65,2,181,60,5.0,31.18092365533773,-1.2946993073994602,0.5685569981889047,0,160.7372572255688
ta,65,2,181,61,5.0,36.01735692690401,-1.3325515686161515,0.565685424949238,0,160.7372572255688
ta,65,2,181,62,5.0,39.42714800743264,-1.3535028958718756,0.5685569981889047,0,160.7372572255688
ta,65,2,181,63,5.0,28.146935890075138,-1.3559809263932379,0.44956066981809384,0,160.7372572255688
ta,65,2,181,64,5.0,33.04920573932148,-1.3882364736639898,0.565685424949238,0,160.7372572255688
ta,65,2,181,65,5.0,25.243811122728676,-1.4317003853128254,0.565685424949238,0,160.7372572255688
ta,65,2,181,66,5.0,30.20347662107791,-1.4546546999149066,0.482842712474619,0,160.7372572255688
ta,65,2,181,67,5.0,35.174564673923115,-1.4711276743037347,0.5685569981889047,0,160.7372572255688
ta,65,2,181,68,5.0,30.0,4.71238898038469,0.482842712474619,0,160.7372572255688
ta,65,2,182,1,5.0,33.5,3.141592653589793,0.44956066981809384,0,161.04160505165578
ta,65,2,182,2,5.0,30.0,3.141592653589793,0.44956066981809384,0,161.04160505165578
ta,65,2,182,4,5.0,30.4138126514911,2.976443976175166,0.4,0,161.04160505165578
ta,65,2,182,5,5.0,27.613402542968153,3.2322525407905385,0.482842712474619,0,161.04160505165578
ta,65,2,182,6,5.0,27.613402542968153,3.0509327663890478,0.565685424949238,0,161.04160505165578
ta,65,2,182,7,5.0,26.405491853021786,3.4693311603703485,0.565685424949238,0,161.04160505165578
ta,65,2,182,8,5.0,25.495097567963924,3.338988213439674,0.44956066981809384,0,161.04160505165578
ta,65,2,182,9,5.0,25.0,3.141592653589793,0.5685569981889047,0,161.04160505165578
ta,65,2,182,10,5.0,25.495097567963924,2.9441970937399127,0.565685424949238,0,161.04160505165578
ta,65,2,182,11,5.0,26.405491853021786,2.8138541468092377,0.5685569981889047,0,161.04160505165578
ta,65,2,182,12,5.0,22.638462845343543,3.252249874763689,0.44956066981809384,0,161.04160505165578
ta,65,2,182,13,5.0,22.638462845343543,3.0309354324158972,0.565685424949238,0,161.04160505165578
ta,65,2,182,14,5.0,20.615528128088304,3.3865713167166573,0.565685424949238,0,161.04160505165578
ta,65,2,182,15,5.0,20.0,3.141592653589793,0.482842712474619,0,161.04160505165578
ta,65,2,182,16,5.0,20.615528128088304,2.896613990462929,0.5685569981889047,0,161.04160505165578
ta,65,2,182,17,5.0,16.5,3.141592653589793,0.482842712474619,0,161.04160505165578
ta,65,2,182,18,5.0,13.5,0.0,0.44956066981809384,0,161.04160505165578
ta,65,2,182,19,5.0,10.0,0.0,0.44956066981809384,0,161.04160505165578
ta,65,2,182,20,5.0,11.180339887498949,-0.46364760900080615,0.5685569981889047,0,161.04160505165578
ta,65,2,182,21,5.0,11.180339887498949,0.46364760900080615,0.482842712474619,0,161.04160505165578
ta,65,2,182,22,5.0,7.905694150420948,-0.32175055439664235,0.482842712474619,0,161.04160505165578
ta,65,2,182,23,5.0,7.905694150420948,0.32175055439664213,0.565685424949238,0,161.04160505165578
ta,65,2,182,24,5.0,9.86154146165801,-1.0390722595360913,0.565685424949238,0,161.04160505165578
ta,65,2,182,25,5.0,7.0710678118654755,-0.7853981633974483,0.44956066981809384,1,161.04160505165578
ta,65,2,182,26,5.0,5.0,0.0,0.5685569981889047,0,161.04160505165578
ta,65,2,182,27,5.0,7.0710678118654755,0.7853981633974483,0.565685424949238,0,161.04160505165578
ta,65,2,182,28,5.0,9.86154146165801,1.0390722595360908,0.5685569981889047,0,161.04160505165578
ta,65,2,182,29,5.0,3.5355339059327378,-0.7853981633974483,0.44956066981809384,0,161.04160505165578
ta,65,2,182,30,5.0,3.5355339059327378,0.7853981633974483,0.565685424949238,0,161.04160505165578
ta,65,2,182,31,5.0,5.0,4.71238898038469,0.565685424949238,0,161.04160505165578
ta,65,2,182,32,5.0,0.0,,0.482842712474619,0,161.04160505165578
ta,65,2,182,33,5.0,5.0,1.5707963267948966,0.565685424949238,0,161.04160505165578
ta,65,2,182,35,5.0,44.9694340635948,3.871928421613571,0.3276927682076162,0,161.04160505165578
ta,65,2,182,36,5.0,42.42640687119285,3.9269908169872414,0.44956066981809384,0,161.04160505165578
ta,65,2,182,37,5.0,39.05124837953327,3.8363309297864965,0.5685569981889047,0,161.04160505165578
ta,65,2,182,38,5.0,46.09772228646444,4.003762708257019,0.482842712474619,0,161.04160505165578
ta,65,2,182,39,5.0,38.890872965260115,3.9269908169872414,0.482842712474619,0,161.04160505165578
ta,65,2,182,40,5.0,42.573465914816005,4.010132048875683,0.565685424949238,0,161.04160505165578
ta,65,2,182,41,5.0,32.973474187595095,3.8518636610764796,0.565685424949238,0,161.04160505165578
ta,65,2,182,42,5.0,35.35533905932738,3.9269908169872414,0.44956066981809384,0,161.04160505165578
ta,65,2,182,43,5.0,39.05124837953327,4.017650704187987,0.5685569981889047,0,161.04160505165578
ta,65,2,182,44,5.0,43.01162633521314,4.092139494401868,0.565685424949238,0,161.04160505165578
ta,65,2,182,45,5.0,45.90479277809671,4.136470380766337,0.5685569981889047,0,161.04160505165578
ta,65,2,182,46,5.0,35.531676008879735,4.026659469478403,0.44956066981809384,0,161.04160505165578
ta,65,2,182,47,5.0,39.528470752104745,4.1068443167797195,0.565685424949238,0,161.04160505165578
ta,65,2,182,48,5.0,32.01562118716424,4.037648038161137,0.565685424949238,0,161.04160505165578
ta,65,2,182,49,5.0,36.05551275463989,4.124386376837123,0.482842712474619,0,161.04160505165578
ta,65,2,182,50,5.0,40.311288741492746,4.193242866138167,0.5685569981889047,0,161.04160505165578
ta,65,2,182,51,5.0,34.23813663153998,4.209545769456829,0.482842712474619,0,161.04160505165578
ta,65,2,182,52,5.0,32.89756829919196,-1.147942400661956,0.44956066981809384,0,161.04160505165578
ta,65,2,182,53,5.0,31.622776601683793,-1.2490457723982544,0.44956066981809384,0,161.04160505165578
ta,65,2,182,54,5.0,26.92582403567252,-1.1902899496825317,0.5685569981889047,0,161.04160505165578
ta,65,2,182,55,5.0,36.40054944640259,-1.2924966677897851,0.482842712474619,0,161.04160505165578
ta,65,2,182,56,5.0,28.50438562747845,-1.3045442776439713,0.482842712474619,0,161.04160505165578
ta,65,2,182,57,5.0,33.354160160315836,-1.3439974787410107,0.565685424949238,0,161.04160505165578
ta,65,2,182,58,5.0,22.073740054644116,-1.3422996875030342,0.565685424949238,0,161.04160505165578
ta,65,2,182,59,5.0,25.495097567963924,-1.3734007669450161,0.44956066981809384,0,161.04160505165578
ta,65,2,182,60,5.0,30.4138126514911,-1.4056476493802696,0.5685569981889047,0,161.04160505165578
ta,65,2,182,61,5.0,35.35533905932738,-1.4288992721907325,0.565685424949238,0,161.04160505165578
ta,65,2,182,62,5.0,38.82331773560833,-1.4416490366668766,0.5685569981889047,0,161.04160505165578
ta,65,2,182,63,5.0,27.613402542968153,-1.4801364395941516,0.44956066981809384,0,161.04160505165578
ta,65,2,182,64,5.0,32.59601202601324,-1.4940244355251187,0.565685424949238,0,161.04160505165578
ta,65,2,182,65,5.0,25.0,4.71238898038469,0.565685424949238,0,161.04160505165578
ta,65,2,182,66,5.0,30.0,4.71238898038469,0.482842712474619,0,161.04160505165578
ta,65,2,182,67,5.0,35.0,4.71238898038469,0.5685569981889047,0,161.04160505165578
ta,65,2,182,68,5.0,30.20347662107791,4.596247353504699,0.482842712474619,0,161.04160505165578
ta,65,2,183,1,5.0,38.82331773560833,3.7978435268592214,0.44956066981809384,0,161.6564805135571
ta,65,2,183,2,5.0,35.35533905932738,3.7850937623830774,0.44956066981809384,0,161.6564805135571
ta,65,2,183,3,5.0,35.0,3.9269908169872414,0.5685569981889047,0,161.6564805135571
ta,65,2,183,4,5.0,36.40054944640259,3.64869115798213,0.482842712474619,0,161.6564805135571
ta,65,2,183,5,5.0,32.59601202601324,3.8502189257174635,0.482842712474619,0,161.6564805135571
ta,65,2,183,6,5.0,33.354160160315836,3.7001919689333556,0.565685424949238,0,161.6564805135571
ta,65,2,183,7,5.0,30.20347662107791,4.043132443867232,0.565685424949238,0,161.6564805135571
ta,65,2,183,8,5.0,30.0,3.9269908169872414,0.44956066981809384,0,161.6564805135571
ta,65,2,183,9,5.0,30.4138126514911,3.7618421395726145,0.5685569981889047,0,161.6564805135571
ta,65,2,183,10,5.0,31.622776601683793,3.6052402625905993,0.565685424949238,0,161.6564805135571
ta,65,2,183,11,5.0,32.89756829919196,3.5041368908543005,0.5685569981889047,0,161.6564805135571
ta,65,2,183,12,5.0,27.613402542968153,3.836330929786496,0.44956066981809384,0,161.6564805135571
ta,65,2,183,13,5.0,28.50438562747845,3.660738767836316,0.565685424949238,0,161.6564805135571
ta,65,2,183,14,5.0,25.0,3.9269908169872414,0.565685424949238,0,161.6564805135571
ta,65,2,183,15,5.0,25.495097567963924,3.729595257137361,0.482842712474619,0,161.6564805135571
ta,65,2,183,16,5.0,26.92582403567252,3.5464844398748765,0.5685569981889047,0,161.6564805135571
ta,65,2,183,17,5.0,22.073740054644116,3.6984941776953795,0.482842712474619,0,161.6564805135571
ta,65,2,183,18,5.0,9.86154146165801,1.3171222306562538,0.44956066981809384,0,161.6564805135571
ta,65,2,183,19,5.0,7.0710678118654755,1.5707963267948966,0.44956066981809384,0,161.6564805135571
ta,65,2,183,20,5.0,5.0,0.7853981633974483,0.5685569981889047,0,161.6564805135571
ta,65,2,183,21,5.0,11.180339887498949,1.8925468811915387,0.482842712474619,0,161.6564805135571
ta,65,2,183,22,5.0,3.5355339059327378,1.5707963267948966,0.482842712474619,0,161.6564805135571
ta,65,2,183,23,5.0,7.905694150420948,2.0344439357957027,0.565685424949238,0,161.6564805135571
ta,65,2,183,24,5.0,3.5,5.497787143782138,0.565685424949238,0,161.6564805135571
ta,65,2,183,25,5.0,0.0,,0.44956066981809384,0,161.6564805135571
ta,65,2,183,26,5.0,5.0,2.356194490192345,0.5685569981889047,0,161.6564805135571
ta,65,2,183,27,5.0,10.0,2.356194490192345,0.565685424949238,0,161.6564805135571
ta,65,2,183,28,5.0,13.5,2.356194490192345,0.5685569981889047,0,161.6564805135571
ta,65,2,183,29,5.0,3.5355339059327378,3.141592653589793,0.44956066981809384,0,161.6564805135571
ta,65,2,183,30,5.0,7.905694150420948,2.677945044588987,0.565685424949238,0,161.6564805135571
ta,65,2,183,31,5.0,5.0,3.9269908169872414,0.565685424949238,0,161.6564805135571
ta,65,2,183,33,5.0,11.180339887498949,2.819842099193151,0.565685424949238,0,161.6564805135571
ta,65,2,183,34,5.0,9.86154146165801,3.395266749728436,0.482842712474619,0,161.6564805135571
ta,65,2,183,35,5.0,45.90479277809671,4.502909416605594,0.3276927682076162,0,161.6564805135571
ta,65,2,183,36,5.0,43.01162633521314,4.547240302970063,0.44956066981809384,0,161.6564805135571
ta,65,2,183,37,5.0,40.311288741492746,4.446136931233765,0.5685569981889047,0,161.6564805135571
ta,65,2,183,38,5.0,46.09772228646444,4.635617089114912,0.482842712474619,0,161.6564805135571
ta,65,2,183,39,5.0,39.528470752104745,4.532535480592212,0.482842712474619,0,161.6564805135571
ta,65,2,183,40,5.0,42.573465914816005,4.629247748496248,0.565685424949238,0,161.6564805135571
ta,65,2,183,41,5.0,34.23813663153998,4.429834027915103,0.565685424949238,0,161.6564805135571
ta,65,2,183,42,5.0,36.05551275463989,4.514993420534809,0.44956066981809384,0,161.6564805135571
ta,65,2,183,43,5.0,39.05124837953327,4.621729093183944,0.5685569981889047,0,161.6564805135571
ta,65,2,183,44,5.0,42.42640687119285,4.71238898038469,0.565685424949238,0,161.6564805135571
ta,65,2,183,45,5.0,44.9694340635948,4.76745137575836,0.5685569981889047,0,161.6564805135571
ta,65,2,183,46,5.0,35.531676008879735,4.612720327893528,0.44956066981809384,0,161.6564805135571
ta,65,2,183,47,5.0,38.890872965260115,4.71238898038469,0.565685424949238,0,161.6564805135571
ta,65,2,183,48,5.0,32.01562118716424,4.601731759210795,0.565685424949238,0,161.6564805135571
ta,65,2,183,49,5.0,35.35533905932738,4.71238898038469,0.482842712474619,0,161.6564805135571
ta,65,2,183,50,5.0,39.05124837953327,4.803048867585435,0.5685569981889047,0,161.6564805135571
ta,65,2,183,51,5.0,32.973474187595095,4.7875161362954515,0.482842712474619,0,161.6564805135571
ta,65,2,183,52,5.0,26.405491853021786,-0.4576596566168929,0.44956066981809384,0,161.6564805135571
ta,65,2,183,53,5.0,25.495097567963924,-0.5880026035475678,0.44956066981809384,0,161.6564805135571
ta,65,2,183,54,5.0,20.615528128088304,-0.540419500270584,0.5685569981889047,0,161.6564805135571
ta,65,2,183,55,5.0,30.4138126514911,-0.6202494859828214,0.482842712474619,0,161.6564805135571
ta,65,2,183,56,5.0,22.638462845343543,-0.6747409422235529,0.482842712474619,0,161.6564805135571
ta,65,2,183,57,5.0,27.613402542968153,-0.6947382761967034,0.565685424949238,0,161.6564805135571
ta,65,2,183,58,5.0,16.5,5.497787143782138,0.565685424949238,0,161.6564805135571
ta,65,2,183,59,5.0,20.0,5.497787143782138,0.44956066981809384,1,161.6564805135571
ta,65,2,183,60,5.0,25.0,5.497787143782138,0.5685569981889047,0,161.6564805135571
ta,65,2,183,61,5.0,30.0,5.497787143782138,0.565685424949238,0,161.6564805135571
ta,65,2,183,62,5.0,33.5,5.497787143782138,0.5685569981889047,0,161.6564805135571
ta,65,2,183,63,5.0,22.638462845343543,5.387129922608242,0.44956066981809384,0,161.6564805135571
ta,65,2,183,64,5.0,27.613402542968153,5.4071272565813935,0.565685424949238,0,161.6564805135571
ta,65,2,183,65,5.0,20.615528128088304,5.252808480655274,0.565685424949238,0,161.6564805135571
ta,65,2,183,66,5.0,25.495097567963924,5.3003915839322575,0.482842712474619,0,161.6564805135571
ta,65,2,183,67,5.0,30.4138126514911,5.332638466367511,0.5685569981889047,0,161.6564805135571
ta,65,2,183,68,5.0,26.405491853021786,5.170048637001583,0.482842712474619,0,161.6564805135571
ta,65,2,184,1,5.0,45.90479277809671,-2.1467149264132495,0.44956066981809384,0,163.3956109483397
ta,65,2,184,2,5.0,43.01162633521314,-2.191045812777718,0.44956066981809384,0,163.3956109483397
ta,65,2,184,3,5.0,40.311288741492746,-2.089942441041419,0.5685569981889047,0,163.3956109483397
ta,65,2,184,4,5.0,46.09772228646444,-2.279422598922567,0.482842712474619,0,163.3956109483397
ta,65,2,184,5,5.0,39.528470752104745,-2.1763409903998667,0.482842712474619,0,163.3956109483397
ta,65,2,184,6,5.0,42.573465914816005,-2.2730532583039036,0.565685424949238,0,163.3956109483397
ta,65,2,184,7,5.0,34.23813663153998,-2.073639537722757,0.565685424949238,0,163.3956109483397
ta,65,2,184,8,5.0,36.05551275463989,-2.158798930342464,0.44956066981809384,0,163.3956109483397
ta,65,2,184,9,5.0,39.05124837953327,-2.2655346029915995,0.5685569981889047,0,163.3956109483397
ta,65,2,184,10,5.0,42.42640687119285,-2.356194490192345,0.565685424949238,0,163.3956109483397
ta,65,2,184,11,5.0,44.9694340635948,-2.411256885566015,0.5685569981889047,0,163.3956109483397
ta,65,2,184,12,5.0,35.531676008879735,-2.256525837701183,0.44956066981809384,0,163.3956109483397
ta,65,2,184,13,5.0,38.890872965260115,-2.356194490192345,0.565685424949238,0,163.3956109483397
ta,65,2,184,14,5.0,32.01562118716424,-2.245537269018449,0.565685424949238,0,163.3956109483397
ta,65,2,184,15,5.0,35.35533905932738,-2.356194490192345,0.482842712474619,0,163.3956109483397
ta,65,2,184,16,5.0,39.05124837953327,-2.44685437739309,0.5685569981889047,0,163.3956109483397
ta,65,2,184,17,5.0,32.973474187595095,-2.4313216461031066,0.482842712474619,0,163.3956109483397
ta,65,2,184,18,5.0,26.405491853021786,-3.4693311603703485,0.44956066981809384,0,163.3956109483397
ta,65,2,184,19,5.0,25.495097567963924,-3.338988213439674,0.44956066981809384,0,163.3956109483397
ta,65,2,184,20,5.0,20.615528128088304,-3.3865713167166573,0.5685569981889047,0,163.3956109483397
ta,65,2,184,21,5.0,30.4138126514911,-3.30674133100442,0.482842712474619,0,163.3956109483397
ta,65,2,184,22,5.0,22.638462845343543,-3.252249874763689,0.482842712474619,0,163.3956109483397
ta,65,2,184,23,5.0,27.613402542968153,-3.232252540790538,0.565685424949238,0,163.3956109483397
ta,65,2,184,24,5.0,16.5,-3.141592653589793,0.565685424949238,0,163.3956109483397
ta,65,2,184,26,5.0,25.0,-3.141592653589793,0.565685424949238,0,163.3956109483397
ta,65,2,184,27,5.0,30.0,-3.141592653589793,0.565685424949238,0,163.3956109483397
ta,65,2,184,28,5.0,33.5,-3.141592653589793,0.5685569981889047,0,163.3956109483397
ta,65,2,184,29,5.0,22.638462845343543,-3.0309354324158972,0.44956066981809384,0,163.3956109483397
ta,65,2,184,30,5.0,27.613402542968153,-3.050932766389048,0.565685424949238,0,163.3956109483397
ta,65,2,184,31,5.0,20.615528128088304,-2.896613990462929,0.565685424949238,0,163.3956109483397
ta,65,2,184,33,5.0,30.4138126514911,-2.976443976175166,0.565685424949238,0,163.3956109483397
ta,65,2,184,34,5.0,26.405491853021786,-2.8138541468092377,0.482842712474619,0,163.3956109483397
ta,65,2,184,35,5.0,38.82331773560833,-1.4416490366668764,0.3276927682076162,0,163.3956109483397
ta,65,2,184,36,5.0,35.35533905932738,-1.4288992721907325,0.44956066981809384,0,163.3956109483397
ta,65,2,184,37,5.0,35.0,-1.5707963267948966,0.5685569981889047,0,163.3956109483397
ta,65,2,184,38,5.0,36.40054944640259,-1.2924966677897851,0.482842712474619,0,163.3956109483397
ta,65,2,184,39,5.0,32.59601202601324,-1.4940244355251184,0.482842712474619,0,163.3956109483397
ta,65,2,184,40,5.0,33.354160160315836,-1.3439974787410107,0.565685424949238,0,163.3956109483397
ta,65,2,184,41,5.0,30.20347662107791,-1.6869379536748867,0.565685424949238,0,163.3956109483397
ta,65,2,184,42,5.0,30.0,-1.5707963267948966,0.44956066981809384,0,163.3956109483397
ta,65,2,184,43,5.0,30.4138126514911,-1.4056476493802696,0.5685569981889047,0,163.3956109483397
ta,65,2,184,44,5.0,31.622776601683793,-1.2490457723982542,0.565685424949238,0,163.3956109483397
ta,65,2,184,45,5.0,32.89756829919196,-1.1479424006619559,0.5685569981889047,0,163.3956109483397
ta,65,2,184,46,5.0,27.613402542968153,-1.4801364395941514,0.44956066981809384,0,163.3956109483397
ta,65,2,184,47,5.0,28.50438562747845,-1.304544277643971,0.565685424949238,0,163.3956109483397
ta,65,2,184,48,5.0,25.0,-1.5707963267948966,0.565685424949238,0,163.3956109483397
ta,65,2,184,49,5.0,25.495097567963924,-1.3734007669450157,0.482842712474619,0,163.3956109483397
ta,65,2,184,50,5.0,26.92582403567252,-1.1902899496825317,0.5685569981889047,0,163.3956109483397
ta,65,2,184,51,5.0,22.073740054644116,-1.3422996875030342,0.482842712474619,0,163.3956109483397
ta,65,2,184,52,5.0,9.86154146165801,-5.244113047643495,0.44956066981809384,0,163.3956109483397
ta,65,2,184,53,5.0,7.0710678118654755,-5.497787143782138,0.44956066981809384,0,163.3956109483397
ta,65,2,184,54,5.0,5.0,-4.71238898038469,0.5685569981889047,0,163.3956109483397
ta,65,2,184,55,5.0,11.180339887498949,-5.81953769817878,0.482842712474619,0,163.3956109483397
ta,65,2,184,56,5.0,3.5355339059327378,-5.497787143782138,0.482842712474619,0,163.3956109483397
ta,65,2,184,57,5.0,7.905694150420948,-5.961434752782944,0.565685424949238,0,163.3956109483397
ta,65,2,184,58,5.0,3.5,-3.141592653589793,0.565685424949238,0,163.3956109483397
ta,65,2,184,59,5.0,0.0,,0.44956066981809384,0,163.3956109483397
ta,65,2,184,60,5.0,5.0,0.0,0.5685569981889047,0,163.3956109483397
ta,65,2,184,61,5.0,10.0,0.0,0.565685424949238,0,163.3956109483397
ta,65,2,184,62,5.0,13.5,0.0,0.5685569981889047,0,163.3956109483397
ta,65,2,184,63,5.0,3.5355339059327378,-0.7853981633974483,0.44956066981809384,0,163.3956109483397
ta,65,2,184,64,5.0,7.905694150420948,-0.32175055439664213,0.565685424949238,0,163.3956109483397
ta,65,2,184,65,5.0,5.0,-1.5707963267948966,0.565685424949238,0,163.3956109483397
ta,65,2,184,66,5.0,7.0710678118654755,-0.7853981633974483,0.482842712474619,1,163.3956109483397
ta,65,2,184,67,5.0,11.180339887498949,-0.46364760900080615,0.5685569981889047,0,163.3956109483397
ta,65,2,184,68,5.0,9.86154146165801,-1.0390722595360908,0.482842712474619,0,163.3956109483397
ta,65,2,185,1,5.0,44.9694340635948,-1.5157339314212264,0.44956066981809384,0,164.01048641024104
ta,65,2,185,2,5.0,42.42640687119285,-1.5707963267948966,0.44956066981809384,0,164.01048641024104
ta,65,2,185,3,5.0,39.05124837953327,-1.4801364395941514,0.5685569981889047,0,164.01048641024104
ta,65,2,185,4,5.0,46.09772228646444,-1.6475682180646745,0.482842712474619,0,164.01048641024104
ta,65,2,185,5,5.0,38.890872965260115,-1.5707963267948966,0.482842712474619,0,164.01048641024104
ta,65,2,185,6,5.0,42.573465914816005,-1.6539375586833378,0.565685424949238,0,164.01048641024104
ta,65,2,185,7,5.0,32.973474187595095,-1.4956691708841343,0.565685424949238,0,164.01048641024104
ta,65,2,185,8,5.0,35.35533905932738,-1.5707963267948966,0.44956066981809384,0,164.01048641024104
ta,65,2,185,9,5.0,39.05124837953327,-1.6614562139956417,0.5685569981889047,0,164.01048641024104
ta,65,2,185,10,5.0,43.01162633521314,-1.7359450042095235,0.565685424949238,0,164.01048641024104
ta,65,2,185,11,5.0,45.90479277809671,-1.780275890573992,0.5685569981889047,0,164.01048641024104
ta,65,2,185,12,5.0,35.531676008879735,-1.6704649792860584,0.44956066981809384,0,164.01048641024104
ta,65,2,185,13,5.0,39.528470752104745,-1.7506498265873747,0.565685424949238,0,164.01048641024104
ta,65,2,185,14,5.0,32.01562118716424,-1.6814535479687922,0.565685424949238,0,164.01048641024104
ta,65,2,185,15,5.0,36.05551275463989,-1.7681918866447774,0.482842712474619,0,164.01048641024104
ta,65,2,185,16,5.0,40.311288741492746,-1.8370483759458218,0.5685569981889047,0,164.01048641024104
ta,65,2,185,17,5.0,34.23813663153998,-1.853351279264484,0.482842712474619,0,164.01048641024104
ta,65,2,185,18,5.0,32.89756829919196,-2.7790484163252858,0.44956066981809384,0,164.01048641024104
ta,65,2,185,19,5.0,31.622776601683793,-2.677945044588987,0.44956066981809384,0,164.01048641024104
ta,65,2,185,20,5.0,26.92582403567252,-2.7367008673047097,0.5685569981889047,0,164.01048641024104
ta,65,2,185,21,5.0,36.40054944640259,-2.6344941491974563,0.482842712474619,0,164.01048641024104
ta,65,2,185,22,5.0,28.50438562747845,-2.62244653934327,0.482842712474619,0,164.01048641024104
ta,65,2,185,23,5.0,33.354160160315836,-2.5829933382462307,0.565685424949238,0,164.01048641024104
ta,65,2,185,24,5.0,22.073740054644116,-2.584691129484207,0.565685424949238,0,164.01048641024104
ta,65,2,185,26,5.0,30.4138126514911,-2.5213431676069717,0.565685424949238,0,164.01048641024104
ta,65,2,185,27,5.0,35.35533905932738,-2.498091544796509,0.565685424949238,0,164.01048641024104
ta,65,2,185,28,5.0,38.82331773560833,-2.485341780320365,0.5685569981889047,0,164.01048641024104
ta,65,2,185,29,5.0,27.613402542968153,-2.4468543773930898,0.44956066981809384,0,164.01048641024104
ta,65,2,185,30,5.0,32.59601202601324,-2.4329663814621227,0.565685424949238,0,164.01048641024104
ta,65,2,185,31,5.0,25.0,-2.356194490192345,0.565685424949238,0,164.01048641024104
ta,65,2,185,32,5.0,30.0,-2.356194490192345,0.482842712474619,0,164.01048641024104
ta,65,2,185,33,5.0,35.0,-2.356194490192345,0.5685569981889047,0,164.01048641024104
ta,65,2,185,34,5.0,30.20347662107791,-2.2400528633123544,0.482842712474619,0,164.01048641024104
ta,65,2,185,35,5.0,33.5,-0.7853981633974483,0.44956066981809384,0,164.01048641024104
ta,65,2,185,36,5.0,30.0,-0.7853981633974483,0.44956066981809384,0,164.01048641024104
ta,65,2,185,37,5.0,30.4138126514911,-0.950546840812075,0.5685569981889047,0,164.01048641024104
ta,65,2,185,38,5.0,30.4138126514911,-0.6202494859828214,0.482842712474619,0,164.01048641024104
ta,65,2,185,39,5.0,27.613402542968153,-0.8760580505981934,0.482842712474619,0,164.01048641024104
ta,65,2,185,40,5.0,27.613402542968153,-0.6947382761967031,0.565685424949238,0,164.01048641024104
ta,65,2,185,41,5.0,26.405491853021786,-1.1131366701780037,0.565685424949238,0,164.01048641024104
ta,65,2,185,42,5.0,25.495097567963924,-0.9827937232473289,0.44956066981809384,0,164.01048641024104
ta,65,2,185,43,5.0,25.0,-0.7853981633974483,0.5685569981889047,0,164.01048641024104
ta,65,2,185,44,5.0,25.495097567963924,-0.5880026035475674,0.565685424949238,0,164.01048641024104
ta,65,2,185,45,5.0,26.405491853021786,-0.4576596566168927,0.5685569981889047,0,164.01048641024104
ta,65,2,185,46,5.0,22.638462845343543,-0.8960553845713439,0.44956066981809384,0,164.01048641024104
ta,65,2,185,47,5.0,22.638462845343543,-0.6747409422235526,0.565685424949238,0,164.01048641024104
ta,65,2,185,48,5.0,20.615528128088304,-1.0303768265243123,0.565685424949238,0,164.01048641024104
ta,65,2,185,49,5.0,20.0,-0.7853981633974483,0.482842712474619,0,164.01048641024104
ta,65,2,185,50,5.0,20.615528128088304,-0.540419500270584,0.5685569981889047,0,164.01048641024104
ta,65,2,185,51,5.0,16.5,-0.7853981633974483,0.482842712474619,0,164.01048641024104
ta,65,2,185,52,5.0,13.5,-3.9269908169872414,0.44956066981809384,0,164.01048641024104
ta,65,2,185,53,5.0,10.0,-3.9269908169872414,0.44956066981809384,0,164.01048641024104
ta,65,2,185,54,5.0,11.180339887498949,-3.4633432079864352,0.5685569981889047,0,164.01048641024104
ta,65,2,185,55,5.0,11.180339887498949,-4.3906384259880475,0.482842712474619,0,164.01048641024104
ta,65,2,185,56,5.0,7.905694150420948,-3.6052402625905993,0.482842712474619,0,164.01048641024104
ta,65,2,185,57,5.0,7.905694150420948,-4.2487413713838835,0.565685424949238,0,164.01048641024104
ta,65,2,185,58,5.0,9.86154146165801,-2.8879185574511506,0.565685424949238,0,164.01048641024104
ta,65,2,185,60,5.0,5.0,-3.9269908169872414,0.565685424949238,0,164.01048641024104
ta,65,2,185,61,5.0,7.0710678118654755,-4.71238898038469,0.565685424949238,0,164.01048641024104
ta,65,2,185,62,5.0,9.86154146165801,-4.966063076523333,0.5685569981889047,0,164.01048641024104
ta,65,2,185,63,5.0,3.5355339059327378,-3.141592653589793,0.44956066981809384,0,164.01048641024104
ta,65,2,185,64,5.0,3.5355339059327378,-4.71238898038469,0.565685424949238,0,164.01048641024104
ta,65,2,185,65,5.0,5.0,-2.356194490192345,0.565685424949238,0,164.01048641024104
ta,65,2,185,66,5.0,0.0,,0.482842712474619,0,164.01048641024104
ta,65,2,185,67,5.0,5.0,0.7853981633974483,0.5685569981889047,0,164.01048641024104
ta,65,2,185,68,5.0,3.5,-0.7853981633974483,0.482842712474619,1,164.01048641024104
ta,65,2,186,1,5.0,42.42640687119285,-0.7853981633974483,0.3276927682076162,0,164.314834236328
ta,65,2,186,2,5.0,40.02811511925087,-0.8472660092618283,0.44956066981809384,0,164.314834236328
ta,65,2,186,3,5.0,36.43144246389374,-0.7562801818904094,0.5685569981889047,0,164.314834236328
ta,65,2,186,4,5.0,43.900455578501685,-0.9227394408643822,0.482842712474619,0,164.314834236328
ta,65,2,186,5,5.0,36.5,-0.8532549862537521,0.482842712474619,0,164.314834236328
ta,65,2,186,6,5.0,40.40111384603152,-0.9347208240911457,0.565685424949238,0,164.314834236328
ta,65,2,186,7,5.0,30.405591591021544,-0.7853981633974483,0.565685424949238,0,164.314834236328
ta,65,2,186,8,5.0,32.973474187595095,-0.8605253193082103,0.44956066981809384,0,164.314834236328
ta,65,2,186,9,5.0,36.908671067921155,-0.9489720389643067,0.5685569981889047,0,164.314834236328
ta,65,2,186,10,5.0,41.07614879708174,-1.0199387922631802,0.565685424949238,0,164.314834236328
ta,65,2,186,11,5.0,44.09648512069868,-1.0614951827928847,0.5685569981889047,0,164.314834236328
ta,65,2,186,12,5.0,33.425289826716536,-0.9661977367014197,0.44956066981809384,0,164.314834236328
ta,65,2,186,13,5.0,37.646380968162134,-1.0417658557152478,0.565685424949238,0,164.314834236328
ta,65,2,186,14,5.0,29.95413160150032,-0.9874233198010406,0.565685424949238,0,164.314834236328
ta,65,2,186,15,5.0,34.23813663153998,-1.0679531158670357,0.482842712474619,0,164.314834236328
ta,65,2,186,16,5.0,38.69431482789171,-1.1302659861783835,0.5685569981889047,0,164.314834236328
ta,65,2,186,17,5.0,32.69556544854363,-1.1618884978439712,0.482842712474619,0,164.314834236328
ta,65,2,186,18,5.0,34.48187929913333,-2.086345334253876,0.44956066981809384,0,164.314834236328
ta,65,2,186,19,5.0,32.89756829919196,-1.9936502529278373,0.44956066981809384,0,164.314834236328
ta,65,2,186,20,5.0,28.412145290350743,-2.0659295902633006,0.5685569981889047,0,164.314834236328
ta,65,2,186,21,5.0,37.51333096380539,-1.9389270981200601,0.482842712474619,0,164.314834236328
ta,65,2,186,22,5.0,29.618406439239774,-1.9513027039072615,0.482842712474619,0,164.314834236328
ta,65,2,186,23,5.0,34.311076928595526,-1.8971551435016591,0.565685424949238,0,164.314834236328
ta,65,2,186,24,5.0,23.119256043393783,-1.9472866612414195,0.565685424949238,0,164.314834236328
ta,65,2,186,26,5.0,31.18092365533773,-1.846893346190333,0.565685424949238,0,164.314834236328
ta,65,2,186,27,5.0,36.01735692690401,-1.8090410849736416,0.565685424949238,0,164.314834236328
ta,65,2,186,28,5.0,39.42714800743264,-1.7880897577179176,0.5685569981889047,0,164.314834236328
ta,65,2,186,29,5.0,28.146935890075138,-1.7856117271965553,0.44956066981809384,0,164.314834236328
ta,65,2,186,30,5.0,33.04920573932148,-1.7533561799258033,0.565685424949238,0,164.314834236328
ta,65,2,186,31,5.0,25.243811122728676,-1.709892268276968,0.565685424949238,0,164.314834236328
ta,65,2,186,32,5.0,30.20347662107791,-1.6869379536748867,0.482842712474619,0,164.314834236328
ta,65,2,186,33,5.0,35.174564673923115,-1.6704649792860586,0.5685569981889047,0,164.314834236328
ta,65,2,186,34,5.0,30.0,-1.5707963267948966,0.482842712474619,0,164.314834236328
ta,65,2,186,35,5.0,30.0,0.0,0.44956066981809384,0,164.314834236328
ta,65,2,186,36,5.0,26.5,0.0,0.44956066981809384,0,164.314834236328
ta,65,2,186,37,5.0,26.9675731203236,-0.18648690166721682,0.5685569981889047,0,164.314834236328
ta,65,2,186,38,5.0,26.9675731203236,0.18648690166721682,0.482842712474619,0,164.314834236328
ta,65,2,186,39,5.0,24.12985702402731,-0.10379234045704266,0.482842712474619,0,164.314834236328
ta,65,2,186,40,5.0,24.12985702402731,0.10379234045704289,0.565685424949238,0,164.314834236328
ta,65,2,186,41,5.0,23.119256043393783,-0.3764903344465229,0.565685424949238,0,164.314834236328
ta,65,2,186,42,5.0,22.073740054644116,-0.22849663929186215,0.44956066981809384,0,164.314834236328
ta,65,2,186,43,5.0,21.5,0.0,0.5685569981889047,0,164.314834236328
ta,65,2,186,44,5.0,22.073740054644116,0.22849663929186237,0.565685424949238,0,164.314834236328
ta,65,2,186,45,5.0,23.119256043393783,0.3764903344465229,0.5685569981889047,0,164.314834236328
ta,65,2,186,46,5.0,19.1637678967368,-0.1308273960740569,0.44956066981809384,0,164.314834236328
ta,65,2,186,47,5.0,19.1637678967368,0.1308273960740569,0.565685424949238,0,164.314834236328
ta,65,2,186,48,5.0,17.240939649566666,-0.29423456511118773,0.565685424949238,0,164.314834236328
ta,65,2,186,49,5.0,16.5,0.0,0.482842712474619,1,164.314834236328
ta,65,2,186,50,5.0,17.240939649566666,0.29423456511118773,0.5685569981889047,0,164.314834236328
ta,65,2,186,51,5.0,13.0,0.0,0.482842712474619,0,164.314834236328
ta,65,2,186,52,5.0,17.0,-3.141592653589793,0.44956066981809384,0,164.314834236328
ta,65,2,186,53,5.0,13.5,-3.141592653589793,0.44956066981809384,0,164.314834236328
ta,65,2,186,54,5.0,14.396180048887969,-2.7868870015788527,0.5685569981889047,0,164.314834236328
ta,65,2,186,55,5.0,14.396180048887969,-3.4962983056007335,0.482842712474619,0,164.314834236328
ta,65,2,186,56,5.0,11.280514172678478,-2.91811605244916,0.482842712474619,0,164.314834236328
ta,65,2,186,57,5.0,11.280514172678478,-3.365069254730426,0.565685424949238,0,164.314834236328
ta,65,2,186,58,5.0,12.020815280171307,-2.356194490192345,0.565685424949238,0,164.314834236328
ta,65,2,186,59,5.0,9.86154146165801,-2.609868586330988,0.44956066981809384,0,164.314834236328
ta,65,2,186,60,5.0,8.5,-3.141592653589793,0.5685569981889047,0,164.314834236328
ta,65,2,186,61,5.0,9.86154146165801,-3.673316720848599,0.565685424949238,0,164.314834236328
ta,65,2,186,62,5.0,12.020815280171307,-3.9269908169872414,0.5685569981889047,0,164.314834236328
ta,65,2,186,63,5.0,6.5,-2.7468015338900313,0.44956066981809384,0,164.314834236328
ta,65,2,186,64,5.0,6.5,-3.536383773289555,0.565685424949238,0,164.314834236328
ta,65,2,186,65,5.0,6.103277807866851,-2.181522291184105,0.565685424949238,0,164.314834236328
ta,65,2,186,67,5.0,6.103277807866851,-4.101663015995481,0.565685424949238,0,164.314834236328
ta,65,2,186,68,5.0,0.0,,0.482842712474619,0,164.314834236328
ta,65,2,187,1,5.0,32.89756829919196,-1.1479424006619559,0.3276927682076162,0,165.74961684502367
ta,65,2,187,2,5.0,31.622776601683793,-1.2490457723982544,0.44956066981809384,0,165.74961684502367
ta,65,2,187,3,5.0,26.92582403567252,-1.1902899496825317,0.5685569981889047,0,165.74961684502367
ta,65,2,187,4,5.0,36.40054944640259,-1.2924966677897851,0.482842712474619,0,165.74961684502367
ta,65,2,187,5,5.0,28.50438562747845,-1.3045442776439713,0.482842712474619,0,165.74961684502367
ta,65,2,187,6,5.0,33.354160160315836,-1.3439974787410107,0.565685424949238,0,165.74961684502367
ta,65,2,187,7,5.0,22.073740054644116,-1.3422996875030342,0.565685424949238,0,165.74961684502367
ta,65,2,187,8,5.0,25.495097567963924,-1.373400766945016,0.44956066981809384,0,165.74961684502367
ta,65,2,187,9,5.0,30.4138126514911,-1.4056476493802696,0.5685569981889047,0,165.74961684502367
ta,65,2,187,10,5.0,35.35533905932738,-1.4288992721907325,0.565685424949238,0,165.74961684502367
ta,65,2,187,11,5.0,38.82331773560833,-1.4416490366668766,0.5685569981889047,0,165.74961684502367
ta,65,2,187,12,5.0,27.613402542968153,-1.4801364395941514,0.44956066981809384,0,165.74961684502367
ta,65,2,187,13,5.0,32.59601202601324,-1.4940244355251184,0.565685424949238,0,165.74961684502367
ta,65,2,187,14,5.0,25.0,-1.5707963267948966,0.565685424949238,0,165.74961684502367
ta,65,2,187,15,5.0,30.0,-1.5707963267948966,0.482842712474619,0,165.74961684502367
ta,65,2,187,16,5.0,35.0,-1.5707963267948966,0.5685569981889047,0,165.74961684502367
ta,65,2,187,17,5.0,30.20347662107791,-1.6869379536748867,0.482842712474619,0,165.74961684502367
ta,65,2,187,18,5.0,44.9694340635948,-2.411256885566015,0.44956066981809384,0,165.74961684502367
ta,65,2,187,19,5.0,42.42640687119285,-2.356194490192345,0.44956066981809384,0,165.74961684502367
ta,65,2,187,20,5.0,39.05124837953327,-2.44685437739309,0.5685569981889047,0,165.74961684502367
ta,65,2,187,21,5.0,46.09772228646444,-2.279422598922567,0.482842712474619,0,165.74961684502367
ta,65,2,187,22,5.0,38.890872965260115,-2.356194490192345,0.482842712474619,0,165.74961684502367
ta,65,2,187,23,5.0,42.573465914816005,-2.2730532583039036,0.565685424949238,0,165.74961684502367
ta,65,2,187,24,5.0,32.973474187595095,-2.431321646103107,0.565685424949238,0,165.74961684502367
ta,65,2,187,26,5.0,39.05124837953327,-2.2655346029915995,0.565685424949238,0,165.74961684502367
ta,65,2,187,27,5.0,43.01162633521314,-2.191045812777718,0.565685424949238,0,165.74961684502367
ta,65,2,187,28,5.0,45.90479277809671,-2.1467149264132495,0.5685569981889047,0,165.74961684502367
ta,65,2,187,29,5.0,35.531676008879735,-2.256525837701183,0.44956066981809384,0,165.74961684502367
ta,65,2,187,30,5.0,39.528470752104745,-2.1763409903998667,0.565685424949238,0,165.74961684502367
ta,65,2,187,31,5.0,32.01562118716424,-2.245537269018449,0.565685424949238,0,165.74961684502367
ta,65,2,187,32,5.0,36.05551275463989,-2.158798930342464,0.482842712474619,0,165.74961684502367
ta,65,2,187,33,5.0,40.311288741492746,-2.0899424410414196,0.5685569981889047,0,165.74961684502367
ta,65,2,187,34,5.0,34.23813663153998,-2.0736395377227574,0.482842712474619,0,165.74961684502367
ta,65,2,187,35,5.0,13.5,0.0,0.44956066981809384,0,165.74961684502367
ta,65,2,187,36,5.0,10.0,0.0,0.44956066981809384,0,165.74961684502367
ta,65,2,187,37,5.0,11.180339887498949,-0.46364760900080615,0.5685569981889047,0,165.74961684502367
ta,65,2,187,38,5.0,11.180339887498949,0.46364760900080615,0.482842712474619,0,165.74961684502367
ta,65,2,187,39,5.0,7.905694150420948,-0.32175055439664213,0.482842712474619,0,165.74961684502367
ta,65,2,187,40,5.0,7.905694150420948,0.32175055439664235,0.565685424949238,0,165.74961684502367
ta,65,2,187,41,5.0,9.86154146165801,-1.0390722595360908,0.565685424949238,0,165.74961684502367
ta,65,2,187,42,5.0,7.0710678118654755,-0.7853981633974483,0.44956066981809384,1,165.74961684502367
ta,65,2,187,43,5.0,5.0,0.0,0.5685569981889047,0,165.74961684502367
ta,65,2,187,44,5.0,7.0710678118654755,0.7853981633974483,0.565685424949238,0,165.74961684502367
ta,65,2,187,45,5.0,9.86154146165801,1.0390722595360913,0.5685569981889047,0,165.74961684502367
ta,65,2,187,46,5.0,3.5355339059327378,-0.7853981633974483,0.44956066981809384,0,165.74961684502367
ta,65,2,187,47,5.0,3.5355339059327378,0.7853981633974483,0.565685424949238,0,165.74961684502367
ta,65,2,187,48,5.0,5.0,-1.5707963267948966,0.565685424949238,0,165.74961684502367
ta,65,2,187,49,5.0,0.0,,0.482842712474619,0,165.74961684502367
ta,65,2,187,50,5.0,5.0,1.5707963267948966,0.5685569981889047,0,165.74961684502367
ta,65,2,187,51,5.0,3.5,-3.141592653589793,0.482842712474619,0,165.74961684502367
ta,65,2,187,52,5.0,33.5,-3.141592653589793,0.44956066981809384,0,165.74961684502367
ta,65,2,187,53,5.0,30.0,-3.141592653589793,0.44956066981809384,0,165.74961684502367
ta,65,2,187,54,5.0,30.4138126514911,-2.976443976175166,0.5685569981889047,0,165.74961684502367
ta,65,2,187,55,5.0,30.4138126514911,-3.30674133100442,0.482842712474619,0,165.74961684502367
ta,65,2,187,56,5.0,27.613402542968153,-3.0509327663890478,0.482842712474619,0,165.74961684502367
ta,65,2,187,57,5.0,27.613402542968153,-3.2322525407905385,0.565685424949238,0,165.74961684502367
ta,65,2,187,58,5.0,26.405491853021786,-2.8138541468092377,0.565685424949238,0,165.74961684502367
ta,65,2,187,59,5.0,25.495097567963924,-2.9441970937399127,0.44956066981809384,0,165.74961684502367
ta,65,2,187,60,5.0,25.0,-3.141592653589793,0.5685569981889047,0,165.74961684502367
ta,65,2,187,61,5.0,25.495097567963924,-3.338988213439674,0.565685424949238,0,165.74961684502367
ta,65,2,187,62,5.0,26.405491853021786,-3.4693311603703485,0.5685569981889047,0,165.74961684502367
ta,65,2,187,63,5.0,22.638462845343543,-3.0309354324158972,0.44956066981809384,0,165.74961684502367
ta,65,2,187,64,5.0,22.638462845343543,-3.252249874763689,0.565685424949238,0,165.74961684502367
ta,65,2,187,65,5.0,20.615528128088304,-2.896613990462929,0.565685424949238,0,165.74961684502367
ta,65,2,187,66,5.0,20.0,-3.141592653589793,0.482842712474619,0,165.74961684502367
ta,65,2,187,67,5.0,20.615528128088304,-3.3865713167166573,0.565685424949238,0,165.74961684502367
ta,65,2,188,1,5.0,26.405491853021786,-0.45765965661689284,0.44956066981809384,0,166.364492306925
ta,65,2,188,2,5.0,25.495097567963924,-0.5880026035475675,0.44956066981809384,0,166.364492306925
ta,65,2,188,3,5.0,20.615528128088304,-0.5404195002705842,0.5685569981889047,0,166.364492306925
ta,65,2,188,4,5.0,30.4138126514911,-0.6202494859828215,0.482842712474619,0,166.364492306925
ta,65,2,188,5,5.0,22.638462845343543,-0.6747409422235526,0.482842712474619,0,166.364492306925
ta,65,2,188,6,5.0,27.613402542968153,-0.6947382761967031,0.565685424949238,0,166.364492306925
ta,65,2,188,7,5.0,16.5,-0.7853981633974483,0.565685424949238,0,166.364492306925
ta,65,2,188,8,5.0,20.0,-0.7853981633974483,0.44956066981809384,0,166.364492306925
ta,65,2,188,9,5.0,25.0,-0.7853981633974483,0.5685569981889047,0,166.364492306925
ta,65,2,188,10,5.0,30.0,-0.7853981633974483,0.565685424949238,0,166.364492306925
ta,65,2,188,11,5.0,33.5,-0.7853981633974483,0.5685569981889047,0,166.364492306925
ta,65,2,188,12,5.0,22.638462845343543,-0.8960553845713439,0.44956066981809384,0,166.364492306925
ta,65,2,188,13,5.0,27.613402542968153,-0.8760580505981934,0.565685424949238,0,166.364492306925
ta,65,2,188,14,5.0,20.615528128088304,-1.0303768265243125,0.565685424949238,0,166.364492306925
ta,65,2,188,15,5.0,25.495097567963924,-0.982793723247329,0.482842712474619,0,166.364492306925
ta,65,2,188,16,5.0,30.4138126514911,-0.9505468408120751,0.5685569981889047,0,166.364492306925
ta,65,2,188,17,5.0,26.405491853021786,-1.1131366701780037,0.482842712474619,0,166.364492306925
ta,65,2,188,18,5.0,45.90479277809671,-1.780275890573992,0.44956066981809384,0,166.364492306925
ta,65,2,188,19,5.0,43.01162633521314,-1.7359450042095235,0.44956066981809384,0,166.364492306925
ta,65,2,188,20,5.0,40.311288741492746,-1.837048375945822,0.5685569981889047,0,166.364492306925
ta,65,2,188,21,5.0,46.09772228646444,-1.6475682180646747,0.482842712474619,0,166.364492306925
ta,65,2,188,22,5.0,39.528470752104745,-1.750649826587375,0.482842712474619,0,166.364492306925
ta,65,2,188,23,5.0,42.573465914816005,-1.6539375586833378,0.565685424949238,0,166.364492306925
ta,65,2,188,24,5.0,34.23813663153998,-1.8533512792644842,0.565685424949238,0,166.364492306925
ta,65,2,188,25,5.0,36.05551275463989,-1.7681918866447774,0.44956066981809384,0,166.364492306925
ta,65,2,188,26,5.0,39.05124837953327,-1.6614562139956417,0.5685569981889047,0,166.364492306925
ta,65,2,188,27,5.0,42.42640687119285,-1.5707963267948966,0.565685424949238,0,166.364492306925
ta,65,2,188,28,5.0,44.9694340635948,-1.5157339314212264,0.5685569981889047,0,166.364492306925
ta,65,2,188,29,5.0,35.531676008879735,-1.6704649792860586,0.44956066981809384,0,166.364492306925
ta,65,2,188,30,5.0,38.890872965260115,-1.5707963267948966,0.565685424949238,0,166.364492306925
ta,65,2,188,31,5.0,32.01562118716424,-1.6814535479687922,0.565685424949238,0,166.364492306925
ta,65,2,188,32,5.0,35.35533905932738,-1.5707963267948966,0.482842712474619,0,166.364492306925
ta,65,2,188,33,5.0,39.05124837953327,-1.4801364395941514,0.5685569981889047,0,166.364492306925
ta,65,2,188,34,5.0,32.973474187595095,-1.4956691708841345,0.482842712474619,0,166.364492306925
ta,65,2,188,35,5.0,9.86154146165801,1.317122230656254,0.44956066981809384,0,166.364492306925
ta,65,2,188,36,5.0,7.0710678118654755,1.5707963267948966,0.44956066981809384,0,166.364492306925
ta,65,2,188,37,5.0,5.0,0.7853981633974483,0.5685569981889047,0,166.364492306925
ta,65,2,188,38,5.0,11.180339887498949,1.8925468811915387,0.482842712474619,0,166.364492306925
ta,65,2,188,39,5.0,3.5355339059327378,1.5707963267948966,0.482842712474619,0,166.364492306925
ta,65,2,188,40,5.0,7.905694150420948,2.0344439357957027,0.565685424949238,0,166.364492306925
ta,65,2,188,41,5.0,3.5,-0.7853981633974483,0.565685424949238,1,166.364492306925
ta,65,2,188,42,5.0,0.0,,0.44956066981809384,0,166.364492306925
ta,65,2,188,43,5.0,5.0,2.356194490192345,0.5685569981889047,0,166.364492306925
ta,65,2,188,44,5.0,10.0,2.356194490192345,0.565685424949238,0,166.364492306925
ta,65,2,188,45,5.0,13.5,2.356194490192345,0.5685569981889047,0,166.364492306925
ta,65,2,188,46,5.0,3.5355339059327378,-3.141592653589793,0.44956066981809384,0,166.364492306925
ta,65,2,188,47,5.0,7.905694150420948,-3.6052402625905993,0.565685424949238,0,166.364492306925
ta,65,2,188,48,5.0,5.0,-2.356194490192345,0.565685424949238,0,166.364492306925
ta,65,2,188,50,5.0,11.180339887498949,-3.4633432079864352,0.565685424949238,0,166.364492306925
ta,65,2,188,51,5.0,9.86154146165801,-2.8879185574511506,0.482842712474619,0,166.364492306925
ta,65,2,188,52,5.0,38.82331773560833,-2.485341780320365,0.3276927682076162,0,166.364492306925
ta,65,2,188,53,5.0,35.35533905932738,-2.498091544796509,0.44956066981809384,0,166.364492306925
ta,65,2,188,54,5.0,35.0,-2.356194490192345,0.5685569981889047,0,166.364492306925
ta,65,2,188,55,5.0,36.40054944640259,-2.6344941491974563,0.482842712474619,0,166.364492306925
ta,65,2,188,56,5.0,32.59601202601324,-2.4329663814621227,0.482842712474619,0,166.364492306925
ta,65,2,188,57,5.0,33.354160160315836,-2.5829933382462307,0.565685424949238,0,166.364492306925
ta,65,2,188,58,5.0,30.20347662107791,-2.2400528633123544,0.565685424949238,0,166.364492306925
ta,65,2,188,59,5.0,30.0,-2.356194490192345,0.44956066981809384,0,166.364492306925
ta,65,2,188,60,5.0,30.4138126514911,-2.5213431676069717,0.5685569981889047,0,166.364492306925
ta,65,2,188,61,5.0,31.622776601683793,-2.677945044588987,0.565685424949238,0,166.364492306925
ta,65,2,188,62,5.0,32.89756829919196,-2.7790484163252858,0.5685569981889047,0,166.364492306925
ta,65,2,188,63,5.0,27.613402542968153,-2.44685437739309,0.44956066981809384,0,166.364492306925
ta,65,2,188,64,5.0,28.50438562747845,-2.6224465393432705,0.565685424949238,0,166.364492306925
ta,65,2,188,65,5.0,25.0,-2.356194490192345,0.565685424949238,0,166.364492306925
ta,65,2,188,66,5.0,25.495097567963924,-2.5535900500422257,0.482842712474619,0,166.364492306925
ta,65,2,188,67,5.0,26.92582403567252,-2.7367008673047097,0.5685569981889047,0,166.364492306925
ta,65,2,188,68,5.0,22.073740054644116,-2.584691129484207,0.482842712474619,0,166.364492306925
ta,65,2,189,1,5.0,23.119256043393783,0.3764903344465229,0.44956066981809384,0,166.66884013301197
ta,65,2,189,2,5.0,22.073740054644116,0.2284966392918623,0.44956066981809384,0,166.66884013301197
ta,65,2,189,3,5.0,17.240939649566666,0.2942345651111878,0.5685569981889047,0,166.66884013301197
ta,65,2,189,4,5.0,26.9675731203236,0.18648690166721676,0.482842712474619,0,166.66884013301197
ta,65,2,189,5,5.0,19.1637678967368,0.13082739607405697,0.482842712474619,0,166.66884013301197
ta,65,2,189,6,5.0,24.12985702402731,0.10379234045704283,0.565685424949238,0,166.66884013301197
ta,65,2,189,7,5.0,13.0,0.0,0.565685424949238,0,166.66884013301197
ta,65,2,189,8,5.0,16.5,0.0,0.44956066981809384,1,166.66884013301197
ta,65,2,189,9,5.0,21.5,0.0,0.5685569981889047,0,166.66884013301197
ta,65,2,189,10,5.0,26.5,0.0,0.565685424949238,0,166.66884013301197
ta,65,2,189,11,5.0,30.0,0.0,0.5685569981889047,0,166.66884013301197
ta,65,2,189,12,5.0,19.1637678967368,-0.13082739607405697,0.44956066981809384,0,166.66884013301197
ta,65,2,189,13,5.0,24.12985702402731,-0.10379234045704283,0.565685424949238,0,166.66884013301197
ta,65,2,189,14,5.0,17.240939649566666,-0.2942345651111878,0.565685424949238,0,166.66884013301197
ta,65,2,189,15,5.0,22.073740054644116,-0.2284966392918623,0.482842712474619,0,166.66884013301197
ta,65,2,189,16,5.0,26.9675731203236,-0.18648690166721676,0.5685569981889047,0,166.66884013301197
ta,65,2,189,17,5.0,23.119256043393783,-0.3764903344465229,0.482842712474619,0,166.66884013301197
ta,65,2,189,18,5.0,44.09648512069868,-1.0614951827928847,0.44956066981809384,0,166.66884013301197
ta,65,2,189,19,5.0,41.07614879708174,-1.0199387922631804,0.44956066981809384,0,166.66884013301197
ta,65,2,189,20,5.0,38.69431482789171,-1.1302659861783835,0.5685569981889047,0,166.66884013301197
ta,65,2,189,21,5.0,43.900455578501685,-0.9227394408643822,0.482842712474619,0,166.66884013301197
ta,65,2,189,22,5.0,37.646380968162134,-1.041765855715248,0.482842712474619,0,166.66884013301197
ta,65,2,189,23,5.0,40.40111384603152,-0.9347208240911457,0.565685424949238,0,166.66884013301197
ta,65,2,189,24,5.0,32.69556544854363,-1.1618884978439712,0.565685424949238,0,166.66884013301197
ta,65,2,189,25,5.0,34.23813663153998,-1.067953115867036,0.44956066981809384,0,166.66884013301197
ta,65,2,189,26,5.0,36.908671067921155,-0.9489720389643068,0.5685569981889047,0,166.66884013301197
ta,65,2,189,27,5.0,40.02811511925087,-0.8472660092618284,0.565685424949238,0,166.66884013301197
ta,65,2,189,28,5.0,42.42640687119285,-0.7853981633974483,0.5685569981889047,0,166.66884013301197
ta,65,2,189,29,5.0,33.425289826716536,-0.9661977367014197,0.44956066981809384,0,166.66884013301197
ta,65,2,189,30,5.0,36.5,-0.8532549862537522,0.565685424949238,0,166.66884013301197
ta,65,2,189,31,5.0,29.95413160150032,-0.9874233198010407,0.565685424949238,0,166.66884013301197
ta,65,2,189,32,5.0,32.973474187595095,-0.8605253193082104,0.482842712474619,0,166.66884013301197
ta,65,2,189,33,5.0,36.43144246389374,-0.7562801818904095,0.5685569981889047,0,166.66884013301197
ta,65,2,189,34,5.0,30.405591591021544,-0.7853981633974483,0.482842712474619,0,166.66884013301197
ta,65,2,189,35,5.0,12.020815280171307,2.356194490192345,0.44956066981809384,0,166.66884013301197
ta,65,2,189,36,5.0,9.86154146165801,2.609868586330988,0.44956066981809384,0,166.66884013301197
ta,65,2,189,37,5.0,6.103277807866851,2.1815222911841055,0.5685569981889047,0,166.66884013301197
ta,65,2,189,38,5.0,14.396180048887969,2.7868870015788527,0.482842712474619,0,166.66884013301197
ta,65,2,189,39,5.0,6.5,2.746801533890032,0.482842712474619,0,166.66884013301197
ta,65,2,189,40,5.0,11.280514172678478,2.91811605244916,0.565685424949238,0,166.66884013301197
ta,65,2,189,41,5.0,0.0,,0.565685424949238,0,166.66884013301197
ta,65,2,189,43,5.0,8.5,3.141592653589793,0.565685424949238,0,166.66884013301197
ta,65,2,189,44,5.0,13.5,3.141592653589793,0.565685424949238,0,166.66884013301197
ta,65,2,189,45,5.0,17.0,3.141592653589793,0.5685569981889047,0,166.66884013301197
ta,65,2,189,46,5.0,6.5,-2.746801533890032,0.44956066981809384,0,166.66884013301197
ta,65,2,189,47,5.0,11.280514172678478,-2.91811605244916,0.565685424949238,0,166.66884013301197
ta,65,2,189,48,5.0,6.103277807866851,-2.1815222911841055,0.565685424949238,0,166.66884013301197
ta,65,2,189,50,5.0,14.396180048887969,-2.7868870015788527,0.565685424949238,0,166.66884013301197
ta,65,2,189,51,5.0,12.020815280171307,-2.356194490192345,0.482842712474619,0,166.66884013301197
ta,65,2,189,52,5.0,39.42714800743264,-1.7880897577179178,0.3276927682076162,0,166.66884013301197
ta,65,2,189,53,5.0,36.01735692690401,-1.8090410849736416,0.44956066981809384,0,166.66884013301197
ta,65,2,189,54,5.0,35.174564673923115,-1.6704649792860586,0.5685569981889047,0,166.66884013301197
ta,65,2,189,55,5.0,37.51333096380539,-1.9389270981200601,0.482842712474619,0,166.66884013301197
ta,65,2,189,56,5.0,33.04920573932148,-1.7533561799258035,0.482842712474619,0,166.66884013301197
ta,65,2,189,57,5.0,34.311076928595526,-1.8971551435016594,0.565685424949238,0,166.66884013301197
ta,65,2,189,58,5.0,30.0,-1.5707963267948966,0.565685424949238,0,166.66884013301197
ta,65,2,189,59,5.0,30.20347662107791,-1.6869379536748867,0.44956066981809384,0,166.66884013301197
ta,65,2,189,60,5.0,31.18092365533773,-1.8468933461903332,0.5685569981889047,0,166.66884013301197
ta,65,2,189,61,5.0,32.89756829919196,-1.9936502529278373,0.565685424949238,0,166.66884013301197
ta,65,2,189,62,5.0,34.48187929913333,-2.086345334253876,0.5685569981889047,0,166.66884013301197
ta,65,2,189,63,5.0,28.146935890075138,-1.7856117271965553,0.44956066981809384,0,166.66884013301197
ta,65,2,189,64,5.0,29.618406439239774,-1.9513027039072615,0.565685424949238,0,166.66884013301197
ta,65,2,189,65,5.0,25.243811122728676,-1.709892268276968,0.565685424949238,0,166.66884013301197
ta,65,2,189,66,5.0,26.405491853021786,-1.8985348335754522,0.482842712474619,0,166.66884013301197
ta,65,2,189,67,5.0,28.412145290350743,-2.0659295902633006,0.5685569981889047,0,166.66884013301197
ta,65,2,189,68,5.0,23.119256043393783,-1.9472866612414195,0.482842712474619,0,166.66884013301197
ta,65,2,190,1,5.0,9.86154146165801,1.039072259536091,0.44956066981809384,0,168.10362274170762
ta,65,2,190,2,5.0,7.0710678118654755,0.7853981633974483,0.44956066981809384,0,168.10362274170762
ta,65,2,190,3,5.0,5.0,1.5707963267948966,0.5685569981889047,0,168.10362274170762
ta,65,2,190,4,5.0,11.180339887498949,0.4636476090008061,0.482842712474619,0,168.10362274170762
ta,65,2,190,5,5.0,3.5355339059327378,0.7853981633974483,0.482842712474619,0,168.10362274170762
ta,65,2,190,6,5.0,7.905694150420948,0.3217505543966422,0.565685424949238,0,168.10362274170762
ta,65,2,190,7,5.0,3.5,3.141592653589793,0.565685424949238,0,168.10362274170762
ta,65,2,190,8,5.0,0.0,,0.44956066981809384,0,168.10362274170762
ta,65,2,190,9,5.0,5.0,0.0,0.5685569981889047,0,168.10362274170762
ta,65,2,190,10,5.0,10.0,0.0,0.565685424949238,0,168.10362274170762
ta,65,2,190,11,5.0,13.5,0.0,0.5685569981889047,0,168.10362274170762
ta,65,2,190,12,5.0,3.5355339059327378,-0.7853981633974483,0.44956066981809384,0,168.10362274170762
ta,65,2,190,13,5.0,7.905694150420948,-0.3217505543966422,0.565685424949238,0,168.10362274170762
ta,65,2,190,14,5.0,5.0,-1.5707963267948966,0.565685424949238,0,168.10362274170762
ta,65,2,190,15,5.0,7.0710678118654755,-0.7853981633974483,0.482842712474619,1,168.10362274170762
ta,65,2,190,16,5.0,11.180339887498949,-0.4636476090008061,0.5685569981889047,0,168.10362274170762
ta,65,2,190,17,5.0,9.86154146165801,-1.039072259536091,0.482842712474619,0,168.10362274170762
ta,65,2,190,18,5.0,38.82331773560833,-1.4416490366668766,0.44956066981809384,0,168.10362274170762
ta,65,2,190,19,5.0,35.35533905932738,-1.4288992721907328,0.44956066981809384,0,168.10362274170762
ta,65,2,190,20,5.0,35.0,-1.5707963267948966,0.5685569981889047,0,168.10362274170762
ta,65,2,190,21,5.0,36.40054944640259,-1.2924966677897853,0.482842712474619,0,168.10362274170762
ta,65,2,190,22,5.0,32.59601202601324,-1.4940244355251187,0.482842712474619,0,168.10362274170762
ta,65,2,190,23,5.0,33.354160160315836,-1.3439974787410107,0.565685424949238,0,168.10362274170762
ta,65,2,190,24,5.0,30.20347662107791,-1.6869379536748867,0.565685424949238,0,168.10362274170762
ta,65,2,190,25,5.0,30.0,-1.5707963267948966,0.44956066981809384,0,168.10362274170762
ta,65,2,190,26,5.0,30.4138126514911,-1.4056476493802699,0.5685569981889047,0,168.10362274170762
ta,65,2,190,27,5.0,31.622776601683793,-1.2490457723982544,0.565685424949238,0,168.10362274170762
ta,65,2,190,28,5.0,32.89756829919196,-1.1479424006619559,0.5685569981889047,0,168.10362274170762
ta,65,2,190,29,5.0,27.613402542968153,-1.4801364395941514,0.44956066981809384,0,168.10362274170762
ta,65,2,190,30,5.0,28.50438562747845,-1.3045442776439713,0.565685424949238,0,168.10362274170762
ta,65,2,190,31,5.0,25.0,-1.5707963267948966,0.565685424949238,0,168.10362274170762
ta,65,2,190,32,5.0,25.495097567963924,-1.373400766945016,0.482842712474619,0,168.10362274170762
ta,65,2,190,33,5.0,26.92582403567252,-1.1902899496825317,0.5685569981889047,0,168.10362274170762
ta,65,2,190,34,5.0,22.073740054644116,-1.3422996875030344,0.482842712474619,0,168.10362274170762
ta,65,2,190,35,5.0,26.405491853021786,2.8138541468092377,0.44956066981809384,0,168.10362274170762
ta,65,2,190,36,5.0,25.495097567963924,2.9441970937399127,0.44956066981809384,0,168.10362274170762
ta,65,2,190,37,5.0,20.615528128088304,2.896613990462929,0.5685569981889047,0,168.10362274170762
ta,65,2,190,38,5.0,30.4138126514911,2.976443976175166,0.482842712474619,0,168.10362274170762
ta,65,2,190,39,5.0,22.638462845343543,3.0309354324158977,0.482842712474619,0,168.10362274170762
ta,65,2,190,40,5.0,27.613402542968153,3.050932766389048,0.565685424949238,0,168.10362274170762
ta,65,2,190,43,5.0,25.0,3.141592653589793,0.482842712474619,0,168.10362274170762
ta,65,2,190,44,5.0,30.0,3.141592653589793,0.565685424949238,0,168.10362274170762
ta,65,2,190,45,5.0,33.5,3.141592653589793,0.5685569981889047,0,168.10362274170762
ta,65,2,190,46,5.0,22.638462845343543,-3.0309354324158977,0.44956066981809384,0,168.10362274170762
ta,65,2,190,47,5.0,27.613402542968153,-3.050932766389048,0.565685424949238,0,168.10362274170762
ta,65,2,190,48,5.0,20.615528128088304,-2.896613990462929,0.565685424949238,0,168.10362274170762
ta,65,2,190,49,5.0,25.495097567963924,-2.9441970937399127,0.482842712474619,0,168.10362274170762
ta,65,2,190,50,5.0,30.4138126514911,-2.976443976175166,0.5685569981889047,0,168.10362274170762
ta,65,2,190,51,5.0,26.405491853021786,-2.8138541468092377,0.482842712474619,0,168.10362274170762
ta,65,2,190,52,5.0,45.90479277809671,-2.1467149264132495,0.44956066981809384,0,168.10362274170762
ta,65,2,190,53,5.0,43.01162633521314,-2.191045812777718,0.44956066981809384,0,168.10362274170762
ta,65,2,190,54,5.0,40.311288741492746,-2.0899424410414196,0.5685569981889047,0,168.10362274170762
ta,65,2,190,55,5.0,46.09772228646444,-2.279422598922567,0.482842712474619,0,168.10362274170762
ta,65,2,190,56,5.0,39.528470752104745,-2.1763409903998667,0.482842712474619,0,168.10362274170762
ta,65,2,190,57,5.0,42.573465914816005,-2.2730532583039036,0.565685424949238,0,168.10362274170762
ta,65,2,190,58,5.0,34.23813663153998,-2.0736395377227574,0.565685424949238,0,168.10362274170762
ta,65,2,190,59,5.0,36.05551275463989,-2.158798930342464,0.44956066981809384,0,168.10362274170762
ta,65,2,190,60,5.0,39.05124837953327,-2.2655346029916,0.5685569981889047,0,168.10362274170762
ta,65,2,190,61,5.0,42.42640687119285,-2.356194490192345,0.565685424949238,0,168.10362274170762
ta,65,2,190,62,5.0,44.9694340635948,-2.411256885566015,0.5685569981889047,0,168.10362274170762
ta,65,2,190,63,5.0,35.531676008879735,-2.256525837701183,0.44956066981809384,0,168.10362274170762
ta,65,2,190,64,5.0,38.890872965260115,-2.356194490192345,0.565685424949238,0,168.10362274170762
ta,65,2,190,65,5.0,32.01562118716424,-2.2455372690184494,0.565685424949238,0,168.10362274170762
ta,65,2,190,66,5.0,35.35533905932738,-2.356194490192345,0.482842712474619,0,168.10362274170762
ta,65,2,190,67,5.0,39.05124837953327,-2.44685437739309,0.5685569981889047,0,168.10362274170762
ta,65,2,190,68,5.0,32.973474187595095,-2.431321646103107,0.482842712474619,0,168.10362274170762
ta,65,2,191,1,5.0,13.5,2.356194490192345,0.44956066981809384,0,168.71849820360896
ta,65,2,191,2,5.0,10.0,2.356194490192345,0.44956066981809384,0,168.71849820360896
ta,65,2,191,3,5.0,11.180339887498949,2.819842099193151,0.5685569981889047,0,168.71849820360896
ta,65,2,191,4,5.0,11.180339887498949,1.8925468811915387,0.482842712474619,0,168.71849820360896
ta,65,2,191,5,5.0,7.905694150420948,2.677945044588987,0.482842712474619,0,168.71849820360896
ta,65,2,191,6,5.0,7.905694150420948,2.0344439357957027,0.565685424949238,0,168.71849820360896
ta,65,2,191,7,5.0,9.86154146165801,3.395266749728436,0.565685424949238,0,168.71849820360896
ta,65,2,191,9,5.0,5.0,2.356194490192345,0.565685424949238,0,168.71849820360896
ta,65,2,191,10,5.0,7.0710678118654755,1.5707963267948966,0.565685424949238,0,168.71849820360896
ta,65,2,191,11,5.0,9.86154146165801,1.317122230656254,0.5685569981889047,0,168.71849820360896
ta,65,2,191,12,5.0,3.5355339059327378,3.141592653589793,0.44956066981809384,0,168.71849820360896
ta,65,2,191,13,5.0,3.5355339059327378,1.5707963267948966,0.565685424949238,0,168.71849820360896
ta,65,2,191,14,5.0,5.0,3.9269908169872414,0.565685424949238,0,168.71849820360896
ta,65,2,191,15,5.0,0.0,,0.482842712474619,0,168.71849820360896
ta,65,2,191,16,5.0,5.0,0.7853981633974483,0.5685569981889047,0,168.71849820360896
ta,65,2,191,17,5.0,3.5,-0.7853981633974483,0.482842712474619,0,168.71849820360896
ta,65,2,191,18,5.0,33.5,-0.7853981633974483,0.44956066981809384,0,168.71849820360896
ta,65,2,191,19,5.0,30.0,-0.7853981633974483,0.44956066981809384,0,168.71849820360896
ta,65,2,191,20,5.0,30.4138126514911,-0.9505468408120752,0.5685569981889047,0,168.71849820360896
ta,65,2,191,21,5.0,30.4138126514911,-0.6202494859828216,0.482842712474619,0,168.71849820360896
ta,65,2,191,22,5.0,27.613402542968153,-0.8760580505981934,0.482842712474619,0,168.71849820360896
ta,65,2,191,23,5.0,27.613402542968153,-0.6947382761967031,0.565685424949238,0,168.71849820360896
ta,65,2,191,24,5.0,26.405491853021786,-1.1131366701780039,0.565685424949238,0,168.71849820360896
ta,65,2,191,25,5.0,25.495097567963924,-0.9827937232473292,0.44956066981809384,0,168.71849820360896
ta,65,2,191,26,5.0,25.0,-0.7853981633974483,0.5685569981889047,0,168.71849820360896
ta,65,2,191,27,5.0,25.495097567963924,-0.5880026035475676,0.565685424949238,0,168.71849820360896
ta,65,2,191,28,5.0,26.405491853021786,-0.4576596566168929,0.5685569981889047,0,168.71849820360896
ta,65,2,191,29,5.0,22.638462845343543,-0.8960553845713439,0.44956066981809384,0,168.71849820360896
ta,65,2,191,30,5.0,22.638462845343543,-0.6747409422235526,0.565685424949238,0,168.71849820360896
ta,65,2,191,31,5.0,20.615528128088304,-1.0303768265243125,0.565685424949238,0,168.71849820360896
ta,65,2,191,32,5.0,20.0,-0.7853981633974483,0.482842712474619,1,168.71849820360896
ta,65,2,191,33,5.0,20.615528128088304,-0.5404195002705843,0.5685569981889047,0,168.71849820360896
ta,65,2,191,34,5.0,16.5,-0.7853981633974483,0.482842712474619,0,168.71849820360896
ta,65,2,191,35,5.0,32.89756829919196,3.504136890854301,0.44956066981809384,0,168.71849820360896
ta,65,2,191,36,5.0,31.622776601683793,3.6052402625905993,0.44956066981809384,0,168.71849820360896
ta,65,2,191,37,5.0,26.92582403567252,3.5464844398748765,0.5685569981889047,0,168.71849820360896
ta,65,2,191,38,5.0,36.40054944640259,3.64869115798213,0.482842712474619,0,168.71849820360896
ta,65,2,191,39,5.0,28.50438562747845,3.660738767836316,0.482842712474619,0,168.71849820360896
ta,65,2,191,40,5.0,33.354160160315836,3.7001919689333556,0.565685424949238,0,168.71849820360896
ta,65,2,191,41,5.0,22.073740054644116,3.698494177695379,0.565685424949238,0,168.71849820360896
ta,65,2,191,43,5.0,30.4138126514911,3.7618421395726145,0.565685424949238,0,168.71849820360896
ta,65,2,191,44,5.0,35.35533905932738,3.7850937623830774,0.565685424949238,0,168.71849820360896
ta,65,2,191,45,5.0,38.82331773560833,3.7978435268592214,0.5685569981889047,0,168.71849820360896
ta,65,2,191,46,5.0,27.613402542968153,3.8363309297864965,0.44956066981809384,0,168.71849820360896
ta,65,2,191,47,5.0,32.59601202601324,3.8502189257174635,0.565685424949238,0,168.71849820360896
ta,65,2,191,48,5.0,25.0,3.9269908169872414,0.565685424949238,0,168.71849820360896
ta,65,2,191,49,5.0,30.0,3.9269908169872414,0.482842712474619,0,168.71849820360896
ta,65,2,191,50,5.0,35.0,3.9269908169872414,0.5685569981889047,0,168.71849820360896
ta,65,2,191,51,5.0,30.20347662107791,-2.240052863312355,0.482842712474619,0,168.71849820360896
ta,65,2,191,52,5.0,44.9694340635948,-1.5157339314212264,0.44956066981809384,0,168.71849820360896
ta,65,2,191,53,5.0,42.42640687119285,-1.5707963267948966,0.44956066981809384,0,168.71849820360896
ta,65,2,191,54,5.0,39.05124837953327,-1.4801364395941516,0.5685569981889047,0,168.71849820360896
ta,65,2,191,55,5.0,46.09772228646444,-1.647568218064675,0.482842712474619,0,168.71849820360896
ta,65,2,191,56,5.0,38.890872965260115,-1.5707963267948966,0.482842712474619,0,168.71849820360896
ta,65,2,191,57,5.0,42.573465914816005,-1.6539375586833378,0.565685424949238,0,168.71849820360896
ta,65,2,191,58,5.0,32.973474187595095,-1.4956691708841348,0.565685424949238,0,168.71849820360896
ta,65,2,191,59,5.0,35.35533905932738,-1.5707963267948966,0.44956066981809384,0,168.71849820360896
ta,65,2,191,60,5.0,39.05124837953327,-1.661456213995642,0.5685569981889047,0,168.71849820360896
ta,65,2,191,61,5.0,43.01162633521314,-1.7359450042095235,0.565685424949238,0,168.71849820360896
ta,65,2,191,62,5.0,45.90479277809671,-1.780275890573992,0.5685569981889047,0,168.71849820360896
ta,65,2,191,63,5.0,35.531676008879735,-1.6704649792860589,0.44956066981809384,0,168.71849820360896
ta,65,2,191,64,5.0,39.528470752104745,-1.7506498265873751,0.565685424949238,0,168.71849820360896
ta,65,2,191,65,5.0,32.01562118716424,-1.6814535479687924,0.565685424949238,0,168.71849820360896
ta,65,2,191,66,5.0,36.05551275463989,-1.7681918866447774,0.482842712474619,0,168.71849820360896
ta,65,2,191,67,5.0,40.311288741492746,-1.8370483759458218,0.5685569981889047,0,168.71849820360896
ta,65,2,191,68,5.0,34.23813663153998,-1.853351279264484,0.482842712474619,0,168.71849820360896
ta,65,2,192,1,5.0,33.5,3.141592653589793,0.44956066981809384,0,170.45762863839155
ta,65,2,192,2,5.0,30.0,3.141592653589793,0.44956066981809384,0,170.45762863839155
ta,65,2,192,3,5.0,30.4138126514911,3.30674133100442,0.5685569981889047,0,170.45762863839155
ta,65,2,192,4,5.0,30.4138126514911,2.976443976175166,0.482842712474619,0,170.45762863839155
ta,65,2,192,5,5.0,27.613402542968153,3.2322525407905385,0.482842712474619,0,170.45762863839155
ta,65,2,192,6,5.0,27.613402542968153,3.0509327663890478,0.565685424949238,0,170.45762863839155
ta,65,2,192,7,5.0,26.405491853021786,3.4693311603703485,0.565685424949238,0,170.45762863839155
ta,65,2,192,8,5.0,25.495097567963924,3.338988213439674,0.44956066981809384,0,170.45762863839155
ta,65,2,192,9,5.0,25.0,3.141592653589793,0.5685569981889047,0,170.45762863839155
ta,65,2,192,10,5.0,25.495097567963924,2.9441970937399127,0.565685424949238,0,170.45762863839155
ta,65,2,192,11,5.0,26.405491853021786,2.8138541468092377,0.5685569981889047,0,170.45762863839155
ta,65,2,192,12,5.0,22.638462845343543,3.252249874763689,0.44956066981809384,0,170.45762863839155
ta,65,2,192,13,5.0,22.638462845343543,3.0309354324158972,0.565685424949238,0,170.45762863839155
ta,65,2,192,14,5.0,20.615528128088304,3.3865713167166573,0.565685424949238,0,170.45762863839155
ta,65,2,192,16,5.0,20.615528128088304,2.896613990462929,0.565685424949238,0,170.45762863839155
ta,65,2,192,17,5.0,16.5,3.141592653589793,0.482842712474619,0,170.45762863839155
ta,65,2,192,18,5.0,13.5,0.0,0.3276927682076162,0,170.45762863839155
ta,65,2,192,19,5.0,10.0,0.0,0.44956066981809384,0,170.45762863839155
ta,65,2,192,20,5.0,11.180339887498949,-0.46364760900080615,0.5685569981889047,0,170.45762863839155
ta,65,2,192,21,5.0,11.180339887498949,0.46364760900080615,0.482842712474619,0,170.45762863839155
ta,65,2,192,22,5.0,7.905694150420948,-0.32175055439664235,0.482842712474619,0,170.45762863839155
ta,65,2,192,23,5.0,7.905694150420948,0.32175055439664213,0.565685424949238,0,170.45762863839155
ta,65,2,192,24,5.0,9.86154146165801,-1.0390722595360913,0.565685424949238,0,170.45762863839155
ta,65,2,192,25,5.0,7.0710678118654755,-0.7853981633974483,0.44956066981809384,1,170.45762863839155
ta,65,2,192,26,5.0,5.0,0.0,0.5685569981889047,0,170.45762863839155
ta,65,2,192,27,5.0,7.0710678118654755,0.7853981633974483,0.565685424949238,0,170.45762863839155
ta,65,2,192,28,5.0,9.86154146165801,1.0390722595360908,0.5685569981889047,0,170.45762863839155
ta,65,2,192,29,5.0,3.5355339059327378,-0.7853981633974483,0.44956066981809384,0,170.45762863839155
ta,65,2,192,30,5.0,3.5355339059327378,0.7853981633974483,0.565685424949238,0,170.45762863839155
ta,65,2,192,31,5.0,5.0,4.71238898038469,0.565685424949238,0,170.45762863839155
ta,65,2,192,32,5.0,0.0,,0.482842712474619,0,170.45762863839155
ta,65,2,192,33,5.0,5.0,1.5707963267948966,0.5685569981889047,0,170.45762863839155
ta,65,2,192,34,5.0,3.5,3.141592653589793,0.482842712474619,0,170.45762863839155
ta,65,2,192,35,5.0,44.9694340635948,3.871928421613571,0.44956066981809384,0,170.45762863839155
ta,65,2,192,36,5.0,42.42640687119285,3.9269908169872414,0.44956066981809384,0,170.45762863839155
ta,65,2,192,37,5.0,39.05124837953327,3.8363309297864965,0.5685569981889047,0,170.45762863839155
ta,65,2,192,38,5.0,46.09772228646444,4.003762708257019,0.482842712474619,0,170.45762863839155
ta,65,2,192,39,5.0,38.890872965260115,3.9269908169872414,0.482842712474619,0,170.45762863839155
ta,65,2,192,40,5.0,42.573465914816005,4.010132048875683,0.565685424949238,0,170.45762863839155
ta,65,2,192,41,5.0,32.973474187595095,3.8518636610764796,0.565685424949238,0,170.45762863839155
ta,65,2,192,43,5.0,39.05124837953327,4.017650704187987,0.565685424949238,0,170.45762863839155
ta,65,2,192,44,5.0,43.01162633521314,4.092139494401868,0.565685424949238,0,170.45762863839155
ta,65,2,192,45,5.0,45.90479277809671,4.136470380766337,0.5685569981889047,0,170.45762863839155
ta,65,2,192,46,5.0,35.531676008879735,4.026659469478403,0.44956066981809384,0,170.45762863839155
ta,65,2,192,47,5.0,39.528470752104745,4.1068443167797195,0.565685424949238,0,170.45762863839155
ta,65,2,192,48,5.0,32.01562118716424,4.037648038161137,0.565685424949238,0,170.45762863839155
ta,65,2,192,49,5.0,36.05551275463989,4.124386376837123,0.482842712474619,0,170.45762863839155
ta,65,2,192,50,5.0,40.311288741492746,4.193242866138167,0.5685569981889047,0,170.45762863839155
ta,65,2,192,51,5.0,34.23813663153998,4.209545769456829,0.482842712474619,0,170.45762863839155
ta,65,2,192,52,5.0,32.89756829919196,-1.147942400661956,0.44956066981809384,0,170.45762863839155
ta,65,2,192,53,5.0,31.622776601683793,-1.2490457723982544,0.44956066981809384,0,170.45762863839155
ta,65,2,192,54,5.0,26.92582403567252,-1.1902899496825317,0.5685569981889047,0,170.45762863839155
ta,65,2,192,55,5.0,36.40054944640259,-1.2924966677897851,0.482842712474619,0,170.45762863839155
ta,65,2,192,56,5.0,28.50438562747845,-1.3045442776439713,0.482842712474619,0,170.45762863839155
ta,65,2,192,57,5.0,33.354160160315836,-1.3439974787410107,0.565685424949238,0,170.45762863839155
ta,65,2,192,58,5.0,22.073740054644116,-1.3422996875030342,0.565685424949238,0,170.45762863839155
ta,65,2,192,59,5.0,25.495097567963924,-1.3734007669450161,0.44956066981809384,0,170.45762863839155
ta,65,2,192,60,5.0,30.4138126514911,-1.4056476493802696,0.5685569981889047,0,170.45762863839155
ta,65,2,192,61,5.0,35.35533905932738,-1.4288992721907325,0.565685424949238,0,170.45762863839155
ta,65,2,192,62,5.0,38.82331773560833,-1.4416490366668766,0.5685569981889047,0,170.45762863839155
ta,65,2,192,63,5.0,27.613402542968153,-1.4801364395941516,0.44956066981809384,0,170.45762863839155
ta,65,2,192,64,5.0,32.59601202601324,-1.4940244355251187,0.565685424949238,0,170.45762863839155
ta,65,2,192,65,5.0,25.0,4.71238898038469,0.565685424949238,0,170.45762863839155
ta,65,2,192,66,5.0,30.0,4.71238898038469,0.482842712474619,0,170.45762863839155
ta,65,2,192,67,5.0,35.0,4.71238898038469,0.5685569981889047,0,170.45762863839155
ta,65,2,192,68,5.0,30.20347662107791,4.596247353504699,0.482842712474619,0,170.45762863839155
ta,65,2,193,1,5.0,38.82331773560833,3.7978435268592214,0.44956066981809384,0,171.0725041002929
ta,65,2,193,2,5.0,35.35533905932738,3.7850937623830774,0.44956066981809384,0,171.0725041002929
ta,65,2,193,3,5.0,35.0,3.9269908169872414,0.5685569981889047,0,171.0725041002929
ta,65,2,193,4,5.0,36.40054944640259,3.64869115798213,0.482842712474619,0,171.0725041002929
ta,65,2,193,5,5.0,32.59601202601324,3.8502189257174635,0.482842712474619,0,171.0725041002929
ta,65,2,193,6,5.0,33.354160160315836,3.7001919689333556,0.565685424949238,0,171.0725041002929
ta,65,2,193,7,5.0,30.20347662107791,4.043132443867232,0.565685424949238,0,171.0725041002929
ta,65,2,193,8,5.0,30.0,3.9269908169872414,0.44956066981809384,0,171.0725041002929
ta,65,2,193,9,5.0,30.4138126514911,3.7618421395726145,0.5685569981889047,0,171.0725041002929
ta,65,2,193,10,5.0,31.622776601683793,3.6052402625905993,0.565685424949238,0,171.0725041002929
ta,65,2,193,11,5.0,32.89756829919196,3.5041368908543005,0.5685569981889047,0,171.0725041002929
ta,65,2,193,12,5.0,27.613402542968153,3.836330929786496,0.44956066981809384,0,171.0725041002929
ta,65,2,193,13,5.0,28.50438562747845,3.660738767836316,0.565685424949238,0,171.0725041002929
ta,65,2,193,14,5.0,25.0,3.9269908169872414,0.565685424949238,0,171.0725041002929
ta,65,2,193,15,5.0,25.495097567963924,3.729595257137361,0.482842712474619,0,171.0725041002929
ta,65,2,193,16,5.0,26.92582403567252,3.5464844398748765,0.5685569981889047,0,171.0725041002929
ta,65,2,193,17,5.0,22.073740054644116,3.6984941776953795,0.482842712474619,0,171.0725041002929
ta,65,2,193,18,5.0,9.86154146165801,1.3171222306562538,0.44956066981809384,0,171.0725041002929
ta,65,2,193,19,5.0,7.0710678118654755,1.5707963267948966,0.44956066981809384,0,171.0725041002929
ta,65,2,193,20,5.0,5.0,0.7853981633974483,0.5685569981889047,0,171.0725041002929
ta,65,2,193,21,5.0,11.180339887498949,1.8925468811915387,0.482842712474619,0,171.0725041002929
ta,65,2,193,22,5.0,3.5355339059327378,1.5707963267948966,0.482842712474619,0,171.0725041002929
ta,65,2,193,23,5.0,7.905694150420948,2.0344439357957027,0.565685424949238,0,171.0725041002929
ta,65,2,193,24,5.0,3.5,5.497787143782138,0.565685424949238,0,171.0725041002929
ta,65,2,193,25,5.0,0.0,,0.44956066981809384,0,171.0725041002929
ta,65,2,193,26,5.0,5.0,2.356194490192345,0.5685569981889047,0,171.0725041002929
ta,65,2,193,27,5.0,10.0,2.356194490192345,0.565685424949238,0,171.0725041002929
ta,65,2,193,28,5.0,13.5,2.356194490192345,0.5685569981889047,0,171.0725041002929
ta,65,2,193,29,5.0,3.5355339059327378,3.141592653589793,0.44956066981809384,0,171.0725041002929
ta,65,2,193,30,5.0,7.905694150420948,2.677945044588987,0.565685424949238,0,171.0725041002929
ta,65,2,193,31,5.0,5.0,3.9269908169872414,0.565685424949238,0,171.0725041002929
ta,65,2,193,33,5.0,11.180339887498949,2.819842099193151,0.565685424949238,0,171.0725041002929
ta,65,2,193,34,5.0,9.86154146165801,3.395266749728436,0.482842712474619,0,171.0725041002929
ta,65,2,193,35,5.0,45.90479277809671,4.502909416605594,0.3276927682076162,0,171.0725041002929
ta,65,2,193,36,5.0,43.01162633521314,4.547240302970063,0.44956066981809384,0,171.0725041002929
ta,65,2,193,37,5.0,40.311288741492746,4.446136931233765,0.5685569981889047,0,171.0725041002929
ta,65,2,193,38,5.0,46.09772228646444,4.635617089114912,0.482842712474619,0,171.0725041002929
ta,65,2,193,39,5.0,39.528470752104745,4.532535480592212,0.482842712474619,0,171.0725041002929
ta,65,2,193,40,5.0,42.573465914816005,4.629247748496248,0.565685424949238,0,171.0725041002929
ta,65,2,193,41,5.0,34.23813663153998,4.429834027915103,0.565685424949238,0,171.0725041002929
ta,65,2,193,42,5.0,36.05551275463989,4.514993420534809,0.44956066981809384,0,171.0725041002929
ta,65,2,193,43,5.0,39.05124837953327,4.621729093183944,0.5685569981889047,0,171.0725041002929
ta,65,2,193,44,5.0,42.42640687119285,4.71238898038469,0.565685424949238,0,171.0725041002929
ta,65,2,193,45,5.0,44.9694340635948,4.76745137575836,0.5685569981889047,0,171.0725041002929
ta,65,2,193,46,5.0,35.531676008879735,4.612720327893528,0.44956066981809384,0,171.0725041002929
ta,65,2,193,47,5.0,38.890872965260115,4.71238898038469,0.565685424949238,0,171.0725041002929
ta,65,2,193,48,5.0,32.01562118716424,4.601731759210795,0.565685424949238,0,171.0725041002929
ta,65,2,193,49,5.0,35.35533905932738,4.71238898038469,0.482842712474619,0,171.0725041002929
ta,65,2,193,50,5.0,39.05124837953327,4.803048867585435,0.5685569981889047,0,171.0725041002929
ta,65,2,193,51,5.0,32.973474187595095,4.7875161362954515,0.482842712474619,0,171.0725041002929
ta,65,2,193,52,5.0,26.405491853021786,-0.4576596566168929,0.44956066981809384,0,171.0725041002929
ta,65,2,193,53,5.0,25.495097567963924,-0.5880026035475678,0.44956066981809384,0,171.0725041002929
ta,65,2,193,54,5.0,20.615528128088304,-0.540419500270584,0.5685569981889047,0,171.0725041002929
ta,65,2,193,55,5.0,30.4138126514911,-0.6202494859828214,0.482842712474619,0,171.0725041002929
ta,65,2,193,56,5.0,22.638462845343543,-0.6747409422235529,0.482842712474619,0,171.0725041002929
ta,65,2,193,57,5.0,27.613402542968153,-0.6947382761967034,0.565685424949238,0,171.0725041002929
ta,65,2,193,58,5.0,16.5,5.497787143782138,0.565685424949238,1,171.0725041002929
ta,65,2,193,59,5.0,20.0,5.497787143782138,0.44956066981809384,0,171.0725041002929
ta,65,2,193,60,5.0,25.0,5.497787143782138,0.5685569981889047,0,171.0725041002929
ta,65,2,193,61,5.0,30.0,5.497787143782138,0.565685424949238,0,171.0725041002929
ta,65,2,193,62,5.0,33.5,5.497787143782138,0.5685569981889047,0,171.0725041002929
ta,65,2,193,63,5.0,22.638462845343543,5.387129922608242,0.44956066981809384,0,171.0725041002929
ta,65,2,193,64,5.0,27.613402542968153,5.4071272565813935,0.565685424949238,0,171.0725041002929
ta,65,2,193,65,5.0,20.615528128088304,5.252808480655274,0.565685424949238,0,171.0725041002929
ta,65,2,193,66,5.0,25.495097567963924,5.3003915839322575,0.482842712474619,0,171.0725041002929
ta,65,2,193,67,5.0,30.4138126514911,5.332638466367511,0.5685569981889047,0,171.0725041002929
ta,65,2,193,68,5.0,26.405491853021786,5.170048637001583,0.482842712474619,0,171.0725041002929
ta,65,2,194,1,5.0,44.09648512069868,-2.0800974707969084,0.44956066981809384,0,172.50728670898854
ta,65,2,194,2,5.0,41.07614879708174,-2.121653861326613,0.44956066981809384,0,172.50728670898854
ta,65,2,194,3,5.0,38.69431482789171,-2.0113266674114096,0.5685569981889047,0,172.50728670898854
ta,65,2,194,4,5.0,43.900455578501685,-2.218853212725411,0.482842712474619,0,172.50728670898854
ta,65,2,194,5,5.0,37.646380968162134,-2.0998267978745453,0.482842712474619,0,172.50728670898854
ta,65,2,194,6,5.0,40.40111384603152,-2.2068718294986476,0.565685424949238,0,172.50728670898854
ta,65,2,194,7,5.0,32.69556544854363,-1.979704155745822,0.565685424949238,0,172.50728670898854
ta,65,2,194,8,5.0,34.23813663153998,-2.073639537722757,0.44956066981809384,0,172.50728670898854
ta,65,2,194,9,5.0,36.908671067921155,-2.1926206146254863,0.5685569981889047,0,172.50728670898854
ta,65,2,194,10,5.0,40.02811511925087,-2.2943266443279646,0.565685424949238,0,172.50728670898854
ta,65,2,194,11,5.0,42.42640687119285,-2.356194490192345,0.5685569981889047,0,172.50728670898854
ta,65,2,194,12,5.0,33.425289826716536,-2.1753949168883735,0.44956066981809384,0,172.50728670898854
ta,65,2,194,13,5.0,36.5,-2.288337667336041,0.565685424949238,0,172.50728670898854
ta,65,2,194,14,5.0,29.95413160150032,-2.1541693337887526,0.565685424949238,0,172.50728670898854
ta,65,2,194,15,5.0,32.973474187595095,-2.2810673342815826,0.482842712474619,0,172.50728670898854
ta,65,2,194,16,5.0,36.43144246389374,-2.3853124716993834,0.5685569981889047,0,172.50728670898854
ta,65,2,194,17,5.0,30.405591591021544,-2.356194490192345,0.482842712474619,0,172.50728670898854
ta,65,2,194,18,5.0,23.119256043393783,-3.518082988036316,0.44956066981809384,0,172.50728670898854
ta,65,2,194,19,5.0,22.073740054644116,-3.3700892928816555,0.44956066981809384,0,172.50728670898854
ta,65,2,194,20,5.0,17.240939649566666,-3.435827218700981,0.5685569981889047,0,172.50728670898854
ta,65,2,194,21,5.0,26.9675731203236,-3.32807955525701,0.482842712474619,0,172.50728670898854
ta,65,2,194,22,5.0,19.1637678967368,-3.2724200496638502,0.482842712474619,0,172.50728670898854
ta,65,2,194,23,5.0,24.12985702402731,-3.245384994046836,0.565685424949238,0,172.50728670898854
ta,65,2,194,24,5.0,13.0,-3.141592653589793,0.565685424949238,0,172.50728670898854
ta,65,2,194,26,5.0,21.5,-3.141592653589793,0.565685424949238,0,172.50728670898854
ta,65,2,194,27,5.0,26.5,-3.141592653589793,0.565685424949238,0,172.50728670898854
ta,65,2,194,28,5.0,30.0,-3.141592653589793,0.5685569981889047,0,172.50728670898854
ta,65,2,194,29,5.0,19.1637678967368,-3.010765257515736,0.44956066981809384,0,172.50728670898854
ta,65,2,194,30,5.0,24.12985702402731,-3.0378003131327502,0.565685424949238,0,172.50728670898854
ta,65,2,194,31,5.0,17.240939649566666,-2.847358088478605,0.565685424949238,0,172.50728670898854
ta,65,2,194,33,5.0,26.9675731203236,-2.9551057519225763,0.565685424949238,0,172.50728670898854
ta,65,2,194,34,5.0,23.119256043393783,-2.76510231914327,0.482842712474619,0,172.50728670898854
ta,65,2,194,35,5.0,39.42714800743264,-1.3535028958718753,0.3276927682076162,0,172.50728670898854
ta,65,2,194,36,5.0,36.01735692690401,-1.3325515686161515,0.44956066981809384,0,172.50728670898854
ta,65,2,194,37,5.0,35.174564673923115,-1.4711276743037345,0.5685569981889047,0,172.50728670898854
ta,65,2,194,38,5.0,37.51333096380539,-1.202665555469733,0.482842712474619,0,172.50728670898854
ta,65,2,194,39,5.0,33.04920573932148,-1.3882364736639896,0.482842712474619,0,172.50728670898854
ta,65,2,194,40,5.0,34.311076928595526,-1.2444375100881337,0.565685424949238,0,172.50728670898854
ta,65,2,194,41,5.0,30.0,-1.5707963267948966,0.565685424949238,0,172.50728670898854
ta,65,2,194,42,5.0,30.20347662107791,-1.4546546999149064,0.44956066981809384,0,172.50728670898854
ta,65,2,194,43,5.0,31.18092365533773,-1.29469930739946,0.5685569981889047,0,172.50728670898854
ta,65,2,194,44,5.0,32.89756829919196,-1.1479424006619559,0.565685424949238,0,172.50728670898854
ta,65,2,194,45,5.0,34.48187929913333,-1.0552473193359173,0.5685569981889047,0,172.50728670898854
ta,65,2,194,46,5.0,28.146935890075138,-1.3559809263932379,0.44956066981809384,0,172.50728670898854
ta,65,2,194,47,5.0,29.618406439239774,-1.1902899496825317,0.565685424949238,0,172.50728670898854
ta,65,2,194,48,5.0,25.243811122728676,-1.4317003853128252,0.565685424949238,0,172.50728670898854
ta,65,2,194,49,5.0,26.405491853021786,-1.243057820014341,0.482842712474619,0,172.50728670898854
ta,65,2,194,50,5.0,28.412145290350743,-1.0756630633264925,0.5685569981889047,0,172.50728670898854
ta,65,2,194,51,5.0,23.119256043393783,-1.1943059923483736,0.482842712474619,0,172.50728670898854
ta,65,2,194,52,5.0,12.020815280171307,-5.497787143782138,0.44956066981809384,0,172.50728670898854
ta,65,2,194,53,5.0,9.86154146165801,-5.751461239920781,0.44956066981809384,0,172.50728670898854
ta,65,2,194,54,5.0,6.103277807866851,-5.323114944773899,0.5685569981889047,0,172.50728670898854
ta,65,2,194,55,5.0,14.396180048887969,-5.928479655168646,0.482842712474619,0,172.50728670898854
ta,65,2,194,56,5.0,6.5,-5.888394187479825,0.482842712474619,0,172.50728670898854
ta,65,2,194,57,5.0,11.280514172678478,-6.059708706038953,0.565685424949238,0,172.50728670898854
ta,65,2,194,58,5.0,0.0,,0.565685424949238,0,172.50728670898854
ta,65,2,194,59,5.0,3.5,0.0,0.44956066981809384,1,172.50728670898854
ta,65,2,194,60,5.0,8.5,0.0,0.5685569981889047,0,172.50728670898854
ta,65,2,194,61,5.0,13.5,0.0,0.565685424949238,0,172.50728670898854
ta,65,2,194,62,5.0,17.0,0.0,0.5685569981889047,0,172.50728670898854
ta,65,2,194,63,5.0,6.5,-0.39479111969976133,0.44956066981809384,0,172.50728670898854
ta,65,2,194,64,5.0,11.280514172678478,-0.22347660114063306,0.565685424949238,0,172.50728670898854
ta,65,2,194,65,5.0,6.103277807866851,-0.9600703624056877,0.565685424949238,0,172.50728670898854
ta,65,2,194,66,5.0,9.86154146165801,-0.5317240672588053,0.482842712474619,0,172.50728670898854
ta,65,2,194,67,5.0,14.396180048887969,-0.3547056520109404,0.5685569981889047,0,172.50728670898854
ta,65,2,194,68,5.0,12.020815280171307,-0.7853981633974483,0.482842712474619,0,172.50728670898854
ta,65,2,195,1,5.0,45.90479277809671,-2.1467149264132495,0.44956066981809384,0,172.8116345350755
ta,65,2,195,2,5.0,43.01162633521314,-2.191045812777718,0.44956066981809384,0,172.8116345350755
ta,65,2,195,3,5.0,40.311288741492746,-2.089942441041419,0.5685569981889047,0,172.8116345350755
ta,65,2,195,4,5.0,46.09772228646444,-2.279422598922567,0.482842712474619,0,172.8116345350755
ta,65,2,195,5,5.0,39.528470752104745,-2.1763409903998667,0.482842712474619,0,172.8116345350755
ta,65,2,195,6,5.0,42.573465914816005,-2.2730532583039036,0.565685424949238,0,172.8116345350755
ta,65,2,195,7,5.0,34.23813663153998,-2.073639537722757,0.565685424949238,0,172.8116345350755
ta,65,2,195,8,5.0,36.05551275463989,-2.158798930342464,0.44956066981809384,0,172.8116345350755
ta,65,2,195,9,5.0,39.05124837953327,-2.2655346029915995,0.5685569981889047,0,172.8116345350755
ta,65,2,195,10,5.0,42.42640687119285,-2.356194490192345,0.565685424949238,0,172.8116345350755
ta,65,2,195,11,5.0,44.9694340635948,-2.411256885566015,0.5685569981889047,0,172.8116345350755
ta,65,2,195,12,5.0,35.531676008879735,-2.256525837701183,0.44956066981809384,0,172.8116345350755
ta,65,2,195,13,5.0,38.890872965260115,-2.356194490192345,0.565685424949238,0,172.8116345350755
ta,65,2,195,14,5.0,32.01562118716424,-2.245537269018449,0.565685424949238,0,172.8116345350755
ta,65,2,195,15,5.0,35.35533905932738,-2.356194490192345,0.482842712474619,0,172.8116345350755
ta,65,2,195,16,5.0,39.05124837953327,-2.44685437739309,0.5685569981889047,0,172.8116345350755
ta,65,2,195,17,5.0,32.973474187595095,-2.4313216461031066,0.482842712474619,0,172.8116345350755
ta,65,2,195,18,5.0,26.405491853021786,-3.4693311603703485,0.44956066981809384,0,172.8116345350755
ta,65,2,195,19,5.0,25.495097567963924,-3.338988213439674,0.44956066981809384,0,172.8116345350755
ta,65,2,195,20,5.0,20.615528128088304,-3.3865713167166573,0.5685569981889047,0,172.8116345350755
ta,65,2,195,21,5.0,30.4138126514911,-3.30674133100442,0.482842712474619,0,172.8116345350755
ta,65,2,195,22,5.0,22.638462845343543,-3.252249874763689,0.482842712474619,0,172.8116345350755
ta,65,2,195,23,5.0,27.613402542968153,-3.232252540790538,0.565685424949238,0,172.8116345350755
ta,65,2,195,24,5.0,16.5,-3.141592653589793,0.565685424949238,0,172.8116345350755
ta,65,2,195,26,5.0,25.0,-3.141592653589793,0.565685424949238,0,172.8116345350755
ta,65,2,195,27,5.0,30.0,-3.141592653589793,0.565685424949238,0,172.8116345350755
ta,65,2,195,28,5.0,33.5,-3.141592653589793,0.5685569981889047,0,172.8116345350755
ta,65,2,195,29,5.0,22.638462845343543,-3.0309354324158972,0.44956066981809384,0,172.8116345350755
ta,65,2,195,30,5.0,27.613402542968153,-3.050932766389048,0.565685424949238,0,172.8116345350755
ta,65,2,195,31,5.0,20.615528128088304,-2.896613990462929,0.565685424949238,0,172.8116345350755
ta,65,2,195,32,5.0,25.495097567963924,-2.9441970937399122,0.482842712474619,0,172.8116345350755
ta,65,2,195,33,5.0,30.4138126514911,-2.976443976175166,0.5685569981889047,0,172.8116345350755
ta,65,2,195,34,5.0,26.405491853021786,-2.8138541468092377,0.482842712474619,0,172.8116345350755
ta,65,2,195,35,5.0,38.82331773560833,-1.4416490366668764,0.44956066981809384,0,172.8116345350755
ta,65,2,195,36,5.0,35.35533905932738,-1.4288992721907325,0.44956066981809384,0,172.8116345350755
ta,65,2,195,37,5.0,35.0,-1.5707963267948966,0.5685569981889047,0,172.8116345350755
ta,65,2,195,38,5.0,36.40054944640259,-1.2924966677897851,0.482842712474619,0,172.8116345350755
ta,65,2,195,39,5.0,32.59601202601324,-1.4940244355251184,0.482842712474619,0,172.8116345350755
ta,65,2,195,40,5.0,33.354160160315836,-1.3439974787410107,0.565685424949238,0,172.8116345350755
ta,65,2,195,41,5.0,30.20347662107791,-1.6869379536748867,0.565685424949238,0,172.8116345350755
ta,65,2,195,42,5.0,30.0,-1.5707963267948966,0.44956066981809384,0,172.8116345350755
ta,65,2,195,43,5.0,30.4138126514911,-1.4056476493802696,0.5685569981889047,0,172.8116345350755
ta,65,2,195,44,5.0,31.622776601683793,-1.2490457723982542,0.565685424949238,0,172.8116345350755
ta,65,2,195,45,5.0,32.89756829919196,-1.1479424006619559,0.5685569981889047,0,172.8116345350755
ta,65,2,195,46,5.0,27.613402542968153,-1.4801364395941514,0.44956066981809384,0,172.8116345350755
ta,65,2,195,47,5.0,28.50438562747845,-1.304544277643971,0.565685424949238,0,172.8116345350755
ta,65,2,195,48,5.0,25.0,-1.5707963267948966,0.565685424949238,0,172.8116345350755
ta,65,2,195,49,5.0,25.495097567963924,-1.3734007669450157,0.482842712474619,0,172.8116345350755
ta,65,2,195,50,5.0,26.92582403567252,-1.1902899496825317,0.5685569981889047,0,172.8116345350755
ta,65,2,195,51,5.0,22.073740054644116,-1.3422996875030342,0.482842712474619,0,172.8116345350755
ta,65,2,195,52,5.0,9.86154146165801,-5.244113047643495,0.44956066981809384,0,172.8116345350755
ta,65,2,195,53,5.0,7.0710678118654755,-5.497787143782138,0.44956066981809384,0,172.8116345350755
ta,65,2,195,54,5.0,5.0,-4.71238898038469,0.5685569981889047,0,172.8116345350755
ta,65,2,195,55,5.0,11.180339887498949,-5.81953769817878,0.482842712474619,0,172.8116345350755
ta,65,2,195,56,5.0,3.5355339059327378,-5.497787143782138,0.482842712474619,0,172.8116345350755
ta,65,2,195,57,5.0,7.905694150420948,-5.961434752782944,0.565685424949238,0,172.8116345350755
ta,65,2,195,59,5.0,0.0,,0.3276927682076162,0,172.8116345350755
ta,65,2,195,60,5.0,5.0,0.0,0.565685424949238,0,172.8116345350755
ta,65,2,195,61,5.0,10.0,0.0,0.565685424949238,0,172.8116345350755
ta,65,2,195,62,5.0,13.5,0.0,0.5685569981889047,0,172.8116345350755
ta,65,2,195,63,5.0,3.5355339059327378,-0.7853981633974483,0.44956066981809384,0,172.8116345350755
ta,65,2,195,64,5.0,7.905694150420948,-0.32175055439664213,0.565685424949238,0,172.8116345350755
ta,65,2,195,65,5.0,5.0,-1.5707963267948966,0.565685424949238,0,172.8116345350755
ta,65,2,195,66,5.0,7.0710678118654755,-0.7853981633974483,0.482842712474619,1,172.8116345350755
ta,65,2,195,67,5.0,11.180339887498949,-0.46364760900080615,0.5685569981889047,0,172.8116345350755
ta,65,2,195,68,5.0,9.86154146165801,-1.0390722595360908,0.482842712474619,0,172.8116345350755
ta,65,2,196,1,5.0,44.9694340635948,-1.5157339314212264,0.44956066981809384,0,173.42650999697685
ta,65,2,196,2,5.0,42.42640687119285,-1.5707963267948966,0.44956066981809384,0,173.42650999697685
ta,65,2,196,3,5.0,39.05124837953327,-1.4801364395941514,0.5685569981889047,0,173.42650999697685
ta,65,2,196,4,5.0,46.09772228646444,-1.6475682180646745,0.482842712474619,0,173.42650999697685
ta,65,2,196,5,5.0,38.890872965260115,-1.5707963267948966,0.482842712474619,0,173.42650999697685
ta,65,2,196,6,5.0,42.573465914816005,-1.6539375586833378,0.565685424949238,0,173.42650999697685
ta,65,2,196,7,5.0,32.973474187595095,-1.4956691708841343,0.565685424949238,0,173.42650999697685
ta,65,2,196,8,5.0,35.35533905932738,-1.5707963267948966,0.44956066981809384,0,173.42650999697685
ta,65,2,196,9,5.0,39.05124837953327,-1.6614562139956417,0.5685569981889047,0,173.42650999697685
ta,65,2,196,10,5.0,43.01162633521314,-1.7359450042095235,0.565685424949238,0,173.42650999697685
ta,65,2,196,11,5.0,45.90479277809671,-1.780275890573992,0.5685569981889047,0,173.42650999697685
ta,65,2,196,12,5.0,35.531676008879735,-1.6704649792860584,0.44956066981809384,0,173.42650999697685
ta,65,2,196,13,5.0,39.528470752104745,-1.7506498265873747,0.565685424949238,0,173.42650999697685
ta,65,2,196,14,5.0,32.01562118716424,-1.6814535479687922,0.565685424949238,0,173.42650999697685
ta,65,2,196,15,5.0,36.05551275463989,-1.7681918866447774,0.482842712474619,0,173.42650999697685
ta,65,2,196,16,5.0,40.311288741492746,-1.8370483759458218,0.5685569981889047,0,173.42650999697685
ta,65,2,196,17,5.0,34.23813663153998,-1.853351279264484,0.482842712474619,0,173.42650999697685
ta,65,2,196,18,5.0,32.89756829919196,-2.7790484163252858,0.44956066981809384,0,173.42650999697685
ta,65,2,196,19,5.0,31.622776601683793,-2.677945044588987,0.44956066981809384,0,173.42650999697685
ta,65,2,196,20,5.0,26.92582403567252,-2.7367008673047097,0.5685569981889047,0,173.42650999697685
ta,65,2,196,21,5.0,36.40054944640259,-2.6344941491974563,0.482842712474619,0,173.42650999697685
ta,65,2,196,22,5.0,28.50438562747845,-2.62244653934327,0.482842712474619,0,173.42650999697685
ta,65,2,196,23,5.0,33.354160160315836,-2.5829933382462307,0.565685424949238,0,173.42650999697685
ta,65,2,196,24,5.0,22.073740054644116,-2.584691129484207,0.565685424949238,0,173.42650999697685
ta,65,2,196,26,5.0,30.4138126514911,-2.5213431676069717,0.565685424949238,0,173.42650999697685
ta,65,2,196,27,5.0,35.35533905932738,-2.498091544796509,0.565685424949238,0,173.42650999697685
ta,65,2,196,28,5.0,38.82331773560833,-2.485341780320365,0.5685569981889047,0,173.42650999697685
ta,65,2,196,29,5.0,27.613402542968153,-2.4468543773930898,0.44956066981809384,0,173.42650999697685
ta,65,2,196,30,5.0,32.59601202601324,-2.4329663814621227,0.565685424949238,0,173.42650999697685
ta,65,2,196,31,5.0,25.0,-2.356194490192345,0.565685424949238,0,173.42650999697685
ta,65,2,196,32,5.0,30.0,-2.356194490192345,0.482842712474619,0,173.42650999697685
ta,65,2,196,33,5.0,35.0,-2.356194490192345,0.5685569981889047,0,173.42650999697685
ta,65,2,196,34,5.0,30.20347662107791,-2.2400528633123544,0.482842712474619,0,173.42650999697685
ta,65,2,196,35,5.0,33.5,-0.7853981633974483,0.44956066981809384,0,173.42650999697685
ta,65,2,196,36,5.0,30.0,-0.7853981633974483,0.44956066981809384,0,173.42650999697685
ta,65,2,196,37,5.0,30.4138126514911,-0.950546840812075,0.5685569981889047,0,173.42650999697685
ta,65,2,196,38,5.0,30.4138126514911,-0.6202494859828214,0.482842712474619,0,173.42650999697685
ta,65,2,196,39,5.0,27.613402542968153,-0.8760580505981934,0.482842712474619,0,173.42650999697685
ta,65,2,196,40,5.0,27.613402542968153,-0.6947382761967031,0.565685424949238,0,173.42650999697685
ta,65,2,196,41,5.0,26.405491853021786,-1.1131366701780037,0.565685424949238,0,173.42650999697685
ta,65,2,196,42,5.0,25.495097567963924,-0.9827937232473289,0.44956066981809384,0,173.42650999697685
ta,65,2,196,43,5.0,25.0,-0.7853981633974483,0.5685569981889047,0,173.42650999697685
ta,65,2,196,44,5.0,25.495097567963924,-0.5880026035475674,0.565685424949238,0,173.42650999697685
ta,65,2,196,45,5.0,26.405491853021786,-0.4576596566168927,0.5685569981889047,0,173.42650999697685
ta,65,2,196,46,5.0,22.638462845343543,-0.8960553845713439,0.44956066981809384,0,173.42650999697685
ta,65,2,196,47,5.0,22.638462845343543,-0.6747409422235526,0.565685424949238,0,173.42650999697685
ta,65,2,196,48,5.0,20.615528128088304,-1.0303768265243123,0.565685424949238,0,173.42650999697685
ta,65,2,196,49,5.0,20.0,-0.7853981633974483,0.482842712474619,0,173.42650999697685
ta,65,2,196,50,5.0,20.615528128088304,-0.540419500270584,0.5685569981889047,0,173.42650999697685
ta,65,2,196,51,5.0,16.5,-0.7853981633974483,0.482842712474619,1,173.42650999697685
ta,65,2,196,52,5.0,13.5,-3.9269908169872414,0.44956066981809384,0,173.42650999697685
ta,65,2,196,53,5.0,10.0,-3.9269908169872414,0.44956066981809384,0,173.42650999697685
ta,65,2,196,54,5.0,11.180339887498949,-3.4633432079864352,0.5685569981889047,0,173.42650999697685
ta,65,2,196,55,5.0,11.180339887498949,-4.3906384259880475,0.482842712474619,0,173.42650999697685
ta,65,2,196,56,5.0,7.905694150420948,-3.6052402625905993,0.482842712474619,0,173.42650999697685
ta,65,2,196,57,5.0,7.905694150420948,-4.2487413713838835,0.565685424949238,0,173.42650999697685
ta,65,2,196,58,5.0,9.86154146165801,-2.8879185574511506,0.565685424949238,0,173.42650999697685
ta,65,2,196,60,5.0,5.0,-3.9269908169872414,0.565685424949238,0,173.42650999697685
ta,65,2,196,61,5.0,7.0710678118654755,-4.71238898038469,0.565685424949238,0,173.42650999697685
ta,65,2,196,62,5.0,9.86154146165801,-4.966063076523333,0.5685569981889047,0,173.42650999697685
ta,65,2,196,63,5.0,3.5355339059327378,-3.141592653589793,0.44956066981809384,0,173.42650999697685
ta,65,2,196,64,5.0,3.5355339059327378,-4.71238898038469,0.565685424949238,0,173.42650999697685
ta,65,2,196,65,5.0,5.0,-2.356194490192345,0.565685424949238,0,173.42650999697685
ta,65,2,196,66,5.0,0.0,,0.482842712474619,0,173.42650999697685
ta,65,2,196,67,5.0,5.0,0.7853981633974483,0.5685569981889047,0,173.42650999697685
ta,65,2,196,68,5.0,3.5,-0.7853981633974483,0.482842712474619,0,173.42650999697685
ta,65,2,197,1,5.0,34.48187929913333,-1.0552473193359175,0.3276927682076162,0,174.8612926056725
ta,65,2,197,2,5.0,32.89756829919196,-1.1479424006619559,0.44956066981809384,0,174.8612926056725
ta,65,2,197,3,5.0,28.412145290350743,-1.0756630633264925,0.5685569981889047,0,174.8612926056725
ta,65,2,197,4,5.0,37.51333096380539,-1.202665555469733,0.482842712474619,0,174.8612926056725
ta,65,2,197,5,5.0,29.618406439239774,-1.1902899496825317,0.482842712474619,0,174.8612926056725
ta,65,2,197,6,5.0,34.311076928595526,-1.244437510088134,0.565685424949238,0,174.8612926056725
ta,65,2,197,7,5.0,23.119256043393783,-1.1943059923483736,0.565685424949238,0,174.8612926056725
ta,65,2,197,8,5.0,26.405491853021786,-1.2430578200143412,0.44956066981809384,0,174.8612926056725
ta,65,2,197,9,5.0,31.18092365533773,-1.2946993073994602,0.5685569981889047,0,174.8612926056725
ta,65,2,197,10,5.0,36.01735692690401,-1.3325515686161515,0.565685424949238,0,174.8612926056725
ta,65,2,197,11,5.0,39.42714800743264,-1.3535028958718756,0.5685569981889047,0,174.8612926056725
ta,65,2,197,12,5.0,28.146935890075138,-1.3559809263932379,0.44956066981809384,0,174.8612926056725
ta,65,2,197,13,5.0,33.04920573932148,-1.3882364736639898,0.565685424949238,0,174.8612926056725
ta,65,2,197,14,5.0,25.243811122728676,-1.4317003853128252,0.565685424949238,0,174.8612926056725
ta,65,2,197,15,5.0,30.20347662107791,-1.4546546999149064,0.482842712474619,0,174.8612926056725
ta,65,2,197,16,5.0,35.174564673923115,-1.4711276743037345,0.5685569981889047,0,174.8612926056725
ta,65,2,197,17,5.0,30.0,-1.5707963267948966,0.482842712474619,0,174.8612926056725
ta,65,2,197,18,5.0,42.42640687119285,-2.356194490192345,0.44956066981809384,0,174.8612926056725
ta,65,2,197,19,5.0,40.02811511925087,-2.294326644327965,0.44956066981809384,0,174.8612926056725
ta,65,2,197,20,5.0,36.43144246389374,-2.385312471699384,0.5685569981889047,0,174.8612926056725
ta,65,2,197,21,5.0,43.900455578501685,-2.218853212725411,0.482842712474619,0,174.8612926056725
ta,65,2,197,22,5.0,36.5,-2.288337667336041,0.482842712474619,0,174.8612926056725
ta,65,2,197,23,5.0,40.40111384603152,-2.2068718294986476,0.565685424949238,0,174.8612926056725
ta,65,2,197,24,5.0,30.405591591021544,-2.356194490192345,0.565685424949238,0,174.8612926056725
ta,65,2,197,26,5.0,36.908671067921155,-2.1926206146254863,0.565685424949238,0,174.8612926056725
ta,65,2,197,27,5.0,41.07614879708174,-2.121653861326613,0.565685424949238,0,174.8612926056725
ta,65,2,197,28,5.0,44.09648512069868,-2.0800974707969084,0.5685569981889047,0,174.8612926056725
ta,65,2,197,29,5.0,33.425289826716536,-2.1753949168883735,0.44956066981809384,0,174.8612926056725
ta,65,2,197,30,5.0,37.646380968162134,-2.0998267978745453,0.565685424949238,0,174.8612926056725
ta,65,2,197,31,5.0,29.95413160150032,-2.1541693337887526,0.565685424949238,0,174.8612926056725
ta,65,2,197,32,5.0,34.23813663153998,-2.0736395377227574,0.482842712474619,0,174.8612926056725
ta,65,2,197,33,5.0,38.69431482789171,-2.0113266674114096,0.5685569981889047,0,174.8612926056725
ta,65,2,197,34,5.0,32.69556544854363,-1.979704155745822,0.482842712474619,0,174.8612926056725
ta,65,2,197,35,5.0,17.0,0.0,0.44956066981809384,0,174.8612926056725
ta,65,2,197,36,5.0,13.5,0.0,0.44956066981809384,0,174.8612926056725
ta,65,2,197,37,5.0,14.396180048887969,-0.3547056520109402,0.5685569981889047,0,174.8612926056725
ta,65,2,197,38,5.0,14.396180048887969,0.3547056520109404,0.482842712474619,0,174.8612926056725
ta,65,2,197,39,5.0,11.280514172678478,-0.22347660114063306,0.482842712474619,0,174.8612926056725
ta,65,2,197,40,5.0,11.280514172678478,0.22347660114063306,0.565685424949238,0,174.8612926056725
ta,65,2,197,41,5.0,12.020815280171307,-0.7853981633974483,0.565685424949238,0,174.8612926056725
ta,65,2,197,42,5.0,9.86154146165801,-0.5317240672588055,0.44956066981809384,0,174.8612926056725
ta,65,2,197,43,5.0,8.5,0.0,0.5685569981889047,0,174.8612926056725
ta,65,2,197,44,5.0,9.86154146165801,0.5317240672588057,0.565685424949238,0,174.8612926056725
ta,65,2,197,45,5.0,12.020815280171307,0.7853981633974483,0.5685569981889047,0,174.8612926056725
ta,65,2,197,46,5.0,6.5,-0.39479111969976155,0.44956066981809384,0,174.8612926056725
ta,65,2,197,47,5.0,6.5,0.39479111969976155,0.565685424949238,0,174.8612926056725
ta,65,2,197,48,5.0,6.103277807866851,-0.960070362405688,0.565685424949238,0,174.8612926056725
ta,65,2,197,49,5.0,3.5,0.0,0.482842712474619,1,174.8612926056725
ta,65,2,197,50,5.0,6.103277807866851,0.9600703624056881,0.5685569981889047,0,174.8612926056725
ta,65,2,197,51,5.0,0.0,,0.482842712474619,0,174.8612926056725
ta,65,2,197,52,5.0,30.0,-3.141592653589793,0.44956066981809384,0,174.8612926056725
ta,65,2,197,53,5.0,26.5,-3.141592653589793,0.44956066981809384,0,174.8612926056725
ta,65,2,197,54,5.0,26.9675731203236,-2.9551057519225763,0.5685569981889047,0,174.8612926056725
ta,65,2,197,55,5.0,26.9675731203236,-3.32807955525701,0.482842712474619,0,174.8612926056725
ta,65,2,197,56,5.0,24.12985702402731,-3.0378003131327507,0.482842712474619,0,174.8612926056725
ta,65,2,197,57,5.0,24.12985702402731,-3.245384994046836,0.565685424949238,0,174.8612926056725
ta,65,2,197,58,5.0,23.119256043393783,-2.76510231914327,0.565685424949238,0,174.8612926056725
ta,65,2,197,59,5.0,22.073740054644116,-2.913096014297931,0.44956066981809384,0,174.8612926056725
ta,65,2,197,60,5.0,21.5,-3.141592653589793,0.5685569981889047,0,174.8612926056725
ta,65,2,197,61,5.0,22.073740054644116,-3.3700892928816555,0.565685424949238,0,174.8612926056725
ta,65,2,197,62,5.0,23.119256043393783,-3.518082988036316,0.5685569981889047,0,174.8612926056725
ta,65,2,197,63,5.0,19.1637678967368,-3.010765257515736,0.44956066981809384,0,174.8612926056725
ta,65,2,197,64,5.0,19.1637678967368,-3.2724200496638502,0.565685424949238,0,174.8612926056725
ta,65,2,197,65,5.0,17.240939649566666,-2.8473580884786056,0.565685424949238,0,174.8612926056725
ta,65,2,197,67,5.0,17.240939649566666,-3.4358272187009806,0.565685424949238,0,174.8612926056725
ta,65,2,197,68,5.0,13.0,-3.141592653589793,0.482842712474619,0,174.8612926056725
ta,65,2,198,1,5.0,32.89756829919196,-1.1479424006619559,0.44956066981809384,0,175.16564043175947
ta,65,2,198,2,5.0,31.622776601683793,-1.2490457723982544,0.44956066981809384,0,175.16564043175947
ta,65,2,198,3,5.0,26.92582403567252,-1.1902899496825317,0.5685569981889047,0,175.16564043175947
ta,65,2,198,4,5.0,36.40054944640259,-1.2924966677897851,0.482842712474619,0,175.16564043175947
ta,65,2,198,5,5.0,28.50438562747845,-1.3045442776439713,0.482842712474619,0,175.16564043175947
ta,65,2,198,6,5.0,33.354160160315836,-1.3439974787410107,0.565685424949238,0,175.16564043175947
ta,65,2,198,7,5.0,22.073740054644116,-1.3422996875030342,0.565685424949238,0,175.16564043175947
ta,65,2,198,8,5.0,25.495097567963924,-1.373400766945016,0.44956066981809384,0,175.16564043175947
ta,65,2,198,9,5.0,30.4138126514911,-1.4056476493802696,0.5685569981889047,0,175.16564043175947
ta,65,2,198,10,5.0,35.35533905932738,-1.4288992721907325,0.565685424949238,0,175.16564043175947
ta,65,2,198,11,5.0,38.82331773560833,-1.4416490366668766,0.5685569981889047,0,175.16564043175947
ta,65,2,198,12,5.0,27.613402542968153,-1.4801364395941514,0.44956066981809384,0,175.16564043175947
ta,65,2,198,13,5.0,32.59601202601324,-1.4940244355251184,0.565685424949238,0,175.16564043175947
ta,65,2,198,14,5.0,25.0,-1.5707963267948966,0.565685424949238,0,175.16564043175947
ta,65,2,198,15,5.0,30.0,-1.5707963267948966,0.482842712474619,0,175.16564043175947
ta,65,2,198,16,5.0,35.0,-1.5707963267948966,0.5685569981889047,0,175.16564043175947
ta,65,2,198,17,5.0,30.20347662107791,-1.6869379536748867,0.482842712474619,0,175.16564043175947
ta,65,2,198,18,5.0,44.9694340635948,-2.411256885566015,0.44956066981809384,0,175.16564043175947
ta,65,2,198,19,5.0,42.42640687119285,-2.356194490192345,0.44956066981809384,0,175.16564043175947
ta,65,2,198,20,5.0,39.05124837953327,-2.44685437739309,0.5685569981889047,0,175.16564043175947
ta,65,2,198,21,5.0,46.09772228646444,-2.279422598922567,0.482842712474619,0,175.16564043175947
ta,65,2,198,22,5.0,38.890872965260115,-2.356194490192345,0.482842712474619,0,175.16564043175947
ta,65,2,198,23,5.0,42.573465914816005,-2.2730532583039036,0.565685424949238,0,175.16564043175947
ta,65,2,198,24,5.0,32.973474187595095,-2.431321646103107,0.565685424949238,0,175.16564043175947
ta,65,2,198,26,5.0,39.05124837953327,-2.2655346029915995,0.565685424949238,0,175.16564043175947
ta,65,2,198,27,5.0,43.01162633521314,-2.191045812777718,0.565685424949238,0,175.16564043175947
ta,65,2,198,28,5.0,45.90479277809671,-2.1467149264132495,0.5685569981889047,0,175.16564043175947
ta,65,2,198,29,5.0,35.531676008879735,-2.256525837701183,0.44956066981809384,0,175.16564043175947
ta,65,2,198,30,5.0,39.528470752104745,-2.1763409903998667,0.565685424949238,0,175.16564043175947
ta,65,2,198,31,5.0,32.01562118716424,-2.245537269018449,0.565685424949238,0,175.16564043175947
ta,65,2,198,32,5.0,36.05551275463989,-2.158798930342464,0.482842712474619,0,175.16564043175947
ta,65,2,198,33,5.0,40.311288741492746,-2.0899424410414196,0.5685569981889047,0,175.16564043175947
ta,65,2,198,34,5.0,34.23813663153998,-2.0736395377227574,0.482842712474619,0,175.16564043175947
ta,65,2,198,35,5.0,13.5,0.0,0.44956066981809384,0,175.16564043175947
ta,65,2,198,36,5.0,10.0,0.0,0.44956066981809384,0,175.16564043175947
ta,65,2,198,37,5.0,11.180339887498949,-0.46364760900080615,0.5685569981889047,0,175.16564043175947
ta,65,2,198,38,5.0,11.180339887498949,0.46364760900080615,0.482842712474619,0,175.16564043175947
ta,65,2,198,39,5.0,7.905694150420948,-0.32175055439664213,0.482842712474619,0,175.16564043175947
ta,65,2,198,40,5.0,7.905694150420948,0.32175055439664235,0.565685424949238,0,175.16564043175947
ta,65,2,198,41,5.0,9.86154146165801,-1.0390722595360908,0.565685424949238,0,175.16564043175947
ta,65,2,198,42,5.0,7.0710678118654755,-0.7853981633974483,0.44956066981809384,1,175.16564043175947
ta,65,2,198,43,5.0,5.0,0.0,0.5685569981889047,0,175.16564043175947
ta,65,2,198,44,5.0,7.0710678118654755,0.7853981633974483,0.565685424949238,0,175.16564043175947
ta,65,2,198,45,5.0,9.86154146165801,1.0390722595360913,0.5685569981889047,0,175.16564043175947
ta,65,2,198,46,5.0,3.5355339059327378,-0.7853981633974483,0.44956066981809384,0,175.16564043175947
ta,65,2,198,47,5.0,3.5355339059327378,0.7853981633974483,0.565685424949238,0,175.16564043175947
ta,65,2,198,48,5.0,5.0,-1.5707963267948966,0.565685424949238,0,175.16564043175947
ta,65,2,198,49,5.0,0.0,,0.482842712474619,0,175.16564043175947
ta,65,2,198,50,5.0,5.0,1.5707963267948966,0.565685424949238,0,175.16564043175947
ta,65,2,198,52,5.0,33.5,-3.141592653589793,0.3276927682076162,0,175.16564043175947
ta,65,2,198,53,5.0,30.0,-3.141592653589793,0.44956066981809384,0,175.16564043175947
ta,65,2,198,54,5.0,30.4138126514911,-2.976443976175166,0.5685569981889047,0,175.16564043175947
ta,65,2,198,55,5.0,30.4138126514911,-3.30674133100442,0.482842712474619,0,175.16564043175947
ta,65,2,198,56,5.0,27.613402542968153,-3.0509327663890478,0.482842712474619,0,175.16564043175947
ta,65,2,198,57,5.0,27.613402542968153,-3.2322525407905385,0.565685424949238,0,175.16564043175947
ta,65,2,198,58,5.0,26.405491853021786,-2.8138541468092377,0.565685424949238,0,175.16564043175947
ta,65,2,198,59,5.0,25.495097567963924,-2.9441970937399127,0.44956066981809384,0,175.16564043175947
ta,65,2,198,60,5.0,25.0,-3.141592653589793,0.5685569981889047,0,175.16564043175947
ta,65,2,198,61,5.0,25.495097567963924,-3.338988213439674,0.565685424949238,0,175.16564043175947
ta,65,2,198,62,5.0,26.405491853021786,-3.4693311603703485,0.5685569981889047,0,175.16564043175947
ta,65,2,198,63,5.0,22.638462845343543,-3.0309354324158972,0.44956066981809384,0,175.16564043175947
ta,65,2,198,64,5.0,22.638462845343543,-3.252249874763689,0.565685424949238,0,175.16564043175947
ta,65,2,198,65,5.0,20.615528128088304,-2.896613990462929,0.565685424949238,0,175.16564043175947
ta,65,2,198,66,5.0,20.0,-3.141592653589793,0.482842712474619,0,175.16564043175947
ta,65,2,198,67,5.0,20.615528128088304,-3.3865713167166573,0.5685569981889047,0,175.16564043175947
ta,65,2,198,68,5.0,16.5,-3.141592653589793,0.482842712474619,0,175.16564043175947
ta,65,2,199,1,5.0,26.405491853021786,-0.45765965661689284,0.44956066981809384,0,175.7805158936608
ta,65,2,199,2,5.0,25.495097567963924,-0.5880026035475675,0.44956066981809384,0,175.7805158936608
ta,65,2,199,3,5.0,20.615528128088304,-0.5404195002705842,0.5685569981889047,0,175.7805158936608
ta,65,2,199,4,5.0,30.4138126514911,-0.6202494859828215,0.482842712474619,0,175.7805158936608
ta,65,2,199,5,5.0,22.638462845343543,-0.6747409422235526,0.482842712474619,0,175.7805158936608
ta,65,2,199,6,5.0,27.613402542968153,-0.6947382761967031,0.565685424949238,0,175.7805158936608
ta,65,2,199,7,5.0,16.5,-0.7853981633974483,0.565685424949238,0,175.7805158936608
ta,65,2,199,8,5.0,20.0,-0.7853981633974483,0.44956066981809384,0,175.7805158936608
ta,65,2,199,9,5.0,25.0,-0.7853981633974483,0.5685569981889047,0,175.7805158936608
ta,65,2,199,10,5.0,30.0,-0.7853981633974483,0.565685424949238,0,175.7805158936608
ta,65,2,199,11,5.0,33.5,-0.7853981633974483,0.5685569981889047,0,175.7805158936608
ta,65,2,199,12,5.0,22.638462845343543,-0.8960553845713439,0.44956066981809384,0,175.7805158936608
ta,65,2,199,13,5.0,27.613402542968153,-0.8760580505981934,0.565685424949238,0,175.7805158936608
ta,65,2,199,14,5.0,20.615528128088304,-1.0303768265243125,0.565685424949238,0,175.7805158936608
ta,65,2,199,15,5.0,25.495097567963924,-0.982793723247329,0.482842712474619,0,175.7805158936608
ta,65,2,199,16,5.0,30.4138126514911,-0.9505468408120751,0.5685569981889047,0,175.7805158936608
ta,65,2,199,17,5.0,26.405491853021786,-1.1131366701780037,0.482842712474619,0,175.7805158936608
ta,65,2,199,18,5.0,45.90479277809671,-1.780275890573992,0.44956066981809384,0,175.7805158936608
ta,65,2,199,19,5.0,43.01162633521314,-1.7359450042095235,0.44956066981809384,0,175.7805158936608
ta,65,2,199,20,5.0,40.311288741492746,-1.837048375945822,0.5685569981889047,0,175.7805158936608
ta,65,2,199,21,5.0,46.09772228646444,-1.6475682180646747,0.482842712474619,0,175.7805158936608
ta,65,2,199,22,5.0,39.528470752104745,-1.750649826587375,0.482842712474619,0,175.7805158936608
ta,65,2,199,23,5.0,42.573465914816005,-1.6539375586833378,0.565685424949238,0,175.7805158936608
ta,65,2,199,24,5.0,34.23813663153998,-1.8533512792644842,0.565685424949238,0,175.7805158936608
ta,65,2,199,25,5.0,36.05551275463989,-1.7681918866447774,0.44956066981809384,0,175.7805158936608
ta,65,2,199,26,5.0,39.05124837953327,-1.6614562139956417,0.5685569981889047,0,175.7805158936608
ta,65,2,199,27,5.0,42.42640687119285,-1.5707963267948966,0.565685424949238,0,175.7805158936608
ta,65,2,199,28,5.0,44.9694340635948,-1.5157339314212264,0.5685569981889047,0,175.7805158936608
ta,65,2,199,29,5.0,35.531676008879735,-1.6704649792860586,0.44956066981809384,0,175.7805158936608
ta,65,2,199,30,5.0,38.890872965260115,-1.5707963267948966,0.565685424949238,0,175.7805158936608
ta,65,2,199,31,5.0,32.01562118716424,-1.6814535479687922,0.565685424949238,0,175.7805158936608
ta,65,2,199,32,5.0,35.35533905932738,-1.5707963267948966,0.482842712474619,0,175.7805158936608
ta,65,2,199,33,5.0,39.05124837953327,-1.4801364395941514,0.5685569981889047,0,175.7805158936608
ta,65,2,199,34,5.0,32.973474187595095,-1.4956691708841345,0.482842712474619,0,175.7805158936608
ta,65,2,199,35,5.0,9.86154146165801,1.317122230656254,0.44956066981809384,0,175.7805158936608
ta,65,2,199,36,5.0,7.0710678118654755,1.5707963267948966,0.44956066981809384,0,175.7805158936608
ta,65,2,199,37,5.0,5.0,0.7853981633974483,0.5685569981889047,0,175.7805158936608
ta,65,2,199,38,5.0,11.180339887498949,1.8925468811915387,0.482842712474619,0,175.7805158936608
ta,65,2,199,39,5.0,3.5355339059327378,1.5707963267948966,0.482842712474619,0,175.7805158936608
ta,65,2,199,40,5.0,7.905694150420948,2.0344439357957027,0.565685424949238,0,175.7805158936608
ta,65,2,199,41,5.0,3.5,-0.7853981633974483,0.565685424949238,1,175.7805158936608
ta,65,2,199,42,5.0,0.0,,0.44956066981809384,0,175.7805158936608
ta,65,2,199,43,5.0,5.0,2.356194490192345,0.5685569981889047,0,175.7805158936608
ta,65,2,199,44,5.0,10.0,2.356194490192345,0.565685424949238,0,175.7805158936608
ta,65,2,199,45,5.0,13.5,2.356194490192345,0.5685569981889047,0,175.7805158936608
ta,65,2,199,46,5.0,3.5355339059327378,-3.141592653589793,0.44956066981809384,0,175.7805158936608
ta,65,2,199,47,5.0,7.905694150420948,-3.6052402625905993,0.565685424949238,0,175.7805158936608
ta,65,2,199,48,5.0,5.0,-2.356194490192345,0.565685424949238,0,175.7805158936608
ta,65,2,199,50,5.0,11.180339887498949,-3.4633432079864352,0.565685424949238,0,175.7805158936608
ta,65,2,199,51,5.0,9.86154146165801,-2.8879185574511506,0.482842712474619,0,175.7805158936608
ta,65,2,199,52,5.0,38.82331773560833,-2.485341780320365,0.3276927682076162,0,175.7805158936608
ta,65,2,199,53,5.0,35.35533905932738,-2.498091544796509,0.44956066981809384,0,175.7805158936608
ta,65,2,199,54,5.0,35.0,-2.356194490192345,0.5685569981889047,0,175.7805158936608
ta,65,2,199,55,5.0,36.40054944640259,-2.6344941491974563,0.482842712474619,0,175.7805158936608
ta,65,2,199,56,5.0,32.59601202601324,-2.4329663814621227,0.482842712474619,0,175.7805158936608
ta,65,2,199,57,5.0,33.354160160315836,-2.5829933382462307,0.565685424949238,0,175.7805158936608
ta,65,2,199,58,5.0,30.20347662107791,-2.2400528633123544,0.565685424949238,0,175.7805158936608
ta,65,2,199,59,5.0,30.0,-2.356194490192345,0.44956066981809384,0,175.7805158936608
ta,65,2,199,60,5.0,30.4138126514911,-2.5213431676069717,0.5685569981889047,0,175.7805158936608
ta,65,2,199,61,5.0,31.622776601683793,-2.677945044588987,0.565685424949238,0,175.7805158936608
ta,65,2,199,62,5.0,32.89756829919196,-2.7790484163252858,0.5685569981889047,0,175.7805158936608
ta,65,2,199,63,5.0,27.613402542968153,-2.44685437739309,0.44956066981809384,0,175.7805158936608
ta,65,2,199,64,5.0,28.50438562747845,-2.6224465393432705,0.565685424949238,0,175.7805158936608
ta,65,2,199,65,5.0,25.0,-2.356194490192345,0.565685424949238,0,175.7805158936608
ta,65,2,199,66,5.0,25.495097567963924,-2.5535900500422257,0.482842712474619,0,175.7805158936608
ta,65,2,199,67,5.0,26.92582403567252,-2.7367008673047097,0.5685569981889047,0,175.7805158936608
ta,65,2,199,68,5.0,22.073740054644116,-2.584691129484207,0.482842712474619,0,175.7805158936608
ta,65,2,200,1,5.0,23.119256043393783,0.3764903344465229,0.44956066981809384,0,176.08486371974777
ta,65,2,200,2,5.0,22.073740054644116,0.2284966392918623,0.44956066981809384,0,176.08486371974777
ta,65,2,200,3,5.0,17.240939649566666,0.2942345651111878,0.5685569981889047,0,176.08486371974777
ta,65,2,200,4,5.0,26.9675731203236,0.18648690166721676,0.482842712474619,0,176.08486371974777
ta,65,2,200,5,5.0,19.1637678967368,0.13082739607405697,0.482842712474619,0,176.08486371974777
ta,65,2,200,6,5.0,24.12985702402731,0.10379234045704283,0.565685424949238,0,176.08486371974777
ta,65,2,200,7,5.0,13.0,0.0,0.565685424949238,0,176.08486371974777
ta,65,2,200,8,5.0,16.5,0.0,0.44956066981809384,1,176.08486371974777
ta,65,2,200,9,5.0,21.5,0.0,0.5685569981889047,0,176.08486371974777
ta,65,2,200,10,5.0,26.5,0.0,0.565685424949238,0,176.08486371974777
ta,65,2,200,11,5.0,30.0,0.0,0.5685569981889047,0,176.08486371974777
ta,65,2,200,12,5.0,19.1637678967368,-0.13082739607405697,0.44956066981809384,0,176.08486371974777
ta,65,2,200,13,5.0,24.12985702402731,-0.10379234045704283,0.565685424949238,0,176.08486371974777
ta,65,2,200,14,5.0,17.240939649566666,-0.2942345651111878,0.565685424949238,0,176.08486371974777
ta,65,2,200,15,5.0,22.073740054644116,-0.2284966392918623,0.482842712474619,0,176.08486371974777
ta,65,2,200,16,5.0,26.9675731203236,-0.18648690166721676,0.5685569981889047,0,176.08486371974777
ta,65,2,200,17,5.0,23.119256043393783,-0.3764903344465229,0.482842712474619,0,176.08486371974777
ta,65,2,200,18,5.0,44.09648512069868,-1.0614951827928847,0.44956066981809384,0,176.08486371974777
ta,65,2,200,19,5.0,41.07614879708174,-1.0199387922631804,0.44956066981809384,0,176.08486371974777
ta,65,2,200,20,5.0,38.69431482789171,-1.1302659861783835,0.5685569981889047,0,176.08486371974777
ta,65,2,200,21,5.0,43.900455578501685,-0.9227394408643822,0.482842712474619,0,176.08486371974777
ta,65,2,200,22,5.0,37.646380968162134,-1.041765855715248,0.482842712474619,0,176.08486371974777
ta,65,2,200,23,5.0,40.40111384603152,-0.9347208240911457,0.565685424949238,0,176.08486371974777
ta,65,2,200,24,5.0,32.69556544854363,-1.1618884978439712,0.565685424949238,0,176.08486371974777
ta,65,2,200,25,5.0,34.23813663153998,-1.067953115867036,0.44956066981809384,0,176.08486371974777
ta,65,2,200,26,5.0,36.908671067921155,-0.9489720389643068,0.5685569981889047,0,176.08486371974777
ta,65,2,200,27,5.0,40.02811511925087,-0.8472660092618284,0.565685424949238,0,176.08486371974777
ta,65,2,200,28,5.0,42.42640687119285,-0.7853981633974483,0.5685569981889047,0,176.08486371974777
ta,65,2,200,29,5.0,33.425289826716536,-0.9661977367014197,0.44956066981809384,0,176.08486371974777
ta,65,2,200,30,5.0,36.5,-0.8532549862537522,0.565685424949238,0,176.08486371974777
ta,65,2,200,31,5.0,29.95413160150032,-0.9874233198010407,0.565685424949238,0,176.08486371974777
ta,65,2,200,32,5.0,32.973474187595095,-0.8605253193082104,0.482842712474619,0,176.08486371974777
ta,65,2,200,33,5.0,36.43144246389374,-0.7562801818904095,0.5685569981889047,0,176.08486371974777
ta,65,2,200,34,5.0,30.405591591021544,-0.7853981633974483,0.482842712474619,0,176.08486371974777
ta,65,2,200,35,5.0,12.020815280171307,2.356194490192345,0.44956066981809384,0,176.08486371974777
ta,65,2,200,36,5.0,9.86154146165801,2.609868586330988,0.44956066981809384,0,176.08486371974777
ta,65,2,200,37,5.0,6.103277807866851,2.1815222911841055,0.5685569981889047,0,176.08486371974777
ta,65,2,200,38,5.0,14.396180048887969,2.7868870015788527,0.482842712474619,0,176.08486371974777
ta,65,2,200,39,5.0,6.5,2.746801533890032,0.482842712474619,0,176.08486371974777
ta,65,2,200,40,5.0,11.280514172678478,2.91811605244916,0.565685424949238,0,176.08486371974777
ta,65,2,200,41,5.0,0.0,,0.565685424949238,0,176.08486371974777
ta,65,2,200,43,5.0,8.5,3.141592653589793,0.565685424949238,0,176.08486371974777
ta,65,2,200,44,5.0,13.5,3.141592653589793,0.565685424949238,0,176.08486371974777
ta,65,2,200,45,5.0,17.0,3.141592653589793,0.5685569981889047,0,176.08486371974777
ta,65,2,200,46,5.0,6.5,-2.746801533890032,0.44956066981809384,0,176.08486371974777
ta,65,2,200,47,5.0,11.280514172678478,-2.91811605244916,0.565685424949238,0,176.08486371974777
ta,65,2,200,48,5.0,6.103277807866851,-2.1815222911841055,0.565685424949238,0,176.08486371974777
ta,65,2,200,50,5.0,14.396180048887969,-2.7868870015788527,0.565685424949238,0,176.08486371974777
ta,65,2,200,51,5.0,12.020815280171307,-2.356194490192345,0.482842712474619,0,176.08486371974777
ta,65,2,200,52,5.0,39.42714800743264,-1.7880897577179178,0.3276927682076162,0,176.08486371974777
ta,65,2,200,53,5.0,36.01735692690401,-1.8090410849736416,0.44956066981809384,0,176.08486371974777
ta,65,2,200,54,5.0,35.174564673923115,-1.6704649792860586,0.5685569981889047,0,176.08486371974777
ta,65,2,200,55,5.0,37.51333096380539,-1.9389270981200601,0.482842712474619,0,176.08486371974777
ta,65,2,200,56,5.0,33.04920573932148,-1.7533561799258035,0.482842712474619,0,176.08486371974777
ta,65,2,200,57,5.0,34.311076928595526,-1.8971551435016594,0.565685424949238,0,176.08486371974777
ta,65,2,200,58,5.0,30.0,-1.5707963267948966,0.565685424949238,0,176.08486371974777
ta,65,2,200,59,5.0,30.20347662107791,-1.6869379536748867,0.44956066981809384,0,176.08486371974777
ta,65,2,200,60,5.0,31.18092365533773,-1.8468933461903332,0.5685569981889047,0,176.08486371974777
ta,65,2,200,61,5.0,32.89756829919196,-1.9936502529278373,0.565685424949238,0,176.08486371974777
ta,65,2,200,62,5.0,34.48187929913333,-2.086345334253876,0.5685569981889047,0,176.08486371974777
ta,65,2,200,63,5.0,28.146935890075138,-1.7856117271965553,0.44956066981809384,0,176.08486371974777
ta,65,2,200,64,5.0,29.618406439239774,-1.9513027039072615,0.565685424949238,0,176.08486371974777
ta,65,2,200,65,5.0,25.243811122728676,-1.709892268276968,0.565685424949238,0,176.08486371974777
ta,65,2,200,66,5.0,26.405491853021786,-1.8985348335754522,0.482842712474619,0,176.08486371974777
ta,65,2,200,67,5.0,28.412145290350743,-2.0659295902633006,0.5685569981889047,0,176.08486371974777
ta,65,2,200,68,5.0,23.119256043393783,-1.9472866612414195,0.482842712474619,0,176.08486371974777
ta,65,2,201,1,5.0,9.86154146165801,1.039072259536091,0.44956066981809384,0,177.51964632844343
ta,65,2,201,2,5.0,7.0710678118654755,0.7853981633974483,0.44956066981809384,0,177.51964632844343
ta,65,2,201,3,5.0,5.0,1.5707963267948966,0.5685569981889047,0,177.51964632844343
ta,65,2,201,4,5.0,11.180339887498949,0.4636476090008061,0.482842712474619,0,177.51964632844343
ta,65,2,201,5,5.0,3.5355339059327378,0.7853981633974483,0.482842712474619,0,177.51964632844343
ta,65,2,201,6,5.0,7.905694150420948,0.3217505543966422,0.565685424949238,0,177.51964632844343
ta,65,2,201,7,5.0,3.5,3.141592653589793,0.565685424949238,0,177.51964632844343
ta,65,2,201,8,5.0,0.0,,0.44956066981809384,0,177.51964632844343
ta,65,2,201,9,5.0,5.0,0.0,0.5685569981889047,0,177.51964632844343
ta,65,2,201,10,5.0,10.0,0.0,0.565685424949238,0,177.51964632844343
ta,65,2,201,11,5.0,13.5,0.0,0.5685569981889047,0,177.51964632844343
ta,65,2,201,12,5.0,3.5355339059327378,-0.7853981633974483,0.44956066981809384,0,177.51964632844343
ta,65,2,201,13,5.0,7.905694150420948,-0.3217505543966422,0.565685424949238,0,177.51964632844343
ta,65,2,201,14,5.0,5.0,-1.5707963267948966,0.565685424949238,0,177.51964632844343
ta,65,2,201,15,5.0,7.0710678118654755,-0.7853981633974483,0.482842712474619,1,177.51964632844343
ta,65,2,201,16,5.0,11.180339887498949,-0.4636476090008061,0.5685569981889047,0,177.51964632844343
ta,65,2,201,17,5.0,9.86154146165801,-1.039072259536091,0.482842712474619,0,177.51964632844343
ta,65,2,201,18,5.0,38.82331773560833,-1.4416490366668766,0.44956066981809384,0,177.51964632844343
ta,65,2,201,19,5.0,35.35533905932738,-1.4288992721907328,0.44956066981809384,0,177.51964632844343
ta,65,2,201,20,5.0,35.0,-1.5707963267948966,0.5685569981889047,0,177.51964632844343
ta,65,2,201,21,5.0,36.40054944640259,-1.2924966677897853,0.482842712474619,0,177.51964632844343
ta,65,2,201,22,5.0,32.59601202601324,-1.4940244355251187,0.482842712474619,0,177.51964632844343
ta,65,2,201,23,5.0,33.354160160315836,-1.3439974787410107,0.565685424949238,0,177.51964632844343
ta,65,2,201,24,5.0,30.20347662107791,-1.6869379536748867,0.565685424949238,0,177.51964632844343
ta,65,2,201,25,5.0,30.0,-1.5707963267948966,0.44956066981809384,0,177.51964632844343
ta,65,2,201,26,5.0,30.4138126514911,-1.4056476493802699,0.5685569981889047,0,177.51964632844343
ta,65,2,201,27,5.0,31.622776601683793,-1.2490457723982544,0.565685424949238,0,177.51964632844343
ta,65,2,201,28,5.0,32.89756829919196,-1.1479424006619559,0.5685569981889047,0,177.51964632844343
ta,65,2,201,29,5.0,27.613402542968153,-1.4801364395941514,0.44956066981809384,0,177.51964632844343
ta,65,2,201,30,5.0,28.50438562747845,-1.3045442776439713,0.565685424949238,0,177.51964632844343
ta,65,2,201,31,5.0,25.0,-1.5707963267948966,0.565685424949238,0,177.51964632844343
ta,65,2,201,32,5.0,25.495097567963924,-1.373400766945016,0.482842712474619,0,177.51964632844343
ta,65,2,201,33,5.0,26.92582403567252,-1.1902899496825317,0.5685569981889047,0,177.51964632844343
ta,65,2,201,34,5.0,22.073740054644116,-1.3422996875030344,0.482842712474619,0,177.51964632844343
ta,65,2,201,35,5.0,26.405491853021786,2.8138541468092377,0.44956066981809384,0,177.51964632844343
ta,65,2,201,36,5.0,25.495097567963924,2.9441970937399127,0.44956066981809384,0,177.51964632844343
ta,65,2,201,37,5.0,20.615528128088304,2.896613990462929,0.5685569981889047,0,177.51964632844343
ta,65,2,201,38,5.0,30.4138126514911,2.976443976175166,0.482842712474619,0,177.51964632844343
ta,65,2,201,39,5.0,22.638462845343543,3.0309354324158977,0.482842712474619,0,177.51964632844343
ta,65,2,201,40,5.0,27.613402542968153,3.050932766389048,0.565685424949238,0,177.51964632844343
ta,65,2,201,43,5.0,25.0,3.141592653589793,0.482842712474619,0,177.51964632844343
ta,65,2,201,44,5.0,30.0,3.141592653589793,0.565685424949238,0,177.51964632844343
ta,65,2,201,45,5.0,33.5,3.141592653589793,0.5685569981889047,0,177.51964632844343
ta,65,2,201,46,5.0,22.638462845343543,-3.0309354324158977,0.44956066981809384,0,177.51964632844343
ta,65,2,201,47,5.0,27.613402542968153,-3.050932766389048,0.565685424949238,0,177.51964632844343
ta,65,2,201,48,5.0,20.615528128088304,-2.896613990462929,0.565685424949238,0,177.51964632844343
ta,65,2,201,49,5.0,25.495097567963924,-2.9441970937399127,0.482842712474619,0,177.51964632844343
ta,65,2,201,50,5.0,30.4138126514911,-2.976443976175166,0.5685569981889047,0,177.51964632844343
ta,65,2,201,51,5.0,26.405491853021786,-2.8138541468092377,0.482842712474619,0,177.51964632844343
ta,65,2,201,52,5.0,45.90479277809671,-2.1467149264132495,0.44956066981809384,0,177.51964632844343
ta,65,2,201,53,5.0,43.01162633521314,-2.191045812777718,0.44956066981809384,0,177.51964632844343
ta,65,2,201,54,5.0,40.311288741492746,-2.0899424410414196,0.5685569981889047,0,177.51964632844343
ta,65,2,201,55,5.0,46.09772228646444,-2.279422598922567,0.482842712474619,0,177.51964632844343
ta,65,2,201,56,5.0,39.528470752104745,-2.1763409903998667,0.482842712474619,0,177.51964632844343
ta,65,2,201,57,5.0,42.573465914816005,-2.2730532583039036,0.565685424949238,0,177.51964632844343
ta,65,2,201,58,5.0,34.23813663153998,-2.0736395377227574,0.565685424949238,0,177.51964632844343
ta,65,2,201,59,5.0,36.05551275463989,-2.158798930342464,0.44956066981809384,0,177.51964632844343
ta,65,2,201,60,5.0,39.05124837953327,-2.2655346029916,0.5685569981889047,0,177.51964632844343
ta,65,2,201,61,5.0,42.42640687119285,-2.356194490192345,0.565685424949238,0,177.51964632844343
ta,65,2,201,62,5.0,44.9694340635948,-2.411256885566015,0.5685569981889047,0,177.51964632844343
ta,65,2,201,63,5.0,35.531676008879735,-2.256525837701183,0.44956066981809384,0,177.51964632844343
ta,65,2,201,64,5.0,38.890872965260115,-2.356194490192345,0.565685424949238,0,177.51964632844343
ta,65,2,201,65,5.0,32.01562118716424,-2.2455372690184494,0.565685424949238,0,177.51964632844343
ta,65,2,201,66,5.0,35.35533905932738,-2.356194490192345,0.482842712474619,0,177.51964632844343
ta,65,2,201,67,5.0,39.05124837953327,-2.44685437739309,0.5685569981889047,0,177.51964632844343
ta,65,2,201,68,5.0,32.973474187595095,-2.431321646103107,0.482842712474619,0,177.51964632844343
ta,65,2,202,1,5.0,13.5,2.356194490192345,0.44956066981809384,0,178.13452179034476
ta,65,2,202,2,5.0,10.0,2.356194490192345,0.44956066981809384,0,178.13452179034476
ta,65,2,202,3,5.0,11.180339887498949,2.819842099193151,0.5685569981889047,0,178.13452179034476
ta,65,2,202,4,5.0,11.180339887498949,1.8925468811915387,0.482842712474619,0,178.13452179034476
ta,65,2,202,5,5.0,7.905694150420948,2.677945044588987,0.482842712474619,0,178.13452179034476
ta,65,2,202,6,5.0,7.905694150420948,2.0344439357957027,0.565685424949238,0,178.13452179034476
ta,65,2,202,7,5.0,9.86154146165801,3.395266749728436,0.565685424949238,0,178.13452179034476
ta,65,2,202,9,5.0,5.0,2.356194490192345,0.565685424949238,0,178.13452179034476
ta,65,2,202,10,5.0,7.0710678118654755,1.5707963267948966,0.565685424949238,0,178.13452179034476
ta,65,2,202,11,5.0,9.86154146165801,1.317122230656254,0.5685569981889047,0,178.13452179034476
ta,65,2,202,12,5.0,3.5355339059327378,3.141592653589793,0.44956066981809384,0,178.13452179034476
ta,65,2,202,13,5.0,3.5355339059327378,1.5707963267948966,0.565685424949238,0,178.13452179034476
ta,65,2,202,14,5.0,5.0,3.9269908169872414,0.565685424949238,0,178.13452179034476
ta,65,2,202,15,5.0,0.0,,0.482842712474619,0,178.13452179034476
ta,65,2,202,16,5.0,5.0,0.7853981633974483,0.5685569981889047,0,178.13452179034476
ta,65,2,202,17,5.0,3.5,-0.7853981633974483,0.482842712474619,0,178.13452179034476
ta,65,2,202,18,5.0,33.5,-0.7853981633974483,0.44956066981809384,0,178.13452179034476
ta,65,2,202,19,5.0,30.0,-0.7853981633974483,0.44956066981809384,0,178.13452179034476
ta,65,2,202,20,5.0,30.4138126514911,-0.9505468408120752,0.5685569981889047,0,178.13452179034476
ta,65,2,202,21,5.0,30.4138126514911,-0.6202494859828216,0.482842712474619,0,178.13452179034476
ta,65,2,202,22,5.0,27.613402542968153,-0.8760580505981934,0.482842712474619,0,178.13452179034476
ta,65,2,202,23,5.0,27.613402542968153,-0.6947382761967031,0.565685424949238,0,178.13452179034476
ta,65,2,202,24,5.0,26.405491853021786,-1.1131366701780039,0.565685424949238,0,178.13452179034476
ta,65,2,202,25,5.0,25.495097567963924,-0.9827937232473292,0.44956066981809384,0,178.13452179034476
ta,65,2,202,26,5.0,25.0,-0.7853981633974483,0.5685569981889047,0,178.13452179034476
ta,65,2,202,27,5.0,25.495097567963924,-0.5880026035475676,0.565685424949238,0,178.13452179034476
ta,65,2,202,28,5.0,26.405491853021786,-0.4576596566168929,0.5685569981889047,0,178.13452179034476
ta,65,2,202,29,5.0,22.638462845343543,-0.8960553845713439,0.44956066981809384,0,178.13452179034476
ta,65,2,202,30,5.0,22.638462845343543,-0.6747409422235526,0.565685424949238,0,178.13452179034476
ta,65,2,202,31,5.0,20.615528128088304,-1.0303768265243125,0.565685424949238,0,178.13452179034476
ta,65,2,202,32,5.0,20.0,-0.7853981633974483,0.482842712474619,1,178.13452179034476
ta,65,2,202,33,5.0,20.615528128088304,-0.5404195002705843,0.5685569981889047,0,178.13452179034476
ta,65,2,202,34,5.0,16.5,-0.7853981633974483,0.482842712474619,0,178.13452179034476
ta,65,2,202,35,5.0,32.89756829919196,3.504136890854301,0.44956066981809384,0,178.13452179034476
ta,65,2,202,36,5.0,31.622776601683793,3.6052402625905993,0.44956066981809384,0,178.13452179034476
ta,65,2,202,37,5.0,26.92582403567252,3.5464844398748765,0.5685569981889047,0,178.13452179034476
ta,65,2,202,38,5.0,36.40054944640259,3.64869115798213,0.482842712474619,0,178.13452179034476
ta,65,2,202,39,5.0,28.50438562747845,3.660738767836316,0.482842712474619,0,178.13452179034476
ta,65,2,202,40,5.0,33.354160160315836,3.7001919689333556,0.565685424949238,0,178.13452179034476
ta,65,2,202,41,5.0,22.073740054644116,3.698494177695379,0.565685424949238,0,178.13452179034476
ta,65,2,202,43,5.0,30.4138126514911,3.7618421395726145,0.565685424949238,0,178.13452179034476
ta,65,2,202,44,5.0,35.35533905932738,3.7850937623830774,0.565685424949238,0,178.13452179034476
ta,65,2,202,45,5.0,38.82331773560833,3.7978435268592214,0.5685569981889047,0,178.13452179034476
ta,65,2,202,46,5.0,27.613402542968153,3.8363309297864965,0.44956066981809384,0,178.13452179034476
ta,65,2,202,47,5.0,32.59601202601324,3.8502189257174635,0.565685424949238,0,178.13452179034476
ta,65,2,202,48,5.0,25.0,3.9269908169872414,0.565685424949238,0,178.13452179034476
ta,65,2,202,49,5.0,30.0,3.9269908169872414,0.482842712474619,0,178.13452179034476
ta,65,2,202,50,5.0,35.0,3.9269908169872414,0.5685569981889047,0,178.13452179034476
ta,65,2,202,51,5.0,30.20347662107791,-2.240052863312355,0.482842712474619,0,178.13452179034476
ta,65,2,202,52,5.0,44.9694340635948,-1.5157339314212264,0.44956066981809384,0,178.13452179034476
ta,65,2,202,53,5.0,42.42640687119285,-1.5707963267948966,0.44956066981809384,0,178.13452179034476
ta,65,2,202,54,5.0,39.05124837953327,-1.4801364395941516,0.5685569981889047,0,178.13452179034476
ta,65,2,202,55,5.0,46.09772228646444,-1.647568218064675,0.482842712474619,0,178.13452179034476
ta,65,2,202,56,5.0,38.890872965260115,-1.5707963267948966,0.482842712474619,0,178.13452179034476
ta,65,2,202,57,5.0,42.573465914816005,-1.6539375586833378,0.565685424949238,0,178.13452179034476
ta,65,2,202,58,5.0,32.973474187595095,-1.4956691708841348,0.565685424949238,0,178.13452179034476
ta,65,2,202,59,5.0,35.35533905932738,-1.5707963267948966,0.44956066981809384,0,178.13452179034476
ta,65,2,202,60,5.0,39.05124837953327,-1.661456213995642,0.5685569981889047,0,178.13452179034476
ta,65,2,202,61,5.0,43.01162633521314,-1.7359450042095235,0.565685424949238,0,178.13452179034476
ta,65,2,202,62,5.0,45.90479277809671,-1.780275890573992,0.5685569981889047,0,178.13452179034476
ta,65,2,202,63,5.0,35.531676008879735,-1.6704649792860589,0.44956066981809384,0,178.13452179034476
ta,65,2,202,64,5.0,39.528470752104745,-1.7506498265873751,0.565685424949238,0,178.13452179034476
ta,65,2,202,65,5.0,32.01562118716424,-1.6814535479687924,0.565685424949238,0,178.13452179034476
ta,65,2,202,66,5.0,36.05551275463989,-1.7681918866447774,0.482842712474619,0,178.13452179034476
ta,65,2,202,67,5.0,40.311288741492746,-1.8370483759458218,0.5685569981889047,0,178.13452179034476
ta,65,2,202,68,5.0,34.23813663153998,-1.853351279264484,0.482842712474619,0,178.13452179034476
